3.682138899999999921e+03 2.157150000000000204e-16
3.685085999999999785e+03 2.039809999999999564e-16
3.688033100000000104e+03 2.259370000000000266e-16
3.690980199999999968e+03 2.173130000000000022e-16
3.693927200000000084e+03 1.955579999999999820e-16
3.696874299999999948e+03 2.204559999999999924e-16
3.699821399999999812e+03 2.324519999999999954e-16
3.702768500000000131e+03 2.089359999999999550e-16
3.705715599999999995e+03 2.345159999999999930e-16
3.708662600000000111e+03 2.252019999999999762e-16
3.711609699999999975e+03 2.153640000000000321e-16
3.714556799999999839e+03 2.391399999999999771e-16
3.717503900000000158e+03 2.491949999999999994e-16
3.720450899999999820e+03 2.670210000000000154e-16
3.723397999999999683e+03 3.853999999999999615e-16
3.726345100000000002e+03 5.487480000000000571e-16
3.729292199999999866e+03 5.266059999999999233e-16
3.732239199999999983e+03 3.346290000000000088e-16
3.735186299999999846e+03 2.243940000000000033e-16
3.738133400000000165e+03 2.292180000000000202e-16
3.741080500000000029e+03 2.119430000000000008e-16
3.744027599999999893e+03 2.027099999999999945e-16
3.746974600000000009e+03 1.852669999999999988e-16
3.749921699999999873e+03 1.686810000000000040e-16
3.752868800000000192e+03 1.847800000000000167e-16
3.755815900000000056e+03 2.076620000000000156e-16
3.758762900000000172e+03 1.992579999999999978e-16
3.761710000000000036e+03 1.891970000000000203e-16
3.764657099999999900e+03 1.799540000000000148e-16
3.767604200000000219e+03 2.030590000000000225e-16
3.770551300000000083e+03 1.798559999999999834e-16
3.773498300000000199e+03 1.890150000000000007e-16
3.776445400000000063e+03 1.925550000000000050e-16
3.779392499999999927e+03 2.111040000000000132e-16
3.782339599999999791e+03 2.267190000000000460e-16
3.785286700000000110e+03 2.025049999999999744e-16
3.788233700000000226e+03 2.010140000000000306e-16
3.791180800000000090e+03 2.164140000000000196e-16
3.794127899999999954e+03 1.921880000000000130e-16
3.797074999999999818e+03 2.028170000000000325e-16
3.800021999999999935e+03 2.177240000000000349e-16
3.802969099999999798e+03 2.406899999999999727e-16
3.805916200000000117e+03 2.082089999999999927e-16
3.808863299999999981e+03 2.349459999999999823e-16
3.811810300000000097e+03 2.463190000000000095e-16
3.814757399999999961e+03 2.607620000000000058e-16
3.817704499999999825e+03 2.942070000000000000e-16
3.820651600000000144e+03 2.874249999999999817e-16
3.823598700000000008e+03 2.733079999999999635e-16
3.826545700000000124e+03 2.705449999999999914e-16
3.829492799999999988e+03 2.787759999999999963e-16
3.832439899999999852e+03 2.904750000000000017e-16
3.835387000000000171e+03 2.853239999999999895e-16
3.838334000000000287e+03 3.197980000000000050e-16
3.841281100000000151e+03 3.324199999999999861e-16
3.844228200000000015e+03 3.597449999999999913e-16
3.847175299999999879e+03 3.913769999999999598e-16
3.850122400000000198e+03 3.844030000000000461e-16
3.853069399999999860e+03 4.051400000000000121e-16
3.856016500000000178e+03 4.008790000000000499e-16
3.858963600000000042e+03 4.085390000000000107e-16
3.861910699999999906e+03 4.153690000000000152e-16
3.864857700000000023e+03 4.549430000000000050e-16
3.867804799999999886e+03 4.494290000000000697e-16
3.870751900000000205e+03 4.589750000000000280e-16
3.873699000000000069e+03 4.542900000000000317e-16
3.876646099999999933e+03 4.339119999999999203e-16
3.879593100000000049e+03 4.235459999999999802e-16
3.882540199999999913e+03 4.208490000000000076e-16
3.885487299999999777e+03 4.397319999999999833e-16
3.888434400000000096e+03 4.317309999999999840e-16
3.891381400000000212e+03 4.356650000000000002e-16
3.894328500000000076e+03 4.549109999999999485e-16
3.897275599999999940e+03 4.318959999999999581e-16
3.900222699999999804e+03 4.421269999999999956e-16
3.903169699999999921e+03 4.840940000000000127e-16
3.906116799999999785e+03 4.726759999999999522e-16
3.909063900000000103e+03 4.857069999999999070e-16
3.912010999999999967e+03 4.731089999999999930e-16
3.914958099999999831e+03 4.689499999999999583e-16
3.917905099999999948e+03 4.963580000000000085e-16
3.920852199999999812e+03 5.229610000000000386e-16
3.923799300000000130e+03 4.980469999999999261e-16
3.926746399999999994e+03 4.815800000000000275e-16
3.929693499999999858e+03 4.714819999999999569e-16
3.932640499999999975e+03 4.141480000000000492e-16
3.935587599999999838e+03 4.386490000000000207e-16
3.938534700000000157e+03 4.827119999999999441e-16
3.941481800000000021e+03 4.675759999999999285e-16
3.944428800000000138e+03 4.862240000000000099e-16
3.947375900000000001e+03 4.554950000000000187e-16
3.950322999999999865e+03 4.576009999999999981e-16
3.953270100000000184e+03 4.397269999999999960e-16
3.956217200000000048e+03 4.353139999999999872e-16
3.959164200000000164e+03 4.188480000000000072e-16
3.962111300000000028e+03 3.964229999999999929e-16
3.965058399999999892e+03 3.767549999999999955e-16
3.968005500000000211e+03 3.537500000000000290e-16
3.970952499999999873e+03 3.727380000000000330e-16
3.973899600000000191e+03 3.789559999999999794e-16
3.976846700000000055e+03 3.801930000000000230e-16
3.979793799999999919e+03 3.493019999999999614e-16
3.982740800000000036e+03 3.485160000000000212e-16
3.985687899999999900e+03 3.621339999999999991e-16
3.988635000000000218e+03 3.623480000000000259e-16
3.991582100000000082e+03 3.587690000000000421e-16
3.994529199999999946e+03 3.505730000000000466e-16
3.997476200000000063e+03 3.525700000000000275e-16
4.000423299999999927e+03 3.569419999999999732e-16
4.003370399999999790e+03 3.578930000000000353e-16
4.006317500000000109e+03 3.413030000000000458e-16
4.009264500000000226e+03 3.435959999999999827e-16
4.012211600000000089e+03 3.602499999999999867e-16
4.015158699999999953e+03 3.533580000000000021e-16
4.018105799999999817e+03 3.499609999999999885e-16
4.021052900000000136e+03 3.396719999999999903e-16
4.023999899999999798e+03 3.414219999999999695e-16
4.026947000000000116e+03 3.530949999999999720e-16
4.029894099999999980e+03 3.294130000000000636e-16
4.032841199999999844e+03 3.363559999999999873e-16
4.035788199999999961e+03 3.373690000000000296e-16
4.038735299999999825e+03 3.542349999999999767e-16
4.041682400000000143e+03 3.480030000000000364e-16
4.044629500000000007e+03 3.546179999999999969e-16
4.047576599999999871e+03 3.475980000000000327e-16
4.050523599999999988e+03 3.635869999999999559e-16
4.053470699999999852e+03 3.512250000000000027e-16
4.056417800000000170e+03 3.422619999999999989e-16
4.059364900000000034e+03 3.366719999999999416e-16
4.062311900000000151e+03 3.511409999999999899e-16
4.065259000000000015e+03 3.306069999999999604e-16
4.068206099999999878e+03 3.332569999999999640e-16
4.071153200000000197e+03 3.333459999999999641e-16
4.074100199999999859e+03 3.539759999999999660e-16
4.077047300000000178e+03 3.424190000000000328e-16
4.079994400000000041e+03 3.414469999999999551e-16
4.082941499999999905e+03 3.408760000000000095e-16
4.085888600000000224e+03 3.416730000000000400e-16
4.088835599999999886e+03 3.519329999999999839e-16
4.091782700000000204e+03 3.381030000000000628e-16
4.094729800000000068e+03 3.292119999999999643e-16
4.097676900000000387e+03 3.500590000000000445e-16
4.100623999999999796e+03 3.330809999999999982e-16
4.103570999999999913e+03 3.420670000000000026e-16
4.106518100000000231e+03 3.306659999999999876e-16
4.109465199999999641e+03 3.449580000000000036e-16
4.112412299999999959e+03 3.581829999999999868e-16
4.115359300000000076e+03 3.594149999999999938e-16
4.118306400000000394e+03 3.637719999999999776e-16
4.121253499999999804e+03 3.825459999999999549e-16
4.124200600000000122e+03 3.775919999999999734e-16
4.127147700000000441e+03 3.710490000000000168e-16
4.130094699999999648e+03 3.822240000000000456e-16
4.133041799999999967e+03 3.756039999999999991e-16
4.135988900000000285e+03 3.799930000000000395e-16
4.138935999999999694e+03 3.956380000000000206e-16
4.141882999999999811e+03 4.094230000000000562e-16
4.144830100000000130e+03 3.983430000000000320e-16
4.147777200000000448e+03 3.984549999999999833e-16
4.150724299999999857e+03 4.111550000000000220e-16
4.153671299999999974e+03 4.074209999999999894e-16
4.156618400000000292e+03 4.206980000000000767e-16
4.159565499999999702e+03 4.077650000000000301e-16
4.162512600000000020e+03 4.085169999999999780e-16
4.165459700000000339e+03 3.939299999999999739e-16
4.168406699999999546e+03 3.888749999999999834e-16
4.171353799999999865e+03 3.896290000000000150e-16
4.174300900000000183e+03 3.973559999999999925e-16
4.177247999999999593e+03 3.977940000000000205e-16
4.180194999999999709e+03 3.960199999999999743e-16
4.183142100000000028e+03 3.928059999999999974e-16
4.186089200000000346e+03 4.046880000000000887e-16
4.189036299999999756e+03 3.940210000000000083e-16
4.191983400000000074e+03 4.032450000000000079e-16
4.194930400000000191e+03 4.069899999999999829e-16
4.197877499999999600e+03 3.949959999999999896e-16
4.200824599999999919e+03 4.012249999999999770e-16
4.203771700000000237e+03 4.046750000000000134e-16
4.206718700000000354e+03 4.129480000000000001e-16
4.209665799999999763e+03 4.010200000000000062e-16
4.212612900000000081e+03 4.110710000000000092e-16
4.215560000000000400e+03 4.012689999999999931e-16
4.218507099999999809e+03 4.100460000000000074e-16
4.221454099999999926e+03 4.044209999999999406e-16
4.224401200000000244e+03 4.002640000000000389e-16
4.227348299999999654e+03 3.838040000000000140e-16
4.230295399999999972e+03 3.964870000000000073e-16
4.233242400000000089e+03 4.114369999999999840e-16
4.236189500000000407e+03 3.974099999999999831e-16
4.239136599999999817e+03 3.919380000000000295e-16
4.242083700000000135e+03 4.080949999999999782e-16
4.245030800000000454e+03 3.883769999999999603e-16
4.247977799999999661e+03 3.861869999999999681e-16
4.250924899999999980e+03 3.748290000000000506e-16
4.253872000000000298e+03 3.911080000000000239e-16
4.256819099999999708e+03 3.728369999999999583e-16
4.259766099999999824e+03 3.895730000000000393e-16
4.262713200000000143e+03 4.017119999999999591e-16
4.265660299999999552e+03 4.015209999999999822e-16
4.268607399999999870e+03 3.855060000000000070e-16
4.271554500000000189e+03 3.881130000000000117e-16
4.274501500000000306e+03 3.805930000000000394e-16
4.277448599999999715e+03 3.825169999999999499e-16
4.280395700000000033e+03 3.847180000000000324e-16
4.283342800000000352e+03 3.778640000000000102e-16
4.286289799999999559e+03 3.785690000000000384e-16
4.289236899999999878e+03 3.788080000000000508e-16
4.292184000000000196e+03 3.667740000000000114e-16
4.295131099999999606e+03 3.665269999999999603e-16
4.298078199999999924e+03 3.572110000000000077e-16
4.301025200000000041e+03 3.525000000000000087e-16
4.303972300000000359e+03 3.282500000000000090e-16
4.306919399999999769e+03 3.369259999999999650e-16
4.309866500000000087e+03 3.244600000000000007e-16
4.312813500000000204e+03 3.289580000000000395e-16
4.315760599999999613e+03 3.055149999999999956e-16
4.318707699999999932e+03 3.149870000000000142e-16
4.321654800000000250e+03 3.194609999999999859e-16
4.324601800000000367e+03 2.924980000000000347e-16
4.327548899999999776e+03 3.068970000000000149e-16
4.330496000000000095e+03 2.936880000000000107e-16
4.333443100000000413e+03 2.772229999999999985e-16
4.336390199999999822e+03 2.863990000000000119e-16
4.339337199999999939e+03 3.132059999999999957e-16
4.342284300000000258e+03 2.969320000000000097e-16
4.345231399999999667e+03 2.703489999999999779e-16
4.348178499999999985e+03 2.611290000000000470e-16
4.351125500000000102e+03 2.642560000000000089e-16
4.354072600000000421e+03 2.647870000000000071e-16
4.357019699999999830e+03 2.673450000000000084e-16
4.359966800000000148e+03 2.565599999999999722e-16
4.362913899999999558e+03 2.621600000000000040e-16
4.365860899999999674e+03 2.561400000000000068e-16
4.368807999999999993e+03 2.451859999999999771e-16
4.371755100000000311e+03 2.531379999999999730e-16
4.374702199999999721e+03 2.555830000000000058e-16
4.377649199999999837e+03 2.435840000000000252e-16
4.380596300000000156e+03 2.449329999999999708e-16
4.383543399999999565e+03 2.386299999999999944e-16
4.386490499999999884e+03 2.366799999999999825e-16
4.389437600000000202e+03 2.536229999999999700e-16
4.392384600000000319e+03 2.446499999999999917e-16
4.395331699999999728e+03 2.457409999999999930e-16
4.398278800000000047e+03 2.460159999999999827e-16
4.401225900000000365e+03 2.452650000000000026e-16
4.404172899999999572e+03 2.529030000000000293e-16
4.407119999999999891e+03 2.545969999999999835e-16
4.410067100000000210e+03 2.524290000000000240e-16
4.413014199999999619e+03 2.593329999999999681e-16
4.415961299999999937e+03 2.577009999999999941e-16
4.418908300000000054e+03 2.546690000000000367e-16
4.421855400000000373e+03 2.686409999999999806e-16
4.424802499999999782e+03 2.510190000000000169e-16
4.427749600000000100e+03 2.627570000000000017e-16
4.430696600000000217e+03 2.691940000000000114e-16
4.433643699999999626e+03 2.709690000000000255e-16
4.436590799999999945e+03 2.822820000000000084e-16
4.439537900000000263e+03 2.930340000000000202e-16
4.442484999999999673e+03 3.046939999999999966e-16
4.445431999999999789e+03 3.053790000000000265e-16
4.448379100000000108e+03 2.998849999999999909e-16
4.451326200000000426e+03 3.067670000000000009e-16
4.454273299999999836e+03 3.114829999999999872e-16
4.457220299999999952e+03 3.206790000000000483e-16
4.460167400000000271e+03 3.134650000000000064e-16
4.463114499999999680e+03 3.221750000000000040e-16
4.466061599999999999e+03 3.276529999999999621e-16
4.469008700000000317e+03 3.399290000000000160e-16
4.471955700000000434e+03 3.426590000000000130e-16
4.474902799999999843e+03 3.395009999999999625e-16
4.477849900000000162e+03 3.420130000000000120e-16
4.480797000000000480e+03 3.503340000000000342e-16
4.483744000000000597e+03 3.689140000000000324e-16
4.486691100000000006e+03 3.821119999999999463e-16
4.489638200000000325e+03 3.773909999999999727e-16
4.492585299999999734e+03 3.872240000000000282e-16
4.495532299999999850e+03 3.884309999999999510e-16
4.498479400000000169e+03 4.054549999999999984e-16
4.501426499999999578e+03 4.211350000000000383e-16
4.504373599999999897e+03 4.167290000000000511e-16
4.507320700000000215e+03 4.197820000000000240e-16
4.510267700000000332e+03 4.368240000000000354e-16
4.513214799999999741e+03 4.491690000000000418e-16
4.516161900000000060e+03 4.466940000000000361e-16
4.519109000000000378e+03 4.475969999999999642e-16
4.522055999999999585e+03 4.529889999999999737e-16
4.525003099999999904e+03 4.580519999999999536e-16
4.527950200000000223e+03 4.559769999999999150e-16
4.530897299999999632e+03 4.537309999999999964e-16
4.533844399999999951e+03 4.915219999999999827e-16
4.536791400000000067e+03 4.999240000000000155e-16
4.539738500000000386e+03 4.850559999999999680e-16
4.542685599999999795e+03 4.970030000000000416e-16
4.545632700000000114e+03 4.942390000000000030e-16
4.548579700000000230e+03 4.938430000000000061e-16
4.551526799999999639e+03 5.059719999999999513e-16
4.554473899999999958e+03 5.088099999999999789e-16
4.557420999999999367e+03 5.135579999999999724e-16
4.560368099999999686e+03 5.355079999999999642e-16
4.563315099999999802e+03 5.196760000000000257e-16
4.566262200000000121e+03 5.236490000000000214e-16
4.569209300000000439e+03 5.396480000000000670e-16
4.572156399999999849e+03 5.311519999999999976e-16
4.575103399999999965e+03 5.328590000000000271e-16
4.578050500000000284e+03 5.290350000000000265e-16
4.580997599999999693e+03 5.408060000000000357e-16
4.583944700000000012e+03 5.445600000000000175e-16
4.586891800000000330e+03 5.453580000000000158e-16
4.589838800000000447e+03 5.554520000000000177e-16
4.592785899999999856e+03 5.484200000000000447e-16
4.595733000000000175e+03 5.470969999999999046e-16
4.598680099999999584e+03 5.472940000000000339e-16
4.601627099999999700e+03 5.292780000000000582e-16
4.604574200000000019e+03 5.372599999999999777e-16
4.607521300000000338e+03 5.305730000000000132e-16
4.610468399999999747e+03 5.320969999999999567e-16
4.613415500000000065e+03 5.278329999999999924e-16
4.616362500000000182e+03 5.271139999999999702e-16
4.619309599999999591e+03 5.135030000000000139e-16
4.622256699999999910e+03 5.036390000000000177e-16
4.625203800000000228e+03 4.983010000000000481e-16
4.628150800000000345e+03 5.007769999999999724e-16
4.631097899999999754e+03 4.924750000000000793e-16
4.634045000000000073e+03 4.700639999999999603e-16
4.636992100000000391e+03 4.620099999999999875e-16
4.639939099999999598e+03 4.518569999999999584e-16
4.642886199999999917e+03 4.473499999999999623e-16
4.645833300000000236e+03 4.658859999999999937e-16
4.648780399999999645e+03 4.460340000000000411e-16
4.651727499999999964e+03 4.332659999999999685e-16
4.654674500000000080e+03 4.385820000000000040e-16
4.657621600000000399e+03 4.219409999999999768e-16
4.660568699999999808e+03 4.218589999999999984e-16
4.663515800000000127e+03 4.196749999999999613e-16
4.666462800000000243e+03 4.151399999999999773e-16
4.669409899999999652e+03 4.163819999999999589e-16
4.672356999999999971e+03 4.152639999999999868e-16
4.675304100000000290e+03 4.148369999999999998e-16
4.678251199999999699e+03 4.077279999999999863e-16
4.681198199999999815e+03 3.951499999999999720e-16
4.684145300000000134e+03 3.818640000000000259e-16
4.687092400000000453e+03 3.810259999999999815e-16
4.690039499999999862e+03 3.730909999999999818e-16
4.692986499999999978e+03 3.604369999999999935e-16
4.695933600000000297e+03 3.435170000000000065e-16
4.698880699999999706e+03 3.286649999999999872e-16
4.701827800000000025e+03 3.103250000000000185e-16
4.704774900000000343e+03 2.996179999999999907e-16
4.707721899999999550e+03 2.974670000000000273e-16
4.710668999999999869e+03 2.974330000000000350e-16
4.713616100000000188e+03 2.942460000000000288e-16
4.716563199999999597e+03 2.810740000000000191e-16
4.719510199999999713e+03 2.769390000000000022e-16
4.722457300000000032e+03 2.759590000000000336e-16
4.725404400000000351e+03 2.764439999999999813e-16
4.728351499999999760e+03 2.616859999999999987e-16
4.731298600000000079e+03 2.599479999999999791e-16
4.734245600000000195e+03 2.617059999999999970e-16
4.737192699999999604e+03 2.618429999999999833e-16
4.740139799999999923e+03 2.666809999999999941e-16
4.743086900000000242e+03 2.742649999999999808e-16
4.746033900000000358e+03 2.724870000000000139e-16
4.748980999999999767e+03 2.652999999999999919e-16
4.751928100000000086e+03 2.597249999999999950e-16
4.754875200000000405e+03 2.786440000000000467e-16
4.757822299999999814e+03 2.779820000000000174e-16
4.760769299999999930e+03 2.777239999999999745e-16
4.763716400000000249e+03 2.733579999999999840e-16
4.766663499999999658e+03 2.811080000000000114e-16
4.769610599999999977e+03 2.682679999999999842e-16
4.772557600000000093e+03 2.672540000000000233e-16
4.775504700000000412e+03 2.789630000000000031e-16
4.778451799999999821e+03 2.713059999999999953e-16
4.781398900000000140e+03 2.592559999999999770e-16
4.784345999999999549e+03 2.599859999999999908e-16
4.787292999999999665e+03 2.571409999999999909e-16
4.790240099999999984e+03 2.435950000000000169e-16
4.793187200000000303e+03 2.439770000000000200e-16
4.796134299999999712e+03 2.454209999999999701e-16
4.799081299999999828e+03 2.429090000000000192e-16
4.802028400000000147e+03 2.469080000000000177e-16
4.804975499999999556e+03 2.484019999999999883e-16
4.807922599999999875e+03 2.447719999999999668e-16
4.810869599999999991e+03 2.371109999999999889e-16
4.813816700000000310e+03 2.384870000000000037e-16
4.816763799999999719e+03 2.441280000000000001e-16
4.819710900000000038e+03 2.469679999999999635e-16
4.822657999999999447e+03 2.439040000000000482e-16
4.825604999999999563e+03 2.461619999999999756e-16
4.828552099999999882e+03 2.498179999999999999e-16
4.831499200000000201e+03 2.513509999999999501e-16
4.834446299999999610e+03 2.559299999999999994e-16
4.837393299999999726e+03 2.498900000000000038e-16
4.840340400000000045e+03 2.482400000000000165e-16
4.843287500000000364e+03 2.532539999999999930e-16
4.846234599999999773e+03 2.646019999999999853e-16
4.849181700000000092e+03 2.586090000000000081e-16
4.852128700000000208e+03 2.536770000000000100e-16
4.855075799999999617e+03 2.713730000000000119e-16
4.858022899999999936e+03 3.179700000000000175e-16
4.860970000000000255e+03 3.622360000000000253e-16
4.863917000000000371e+03 3.189499999999999861e-16
4.866864099999999780e+03 2.741270000000000267e-16
4.869811200000000099e+03 2.667140000000000185e-16
4.872758300000000418e+03 2.789479999999999920e-16
4.875705399999999827e+03 2.823390000000000505e-16
4.878652399999999943e+03 2.863930000000000075e-16
4.881599500000000262e+03 2.945650000000000346e-16
4.884546599999999671e+03 2.938609999999999742e-16
4.887493699999999990e+03 3.047539999999999917e-16
4.890440700000000106e+03 3.108590000000000189e-16
4.893387800000000425e+03 3.121900000000000005e-16
4.896334899999999834e+03 3.283380000000000412e-16
4.899282000000000153e+03 3.281849999999999774e-16
4.902229099999999562e+03 3.243540000000000538e-16
4.905176099999999678e+03 3.200290000000000279e-16
4.908123199999999997e+03 3.241359999999999584e-16
4.911070300000000316e+03 3.110199999999999736e-16
4.914017399999999725e+03 3.145229999999999834e-16
4.916964399999999841e+03 3.092009999999999928e-16
4.919911500000000160e+03 3.009370000000000127e-16
4.922858599999999569e+03 3.001509999999999739e-16
4.925805699999999888e+03 3.003209999999999845e-16
4.928752800000000207e+03 2.992759999999999843e-16
4.931699800000000323e+03 2.955959999999999916e-16
4.934646899999999732e+03 2.869019999999999730e-16
4.937594000000000051e+03 2.792800000000000239e-16
4.940541100000000370e+03 2.743410000000000042e-16
4.943488099999999577e+03 2.752839999999999783e-16
4.946435199999999895e+03 2.862240000000000140e-16
4.949382300000000214e+03 2.785940000000000261e-16
4.952329399999999623e+03 2.576909999999999703e-16
4.955276499999999942e+03 2.766979999999999555e-16
4.958223500000000058e+03 3.038320000000000331e-16
4.961170600000000377e+03 2.967389999999999985e-16
4.964117699999999786e+03 2.717529999999999806e-16
4.967064800000000105e+03 2.662390000000000453e-16
4.970011800000000221e+03 2.594390000000000137e-16
4.972958899999999630e+03 2.527949999999999988e-16
4.975905999999999949e+03 2.489649999999999937e-16
4.978853100000000268e+03 2.459840000000000248e-16
4.981800100000000384e+03 2.477780000000000200e-16
4.984747199999999793e+03 2.508729999999999746e-16
4.987694300000000112e+03 2.494070000000000411e-16
4.990641400000000431e+03 2.414540000000000281e-16
4.993588499999999840e+03 2.442520000000000096e-16
4.996535499999999956e+03 2.495229999999999626e-16
4.999482600000000275e+03 2.562619999999999819e-16
5.002429699999999684e+03 2.961149999999999809e-16
5.005376800000000003e+03 3.779659999999999870e-16
5.008323800000000119e+03 3.685809999999999834e-16
5.011270900000000438e+03 2.900749999999999853e-16
5.014217999999999847e+03 2.456779999999999957e-16
5.017165100000000166e+03 2.435410000000000263e-16
5.020112199999999575e+03 2.454030000000000061e-16
5.023059199999999691e+03 2.485250000000000300e-16
5.026006300000000010e+03 2.594839999999999976e-16
5.028953400000000329e+03 2.564199999999999837e-16
5.031900499999999738e+03 2.532939999999999897e-16
5.034847499999999854e+03 2.505330000000000026e-16
5.037794600000000173e+03 2.558969999999999750e-16
5.040741699999999582e+03 2.512400000000000159e-16
5.043688799999999901e+03 2.619160000000000044e-16
5.046635900000000220e+03 2.665749999999999979e-16
5.049582900000000336e+03 2.592189999999999825e-16
5.052529999999999745e+03 2.664959999999999723e-16
5.055477100000000064e+03 2.702820000000000106e-16
5.058424200000000383e+03 2.648240000000000016e-16
5.061371199999999590e+03 2.646060000000000047e-16
5.064318299999999908e+03 2.717779999999999663e-16
5.067265400000000227e+03 2.781890000000000225e-16
5.070212499999999636e+03 2.720079999999999720e-16
5.073159599999999955e+03 2.772659999999999481e-16
5.076106600000000071e+03 2.677799999999999849e-16
5.079053700000000390e+03 2.665080000000000305e-16
5.082000799999999799e+03 2.702509999999999712e-16
5.084947900000000118e+03 2.802700000000000163e-16
5.087894900000000234e+03 2.730950000000000032e-16
5.090842000000000553e+03 2.835830000000000171e-16
5.093789099999999962e+03 2.907770000000000113e-16
5.096736200000000281e+03 2.811630000000000192e-16
5.099683299999999690e+03 2.901829999999999665e-16
5.102630299999999806e+03 2.920619999999999917e-16
5.105577400000000125e+03 2.977679999999999705e-16
5.108524500000000444e+03 2.976799999999999876e-16
5.111471599999999853e+03 3.006800000000000363e-16
5.114418599999999969e+03 2.948459999999999794e-16
5.117365700000000288e+03 2.963690000000000043e-16
5.120312799999999697e+03 3.119999999999999915e-16
5.123259900000000016e+03 3.117920000000000185e-16
5.126207000000000335e+03 3.176149999999999851e-16
5.129154000000000451e+03 3.246559999999999648e-16
5.132101099999999860e+03 3.339890000000000122e-16
5.135048200000000179e+03 3.262369999999999998e-16
5.137995299999999588e+03 3.267159999999999924e-16
5.140942299999999705e+03 3.483669999999999768e-16
5.143889400000000023e+03 3.494129999999999942e-16
5.146836500000000342e+03 3.541469999999999938e-16
5.149783599999999751e+03 3.495840000000000220e-16
5.152730599999999868e+03 3.607360000000000009e-16
5.155677700000000186e+03 3.697869999999999383e-16
5.158624799999999595e+03 3.741260000000000074e-16
5.161571899999999914e+03 3.826469999999999639e-16
5.164519000000000233e+03 3.791519999999999929e-16
5.167465999999999440e+03 3.825119999999999627e-16
5.170413099999999758e+03 3.841030000000000215e-16
5.173360200000000077e+03 3.941399999999999812e-16
5.176307300000000396e+03 3.986950000000000128e-16
5.179254299999999603e+03 3.988480000000000274e-16
5.182201399999999921e+03 3.969500000000000210e-16
5.185148500000000240e+03 3.992790000000000338e-16
5.188095599999999649e+03 4.176880000000000534e-16
5.191042699999999968e+03 4.351669999999999278e-16
5.193989700000000084e+03 4.268369999999999976e-16
5.196936800000000403e+03 4.453759999999999819e-16
5.199883899999999812e+03 4.362090000000000245e-16
5.202831000000000131e+03 4.358060000000000059e-16
5.205778100000000450e+03 4.319330000000000019e-16
5.208725099999999657e+03 4.346419999999999341e-16
5.211672199999999975e+03 4.394319999999999587e-16
5.214619300000000294e+03 4.351340000000000514e-16
5.217566399999999703e+03 4.390839999999999972e-16
5.220513399999999820e+03 4.410350000000000264e-16
5.223460500000000138e+03 4.376550000000000089e-16
5.226407599999999547e+03 4.342390000000000141e-16
5.229354699999999866e+03 4.412880000000000326e-16
5.232301699999999983e+03 4.381040000000000286e-16
5.235248800000000301e+03 4.409709999999999626e-16
5.238195899999999710e+03 4.506109999999999575e-16
5.241143000000000029e+03 4.418210000000000159e-16
5.244090100000000348e+03 4.370750000000000074e-16
5.247037099999999555e+03 4.462430000000000806e-16
5.249984199999999873e+03 4.286819999999999812e-16
5.252931300000000192e+03 4.287709999999999813e-16
5.255878399999999601e+03 4.345699999999999795e-16
5.258825399999999718e+03 4.359650000000000248e-16
5.261772500000000036e+03 4.340909999999999869e-16
5.264719600000000355e+03 4.154169999999999521e-16
5.267666699999999764e+03 4.183200000000000113e-16
5.270613800000000083e+03 4.141510000000000021e-16
5.273560800000000199e+03 4.116439999999999892e-16
5.276507899999999609e+03 4.235719999999999830e-16
5.279454999999999927e+03 4.265179999999999918e-16
5.282402100000000246e+03 4.150930000000000576e-16
5.285349100000000362e+03 4.175160000000000084e-16
5.288296199999999772e+03 4.234319999999999452e-16
5.291243300000000090e+03 4.206499999999999919e-16
5.294190400000000409e+03 4.060259999999999440e-16
5.297137499999999818e+03 4.102580000000000491e-16
5.300084499999999935e+03 4.122809999999999342e-16
5.303031600000000253e+03 4.101309999999999880e-16
5.305978699999999662e+03 4.102559999999999654e-16
5.308925799999999981e+03 4.036549999999999988e-16
5.311872800000000097e+03 4.043180000000000452e-16
5.314819900000000416e+03 4.077490000000000018e-16
5.317766999999999825e+03 3.979699999999999863e-16
5.320714100000000144e+03 3.981240000000000180e-16
5.323661100000000260e+03 3.914819999999999881e-16
5.326608199999999670e+03 3.900049999999999643e-16
5.329555299999999988e+03 3.886080000000000325e-16
5.332502400000000307e+03 3.935459999999999858e-16
5.335449499999999716e+03 4.028690000000000093e-16
5.338396499999999833e+03 3.965500000000000046e-16
5.341343600000000151e+03 3.869749999999999920e-16
5.344290699999999561e+03 3.799830000000000649e-16
5.347237799999999879e+03 3.793950000000000246e-16
5.350184799999999996e+03 3.845130000000000123e-16
5.353131900000000314e+03 3.917609999999999972e-16
5.356079000000000633e+03 3.891999999999999936e-16
5.359026100000000042e+03 3.735569999999999483e-16
5.361973200000000361e+03 3.719700000000000075e-16
5.364920199999999568e+03 3.773180000000000502e-16
5.367867299999999886e+03 3.722050000000000005e-16
5.370814400000000205e+03 3.603749999999999641e-16
5.373761499999999614e+03 3.660730000000000519e-16
5.376708599999999933e+03 3.621440000000000230e-16
5.379655600000000049e+03 3.616589999999999766e-16
5.382602700000000368e+03 3.611890000000000400e-16
5.385549799999999777e+03 3.502230000000000507e-16
5.388496900000000096e+03 3.514069999999999729e-16
5.391443900000000212e+03 3.449369999999999388e-16
5.394390999999999622e+03 3.425880000000000263e-16
5.397338099999999940e+03 3.299780000000000048e-16
5.400285200000000259e+03 3.299019999999999815e-16
5.403232200000000375e+03 3.367219999999999621e-16
5.406179299999999785e+03 3.281419999999999785e-16
5.409126400000000103e+03 3.373710000000000147e-16
5.412073500000000422e+03 3.367030000000000302e-16
5.415020599999999831e+03 3.327590000000000395e-16
5.417967599999999948e+03 3.298460000000000058e-16
5.420914700000000266e+03 3.254269999999999926e-16
5.423861799999999675e+03 3.211609999999999938e-16
5.426808899999999994e+03 3.229579999999999913e-16
5.429755900000000111e+03 3.252190000000000195e-16
5.432703000000000429e+03 3.147759999999999897e-16
5.435650099999999838e+03 3.246000000000000385e-16
5.438597200000000157e+03 3.260740000000000108e-16
5.441544299999999566e+03 3.231430000000000130e-16
5.444491299999999683e+03 3.165189999999999965e-16
5.447438400000000001e+03 3.156090000000000468e-16
5.450385500000000320e+03 3.119649999999999821e-16
5.453332599999999729e+03 3.131730000000000206e-16
5.456279599999999846e+03 3.242390000000000510e-16
5.459226700000000164e+03 3.165600000000000104e-16
5.462173799999999574e+03 3.084480000000000277e-16
5.465120899999999892e+03 3.152569999999999673e-16
5.468068000000000211e+03 3.082800000000000021e-16
5.471015000000000327e+03 3.071140000000000439e-16
5.473962099999999737e+03 3.035120000000000102e-16
5.476909200000000055e+03 2.980210000000000261e-16
5.479856300000000374e+03 2.967009999999999869e-16
5.482803299999999581e+03 3.039579999999999784e-16
5.485750399999999900e+03 3.016329999999999850e-16
5.488697500000000218e+03 2.985529999999999921e-16
5.491644599999999627e+03 2.977760000000000093e-16
5.494591599999999744e+03 2.983100000000000097e-16
5.497538700000000063e+03 2.871709999999999582e-16
5.500485800000000381e+03 2.947449999999999705e-16
5.503432899999999790e+03 2.961659999999999693e-16
5.506380000000000109e+03 2.953569999999999792e-16
5.509326999999999316e+03 2.857400000000000342e-16
5.512274099999999635e+03 2.797540000000000292e-16
5.515221199999999953e+03 2.801580000000000156e-16
5.518168300000000272e+03 2.847409999999999858e-16
5.521115399999999681e+03 2.923429999999999859e-16
5.524062399999999798e+03 2.758609999999999776e-16
5.527009500000000116e+03 2.767549999999999976e-16
5.529956600000000435e+03 2.763230000000000233e-16
5.532903699999999844e+03 2.749429999999999891e-16
5.535850699999999961e+03 2.729150000000000181e-16
5.538797800000000279e+03 2.728020000000000002e-16
5.541744899999999689e+03 2.640820000000000282e-16
5.544691999999999098e+03 2.624900000000000015e-16
5.547639100000000326e+03 2.712099999999999736e-16
5.550586100000000442e+03 2.659729999999999636e-16
5.553533199999999852e+03 2.639040000000000280e-16
5.556480300000000170e+03 2.643839999999999885e-16
5.559427399999999579e+03 2.579620000000000392e-16
5.562374399999999696e+03 2.595029999999999788e-16
5.565321500000000015e+03 2.553809999999999879e-16
5.568268600000000333e+03 2.455389999999999751e-16
5.571215699999999742e+03 2.440990000000000444e-16
5.574162699999999859e+03 2.526540000000000424e-16
5.577109800000000178e+03 2.536080000000000082e-16
5.580056899999999587e+03 2.531059999999999658e-16
5.583003999999999905e+03 2.478709999999999902e-16
5.585951100000000224e+03 2.425750000000000023e-16
5.588898100000000341e+03 2.395180000000000100e-16
5.591845199999999750e+03 2.333929999999999845e-16
5.594792300000000068e+03 2.402680000000000222e-16
5.597739400000000387e+03 2.408900000000000055e-16
5.600686399999999594e+03 2.318059999999999944e-16
5.603633499999999913e+03 2.365129999999999740e-16
5.606580600000000231e+03 2.393830000000000088e-16
5.609527699999999641e+03 2.361950000000000347e-16
5.612474799999999959e+03 2.378519999999999944e-16
5.615421800000000076e+03 2.305359999999999757e-16
5.618368900000000394e+03 2.350680000000000067e-16
5.621315999999999804e+03 2.323220000000000308e-16
5.624263100000000122e+03 2.271300000000000048e-16
5.627210100000000239e+03 2.243000000000000160e-16
5.630157199999999648e+03 2.270330000000000152e-16
5.633104299999999967e+03 2.249699999999999854e-16
5.636051400000000285e+03 2.164200000000000240e-16
5.638998499999999694e+03 2.167670000000000176e-16
5.641945499999999811e+03 2.216569999999999847e-16
5.644892600000000130e+03 2.192019999999999773e-16
5.647839700000000448e+03 2.191590000000000030e-16
5.650786799999999857e+03 2.258530000000000138e-16
5.653733799999999974e+03 2.195899999999999848e-16
5.656680900000000292e+03 2.089170000000000232e-16
5.659628000000000611e+03 2.072299999999999920e-16
5.662575100000000020e+03 2.183390000000000213e-16
5.665522100000000137e+03 2.131969999999999912e-16
5.668469199999999546e+03 2.050470000000000214e-16
5.671416299999999865e+03 2.083679999999999870e-16
5.674363400000000183e+03 2.119459999999999783e-16
5.677310499999999593e+03 2.105109999999999856e-16
5.680257499999999709e+03 2.189529999999999904e-16
5.683204600000000028e+03 2.218390000000000288e-16
5.686151700000000346e+03 2.078440000000000105e-16
5.689098799999999756e+03 2.094740000000000241e-16
5.692045900000000074e+03 2.099340000000000109e-16
5.694992900000000191e+03 2.063380000000000063e-16
5.697939999999999600e+03 2.134720000000000055e-16
5.700887099999999919e+03 2.124829999999999809e-16
5.703834200000000237e+03 2.091600000000000056e-16
5.706781200000000354e+03 2.031919999999999893e-16
5.709728299999999763e+03 2.058759999999999852e-16
5.712675400000000081e+03 2.177859999999999904e-16
5.715622500000000400e+03 2.097329999999999856e-16
5.718569599999999809e+03 2.091959999999999829e-16
5.721516599999999926e+03 2.170879999999999838e-16
5.724463700000000244e+03 2.275780000000000073e-16
5.727410799999999654e+03 2.210489999999999953e-16
5.730357899999999972e+03 2.201059999999999965e-16
5.733304900000000089e+03 2.257279999999999871e-16
5.736251999999999498e+03 2.250419999999999894e-16
5.739199099999999817e+03 2.270530000000000136e-16
5.742146200000000135e+03 2.309099999999999893e-16
5.745093200000000252e+03 2.367420000000000119e-16
5.748040299999999661e+03 2.391399999999999771e-16
5.750987399999999980e+03 2.315790000000000402e-16
5.753934500000000298e+03 2.393679999999999977e-16
5.756881599999999708e+03 2.465299999999999847e-16
5.759828599999999824e+03 2.517570000000000202e-16
5.762775700000000143e+03 2.462769999999999785e-16
5.765722799999999552e+03 2.485320000000000023e-16
5.768669899999999870e+03 2.576870000000000002e-16
5.771616899999999987e+03 2.584529999999999913e-16
5.774564000000000306e+03 2.559750000000000327e-16
5.777511099999999715e+03 2.556479999999999881e-16
5.780458200000000033e+03 2.593889999999999931e-16
5.783405300000000352e+03 2.659390000000000207e-16
5.786352299999999559e+03 2.715409999999999882e-16
5.789299399999999878e+03 2.719010000000000079e-16
5.792246500000000196e+03 2.790359999999999749e-16
5.795193599999999606e+03 2.803610000000000014e-16
5.798140599999999722e+03 2.871119999999999803e-16
5.801087700000000041e+03 2.942690000000000294e-16
5.804034800000000359e+03 2.901020000000000053e-16
5.806981899999999769e+03 2.882229999999999801e-16
5.809929000000000087e+03 2.912159999999999579e-16
5.812876000000000204e+03 2.971109999999999777e-16
5.815823099999999613e+03 3.079549999999999918e-16
5.818770199999999932e+03 3.051020000000000518e-16
5.821717300000000250e+03 3.025590000000000122e-16
5.824664300000000367e+03 3.045069999999999899e-16
5.827611399999999776e+03 3.172499999999999782e-16
5.830558500000000095e+03 3.150949999999999955e-16
5.833505600000000413e+03 3.070409999999999734e-16
5.836452599999999620e+03 3.162450000000000240e-16
5.839399699999999939e+03 3.179900000000000159e-16
5.842346800000000258e+03 3.229579999999999913e-16
5.845293899999999667e+03 3.324199999999999861e-16
5.848240999999999985e+03 3.189979999999999723e-16
5.851188000000000102e+03 3.205909999999999668e-16
5.854135100000000421e+03 3.238000000000000058e-16
5.857082199999999830e+03 3.248839999999999855e-16
5.860029300000000148e+03 3.265340000000000222e-16
5.862976399999999558e+03 3.370269999999999740e-16
5.865923399999999674e+03 3.370869999999999690e-16
5.868870499999999993e+03 3.329330000000000203e-16
5.871817600000000311e+03 3.298269999999999753e-16
5.874764699999999721e+03 3.263360000000000237e-16
5.877711699999999837e+03 3.223379999999999930e-16
5.880658800000000156e+03 3.192890000000000395e-16
5.883605899999999565e+03 3.137529999999999729e-16
5.886553000000000793e+03 2.730950000000000032e-16
5.889500100000000202e+03 2.552770000000000261e-16
5.892447100000000319e+03 2.583319999999999840e-16
5.895394199999999728e+03 2.696149999999999940e-16
5.898341300000000047e+03 2.960409999999999919e-16
5.901288400000000365e+03 3.139250000000000179e-16
5.904235399999999572e+03 3.223740000000000197e-16
5.907182499999999891e+03 3.236899999999999902e-16
5.910129600000000210e+03 3.151540000000000226e-16
5.913076699999999619e+03 3.134889999999999749e-16
5.916023699999999735e+03 3.143309999999999893e-16
5.918970800000000054e+03 3.174040000000000099e-16
5.921917900000000373e+03 3.090459999999999932e-16
5.924864999999999782e+03 3.053010000000000181e-16
5.927812100000000100e+03 3.079959999999999564e-16
5.930759100000000217e+03 3.078399999999999890e-16
5.933706199999999626e+03 3.011209999999999680e-16
5.936653299999999945e+03 3.022959999999999821e-16
5.939600400000000263e+03 3.070009999999999767e-16
5.942547400000000380e+03 3.143629999999999966e-16
5.945494499999999789e+03 2.934790000000000205e-16
5.948441600000000108e+03 2.959990000000000102e-16
5.951388700000000426e+03 2.853600000000000162e-16
5.954335799999999836e+03 2.879539999999999948e-16
5.957282799999999952e+03 2.882990000000000034e-16
5.960229900000000271e+03 2.814189999999999784e-16
5.963176999999999680e+03 2.875519999999999934e-16
5.966124099999999999e+03 2.804279999999999688e-16
5.969071100000000115e+03 2.776909999999999994e-16
5.972018200000000434e+03 2.733290000000000283e-16
5.974965299999999843e+03 2.705950000000000119e-16
5.977912400000000162e+03 2.633400000000000055e-16
5.980859499999999571e+03 2.631029999999999781e-16
5.983806499999999687e+03 2.660090000000000396e-16
5.986753600000000006e+03 2.589040000000000454e-16
5.989700700000000325e+03 2.554670000000000351e-16
5.992647799999999734e+03 2.507720000000000150e-16
5.995594799999999850e+03 2.530740000000000078e-16
5.998541900000000169e+03 2.565259999999999799e-16
6.001489000000000487e+03 2.500409999999999840e-16
6.004436099999999897e+03 2.478790000000000289e-16
6.007383200000000215e+03 2.478120000000000123e-16
6.010330200000000332e+03 2.427829999999999753e-16
6.013277299999999741e+03 2.375750000000000197e-16
6.016224400000000060e+03 2.423040000000000320e-16
6.019171500000000378e+03 2.443449999999999798e-16
6.022118499999999585e+03 2.417310000000000028e-16
6.025065599999999904e+03 2.399069999999999854e-16
6.028012700000000223e+03 2.294009999999999582e-16
6.030959799999999632e+03 2.276440000000000068e-16
6.033906899999999951e+03 2.250469999999999766e-16
6.036853900000000067e+03 2.157859999999999825e-16
6.039800999999999476e+03 2.100900000000000276e-16
6.042748099999999795e+03 2.041349999999999881e-16
6.045695200000000114e+03 2.029720000000000074e-16
6.048642200000000230e+03 1.918400000000000023e-16
6.051589299999999639e+03 1.870049999999999937e-16
6.054536399999999958e+03 1.793000000000000243e-16
6.057483500000000276e+03 1.772909999999999852e-16
6.060430599999999686e+03 1.727540000000000162e-16
6.063377599999999802e+03 1.656529999999999921e-16
6.066324700000000121e+03 1.630489999999999896e-16
6.069271800000000439e+03 1.646670000000000190e-16
6.072218899999999849e+03 1.600289999999999918e-16
6.075165899999999965e+03 1.586119999999999877e-16
6.078113000000000284e+03 1.537319999999999952e-16
6.081060099999999693e+03 1.527920000000000233e-16
6.084007200000000012e+03 1.489679999999999980e-16
6.086954200000000128e+03 1.493439999999999967e-16
6.089901300000000447e+03 1.534110000000000044e-16
6.092848399999999856e+03 1.526899999999999972e-16
6.095795500000000175e+03 1.503970000000000110e-16
6.098742599999999584e+03 1.470420000000000038e-16
6.101689599999999700e+03 1.467510000000000105e-16
6.104636700000000019e+03 1.461959999999999946e-16
6.107583800000000338e+03 1.493590000000000077e-16
6.110530899999999747e+03 1.461170000000000184e-16
6.113477899999999863e+03 1.437579999999999834e-16
6.116425000000000182e+03 1.458909999999999828e-16
6.119372099999999591e+03 1.424360000000000085e-16
6.122319199999999910e+03 1.455799999999999911e-16
6.125266300000000228e+03 1.502030000000000073e-16
6.128213300000000345e+03 1.476079999999999868e-16
6.131160399999999754e+03 1.567970000000000016e-16
6.134107500000000073e+03 1.619599999999999979e-16
6.137054600000000391e+03 1.639550000000000185e-16
6.140001599999999598e+03 1.657550000000000182e-16
6.142948699999999917e+03 1.706640000000000157e-16
6.145895800000000236e+03 1.739209999999999915e-16
6.148842899999999645e+03 1.734240000000000103e-16
6.151789899999999761e+03 1.774659999999999831e-16
6.154736999999999171e+03 1.799779999999999833e-16
6.157684100000000399e+03 1.817490000000000026e-16
6.160631199999999808e+03 1.843329999999999820e-16
6.163578300000000127e+03 1.820140000000000177e-16
6.166525300000000243e+03 1.809020000000000008e-16
6.169472399999999652e+03 1.889980000000000046e-16
6.172419499999999971e+03 1.920470000000000074e-16
6.175366600000000290e+03 1.955509999999999851e-16
6.178313699999999699e+03 1.928129999999999985e-16
6.181260699999999815e+03 1.957119999999999891e-16
6.184207800000000134e+03 2.008579999999999893e-16
6.187154900000000453e+03 2.018919999999999978e-16
6.190101999999999862e+03 2.016830000000000076e-16
6.193048999999999978e+03 2.022270000000000318e-16
6.195996100000000297e+03 2.007770000000000280e-16
6.198943199999999706e+03 2.046190000000000172e-16
6.201890300000000025e+03 2.050990000000000024e-16
6.204837400000000343e+03 2.062679999999999874e-16
6.207784399999999550e+03 2.053499999999999989e-16
6.210731499999999869e+03 2.053200000000000014e-16
6.213678600000000188e+03 2.103730000000000068e-16
6.216625699999999597e+03 2.126659999999999683e-16
6.219572699999999713e+03 2.142900000000000022e-16
6.222519800000000032e+03 2.156640000000000320e-16
6.225466900000000351e+03 2.072820000000000222e-16
6.228414000000000669e+03 2.108340000000000107e-16
6.231360999999999876e+03 2.110949999999999818e-16
6.234308100000000195e+03 2.168940000000000047e-16
6.237255199999999604e+03 2.080629999999999752e-16
6.240202299999999923e+03 2.129990000000000173e-16
6.243149400000000242e+03 2.179600000000000204e-16
6.246096400000000358e+03 2.161480000000000119e-16
6.249043499999999767e+03 2.115390000000000143e-16
6.251990600000000086e+03 2.197309999999999904e-16
6.254937700000000405e+03 2.135949999999999732e-16
6.257884699999999611e+03 2.139270000000000296e-16
6.260831799999999930e+03 2.133979999999999672e-16
6.263778900000000249e+03 2.130190000000000157e-16
6.266725999999999658e+03 2.156059999999999727e-16
6.269673099999999977e+03 2.193499999999999799e-16
6.272620100000000093e+03 2.216259999999999700e-16
6.275567200000000412e+03 2.145259999999999877e-16
6.278514299999999821e+03 2.109640000000000247e-16
6.281461400000000140e+03 2.061090000000000178e-16
6.284408400000000256e+03 2.121150000000000211e-16
6.287355499999999665e+03 2.137979999999999836e-16
6.290302599999999984e+03 2.135919999999999956e-16
6.293249700000000303e+03 2.262029999999999603e-16
6.296196799999999712e+03 2.334150000000000172e-16
6.299143799999999828e+03 2.455670000000000123e-16
6.302090900000000147e+03 2.314480000000000091e-16
6.305038000000000466e+03 2.148220000000000176e-16
6.307985099999999875e+03 2.173280000000000133e-16
6.310932099999999991e+03 2.173480000000000117e-16
6.313879200000000310e+03 2.055040000000000060e-16
6.316826299999999719e+03 2.037059999999999914e-16
6.319773400000000038e+03 2.088759999999999846e-16
6.322720500000000357e+03 2.144640000000000323e-16
6.325667499999999563e+03 2.114159999999999973e-16
6.328614599999999882e+03 2.145490000000000129e-16
6.331561700000000201e+03 2.122850000000000071e-16
6.334508799999999610e+03 2.081790000000000199e-16
6.337455799999999726e+03 2.048249999999999805e-16
6.340402900000000045e+03 2.061549999999999943e-16
6.343350000000000364e+03 2.088359999999999879e-16
6.346297099999999773e+03 2.099530000000000167e-16
6.349244200000000092e+03 2.082069999999999830e-16
6.352191200000000208e+03 2.080190000000000084e-16
6.355138299999999617e+03 2.075549999999999776e-16
6.358085399999999936e+03 2.058990000000000104e-16
6.361032500000000255e+03 2.135859999999999665e-16
6.363979500000000371e+03 2.155450000000000098e-16
6.366926599999999780e+03 2.078540000000000343e-16
6.369873700000000099e+03 2.045509999999999834e-16
6.372820800000000418e+03 2.042050000000000070e-16
6.375767899999999827e+03 2.093359999999999714e-16
6.378714899999999943e+03 2.057159999999999737e-16
6.381661999999999352e+03 2.036719999999999744e-16
6.384609099999999671e+03 2.088389999999999902e-16
6.387556199999999990e+03 2.056890000000000031e-16
6.390503200000000106e+03 2.124890000000000100e-16
6.393450300000000425e+03 2.110990000000000259e-16
6.396397399999999834e+03 2.053490000000000064e-16
6.399344500000000153e+03 2.012100000000000194e-16
6.402291500000000269e+03 2.052040000000000307e-16
6.405238599999999678e+03 2.054670000000000115e-16
6.408185699999999997e+03 2.057129999999999962e-16
6.411132800000000316e+03 2.000810000000000064e-16
6.414079899999999725e+03 1.969159999999999836e-16
6.417026899999999841e+03 2.041729999999999751e-16
6.419974000000000160e+03 2.053640000000000175e-16
6.422921099999999569e+03 2.045570000000000125e-16
6.425868199999999888e+03 2.023059999999999587e-16
6.428815200000000004e+03 2.027680000000000045e-16
6.431762300000000323e+03 2.045220000000000030e-16
6.434709399999999732e+03 2.042240000000000128e-16
6.437656500000000051e+03 2.089700000000000213e-16
6.440603600000000370e+03 2.067190000000000168e-16
6.443550599999999577e+03 2.039470000000000134e-16
6.446497699999999895e+03 2.054120000000000283e-16
6.449444800000000214e+03 1.984640000000000188e-16
6.452391899999999623e+03 2.012770000000000114e-16
6.455338899999999740e+03 1.990000000000000042e-16
6.458286000000000058e+03 1.964659999999999960e-16
6.461233100000000377e+03 2.048759999999999689e-16
6.464180199999999786e+03 2.080620000000000073e-16
6.467127300000000105e+03 2.066149999999999810e-16
6.470074300000000221e+03 2.004890000000000122e-16
6.473021399999999630e+03 2.010279999999999753e-16
6.475968499999999949e+03 2.010840000000000002e-16
6.478915600000000268e+03 2.011449999999999878e-16
6.481862600000000384e+03 1.980140000000000312e-16
6.484809699999999793e+03 1.986149999999999990e-16
6.487756800000000112e+03 1.984970000000000185e-16
6.490703900000000431e+03 2.006679999999999802e-16
6.493650999999999840e+03 2.034890000000000363e-16
6.496598000000000866e+03 2.015740000000000092e-16
6.499545100000000275e+03 2.001659999999999871e-16
6.502492199999999684e+03 1.968549999999999960e-16
6.505439300000000003e+03 2.010290000000000417e-16
6.508386300000000119e+03 2.003919999999999980e-16
6.511333400000000438e+03 2.012920000000000225e-16
6.514280499999999847e+03 2.037309999999999770e-16
6.517227600000000166e+03 2.037459999999999881e-16
6.520174699999999575e+03 2.047270000000000231e-16
6.523121699999999691e+03 2.010759999999999861e-16
6.526068800000000010e+03 1.903170000000000020e-16
6.529015900000000329e+03 1.882849999999999869e-16
6.531963000000000648e+03 1.910959999999999699e-16
6.534909999999999854e+03 1.948570000000000225e-16
6.537857100000000173e+03 1.910470000000000158e-16
6.540804199999999582e+03 2.003340000000000127e-16
6.543751299999999901e+03 2.205770000000000243e-16
6.546698400000000220e+03 2.418149999999999663e-16
6.549645400000000336e+03 2.288969999999999800e-16
6.552592499999999745e+03 1.976199999999999946e-16
6.555539600000000064e+03 2.274830000000000028e-16
6.558486700000000383e+03 4.371970000000000318e-16
6.561433699999999590e+03 6.594230000000000263e-16
6.564380799999999908e+03 5.632569999999999542e-16
6.567327900000000227e+03 2.381249999999999990e-16
6.570274999999999636e+03 1.802040000000000189e-16
6.573221999999999753e+03 1.802340000000000164e-16
6.576169100000000071e+03 1.944749999999999948e-16
6.579116200000000390e+03 2.617610000000000048e-16
6.582063299999999799e+03 3.388049999999999902e-16
6.585010400000000118e+03 2.931150000000000308e-16
6.587957400000000234e+03 1.964169999999999926e-16
6.590904499999999643e+03 1.781190000000000057e-16
6.593851599999999962e+03 1.781799999999999933e-16
6.596798700000000281e+03 1.769390000000000289e-16
6.599745700000000397e+03 1.806999999999999830e-16
6.602692799999999806e+03 1.744220000000000168e-16
6.605639900000000125e+03 1.699630000000000069e-16
6.608586999999999534e+03 1.709399999999999979e-16
6.611534099999999853e+03 1.699800000000000030e-16
6.614481099999999969e+03 1.673820000000000050e-16
6.617428200000000288e+03 1.662790000000000194e-16
6.620375299999999697e+03 1.675959999999999824e-16
6.623322400000000016e+03 1.635090000000000010e-16
6.626269400000000132e+03 1.657520000000000160e-16
6.629216500000000451e+03 1.686849999999999987e-16
6.632163599999999860e+03 1.668959999999999661e-16
6.635110700000000179e+03 1.649420000000000087e-16
6.638057799999999588e+03 1.618779999999999948e-16
6.641004799999999705e+03 1.557629999999999931e-16
6.643951900000000023e+03 1.574169999999999998e-16
6.646899000000000342e+03 1.586790000000000044e-16
6.649846099999999751e+03 1.597149999999999979e-16
6.652793099999999868e+03 1.612329999999999863e-16
6.655740200000000186e+03 1.590510000000000083e-16
6.658687299999999595e+03 1.568330000000000036e-16
6.661634399999999914e+03 1.524499999999999923e-16
6.664581500000000233e+03 1.521610000000000087e-16
6.667528500000000349e+03 1.531879999999999956e-16
6.670475599999999758e+03 1.553429999999999784e-16
6.673422700000000077e+03 1.563639999999999855e-16
6.676369800000000396e+03 1.543960000000000095e-16
6.679316799999999603e+03 1.535820000000000075e-16
6.682263899999999921e+03 1.467850000000000028e-16
6.685210999999999331e+03 1.469379999999999927e-16
6.688158099999999649e+03 1.487530000000000034e-16
6.691105199999999968e+03 1.487669999999999973e-16
6.694052200000000084e+03 1.453329999999999893e-16
6.696999300000000403e+03 1.436799999999999997e-16
6.699946399999999812e+03 1.418600000000000017e-16
6.702893500000000131e+03 1.412320000000000139e-16
6.705840500000000247e+03 1.411100000000000141e-16
6.708787599999999657e+03 1.530220000000000044e-16
6.711734699999999975e+03 1.926729999999999854e-16
6.714681800000000294e+03 2.425590000000000234e-16
6.717628899999999703e+03 2.159029999999999951e-16
6.720575899999999820e+03 1.635310000000000091e-16
6.723523000000000138e+03 1.511319999999999875e-16
6.726470099999999547e+03 1.792990000000000071e-16
6.729417199999999866e+03 2.148939999999999968e-16
6.732364199999999983e+03 1.877529999999999962e-16
6.735311300000000301e+03 1.423570000000000076e-16
6.738258399999999710e+03 1.333370000000000109e-16
6.741205500000000029e+03 1.374079999999999887e-16
6.744152500000000146e+03 1.388090000000000138e-16
6.747099599999999555e+03 1.337449999999999921e-16
6.750046699999999873e+03 1.376700000000000016e-16
6.752993800000000192e+03 1.343690000000000097e-16
6.755940899999999601e+03 1.325320000000000155e-16
6.758887899999999718e+03 1.305560000000000008e-16
6.761835000000000036e+03 1.291170000000000133e-16
6.764782100000000355e+03 1.315570000000000096e-16
6.767729199999999764e+03 1.326420000000000065e-16
6.770676199999999881e+03 1.291150000000000036e-16
6.773623300000000199e+03 1.306289999999999972e-16
6.776570399999999609e+03 1.318840000000000048e-16
6.779517499999999927e+03 1.358879999999999906e-16
6.782464600000000246e+03 1.312759999999999908e-16
6.785411600000000362e+03 1.334920000000000104e-16
6.788358699999999772e+03 1.329739999999999890e-16
6.791305800000000090e+03 1.303879999999999998e-16
6.794252900000000409e+03 1.315760000000000154e-16
6.797199999999999818e+03 1.322270000000000037e-16
6.800146999999999935e+03 1.310189999999999898e-16
6.803094100000000253e+03 1.322389999999999879e-16
6.806041199999999662e+03 1.312039999999999869e-16
6.808988299999999981e+03 1.266350000000000106e-16
6.811935300000000097e+03 1.294479999999999786e-16
6.814882400000000416e+03 1.282479999999999789e-16
6.817829499999999825e+03 1.298079999999999983e-16
6.820776600000000144e+03 1.306940000000000042e-16
6.823723600000000260e+03 1.275899999999999936e-16
6.826670699999999670e+03 1.278000000000000010e-16
6.829617799999999988e+03 1.304639999999999985e-16
6.832564900000000307e+03 1.269220000000000092e-16
6.835511999999999716e+03 1.270220000000000010e-16
6.838458999999999833e+03 1.236959999999999988e-16
6.841406100000000151e+03 1.273710000000000043e-16
6.844353199999999561e+03 1.250560000000000100e-16
6.847300299999999879e+03 1.301479999999999950e-16
6.850247299999999996e+03 1.271969999999999989e-16
6.853194400000000314e+03 1.221549999999999852e-16
6.856141499999999724e+03 1.246289999999999984e-16
6.859088600000000042e+03 1.273550000000000006e-16
6.862035700000000361e+03 1.286539999999999997e-16
6.864982699999999568e+03 1.279470000000000111e-16
6.867929799999999886e+03 1.253519999999999906e-16
6.870876900000000205e+03 1.244040000000000046e-16
6.873824000000000524e+03 1.224260000000000048e-16
6.876770999999999731e+03 1.239420000000000081e-16
6.879718100000000049e+03 1.299039999999999953e-16
6.882665200000000368e+03 1.295010000000000014e-16
6.885612299999999777e+03 1.272520000000000067e-16
6.888559400000000096e+03 1.226809999999999961e-16
6.891506400000000212e+03 1.227530000000000000e-16
6.894453499999999622e+03 1.245669999999999936e-16
6.897400599999999940e+03 1.287629999999999734e-16
6.900347700000000259e+03 1.281859999999999988e-16
6.903294700000000375e+03 1.271019999999999944e-16
6.906241799999999785e+03 1.266030000000000034e-16
6.909188900000000103e+03 1.249620000000000227e-16
6.912135999999999513e+03 1.222610000000000060e-16
6.915083000000000538e+03 1.212439999999999936e-16
6.918030099999999948e+03 1.214229999999999863e-16
6.920977200000000266e+03 1.236780000000000101e-16
6.923924299999999675e+03 1.170990000000000022e-16
6.926871399999999994e+03 1.176790000000000038e-16
6.929818400000000111e+03 1.196119999999999949e-16
6.932765500000000429e+03 1.177689999999999963e-16
6.935712599999999838e+03 1.224050000000000139e-16
6.938659700000000157e+03 1.273930000000000123e-16
6.941606700000000274e+03 1.215279999999999900e-16
6.944553799999999683e+03 1.199110000000000024e-16
6.947500900000000001e+03 1.219510000000000069e-16
6.950448000000000320e+03 1.194850000000000079e-16
6.953395099999999729e+03 1.204970000000000083e-16
6.956342099999999846e+03 1.207450000000000027e-16
6.959289200000000164e+03 1.182490000000000061e-16
6.962236299999999574e+03 1.189120000000000279e-16
6.965183399999999892e+03 1.169960000000000082e-16
6.968130500000000211e+03 1.212850000000000075e-16
6.971077500000000327e+03 1.219740000000000075e-16
6.974024599999999737e+03 1.174780000000000031e-16
6.976971700000000055e+03 1.159450000000000036e-16
6.979918800000000374e+03 1.155039999999999980e-16
6.982865799999999581e+03 1.158039999999999979e-16
6.985812899999999900e+03 1.193300000000000083e-16
6.988760000000000218e+03 1.172779999999999949e-16
6.991707099999999627e+03 1.230279999999999897e-16
6.994654099999999744e+03 1.163000000000000113e-16
6.997601200000000063e+03 1.151749999999999930e-16
7.000548300000000381e+03 1.166710000000000227e-16
7.003495399999999790e+03 1.176609999999999904e-16
7.006442500000000109e+03 1.160229999999999873e-16
7.009389500000000226e+03 1.135420000000000018e-16
7.012336599999999635e+03 1.101849999999999973e-16
7.015283699999999953e+03 1.117060000000000002e-16
7.018230800000000272e+03 1.134890000000000037e-16
7.021177800000000389e+03 1.123069999999999926e-16
7.024124899999999798e+03 1.100489999999999912e-16
7.027071999999999207e+03 1.150600000000000148e-16
7.030019100000000435e+03 1.135129999999999968e-16
7.032966199999999844e+03 1.153899999999999877e-16
7.035913199999999961e+03 1.156659999999999945e-16
7.038860300000000279e+03 1.138180000000000087e-16
7.041807399999999689e+03 1.194529999999999760e-16
7.044754500000000007e+03 1.168880000000000023e-16
7.047701500000000124e+03 1.165520000000000004e-16
7.050648600000000442e+03 1.187110000000000026e-16
7.053595699999999852e+03 1.071490000000000082e-16
7.056542800000000170e+03 1.102379999999999954e-16
7.059489899999999579e+03 1.123810000000000062e-16
7.062436899999999696e+03 1.157729999999999832e-16
7.065384000000000015e+03 1.149000000000000034e-16
7.068331100000000333e+03 1.140279999999999914e-16
7.071278199999999742e+03 1.081860000000000066e-16
7.074225199999999859e+03 1.138309999999999854e-16
7.077172300000000178e+03 1.103439999999999916e-16
7.080119399999999587e+03 1.038979999999999998e-16
7.083066499999999905e+03 1.076099999999999998e-16
7.086013500000000022e+03 1.065120000000000015e-16
7.088960600000000341e+03 1.052999999999999928e-16
7.091907699999999750e+03 1.078670000000000008e-16
7.094854800000000068e+03 1.047679999999999898e-16
7.097801900000000387e+03 1.095639999999999942e-16
7.100748899999999594e+03 1.114029999999999734e-16
7.103695999999999913e+03 1.046389999999999930e-16
7.106643100000000231e+03 1.067000000000000008e-16
7.109590199999999641e+03 1.100100000000000117e-16
7.112537199999999757e+03 1.118489999999999909e-16
7.115484300000000076e+03 1.069779999999999927e-16
7.118431400000000394e+03 1.044189999999999988e-16
7.121378499999999804e+03 1.049420000000000075e-16
7.124325600000000122e+03 1.058459999999999898e-16
7.127272600000000239e+03 1.078479999999999827e-16
7.130219699999999648e+03 1.057299999999999944e-16
7.133166799999999967e+03 1.106529999999999982e-16
7.136113900000000285e+03 1.134120000000000125e-16
7.139060999999999694e+03 1.067690000000000025e-16
7.142008000000000720e+03 1.040000000000000013e-16
7.144955100000000130e+03 1.016909999999999992e-16
7.147902200000000448e+03 1.001829999999999976e-16
7.150849299999999857e+03 1.064809999999999991e-16
7.153796299999999974e+03 1.053139999999999991e-16
7.156743400000000292e+03 1.027400000000000064e-16
7.159690499999999702e+03 1.031639999999999912e-16
7.162637600000000020e+03 1.063029999999999866e-16
7.165584600000000137e+03 1.052020000000000231e-16
7.168531699999999546e+03 1.042350000000000066e-16
7.171478799999999865e+03 1.013139999999999957e-16
7.174425900000000183e+03 1.013109999999999935e-16
7.177373000000000502e+03 1.033160000000000132e-16
7.180319999999999709e+03 1.092770000000000079e-16
7.183267100000000028e+03 1.076709999999999997e-16
7.186214200000000346e+03 1.058349999999999857e-16
7.189161299999999756e+03 1.017360000000000078e-16
7.192108299999999872e+03 1.063079999999999985e-16
7.195055400000000191e+03 1.076349999999999977e-16
7.198002499999999600e+03 1.018599999999999926e-16
7.200949599999999919e+03 1.005649999999999884e-16
7.203896700000000237e+03 9.761159999999999296e-17
7.206843700000000354e+03 9.830959999999998724e-17
7.209790799999999763e+03 1.078729999999999929e-16
7.212737900000000081e+03 1.039560000000000098e-16
7.215685000000000400e+03 1.068920000000000072e-16
7.218631999999999607e+03 1.054029999999999991e-16
7.221579099999999926e+03 1.022650000000000086e-16
7.224526200000000244e+03 1.036570000000000024e-16
7.227473299999999654e+03 1.048880000000000046e-16
7.230420399999999972e+03 1.025560000000000019e-16
7.233367400000000089e+03 1.061239999999999940e-16
7.236314500000000407e+03 1.000059999999999900e-16
7.239261599999999817e+03 1.006650000000000048e-16
7.242208700000000135e+03 9.927490000000000167e-17
7.245155700000000252e+03 1.092759999999999908e-16
7.248102799999999661e+03 1.103860000000000103e-16
7.251049899999999980e+03 1.074610000000000047e-16
7.253996999999999389e+03 1.111729999999999923e-16
7.256944000000000415e+03 1.085539999999999911e-16
7.259891099999999824e+03 1.078339999999999887e-16
7.262838200000000143e+03 1.081800000000000145e-16
7.265785299999999552e+03 1.054710000000000083e-16
7.268732399999999870e+03 1.025409999999999908e-16
7.271679399999999987e+03 1.031370000000000083e-16
7.274626500000000306e+03 1.026639999999999954e-16
7.277573599999999715e+03 1.005179999999999947e-16
7.280520700000000033e+03 1.023419999999999998e-16
7.283467800000000352e+03 1.025309999999999916e-16
7.286414799999999559e+03 1.036989999999999842e-16
7.289361899999999878e+03 9.848069999999999707e-17
7.292309000000000196e+03 9.809129999999999512e-17
7.295256099999999606e+03 9.864280000000001256e-17
7.298203099999999722e+03 1.019529999999999874e-16
7.301150200000000041e+03 1.014960000000000029e-16
7.304097300000000359e+03 9.953719999999999757e-17
7.307044399999999769e+03 9.935610000000000090e-17
7.309991500000000087e+03 9.794920000000000263e-17
7.312938500000000204e+03 1.023970000000000076e-16
7.315885599999999613e+03 1.023560000000000060e-16
7.318832699999999932e+03 1.005270000000000137e-16
7.321779800000000250e+03 1.065929999999999874e-16
7.324726800000000367e+03 1.009120000000000066e-16
7.327673899999999776e+03 9.767100000000000976e-17
7.330621000000000095e+03 1.003500000000000061e-16
7.333568100000000413e+03 9.997410000000000177e-17
7.336515099999999620e+03 9.882579999999999995e-17
7.339462199999999939e+03 9.869240000000000650e-17
7.342409300000000258e+03 9.825629999999999385e-17
7.345356399999999667e+03 9.560780000000000367e-17
7.348303499999999985e+03 9.754850000000000136e-17
7.351250500000000102e+03 9.489110000000001117e-17
7.354197600000000421e+03 9.474020000000001300e-17
7.357144699999999830e+03 9.364209999999999571e-17
7.360091800000000148e+03 9.279089999999999827e-17
7.363038800000000265e+03 8.654069999999999435e-17
7.365985899999999674e+03 8.683499999999999747e-17
7.368933000000000902e+03 8.676530000000001085e-17
7.371880100000000311e+03 8.184529999999999698e-17
7.374827199999999721e+03 8.822989999999999919e-17
7.377774199999999837e+03 9.272020000000000680e-17
7.380721300000000156e+03 8.570379999999999844e-17
7.383668399999999565e+03 8.865499999999999549e-17
7.386615499999999884e+03 8.681239999999999884e-17
7.389562500000000000e+03 8.705340000000000857e-17
7.392509600000000319e+03 9.012399999999999284e-17
7.395456699999999728e+03 9.247559999999999194e-17
7.398403800000000047e+03 8.725679999999999626e-17
7.401350900000000365e+03 8.318569999999999949e-17
7.404297899999999572e+03 8.735469999999999633e-17
7.407244999999999891e+03 9.003200000000001520e-17
7.410192100000000210e+03 8.808920000000000117e-17
7.413139199999999619e+03 9.224370000000000784e-17
7.416086199999999735e+03 8.919690000000000337e-17
7.419033300000000054e+03 8.881760000000000725e-17
7.421980400000000373e+03 9.356820000000000106e-17
7.424927499999999782e+03 9.261280000000000381e-17
7.427874499999999898e+03 9.499770000000001028e-17
7.430821600000000217e+03 9.531350000000000054e-17
7.433768699999999626e+03 9.235639999999999338e-17
7.436715799999999945e+03 9.249540000000000165e-17
7.439662900000000263e+03 9.495629999999999446e-17
7.442609900000000380e+03 9.621379999999999567e-17
7.445556999999999789e+03 9.239790000000001584e-17
7.448504100000000108e+03 9.119490000000000152e-17
7.451451200000000426e+03 9.507530000000000439e-17
7.454398299999999836e+03 9.485030000000001059e-17
7.457345299999999952e+03 9.077290000000001409e-17
7.460292400000000271e+03 9.091759999999999453e-17
7.463239499999999680e+03 8.990510000000001013e-17
7.466186599999999999e+03 9.339490000000000522e-17
7.469133600000000115e+03 9.435270000000000177e-17
7.472080700000000434e+03 9.382840000000000527e-17
7.475027799999999843e+03 8.947579999999999347e-17
7.477974900000000162e+03 8.423200000000001217e-17
7.480921999999999571e+03 8.884370000000000436e-17
7.483869000000000597e+03 9.251089999999999668e-17
7.486816100000000006e+03 9.542030000000000062e-17
7.489763200000000325e+03 9.243670000000000673e-17
7.492710299999999734e+03 8.914420000000000056e-17
7.495657299999999850e+03 8.994089999999999880e-17
7.498604400000000169e+03 9.349649999999999242e-17
7.501551499999999578e+03 9.593170000000000239e-17
7.504498599999999897e+03 9.422570000000000237e-17
7.507445600000000013e+03 9.348479999999999116e-17
7.510392700000000332e+03 8.947299999999999222e-17
7.513339799999999741e+03 9.147629999999998525e-17
7.516286900000000060e+03 9.067870000000001347e-17
7.519234000000000378e+03 8.868559999999999593e-17
7.522180999999999585e+03 9.073969999999998872e-17
7.525128099999999904e+03 8.992439999999999892e-17
7.528075200000000223e+03 8.965479999999999845e-17
7.531022299999999632e+03 9.274700000000001347e-17
7.533969299999999748e+03 9.292389999999998978e-17
7.536916400000000067e+03 9.189959999999999747e-17
7.539863500000000386e+03 8.637860000000000351e-17
7.542810599999999795e+03 8.678879999999998304e-17
7.545757700000000114e+03 8.934670000000000237e-17
7.548704700000000230e+03 8.891849999999999721e-17
7.551651799999999639e+03 8.797610000000000136e-17
7.554598899999999958e+03 9.005529999999999874e-17
7.557545999999999367e+03 9.259940000000001281e-17
7.560493000000000393e+03 8.911740000000000622e-17
7.563440099999999802e+03 8.695979999999999853e-17
7.566387200000000121e+03 8.684420000000000510e-17
7.569334300000000439e+03 8.131939999999999271e-17
7.572281399999999849e+03 8.799989999999999348e-17
7.575228399999999965e+03 8.996990000000000380e-17
7.578175500000000284e+03 8.746339999999999946e-17
7.581122599999999693e+03 8.934059999999999129e-17
7.584069700000000012e+03 8.413930000000000033e-17
7.587016700000000128e+03 8.199280000000001564e-17
7.589963800000000447e+03 8.463930000000000845e-17
7.592910899999999856e+03 8.864920000000000435e-17
7.595858000000000175e+03 9.231650000000000332e-17
7.598805099999999584e+03 8.701919999999999068e-17
7.601752099999999700e+03 8.575469999999999252e-17
7.604699200000000019e+03 8.404959999999999071e-17
7.607646300000000338e+03 8.194209999999999788e-17
7.610593399999999747e+03 8.440430000000000316e-17
7.613540399999999863e+03 7.989609999999998889e-17
7.616487500000000182e+03 7.909749999999999993e-17
7.619434599999999591e+03 8.500580000000000416e-17
7.622381699999999910e+03 8.509450000000000893e-17
7.625328800000000228e+03 8.507629999999999465e-17
7.628275800000000345e+03 8.401870000000000730e-17
7.631222899999999754e+03 8.645070000000000176e-17
7.634170000000000073e+03 8.433319999999999743e-17
7.637117100000000391e+03 8.327499999999999485e-17
7.640064099999999598e+03 7.898590000000000124e-17
7.643011199999999917e+03 8.371299999999999822e-17
7.645958300000000236e+03 8.245089999999999936e-17
7.648905399999999645e+03 8.200829999999999834e-17
7.651852499999999964e+03 8.285989999999999772e-17
7.654799500000000080e+03 8.241809999999998826e-17
7.657746600000000399e+03 8.016560000000000737e-17
7.660693699999999808e+03 7.796320000000000436e-17
7.663640800000000127e+03 7.662080000000000448e-17
7.666587800000000243e+03 7.598460000000000165e-17
7.669534899999999652e+03 8.095479999999998773e-17
7.672481999999999971e+03 8.185989999999999380e-17
7.675429100000000290e+03 8.081040000000000258e-17
7.678376100000000406e+03 8.728069999999999503e-17
7.681323199999999815e+03 8.251889999999999623e-17
7.684270300000000134e+03 8.120519999999999373e-17
7.687217400000000453e+03 7.828499999999999906e-17
7.690164499999999862e+03 7.680889999999999811e-17
7.693111499999999978e+03 7.972269999999999873e-17
7.696058600000000297e+03 7.975339999999999349e-17
7.699005699999999706e+03 8.123110000000000220e-17
7.701952800000000025e+03 8.150260000000000572e-17
7.704899800000000141e+03 7.776270000000001224e-17
7.707846899999999550e+03 7.610140000000001323e-17
7.710793999999999869e+03 7.463529999999999913e-17
7.713741100000000188e+03 7.768280000000000083e-17
7.716688199999999597e+03 8.010750000000000303e-17
7.719635199999999713e+03 7.675280000000000347e-17
7.722582300000000032e+03 7.501419999999999332e-17
7.725529400000000351e+03 8.060790000000000077e-17
7.728476499999999760e+03 7.988950000000000620e-17
7.731423499999999876e+03 7.723659999999999468e-17
7.734370600000000195e+03 7.664640000000000533e-17
7.737317699999999604e+03 7.685290000000000188e-17
7.740264799999999923e+03 8.064949999999999291e-17
7.743211900000000242e+03 8.094249999999999589e-17
7.746158900000000358e+03 7.512529999999999575e-17
7.749105999999999767e+03 7.956439999999998934e-17
7.752053100000000086e+03 8.445469999999998865e-17
7.755000200000000405e+03 7.985149999999999453e-17
7.757947199999999611e+03 7.783269999999999415e-17
7.760894299999999930e+03 7.580909999999999515e-17
7.763841400000000249e+03 7.658339999999999572e-17
7.766788499999999658e+03 7.651200000000000703e-17
7.769735599999999977e+03 7.801739999999999595e-17
7.772682600000000093e+03 7.809110000000000196e-17
7.775629700000000412e+03 7.378849999999999837e-17
7.778576799999999821e+03 7.274210000000000369e-17
7.781523900000000140e+03 7.649829999999999608e-17
7.784470900000000256e+03 7.908239999999999452e-17
7.787418000000000575e+03 7.758779999999999633e-17
7.790365099999999984e+03 7.548439999999999256e-17
7.793312200000000303e+03 7.707520000000000107e-17
7.796259299999999712e+03 7.902209999999999184e-17
7.799206299999999828e+03 7.776020000000000629e-17
7.802153400000000147e+03 7.676810000000000985e-17
7.805100499999999556e+03 7.694389999999999931e-17
7.808047599999999875e+03 7.920460000000000763e-17
7.810994599999999991e+03 7.842430000000000262e-17
7.813941700000000310e+03 7.975110000000000083e-17
7.816888799999999719e+03 7.842000000000000026e-17
7.819835900000000038e+03 8.040739999999999633e-17
7.822782900000000154e+03 8.024869999999999732e-17
7.825729999999999563e+03 7.469959999999999655e-17
7.828677099999999882e+03 7.263819999999999918e-17
7.831624200000000201e+03 7.372999999999999209e-17
7.834571299999999610e+03 7.417479999999999145e-17
7.837518299999999726e+03 7.789489999999999988e-17
7.840465400000000045e+03 7.292350000000000798e-17
7.843412500000000364e+03 7.648129999999999994e-17
7.846359599999999773e+03 7.776059999999999590e-17
7.849306599999999889e+03 7.751620000000000666e-17
7.852253700000000208e+03 7.576609999999999623e-17
7.855200799999999617e+03 7.413659999999999115e-17
7.858147899999999936e+03 7.658879999999999725e-17
7.861095000000000255e+03 7.679529999999999380e-17
7.864041999999999462e+03 7.505569999999999113e-17
7.866989099999999780e+03 8.038960000000000864e-17
7.869936200000000099e+03 7.578479999999999444e-17
7.872883300000000418e+03 7.697819999999999920e-17
7.875830299999999625e+03 7.514689999999998954e-17
7.878777399999999943e+03 7.281669999999999557e-17
7.881724500000000262e+03 7.043570000000000185e-17
7.884671599999999671e+03 7.319640000000000596e-17
7.887618699999999990e+03 7.586959999999999880e-17
7.890565700000000106e+03 7.568669999999999340e-17
7.893512800000000425e+03 7.633759999999999970e-17
7.896459899999999834e+03 7.271329999999999965e-17
7.899406999999999243e+03 7.436510000000000807e-17
7.902354000000000269e+03 7.434370000000000293e-17
7.905301099999999678e+03 7.126770000000000482e-17
7.908248199999999997e+03 7.299040000000000567e-17
7.911195300000000316e+03 7.278539999999999791e-17
7.914142399999999725e+03 6.731679999999999913e-17
7.917089399999999841e+03 6.918559999999999954e-17
7.920036500000000160e+03 7.033390000000000136e-17
7.922983599999999569e+03 7.238329999999998985e-17
7.925930699999999888e+03 7.105819999999999372e-17
7.928877700000000004e+03 6.657229999999999512e-17
7.931824800000000323e+03 7.034809999999999625e-17
7.934771899999999732e+03 6.696929999999999694e-17
7.937719000000000051e+03 6.797210000000000211e-17
7.940666100000000370e+03 6.966130000000000696e-17
7.943613099999999577e+03 7.017520000000000235e-17
7.946560199999999895e+03 6.926140000000000957e-17
7.949507300000000214e+03 7.559459999999999679e-17
7.952454399999999623e+03 7.523209999999999583e-17
7.955401399999999740e+03 7.085329999999999260e-17
7.958348500000000058e+03 7.308550000000000450e-17
7.961295600000000377e+03 7.392680000000000941e-17
7.964242699999999786e+03 7.210179999999999948e-17
7.967189800000000105e+03 7.048140000000000770e-17
7.970136800000000221e+03 7.088009999999999927e-17
7.973083899999999630e+03 7.399060000000001057e-17
7.976030999999999949e+03 7.298500000000000415e-17
7.978978100000000268e+03 6.876979999999999286e-17
7.981925100000000384e+03 7.082600000000000200e-17
7.984872199999999793e+03 6.748069999999999870e-17
7.987819300000000112e+03 6.893180000000000171e-17
7.990766400000000431e+03 7.194379999999999770e-17
7.993713399999999638e+03 7.063139999999999535e-17
7.996660499999999956e+03 6.795879999999999310e-17
7.999607600000000275e+03 6.866240000000000220e-17
8.002554699999999684e+03 6.926229999999999544e-17
8.005501800000000003e+03 6.961199999999999598e-17
8.008448800000000119e+03 6.892310000000000267e-17
8.011395900000000438e+03 6.791179999999999943e-17
8.014343000000000757e+03 6.933850000000000741e-17
8.017290100000000166e+03 7.002580000000000529e-17
8.020237100000000282e+03 6.830699999999999252e-17
8.023184199999999691e+03 6.942550000000001011e-17
8.026131300000000010e+03 6.665949999999999879e-17
8.029078400000000329e+03 7.216249999999999177e-17
8.032025499999999738e+03 7.305930000000000074e-17
8.034972499999999854e+03 7.150370000000000264e-17
8.037919600000000173e+03 7.002310000000001069e-17
8.040866699999999582e+03 6.666840000000001112e-17
8.043813799999999901e+03 6.548649999999999432e-17
8.046760800000000017e+03 6.841749999999999205e-17
8.049707900000000336e+03 6.503359999999998651e-17
8.052654999999999745e+03 6.488099999999999858e-17
8.055602100000000064e+03 6.473670000000000775e-17
8.058549200000000383e+03 6.703939999999999782e-17
8.061496199999999590e+03 6.946519999999999919e-17
8.064443299999999908e+03 6.823140000000000812e-17
8.067390400000000227e+03 6.358569999999999901e-17
8.070337499999999636e+03 6.230609999999999543e-17
8.073284499999999753e+03 6.551960000000000071e-17
8.076231600000000071e+03 6.712899999999998847e-17
8.079178700000000390e+03 6.290060000000001180e-17
8.082125799999999799e+03 6.211650000000000070e-17
8.085072900000000118e+03 6.396779999999999638e-17
8.088019900000000234e+03 6.346739999999999865e-17
8.090966999999999643e+03 6.096000000000000843e-17
8.093914099999999962e+03 6.272499999999999865e-17
8.096861200000000281e+03 6.508930000000000386e-17
8.099808200000000397e+03 6.355009999999999898e-17
8.102755299999999806e+03 6.006600000000001303e-17
8.105702400000000125e+03 6.466399999999999427e-17
8.108649500000000444e+03 6.599349999999999940e-17
8.111596599999999853e+03 5.901900000000000312e-17
8.114543599999999969e+03 6.018829999999999581e-17
8.117490700000000288e+03 5.904449999999999732e-17
8.120437799999999697e+03 6.471789999999999057e-17
8.123384900000000016e+03 6.285450000000000401e-17
8.126331900000000132e+03 5.981890000000000454e-17
8.129279000000000451e+03 6.216839999999999963e-17
8.132226099999999860e+03 6.038120000000000038e-17
8.135173200000000179e+03 5.969720000000000002e-17
8.138120299999999588e+03 6.002710000000000317e-17
8.141067299999999705e+03 6.159439999999999020e-17
8.144014400000000023e+03 6.297390000000000354e-17
8.146961500000000342e+03 6.068899999999998884e-17
8.149908599999999751e+03 5.736919999999999207e-17
8.152855599999999868e+03 5.904050000000000258e-17
8.155802700000000186e+03 6.191090000000000234e-17
8.158749799999999595e+03 6.003930000000000069e-17
8.161696899999999914e+03 5.769579999999999771e-17
8.164643900000000031e+03 6.062710000000000306e-17
8.167590999999999440e+03 5.552080000000000428e-17
8.170538099999999758e+03 6.153390000000001121e-17
8.173485200000000077e+03 5.987239999999998658e-17
8.176432300000000396e+03 5.859400000000000114e-17
8.179379299999999603e+03 6.093089999999999677e-17
8.182326399999999921e+03 5.498750000000000111e-17
8.185273500000000240e+03 5.566430000000000355e-17
8.188220599999999649e+03 5.780770000000000402e-17
8.191167599999999766e+03 5.829189999999999718e-17
8.194114700000000084e+03 5.655159999999999728e-17
8.197061799999999494e+03 5.697240000000000355e-17
8.200008900000000722e+03 5.629040000000000055e-17
8.202956000000000131e+03 5.232600000000000337e-17
8.205903000000000247e+03 5.379930000000000307e-17
8.208850099999999657e+03 5.459420000000000491e-17
8.211797200000000885e+03 5.622370000000000383e-17
8.214744300000000294e+03 5.581829999999999826e-17
8.217691300000000410e+03 5.294810000000001179e-17
8.220638399999999820e+03 5.637850000000001474e-17
8.223585499999999229e+03 5.708510000000000141e-17
8.226532600000000457e+03 5.950639999999999946e-17
8.229479699999999866e+03 5.920729999999999772e-17
8.232426699999999983e+03 5.817560000000000651e-17
8.235373799999999392e+03 5.567109999999999954e-17
8.238320900000000620e+03 5.837670000000000154e-17
8.241268000000000029e+03 5.612630000000000001e-17
8.244215000000000146e+03 5.719750000000000399e-17
8.247162099999999555e+03 5.490909999999999697e-17
8.250109200000000783e+03 5.610490000000000720e-17
8.253056300000000192e+03 5.750390000000001031e-17
8.256003399999999601e+03 5.513150000000000281e-17
8.258950399999999718e+03 5.784030000000000183e-17
8.261897499999999127e+03 5.331249999999999731e-17
8.264844600000000355e+03 5.529810000000000314e-17
8.267791699999999764e+03 5.571059999999999998e-17
8.270738699999999881e+03 5.583249999999999315e-17
8.273685799999999290e+03 6.099010000000000028e-17
8.276632900000000518e+03 5.853899999999999335e-17
8.279579999999999927e+03 5.986130000000000055e-17
8.282527099999999336e+03 5.776650000000000150e-17
8.285474099999999453e+03 5.688259999999999960e-17
8.288421200000000681e+03 5.493180000000000841e-17
8.291368300000000090e+03 5.630729999999999004e-17
8.294315399999999499e+03 5.262970000000000277e-17
8.297262399999999616e+03 5.457750000000000406e-17
8.300209500000000844e+03 5.791049999999999704e-17
8.303156600000000253e+03 5.599920000000000629e-17
8.306103699999999662e+03 5.727969999999999574e-17
8.309050800000000891e+03 5.578709999999999492e-17
8.311997799999999188e+03 5.635369999999999312e-17
8.314944900000000416e+03 5.691930000000001112e-17
8.317891999999999825e+03 5.354439999999999375e-17
8.320839099999999235e+03 5.465479999999999055e-17
8.323786099999999351e+03 5.120409999999999396e-17
8.326733200000000579e+03 5.256140000000000445e-17
8.329680299999999988e+03 5.454590000000000494e-17
8.332627399999999398e+03 5.241500000000000344e-17
8.335574399999999514e+03 5.188149999999999314e-17
8.338521500000000742e+03 5.502660000000000578e-17
8.341468600000000151e+03 5.338589999999999571e-17
8.344415699999999561e+03 5.469310000000000367e-17
8.347362800000000789e+03 5.419670000000000067e-17
8.350309800000000905e+03 5.194050000000000184e-17
8.353256900000000314e+03 5.203539999999999970e-17
8.356203999999999724e+03 5.354649999999999776e-17
8.359151099999999133e+03 5.137139999999999768e-17
8.362098099999999249e+03 4.980890000000000311e-17
8.365045200000000477e+03 5.129319999999999451e-17
8.367992299999999886e+03 5.413759999999999765e-17
8.370939399999999296e+03 5.081590000000000399e-17
8.373886500000000524e+03 5.631089999999999516e-17
8.376833500000000640e+03 5.526670000000000499e-17
8.379780600000000049e+03 5.666670000000000678e-17
8.382727699999999459e+03 5.056839999999999972e-17
8.385674800000000687e+03 5.287199999999999415e-17
8.388621800000000803e+03 5.594640000000000916e-17
8.391568900000000212e+03 5.418129999999999996e-17
8.394515999999999622e+03 4.922990000000000026e-17
8.397463100000000850e+03 5.478960000000000311e-17
8.400410200000000259e+03 5.916279999999999768e-17
8.403357200000000375e+03 5.785869999999999243e-17
8.406304299999999785e+03 5.533020000000000469e-17
8.409251399999999194e+03 5.537529999999999530e-17
8.412198500000000422e+03 5.263090000000000242e-17
8.415145500000000538e+03 5.415170000000000437e-17
8.418092599999999948e+03 5.899739999999999701e-17
8.421039699999999357e+03 5.784159999999998965e-17
8.423986800000000585e+03 5.818200000000000056e-17
8.426933899999999994e+03 5.228289999999999780e-17
8.429880900000000111e+03 5.254340000000000963e-17
8.432828000000001339e+03 5.208619999999999329e-17
8.435775100000000748e+03 4.977960000000000281e-17
8.438722200000000157e+03 4.885750000000000060e-17
8.441669200000000274e+03 5.261219999999999804e-17
8.444616299999999683e+03 5.325889999999999631e-17
8.447563399999999092e+03 5.776959999999999804e-17
8.450510500000000320e+03 5.319839999999999882e-17
8.453457599999999729e+03 5.680290000000000148e-17
8.456404599999999846e+03 5.841949999999999949e-17
8.459351699999999255e+03 5.239650000000000003e-17
8.462298800000000483e+03 5.419430000000000752e-17
8.465245899999999892e+03 4.856699999999999741e-17
8.468192900000000009e+03 4.768399999999999988e-17
8.471139999999999418e+03 5.303600000000000653e-17
8.474087100000000646e+03 5.467370000000000206e-17
8.477034200000000055e+03 5.325970000000000018e-17
8.479981299999999464e+03 5.250299999999999866e-17
8.482928299999999581e+03 5.838020000000000002e-17
8.485875400000000809e+03 5.534970000000000062e-17
8.488822500000000218e+03 5.698240000000000272e-17
8.491769599999999627e+03 5.321620000000000500e-17
8.494716599999999744e+03 4.726729999999999500e-17
8.497663699999999153e+03 4.921510000000000246e-17
8.500610800000000381e+03 5.211970000000000163e-17
8.503557899999999790e+03 5.805069999999999880e-17
8.506504899999999907e+03 5.589960000000000414e-17
8.509451999999999316e+03 5.233999999999999729e-17
8.512399100000000544e+03 5.392749999999999597e-17
8.515346199999999953e+03 5.183909999999999096e-17
8.518293299999999363e+03 5.482439999999999310e-17
8.521240299999999479e+03 4.918260000000000514e-17
8.524187400000000707e+03 4.391459999999999896e-17
8.527134500000000116e+03 4.660399999999999638e-17
8.530081599999999526e+03 4.888320000000000194e-17
8.533028599999999642e+03 4.800390000000000385e-17
8.535975700000000870e+03 4.933100000000000352e-17
8.538922800000000279e+03 4.409629999999999854e-17
8.541869899999999689e+03 4.206609999999999220e-17
8.544816999999999098e+03 4.741489999999999566e-17
8.547764000000001033e+03 4.569149999999999758e-17
8.550711100000000442e+03 5.068050000000000701e-17
8.553658199999999852e+03 4.884919999999999734e-17
8.556605299999999261e+03 5.351679999999999553e-17
8.559552400000000489e+03 5.557410000000000999e-17
8.562499400000000605e+03 6.193649999999999087e-17
8.565446500000000015e+03 5.875930000000000750e-17
8.568393599999999424e+03 5.279580000000000684e-17
8.571340700000000652e+03 5.128699999999999527e-17
8.574287700000000768e+03 5.098850000000000259e-17
8.577234800000000178e+03 5.510060000000000092e-17
8.580181899999999587e+03 5.152919999999999849e-17
8.583129000000000815e+03 5.184319999999999851e-17
8.586075999999999112e+03 5.348319999999999903e-17
8.589023100000000341e+03 5.110529999999999569e-17
8.591970199999999750e+03 4.728029999999999639e-17
8.594917299999999159e+03 4.886949999999999715e-17
8.597864400000000387e+03 5.107600000000000155e-17
8.600811400000000503e+03 5.247830000000000217e-17
8.603758499999999913e+03 5.512970000000000641e-17
8.606705599999999322e+03 5.457590000000000247e-17
8.609652700000000550e+03 5.277899999999999934e-17
8.612599700000000666e+03 5.111550000000000199e-17
8.615546800000000076e+03 5.251749999999999500e-17
8.618493899999999485e+03 5.075859999999999737e-17
8.621440999999998894e+03 5.061069999999999525e-17
8.624388100000000122e+03 5.176819999999999853e-17
8.627335100000000239e+03 5.074880000000000532e-17
8.630282199999999648e+03 5.208310000000000292e-17
8.633229300000000876e+03 4.937920000000000300e-17
8.636176400000000285e+03 4.823090000000000118e-17
8.639123400000000402e+03 4.458299999999999766e-17
8.642070499999999811e+03 4.581439999999999559e-17
8.645017599999999220e+03 4.936909999999999717e-17
8.647964700000000448e+03 4.724439999999999491e-17
8.650911799999999857e+03 4.926759999999999814e-17
8.653858799999999974e+03 4.660640000000000185e-17
8.656805899999999383e+03 4.270239999999999551e-17
8.659753000000000611e+03 4.063520000000000084e-17
8.662700100000000020e+03 4.094009999999999989e-17
8.665647100000000137e+03 4.770460000000000114e-17
8.668594199999999546e+03 4.624609999999999307e-17
8.671541300000000774e+03 4.691399999999999550e-17
8.674488400000000183e+03 5.237030000000000244e-17
8.677435400000000300e+03 4.272130000000000085e-17
8.680382499999999709e+03 4.797460000000000355e-17
8.683329599999999118e+03 4.870870000000000029e-17
8.686276700000000346e+03 4.704370000000000183e-17
8.689223799999999756e+03 4.274040000000000101e-17
8.692170799999999872e+03 4.512920000000000173e-17
8.695117899999999281e+03 4.998459999999999825e-17
8.698065000000000509e+03 4.911720000000000239e-17
8.701012099999999919e+03 5.957970000000000353e-17
8.703959100000000035e+03 5.613910000000000044e-17
8.706906199999999444e+03 5.008050000000000712e-17
8.709853300000000672e+03 4.837010000000000426e-17
8.712800400000000081e+03 4.802990000000000048e-17
8.715747499999999491e+03 4.810960000000000476e-17
8.718694499999999607e+03 4.903479999999999734e-17
8.721641600000000835e+03 5.021839999999999773e-17
8.724588700000000244e+03 4.733960000000000038e-17
8.727535799999999654e+03 4.630100000000000038e-17
8.730482900000000882e+03 4.854069999999999933e-17
8.733429899999999179e+03 4.541430000000000340e-17
8.736377000000000407e+03 4.522090000000000256e-17
8.739324099999999817e+03 4.438640000000000596e-17
8.742271199999999226e+03 4.385949999999999685e-17
8.745218199999999342e+03 4.841369999999999993e-17
8.748165300000000570e+03 4.362729999999999896e-17
8.751112399999999980e+03 3.903260000000000291e-17
8.754059499999999389e+03 4.112279999999999815e-17
8.757006499999999505e+03 4.184449999999999640e-17
8.759953600000000733e+03 4.491939999999999534e-17
8.762900700000000143e+03 4.057869999999999810e-17
8.765847799999999552e+03 3.953269999999999919e-17
8.768794900000000780e+03 4.126520000000000442e-17
8.771741900000000896e+03 4.296200000000000297e-17
8.774689000000000306e+03 4.685689999999999601e-17
8.777636099999999715e+03 4.616089999999999910e-17
8.780583199999999124e+03 4.401310000000000195e-17
8.783530199999999240e+03 4.117760000000000498e-17
8.786477300000000469e+03 4.341670000000000102e-17
8.789424399999999878e+03 4.037630000000000293e-17
8.792371499999999287e+03 4.121720000000000591e-17
8.795318600000000515e+03 4.519890000000000067e-17
8.798265600000000632e+03 4.255460000000000004e-17
8.801212700000000041e+03 3.758559999999999512e-17
8.804159799999999450e+03 3.531790000000000218e-17
8.807106900000000678e+03 3.910800000000000483e-17
8.810053900000000795e+03 4.194010000000000381e-17
8.813001000000000204e+03 4.164029999999999867e-17
8.815948099999999613e+03 3.928410000000000192e-17
8.818895200000000841e+03 3.885399999999999987e-17
8.821842300000000250e+03 3.415700000000000090e-17
8.824789300000000367e+03 3.605260000000000182e-17
8.827736399999999776e+03 3.968050000000000083e-17
8.830683499999999185e+03 4.225560000000000494e-17
8.833630600000000413e+03 4.124759999999999921e-17
8.836577600000000530e+03 4.006980000000000229e-17
8.839524699999999939e+03 4.149819999999999386e-17
8.842471799999999348e+03 3.852160000000000309e-17
8.845418900000000576e+03 3.724530000000000318e-17
8.848365900000000693e+03 4.252850000000000293e-17
8.851313000000000102e+03 4.093150000000000133e-17
8.854260099999999511e+03 4.239989999999999577e-17
8.857207200000000739e+03 3.754750000000000147e-17
8.860154300000000148e+03 3.498860000000000193e-17
8.863101300000000265e+03 3.980420000000000272e-17
8.866048399999999674e+03 3.663250000000000287e-17
8.868995500000000902e+03 4.114569999999999824e-17
8.871942600000000311e+03 4.066250000000000377e-17
8.874889699999999721e+03 3.695469999999999334e-17
8.877836699999999837e+03 3.851410000000000370e-17
8.880783799999999246e+03 3.844449999999999908e-17
8.883730900000000474e+03 3.837480000000000014e-17
8.886677999999999884e+03 3.830500000000000071e-17
8.889625000000000000e+03 3.823520000000000128e-17
8.892572099999999409e+03 3.816530000000000137e-17
8.895519200000000637e+03 3.809530000000000713e-17
8.898466300000000047e+03 3.802530000000000057e-17
8.901413399999999456e+03 3.795519999999999969e-17
8.904360399999999572e+03 3.788500000000000449e-17
8.907307500000000800e+03 3.781479999999999696e-17
8.910254600000000210e+03 3.774449999999999510e-17
8.913201699999999619e+03 3.767409999999999893e-17
8.916148699999999735e+03 3.760360000000000227e-17
8.919095799999999144e+03 3.753309999999999945e-17
8.922042900000000373e+03 3.746249999999999614e-17
8.924989999999999782e+03 3.739179999999999851e-17
8.927936999999999898e+03 3.732110000000000088e-17
8.930884099999999307e+03 3.725030000000000277e-17
8.933831200000000536e+03 3.717949999999999849e-17
8.936778299999999945e+03 3.710849999999999941e-17
8.939725399999999354e+03 3.703750000000000033e-17
8.942672399999999470e+03 3.696650000000000125e-17
8.945619500000000698e+03 3.689530000000000119e-17
8.948566600000000108e+03 3.665219999999999360e-17
