3.799778319755600023e+03 2.302009999999999910e-16
3.802819599132399617e+03 2.498540000000000265e-16
3.805860775679899689e+03 2.747269999999999773e-16
3.808902055056699737e+03 2.446520000000000260e-16
3.811943231604199809e+03 2.377599999999999921e-16
3.814984510980999858e+03 2.299879999999999814e-16
3.818025687528499475e+03 2.704809999999999769e-16
3.821066966905299523e+03 2.394830000000000006e-16
3.824108143452799595e+03 2.730700000000000176e-16
3.827149422829599644e+03 2.223710000000000195e-16
3.830190599377099716e+03 2.122969999999999913e-16
3.833231878753899309e+03 2.705129999999999842e-16
3.836273158130699812e+03 2.584779999999999769e-16
3.839314334678199884e+03 2.180140000000000111e-16
3.842355614054999933e+03 2.584979999999999753e-16
3.845396790602500005e+03 2.550230000000000026e-16
3.848438069979299598e+03 2.488890000000000197e-16
3.851479246526799670e+03 2.969340000000000441e-16
3.854520525903599719e+03 2.301479999999999682e-16
3.857561702451099791e+03 2.495620000000000407e-16
3.860602981827899384e+03 2.820270000000000170e-16
3.863644158375399456e+03 2.748699999999999680e-16
3.866685437752199505e+03 2.155499999999999970e-16
3.869726717128999098e+03 2.143890000000000261e-16
3.872767893676499625e+03 1.987890000000000043e-16
3.875809173053299673e+03 1.871190000000000040e-16
3.878850349600799291e+03 1.834730000000000036e-16
3.881891628977599794e+03 2.214040000000000277e-16
3.884932805525099866e+03 2.411219999999999963e-16
3.887974084901899914e+03 2.245539999999999901e-16
3.891015261449399986e+03 2.377129999999999738e-16
3.894056540826199580e+03 2.054570000000000123e-16
3.897097820202999173e+03 2.137440000000000176e-16
3.900138996750499700e+03 1.914819999999999923e-16
3.903180276127299294e+03 1.840879999999999899e-16
3.906221452674799366e+03 2.103530000000000084e-16
3.909262732051599414e+03 1.887270000000000097e-16
3.912303908599099486e+03 1.645290000000000156e-16
3.915345187975899989e+03 1.607260000000000059e-16
3.918386364523399607e+03 1.251879999999999844e-16
3.921427643900199655e+03 1.768120000000000172e-16
3.924468820447699272e+03 1.788990000000000154e-16
3.927510099824499775e+03 1.840159999999999860e-16
3.930551379201299824e+03 1.856129999999999752e-16
3.933592555748799896e+03 1.712069999999999981e-16
3.936633835125599489e+03 1.909379999999999927e-16
3.939675011673099561e+03 2.207749999999999981e-16
3.942716291049899610e+03 2.297499999999999862e-16
3.945757467597399682e+03 2.677700000000000104e-16
3.948798746974199275e+03 2.977140000000000292e-16
3.951839923521699802e+03 2.674699999999999858e-16
3.954881202898499396e+03 2.642330000000000083e-16
3.957922379445999468e+03 3.105219999999999998e-16
3.960963658822799516e+03 3.652869999999999638e-16
3.964004938199599565e+03 3.676049999999999849e-16
3.967046114747099637e+03 3.231980000000000208e-16
3.970087394123899685e+03 3.215440000000000141e-16
3.973128570671399757e+03 3.406109999999999943e-16
3.976169850048199805e+03 3.485810000000000035e-16
3.979211026595699877e+03 4.201030000000000148e-16
3.982252305972499471e+03 3.835240000000000371e-16
3.985293482519999543e+03 3.766680000000000298e-16
3.988334761896799591e+03 4.077210000000000140e-16
3.991375938444299663e+03 4.441269999999999295e-16
3.994417217821099712e+03 4.402630000000000308e-16
3.997458394368599784e+03 4.521559999999999659e-16
4.000499673745399377e+03 4.555250000000000409e-16
4.003540953122199880e+03 4.770259999999999144e-16
4.006582129669699498e+03 4.772809999999999551e-16
4.009623409046499546e+03 5.193179999999999911e-16
4.012664585593999618e+03 5.278310000000000566e-16
4.015705864970799666e+03 5.152030000000000218e-16
4.018747041518299739e+03 5.348460000000000335e-16
4.021788320895099787e+03 5.195840000000000234e-16
4.024829497442599859e+03 5.321669999999999756e-16
4.027870776819399453e+03 5.245560000000000182e-16
4.030911953366899525e+03 5.354890000000000324e-16
4.033953232743699573e+03 5.607309999999999601e-16
4.036994512120499621e+03 5.133669999999999462e-16
4.040035688667999239e+03 5.226480000000000866e-16
4.043076968044799742e+03 5.611519999999999920e-16
4.046118144592299359e+03 5.559949999999999755e-16
4.049159423969099862e+03 5.508369999999999418e-16
4.052200600516599479e+03 5.456800000000000238e-16
4.055241879893399528e+03 5.405230000000000073e-16
4.058283056440899600e+03 5.353659999999999907e-16
4.061324335817699648e+03 5.302080000000000556e-16
4.064365615194499696e+03 5.281819999999999710e-16
4.067406791741999768e+03 5.261590000000000366e-16
4.070448071118799362e+03 5.015259999999999181e-16
4.073489247666299434e+03 5.194120000000000277e-16
4.076530527043099482e+03 5.183430000000000097e-16
4.079571703590599554e+03 4.994470000000000080e-16
4.082612982967399603e+03 4.417309999999999493e-16
4.085654159514899675e+03 4.020609999999999378e-16
4.088695438891699723e+03 4.271399999999999751e-16
4.091736615439199340e+03 4.419339999999999844e-16
4.094777894815999844e+03 4.095670000000000148e-16
4.097819174192799437e+03 4.185760000000000198e-16
4.100860350740299509e+03 4.088470000000000248e-16
4.103901630117099558e+03 4.102669999999999571e-16
4.106942806664599630e+03 4.246280000000000735e-16
4.109984086041399678e+03 4.140100000000000457e-16
4.113025262588899750e+03 3.866630000000000078e-16
4.116066541965699798e+03 3.697519999999999782e-16
4.119107718513199870e+03 3.875139999999999797e-16
4.122148997889999919e+03 3.945059999999999560e-16
4.125190174437499991e+03 3.690940000000000176e-16
4.128231453814300039e+03 3.584950000000000203e-16
4.131272733191099178e+03 3.576500000000000036e-16
4.134313909738599250e+03 3.920669999999999769e-16
4.137355189115399298e+03 4.020169999999999217e-16
4.140396365662899370e+03 3.831660000000000025e-16
4.143437645039699419e+03 3.910919999999999463e-16
4.146478821587199491e+03 3.832319999999999527e-16
4.149520100963999539e+03 4.188529999999999945e-16
4.152561277511499611e+03 3.896180000000000233e-16
4.155602556888299659e+03 4.335770000000000341e-16
4.158643733435799732e+03 4.308150000000000299e-16
4.161685012812599780e+03 4.223259999999999821e-16
4.164726292189399828e+03 4.850650000000000240e-16
4.167767468736899900e+03 4.697639999999999357e-16
4.170808748113699949e+03 4.708080000000001159e-16
4.173849924661200021e+03 4.858760000000000484e-16
4.176891204037999159e+03 4.757849999999999994e-16
4.179932380585499232e+03 4.641480000000000235e-16
4.182973659962299280e+03 4.767519999999999419e-16
4.186014836509799352e+03 4.463699999999999937e-16
4.189056115886599400e+03 5.086880000000000530e-16
4.192097292434099472e+03 4.987399999999999947e-16
4.195138571810899521e+03 4.867159999999999792e-16
4.198179851187699569e+03 5.007760000000000538e-16
4.201221027735199641e+03 4.902960000000000295e-16
4.204262307111999689e+03 4.736060000000000482e-16
4.207303483659499761e+03 4.660210000000000442e-16
4.210344763036299810e+03 4.900339999999999672e-16
4.213385939583799882e+03 4.814969999999999825e-16
4.216427218960599930e+03 4.682459999999999966e-16
4.219468395508099093e+03 4.804619999999999568e-16
4.222509674884900051e+03 4.859849999999999482e-16
4.225550954261700099e+03 4.798750000000000323e-16
4.228592130809199261e+03 4.762959999999999992e-16
4.231633410186000219e+03 4.772580000000000531e-16
4.234674586733499382e+03 4.676139999999999895e-16
4.237715866110300340e+03 4.630330000000001030e-16
4.240757042657799502e+03 4.642100000000000036e-16
4.243798322034599551e+03 4.546209999999998984e-16
4.246839498582099623e+03 5.046330000000000295e-16
4.249880777958899671e+03 4.821900000000000512e-16
4.252921954506399743e+03 4.953150000000000426e-16
4.255963233883199791e+03 4.471870000000000226e-16
4.259004513259998930e+03 4.772880000000000753e-16
4.262045689807499912e+03 4.878919999999999612e-16
4.265086969184299051e+03 4.594290000000000349e-16
4.268128145731800032e+03 4.489390000000000361e-16
4.271169425108600080e+03 4.619969999999999615e-16
4.274210601656099243e+03 4.746400000000000567e-16
4.277251881032900201e+03 4.891449999999999838e-16
4.280293057580399363e+03 5.113659999999998966e-16
4.283334336957200321e+03 4.901860000000000139e-16
4.286375513504699484e+03 5.400299999999999221e-16
4.289416792881499532e+03 5.330369999999999286e-16
4.292458072258299580e+03 5.023180000000000106e-16
4.295499248805799652e+03 4.846300000000000475e-16
4.298540528182599701e+03 4.818879999999999922e-16
4.301581704730099773e+03 4.712309999999999849e-16
4.304622984106898912e+03 5.023360000000000240e-16
4.307664160654399893e+03 5.204530000000000578e-16
4.310705440031199032e+03 5.171880000000000925e-16
4.313746616578700014e+03 5.343059999999999301e-16
4.316787895955500062e+03 5.201030000000000620e-16
4.319829072502999225e+03 4.776819999999999393e-16
4.322870351879800182e+03 4.902539999999999984e-16
4.325911631256599321e+03 4.795409999999999168e-16
4.328952807804100303e+03 4.922420000000000220e-16
4.331994087180899442e+03 5.018130000000000153e-16
4.335035263728399514e+03 4.929649999999999157e-16
4.338076543105199562e+03 4.997130000000000403e-16
4.341117719652699634e+03 4.795559999999999772e-16
4.344158999029499682e+03 4.639279999999999923e-16
4.347200175576999754e+03 4.602869999999999791e-16
4.350241454953798893e+03 4.675700000000000227e-16
4.353282631501299875e+03 4.750920000000000293e-16
4.356323910878099014e+03 4.809569999999999777e-16
4.359365190254899062e+03 4.520790000000000240e-16
4.362406366802399134e+03 4.594069999999999529e-16
4.365447646179199182e+03 4.764190000000000408e-16
4.368488822726700164e+03 4.621699999999999744e-16
4.371530102103499303e+03 4.146230000000000224e-16
4.374571278651000284e+03 4.612760000000000036e-16
4.377612558027799423e+03 4.689830000000000320e-16
4.380653734575299495e+03 4.522220000000000147e-16
4.383695013952099544e+03 4.708419999999999110e-16
4.386736293328899592e+03 4.524099999999999893e-16
4.389777469876399664e+03 4.498029999999999846e-16
4.392818749253199712e+03 4.369169999999999563e-16
4.395859925800698875e+03 4.095069999999999704e-16
4.398901205177499833e+03 4.375459999999999612e-16
4.401942381724998995e+03 4.083480000000000831e-16
4.404983661101799044e+03 4.087370000000000092e-16
4.408024837649299116e+03 3.850409999999999590e-16
4.411066117026099164e+03 3.691559999999999977e-16
4.414107293573600145e+03 3.471309999999999997e-16
4.417148572950399284e+03 3.473180000000000065e-16
4.420189852327199333e+03 3.218949999999999778e-16
4.423231028874699405e+03 3.232939999999999932e-16
4.426272308251499453e+03 3.224670000000000391e-16
4.429313484798999525e+03 3.093320000000000239e-16
4.432354764175799573e+03 3.069179999999999811e-16
4.435395940723299645e+03 2.995870000000000006e-16
4.438437220100099694e+03 2.990059999999999819e-16
4.441478396647598856e+03 3.223340000000000230e-16
4.444519676024399814e+03 3.432909999999999708e-16
4.447560852571898977e+03 3.264940000000000255e-16
4.450602131948699935e+03 3.115719999999999873e-16
4.453643411325499983e+03 3.007670000000000021e-16
4.456684587872999145e+03 3.260850000000000025e-16
4.459725867249800103e+03 3.119649999999999821e-16
4.462767043797299266e+03 3.198760000000000134e-16
4.465808323174099314e+03 3.425740000000000324e-16
4.468849499721599386e+03 3.251909999999999824e-16
4.471890779098399435e+03 3.354690000000000382e-16
4.474931955645899507e+03 3.200190000000000041e-16
4.477973235022699555e+03 3.285299999999999860e-16
4.481014411570199627e+03 3.498450000000000178e-16
4.484055690946999675e+03 3.405230000000000608e-16
4.487096970323799724e+03 3.253759999999999548e-16
4.490138146871299796e+03 3.419119999999999538e-16
4.493179426248099844e+03 3.411099999999999853e-16
4.496220602795599916e+03 3.411430000000000097e-16
4.499261882172399964e+03 3.395440000000000107e-16
4.502303058719899127e+03 3.494719999999999721e-16
4.505344338096700085e+03 3.558059999999999878e-16
4.508385514644199247e+03 3.369239999999999800e-16
4.511426794021000205e+03 3.294309999999999783e-16
4.514467970568499368e+03 3.175279999999999701e-16
4.517509249945299416e+03 3.431750000000000001e-16
4.520550426492799488e+03 3.583459999999999759e-16
4.523591705869599537e+03 3.586169999999999461e-16
4.526632985246399585e+03 3.681189999999999869e-16
4.529674161793899657e+03 3.518200000000000154e-16
4.532715441170699705e+03 3.477699999999999791e-16
4.535756617718199777e+03 3.522510000000000218e-16
4.538797897094999826e+03 3.571819999999999534e-16
4.541839073642499898e+03 3.518239999999999854e-16
4.544880353019299946e+03 3.747559999999999802e-16
4.547921529566799109e+03 3.703989999999999964e-16
4.550962808943600066e+03 3.792760000000000024e-16
4.554004088320399205e+03 3.848490000000000142e-16
4.557045264867899277e+03 3.740559999999999886e-16
4.560086544244699326e+03 3.752459999999999645e-16
4.563127720792199398e+03 4.028200000000000059e-16
4.566169000168999446e+03 3.724840000000000096e-16
4.569210176716499518e+03 3.842370000000000055e-16
4.572251456093299566e+03 3.979649999999999990e-16
4.575292632640799638e+03 4.261040000000000308e-16
4.578333912017599687e+03 3.934630000000000394e-16
4.581375088565099759e+03 4.035599999999999450e-16
4.584416367941899807e+03 4.204869999999999536e-16
4.587457647318698946e+03 4.109680000000000152e-16
4.590498823866199928e+03 4.163630000000000270e-16
4.593540103242999066e+03 4.359089999999999999e-16
4.596581279790500048e+03 4.456330000000000569e-16
4.599622559167299187e+03 4.461410000000000052e-16
4.602663735714800168e+03 4.267930000000000801e-16
4.605705015091599307e+03 4.408220000000000168e-16
4.608746191639099379e+03 4.575790000000000147e-16
4.611787471015900337e+03 4.621720000000000087e-16
4.614828647563399500e+03 4.843759999999999254e-16
4.617869926940199548e+03 4.810969999999999169e-16
4.620911206316999596e+03 4.741730000000000237e-16
4.623952382864499668e+03 5.129469999999999315e-16
4.626993662241299717e+03 5.065950000000000011e-16
4.630034838788799789e+03 5.161359999999999721e-16
4.633076118165598928e+03 5.371780000000000486e-16
4.636117294713099909e+03 5.438489999999999355e-16
4.639158574089899048e+03 5.539530000000000105e-16
4.642199750637400030e+03 5.505129999999999980e-16
4.645241030014199168e+03 5.602980000000000180e-16
4.648282206561700150e+03 5.670169999999999404e-16
4.651323485938499289e+03 5.766089999999999984e-16
4.654364765315299337e+03 5.933530000000000197e-16
4.657405941862800319e+03 5.798979999999999815e-16
4.660447221239599457e+03 5.807369999999999937e-16
4.663488397787099530e+03 6.059090000000000012e-16
4.666529677163899578e+03 6.078829999999999816e-16
4.669570853711399650e+03 5.985609999999999260e-16
4.672612133088199698e+03 5.976159999999999669e-16
4.675653309635699770e+03 5.983480000000000150e-16
4.678694589012498909e+03 6.230659999999999170e-16
4.681735765559999891e+03 6.161410000000000066e-16
4.684777044936799030e+03 6.203340000000000335e-16
4.687818324313599987e+03 6.243040000000000763e-16
4.690859500861099150e+03 6.496780000000000031e-16
4.693900780237899198e+03 6.180760000000000074e-16
4.696941956785399270e+03 6.256589999999999770e-16
4.699983236162199319e+03 6.406010000000000135e-16
4.703024412709700300e+03 6.221799999999999850e-16
4.706065692086499439e+03 6.334919999999999014e-16
4.709106868633999511e+03 6.280180000000000613e-16
4.712148148010799559e+03 6.150149999999999958e-16
4.715189427387599608e+03 6.180930000000000036e-16
4.718230603935099680e+03 6.079320000000000343e-16
4.721271883311899728e+03 6.332030000000000657e-16
4.724313059859398891e+03 6.199360000000000022e-16
4.727354339236199849e+03 6.038980000000000756e-16
4.730395515783699011e+03 6.198910000000000182e-16
4.733436795160499969e+03 6.062299999999999921e-16
4.736477971707999131e+03 6.125279999999999812e-16
4.739519251084799180e+03 6.047680000000000286e-16
4.742560427632299252e+03 6.130889999999999522e-16
4.745601707009099300e+03 6.255460000000000085e-16
4.748642986385899349e+03 6.071850000000000243e-16
4.751684162933399421e+03 5.914619999999998870e-16
4.754725442310199469e+03 6.016319999999999122e-16
4.757766618857699541e+03 5.847490000000000676e-16
4.760807898234499589e+03 5.819780000000001060e-16
4.763849074781999661e+03 5.916319999999999469e-16
4.766890354158799710e+03 5.932900000000000224e-16
4.769931530706298872e+03 5.764189999999999894e-16
4.772972810083099830e+03 5.779749999999999895e-16
4.776013986630598993e+03 5.642389999999999572e-16
4.779055266007399950e+03 5.534619999999999598e-16
4.782096545384199999e+03 5.533199999999999862e-16
4.785137721931699161e+03 5.295030000000000767e-16
4.788179001308500119e+03 5.022509999999999447e-16
4.791220177855999282e+03 5.163170000000000238e-16
4.794261457232799330e+03 5.017150000000000085e-16
4.797302633780299402e+03 4.917890000000000322e-16
4.800343913157099450e+03 4.867549999999999587e-16
4.803385089704599523e+03 4.529419999999999554e-16
4.806426369081399571e+03 4.468560000000000572e-16
4.809467545628899643e+03 4.654659999999999790e-16
4.812508825005699691e+03 4.396910000000000187e-16
4.815550104382499740e+03 4.260330000000000441e-16
4.818591280929999812e+03 4.422659999999999669e-16
4.821632560306799860e+03 4.211920000000000311e-16
4.824673736854299932e+03 4.275369999999999892e-16
4.827715016231099980e+03 4.512659999999999652e-16
4.830756192778599143e+03 4.416240000000000345e-16
4.833797472155400101e+03 4.517319999999999811e-16
4.836838648702899263e+03 4.478509999999999876e-16
4.839879928079700221e+03 4.468290000000000866e-16
4.842921104627199384e+03 4.436799999999999934e-16
4.845962384003999432e+03 4.360500000000000055e-16
4.849003663380799480e+03 4.597800000000000479e-16
4.852044839928299552e+03 4.711810000000000137e-16
4.855086119305098691e+03 4.585530000000000775e-16
4.858127295852599673e+03 4.360680000000000188e-16
4.861168575229399721e+03 4.299730000000000154e-16
4.864209751776899793e+03 4.275769999999999860e-16
4.867251031153699842e+03 4.299289999999999993e-16
4.870292207701199914e+03 4.379340000000000180e-16
4.873333487077999962e+03 4.232930000000000725e-16
4.876374766454799101e+03 4.014319999999999822e-16
4.879415943002300082e+03 4.201349999999999727e-16
4.882457222379099221e+03 3.925389999999999972e-16
4.885498398926600203e+03 3.898590000000000207e-16
4.888539678303399342e+03 3.888349999999999867e-16
4.891580854850899414e+03 3.849719999999999573e-16
4.894622134227699462e+03 3.958230000000000423e-16
4.897663310775199534e+03 3.996440000000000407e-16
4.900704590151999582e+03 3.960830000000000209e-16
4.903745766699499654e+03 3.866759999999999846e-16
4.906787046076299703e+03 3.956260000000000117e-16
4.909828325453099751e+03 4.070750000000000129e-16
4.912869502000599823e+03 3.994869999999999575e-16
4.915910781377398962e+03 3.942380000000000372e-16
4.918951957924899943e+03 3.982440000000000081e-16
4.921993237301699082e+03 4.165449999999999972e-16
4.925034413849200064e+03 4.050889999999999743e-16
4.928075693225999203e+03 4.150990000000000128e-16
4.931116869773500184e+03 4.123109999999999564e-16
4.934158149150299323e+03 4.240249999999999728e-16
4.937199325697799395e+03 4.114200000000000372e-16
4.940240605074599443e+03 4.241150000000000394e-16
4.943281884451399492e+03 4.402619999999999643e-16
4.946323060998898654e+03 4.327530000000000330e-16
4.949364340375699612e+03 4.161180000000000102e-16
4.952405516923199684e+03 4.295300000000000001e-16
4.955446796299999733e+03 4.530280000000000518e-16
4.958487972847499805e+03 4.185140000000000396e-16
4.961529252224298943e+03 4.131409999999999620e-16
4.964570428771799925e+03 4.200850000000000015e-16
4.967611708148599064e+03 3.888059999999999817e-16
4.970652884696100045e+03 3.805149999999999817e-16
4.973694164072899184e+03 3.894190000000000077e-16
4.976735443449699233e+03 3.684600000000000254e-16
4.979776619997199305e+03 3.599690000000000419e-16
4.982817899373999353e+03 3.622500000000000192e-16
4.985859075921499425e+03 3.259590000000000079e-16
4.988900355298299473e+03 3.205719999999999856e-16
4.991941531845799545e+03 3.236920000000000245e-16
4.994982811222599594e+03 3.105929999999999866e-16
4.998023987770099666e+03 3.148039999999999775e-16
5.001065267146899714e+03 3.089290000000000053e-16
5.004106443694399786e+03 3.007020000000000197e-16
5.007147723071198925e+03 2.988449999999999779e-16
5.010189002447998973e+03 3.003950000000000228e-16
5.013230178995499045e+03 3.153910000000000007e-16
5.016271458372300003e+03 3.010959999999999824e-16
5.019312634919799166e+03 3.083849999999999811e-16
5.022353914296599214e+03 2.914260000000000145e-16
5.025395090844099286e+03 2.996349999999999868e-16
5.028436370220899335e+03 3.144590000000000183e-16
5.031477546768399407e+03 3.250860000000000034e-16
5.034518826145199455e+03 3.262849999999999860e-16
5.037560105522000413e+03 3.123670000000000328e-16
5.040601282069499575e+03 3.225740000000000032e-16
5.043642561446299624e+03 3.351959999999999843e-16
5.046683737993799696e+03 3.473390000000000220e-16
5.049725017370599744e+03 3.673440000000000384e-16
5.052766193918098907e+03 3.663809999999999674e-16
5.055807473294899864e+03 3.935349999999999941e-16
5.058848649842399027e+03 4.057389999999999948e-16
5.061889929219199985e+03 3.909030000000000531e-16
5.064931105766699147e+03 4.032180000000000372e-16
5.067972385143499196e+03 3.961930000000000365e-16
5.071013664520300154e+03 4.073930000000000508e-16
5.074054841067799316e+03 4.155500000000000175e-16
5.077096120444600274e+03 4.113500000000000183e-16
5.080137296992099436e+03 4.074290000000000281e-16
5.083178576368899485e+03 4.072919999999999926e-16
5.086219752916399557e+03 4.101750000000000041e-16
5.089261032293199605e+03 4.311790000000000196e-16
5.092302208840699677e+03 4.217390000000000082e-16
5.095343488217499726e+03 4.210749999999999939e-16
5.098384664764998888e+03 4.145199999999999791e-16
5.101425944141799846e+03 3.895519999999999745e-16
5.104467120689299009e+03 4.023299999999999723e-16
5.107508400066099966e+03 4.026469999999999930e-16
5.110549679442900015e+03 4.098559999999999984e-16
5.113590855990399177e+03 4.122759999999999470e-16
5.116632135367200135e+03 4.059719999999999534e-16
5.119673311914699298e+03 4.047249999999999846e-16
5.122714591291500255e+03 3.908850000000000398e-16
5.125755767838999418e+03 3.865919999999999718e-16
5.128797047215799466e+03 3.782180000000000254e-16
5.131838223763299538e+03 3.859330000000000433e-16
5.134879503140099587e+03 3.891069999999999742e-16
5.137920679687599659e+03 3.955169999999999640e-16
5.140961959064399707e+03 3.880380000000000055e-16
5.144003238441198846e+03 3.695459999999999902e-16
5.147044414988699828e+03 3.808240000000000129e-16
5.150085694365498966e+03 3.912459999999999780e-16
5.153126870912999038e+03 3.794249999999999975e-16
5.156168150289799996e+03 3.683199999999999876e-16
5.159209326837299159e+03 3.700309999999999872e-16
5.162250606214100117e+03 3.910519999999999496e-16
5.165291782761599279e+03 3.959690000000000352e-16
5.168333062138400237e+03 3.855619999999999826e-16
5.171374238685899400e+03 3.887130000000000609e-16
5.174415518062699448e+03 3.903550000000000094e-16
5.177456797439499496e+03 4.057959999999999383e-16
5.180497973986999568e+03 4.043080000000000707e-16
5.183539253363798707e+03 4.022319999999999656e-16
5.186580429911299689e+03 4.041360000000000257e-16
5.189621709288098828e+03 4.107769999999999398e-16
5.192662885835599809e+03 4.040160000000000356e-16
5.195704165212398948e+03 3.992390000000000371e-16
5.198745341759899929e+03 3.981509999999999886e-16
5.201786621136699978e+03 4.125840000000000103e-16
5.204827900513499117e+03 4.085230000000000317e-16
5.207869077061000098e+03 4.178719999999999101e-16
5.210910356437799237e+03 4.181549999999999879e-16
5.213951532985300219e+03 4.115029999999999835e-16
5.216992812362099357e+03 4.171000000000000131e-16
5.220033988909599429e+03 4.184009999999999725e-16
5.223075268286399478e+03 4.262599999999999983e-16
5.226116444833899550e+03 4.338140000000000122e-16
5.229157724210699598e+03 4.262089999999999606e-16
5.232198900758199670e+03 4.465399999999999551e-16
5.235240180134998809e+03 4.269009999999999627e-16
5.238281459511799767e+03 4.324189999999999668e-16
5.241322636059298929e+03 4.461810000000000019e-16
5.244363915436098978e+03 4.435030000000000105e-16
5.247405091983599959e+03 4.428009999999999351e-16
5.250446371360399098e+03 4.530750000000000701e-16
5.253487547907900080e+03 4.640450000000000295e-16
5.256528827284699219e+03 4.641380000000000489e-16
5.259570003832200200e+03 4.625970000000000107e-16
5.262611283208999339e+03 4.701150000000000473e-16
5.265652459756499411e+03 4.644999999999999550e-16
5.268693739133299459e+03 4.694449999999999792e-16
5.271735018510099508e+03 4.670520000000000012e-16
5.274776195057599580e+03 4.720030000000000298e-16
5.277817474434399628e+03 4.736900000000000117e-16
5.280858650981898791e+03 4.894839999999999879e-16
5.283899930358699748e+03 4.954019999999999590e-16
5.286941106906198911e+03 4.942109999999999166e-16
5.289982386282998959e+03 4.875859999999999322e-16
5.293023562830499941e+03 5.045580000000000234e-16
5.296064842207299080e+03 5.124380000000000647e-16
5.299106018754800061e+03 5.144250000000000711e-16
5.302147298131599200e+03 4.968219999999999900e-16
5.305188577508399248e+03 4.885900000000000171e-16
5.308229754055899321e+03 5.065939999999999839e-16
5.311271033432699369e+03 5.062869999999999377e-16
5.314312209980199441e+03 4.773380000000000465e-16
5.317353489356999489e+03 4.981799999999999422e-16
5.320394665904499561e+03 5.000980000000000456e-16
5.323435945281299610e+03 4.842800000000000516e-16
5.326477121828798772e+03 4.875209999999999992e-16
5.329518401205599730e+03 4.831710000000000370e-16
5.332559577753098893e+03 4.923439999999999989e-16
5.335600857129898941e+03 5.024100000000000129e-16
5.338642136506699899e+03 4.999780000000000555e-16
5.341683313054199061e+03 4.966840000000000852e-16
5.344724592431000019e+03 5.037430000000000289e-16
5.347765768978499182e+03 5.059219999999999801e-16
5.350807048355299230e+03 5.141180000000000249e-16
5.353848224902799302e+03 5.034790000000000309e-16
5.356889504279599350e+03 5.116759999999999943e-16
5.359930680827099422e+03 5.256719999999999559e-16
5.362971960203899471e+03 5.072960000000000099e-16
5.366013239580699519e+03 5.329599999999999867e-16
5.369054416128199591e+03 5.480190000000000604e-16
5.372095695504999640e+03 5.474230000000000799e-16
5.375136872052499712e+03 5.403760000000000465e-16
5.378178151429299760e+03 5.285499999999999802e-16
5.381219327976798922e+03 5.471840000000000183e-16
5.384260607353599880e+03 5.521910000000000225e-16
5.387301783901099043e+03 5.515950000000000420e-16
5.390343063277900001e+03 5.294809999999999947e-16
5.393384239825399163e+03 5.198590000000000131e-16
5.396425519202199212e+03 5.468239999999999493e-16
5.399466798579000169e+03 5.350569999999999102e-16
5.402507975126499332e+03 5.202069999999999745e-16
5.405549254503300290e+03 5.194630000000000161e-16
5.408590431050799452e+03 5.009440000000000794e-16
5.411631710427599501e+03 4.842659999999999098e-16
5.414672886975099573e+03 4.810019999999999617e-16
5.417714166351899621e+03 4.839450000000000176e-16
5.420755342899399693e+03 4.701330000000000606e-16
5.423796622276199741e+03 4.435529999999999817e-16
5.426837798823699814e+03 4.433600000000000198e-16
5.429879078200499862e+03 4.441260000000000109e-16
5.432920357577299001e+03 4.201190000000000431e-16
5.435961534124799982e+03 4.275990000000000187e-16
5.439002813501599121e+03 4.345959999999999823e-16
5.442043990049099193e+03 4.312140000000000291e-16
5.445085269425900151e+03 4.234950000000000411e-16
5.448126445973399314e+03 3.902840000000000227e-16
5.451167725350200271e+03 3.953030000000000358e-16
5.454208901897699434e+03 3.867260000000000051e-16
5.457250181274499482e+03 3.964350000000000017e-16
5.460291357821999554e+03 4.188619999999999518e-16
5.463332637198799603e+03 4.163689999999999821e-16
5.466373916575598741e+03 4.236889999999999709e-16
5.469415093123099723e+03 3.928709999999999797e-16
5.472456372499898862e+03 3.906030000000000285e-16
5.475497549047399843e+03 3.957019999999999364e-16
5.478538828424198982e+03 4.060609999999999535e-16
5.481580004971699964e+03 3.884649999999999925e-16
5.484621284348499103e+03 4.159410000000000272e-16
5.487662460895999175e+03 4.023280000000000859e-16
5.490703740272800133e+03 4.116140000000000656e-16
5.493744916820299295e+03 4.026380000000000357e-16
5.496786196197100253e+03 4.122910000000000074e-16
5.499827475573899392e+03 4.218709999999999579e-16
5.502868652121399464e+03 3.992090000000000149e-16
5.505909931498199512e+03 4.190159999999999835e-16
5.508951108045699584e+03 4.044699999999999933e-16
5.511992387422499633e+03 3.961519999999999733e-16
5.515033563969999705e+03 3.908969999999999500e-16
5.518074843346798843e+03 4.022649999999999407e-16
5.521116019894299825e+03 4.346399999999999984e-16
5.524157299271098964e+03 4.095380000000000591e-16
5.527198475818599945e+03 4.058180000000000203e-16
5.530239755195399084e+03 4.280909999999999387e-16
5.533281034572199133e+03 4.098069999999999950e-16
5.536322211119700114e+03 4.123149999999999758e-16
5.539363490496499253e+03 4.186780000000000459e-16
5.542404667044000234e+03 4.173019999999999324e-16
5.545445946420799373e+03 4.250380000000000644e-16
5.548487122968299445e+03 4.413700000000000604e-16
5.551528402345099494e+03 4.256649999999999363e-16
5.554569578892599566e+03 4.304990000000000263e-16
5.557610858269399614e+03 4.325549999999999852e-16
5.560652137646199662e+03 4.193899999999999971e-16
5.563693314193698825e+03 4.145980000000000861e-16
5.566734593570499783e+03 4.121580000000000898e-16
5.569775770117998945e+03 4.071580000000000086e-16
5.572817049494798994e+03 3.991200000000000148e-16
5.575858226042299066e+03 4.417219999999999427e-16
5.578899505419099114e+03 4.368780000000000261e-16
5.581940681966600096e+03 3.788530000000000348e-16
5.584981961343399234e+03 3.780560000000000043e-16
5.588023137890900216e+03 3.967660000000000164e-16
5.591064417267699355e+03 4.027610000000000280e-16
5.594105696644499403e+03 3.945730000000000220e-16
5.597146873191999475e+03 3.975440000000000164e-16
5.600188152568799524e+03 3.886040000000000131e-16
5.603229329116299596e+03 3.654619999999999617e-16
5.606270608493099644e+03 3.600799999999999760e-16
5.609311785040598807e+03 3.600880000000000148e-16
5.612353064417399764e+03 3.762680000000000628e-16
5.615394240964898927e+03 3.407750000000000006e-16
5.618435520341698975e+03 3.409519999999999835e-16
5.621476696889199047e+03 3.464930000000000375e-16
5.624517976265999096e+03 3.489849999999999900e-16
5.627559152813499168e+03 3.415159999999999568e-16
5.630600432190299216e+03 3.396530000000000091e-16
5.633641711567099264e+03 3.382060000000000075e-16
5.636682888114599336e+03 3.433469999999999958e-16
5.639724167491399385e+03 3.454909999999999869e-16
5.642765344038899457e+03 3.344199999999999693e-16
5.645806623415699505e+03 3.368459999999999716e-16
5.648847799963199577e+03 3.341399999999999923e-16
5.651889079339999626e+03 3.255840000000000265e-16
5.654930255887498788e+03 3.431159999999999729e-16
5.657971535264299746e+03 3.369600000000000066e-16
5.661012711811798908e+03 3.495869999999999749e-16
5.664053991188599866e+03 3.406899999999999706e-16
5.667095270565399915e+03 3.403440000000000434e-16
5.670136447112899077e+03 3.593580000000000010e-16
5.673177726489700035e+03 3.663349999999999662e-16
5.676218903037199198e+03 3.669730000000000271e-16
5.679260182414000155e+03 3.856319999999999522e-16
5.682301358961499318e+03 3.904919999999999957e-16
5.685342638338299366e+03 3.838739999999999836e-16
5.688383814885799438e+03 3.888630000000000239e-16
5.691425094262599487e+03 3.909849999999999822e-16
5.694466373639399535e+03 4.316319999999999108e-16
5.697507550186899607e+03 4.213790000000000379e-16
5.700548829563699655e+03 4.225950000000000166e-16
5.703590006111199727e+03 4.529309999999999637e-16
5.706631285487999776e+03 4.822379999999999881e-16
5.709672462035499848e+03 4.640210000000000117e-16
5.712713741412299896e+03 4.697220000000000032e-16
5.715754917959799059e+03 4.747580000000000125e-16
5.718796197336600017e+03 4.574240000000000152e-16
5.721837373884099179e+03 4.914830000000000032e-16
5.724878653260899227e+03 4.790629999999999907e-16
5.727919932637699276e+03 5.180349999999999464e-16
5.730961109185199348e+03 5.025869999999998973e-16
5.734002388561999396e+03 5.174890000000000357e-16
5.737043565109499468e+03 5.242389999999999975e-16
5.740084844486299517e+03 5.103860000000000266e-16
5.743126021033799589e+03 5.222080000000000242e-16
5.746167300410599637e+03 5.354930000000000024e-16
5.749208476958099709e+03 5.432709999999999683e-16
5.752249756334899757e+03 5.326099999999999909e-16
5.755290932882399829e+03 5.378080000000000213e-16
5.758332212259199878e+03 5.327519999999999644e-16
5.761373491635999017e+03 5.235190000000000568e-16
5.764414668183499998e+03 5.121030000000000306e-16
5.767455947560299137e+03 5.317440000000000080e-16
5.770497124107799209e+03 5.249519999999999166e-16
5.773538403484599257e+03 5.235090000000000822e-16
5.776579580032099329e+03 5.266159999999999965e-16
5.779620859408899378e+03 5.168769999999999776e-16
5.782662035956399450e+03 5.201919999999999142e-16
5.785703315333199498e+03 5.319530000000000475e-16
5.788744491880699570e+03 5.346740000000000379e-16
5.791785771257499619e+03 5.133440000000000443e-16
5.794827050634299667e+03 4.879619999999999801e-16
5.797868227181799739e+03 5.060280000000000256e-16
5.800909506558598878e+03 4.927169999999998966e-16
5.803950683106099859e+03 5.212509999999999576e-16
5.806991962482898998e+03 5.365259999999999938e-16
5.810033139030399980e+03 5.250660000000000008e-16
5.813074418407199119e+03 5.216000000000000349e-16
5.816115594954700100e+03 5.226780000000001088e-16
5.819156874331499239e+03 5.044980000000000776e-16
5.822198050879000220e+03 4.886229999999999922e-16
5.825239330255799359e+03 4.762160000000000058e-16
5.828280609632599408e+03 4.981580000000000574e-16
5.831321786180099480e+03 5.025280000000000673e-16
5.834363065556899528e+03 5.099019999999998988e-16
5.837404242104399600e+03 5.172080000000000416e-16
5.840445521481199648e+03 5.018169999999999854e-16
5.843486698028699720e+03 4.815379999999999964e-16
5.846527977405498859e+03 5.018410000000000031e-16
5.849569153952999841e+03 4.942290000000000285e-16
5.852610433329798980e+03 4.801109999999999438e-16
5.855651609877299961e+03 4.786129999999999538e-16
5.858692889254099100e+03 4.891130000000000258e-16
5.861734168630899148e+03 4.919950000000000202e-16
5.864775345178399220e+03 4.889079999999999564e-16
5.867816624555199269e+03 4.879030000000000515e-16
5.870857801102699341e+03 4.817840000000000797e-16
5.873899080479499389e+03 4.629180000000000015e-16
5.876940257027000371e+03 4.644290000000000176e-16
5.879981536403799510e+03 4.713549999999999451e-16
5.883022712951299582e+03 4.588480000000000162e-16
5.886063992328099630e+03 4.508530000000000707e-16
5.889105271704899678e+03 4.439719999999999299e-16
5.892146448252398841e+03 4.278839999999999829e-16
5.895187727629199799e+03 4.095720000000000020e-16
5.898228904176698961e+03 3.966020000000000102e-16
5.901270183553499919e+03 3.892080000000000324e-16
5.904311360100999082e+03 3.774919999999999817e-16
5.907352639477799130e+03 3.797719999999999418e-16
5.910393816025299202e+03 3.641009999999999579e-16
5.913435095402099250e+03 3.757830000000000164e-16
5.916476271949599322e+03 3.587359999999999684e-16
5.919517551326399371e+03 3.534219999999999672e-16
5.922558830703199419e+03 3.709550000000000295e-16
5.925600007250699491e+03 3.572540000000000066e-16
5.928641286627499539e+03 3.413930000000000138e-16
5.931682463174999612e+03 3.517439999999999920e-16
5.934723742551799660e+03 3.545819999999999703e-16
5.937764919099298822e+03 3.521870000000000073e-16
5.940806198476099780e+03 3.528759999999999580e-16
5.943847375023598943e+03 3.481780000000000343e-16
5.946888654400399901e+03 3.447269999999999808e-16
5.949929830947899063e+03 3.350869999999999365e-16
5.952971110324699112e+03 3.397899999999999954e-16
5.956012389701500069e+03 3.503799999999999860e-16
5.959053566249000141e+03 3.606109999999999742e-16
5.962094845625799280e+03 3.638530000000000375e-16
5.965136022173299352e+03 3.590199999999999647e-16
5.968177301550099401e+03 3.842140000000000049e-16
5.971218478097599473e+03 3.811299999999999927e-16
5.974259757474399521e+03 3.835190000000000498e-16
5.977300934021899593e+03 3.883709999999999559e-16
5.980342213398699641e+03 3.901609999999999811e-16
5.983383389946198804e+03 3.753449999999999884e-16
5.986424669322998852e+03 3.945940000000000375e-16
5.989465948699799810e+03 4.113280000000000349e-16
5.992507125247299882e+03 4.090869999999999557e-16
5.995548404624099931e+03 4.111889999999999650e-16
5.998589581171599093e+03 4.463820000000000026e-16
6.001630860548400051e+03 4.624639999999999945e-16
6.004672037095899213e+03 4.408130000000000101e-16
6.007713316472699262e+03 4.544769999999999892e-16
6.010754493020199334e+03 4.628830000000000907e-16
6.013795772397000292e+03 4.732530000000000994e-16
6.016836948944499454e+03 4.482040000000000350e-16
6.019878228321299503e+03 4.558069999999999536e-16
6.022919507698098641e+03 4.541660000000000715e-16
6.025960684245599623e+03 4.626900000000000302e-16
6.029001963622398762e+03 4.717769999999999942e-16
6.032043140169899743e+03 4.818579999999999701e-16
6.035084419546699792e+03 4.924529999999999973e-16
6.038125596094199864e+03 4.992939999999999442e-16
6.041166875470999003e+03 5.001239999999999991e-16
6.044208052018499075e+03 5.199460000000000281e-16
6.047249331395300032e+03 5.114040000000000561e-16
6.050290610772099171e+03 5.015309999999999054e-16
6.053331787319600153e+03 4.948909999999999592e-16
6.056373066696399292e+03 5.013799999999999745e-16
6.059414243243899364e+03 5.042209999999999550e-16
6.062455522620699412e+03 4.642960000000000014e-16
6.065496699168199484e+03 4.700130000000000705e-16
6.068537978544998623e+03 4.715299999999999924e-16
6.071579155092499605e+03 4.788389999999999894e-16
6.074620434469298743e+03 4.984229999999999740e-16
6.077661611016799725e+03 4.980699999999999266e-16
6.080702890393599773e+03 5.198990000000000098e-16
6.083744169770398912e+03 5.288800000000000269e-16
6.086785346317899894e+03 5.246310000000000243e-16
6.089826625694699032e+03 5.267770000000000004e-16
6.092867802242200014e+03 5.323250000000000267e-16
6.095909081619000062e+03 5.270550000000000416e-16
6.098950258166500134e+03 5.071420000000000275e-16
6.101991537543299273e+03 5.147490000000000148e-16
6.105032714090799345e+03 4.947000000000000316e-16
6.108073993467599394e+03 5.078689999999999898e-16
6.111115170015099466e+03 5.182129999999999465e-16
6.114156449391898605e+03 5.198330000000000596e-16
6.117197728768699562e+03 5.324930000000000523e-16
6.120238905316198725e+03 5.156649999999999690e-16
6.123280184692998773e+03 5.064890000000000542e-16
6.126321361240499755e+03 5.172990000000000267e-16
6.129362640617298894e+03 5.289709999999999134e-16
6.132403817164799875e+03 5.140250000000000054e-16
6.135445096541599014e+03 4.867690000000001006e-16
6.138486273089099996e+03 5.133099999999999534e-16
6.141527552465899134e+03 5.016640000000000201e-16
6.144568729013400116e+03 5.018380000000000502e-16
6.147610008390199255e+03 5.272959999999999404e-16
6.150651184937699327e+03 5.167200000000000423e-16
6.153692464314499375e+03 5.318969999999999732e-16
6.156733743691299424e+03 5.206439999999999854e-16
6.159774920238798586e+03 4.857130000000001086e-16
6.162816199615599544e+03 5.046270000000000251e-16
6.165857376163098706e+03 4.989609999999999445e-16
6.168898655539899664e+03 5.038669999999999891e-16
6.171939832087399736e+03 5.108169999999999344e-16
6.174981111464198875e+03 4.869159999999999627e-16
6.178022288011699857e+03 4.692980000000000184e-16
6.181063567388498996e+03 4.923369999999999772e-16
6.184104743935999068e+03 5.195009999999999785e-16
6.187146023312799116e+03 5.281259999999999953e-16
6.190187302689599164e+03 5.018969999999999788e-16
6.193228479237099236e+03 5.015819999999999924e-16
6.196269758613899285e+03 5.001590000000000085e-16
6.199310935161399357e+03 4.776959999999999825e-16
6.202352214538199405e+03 4.766399999999999906e-16
6.205393391085699477e+03 4.893370000000000271e-16
6.208434670462499525e+03 4.764099999999999849e-16
6.211475847009998688e+03 4.669659999999999048e-16
6.214517126386799646e+03 4.842980000000000649e-16
6.217558405763599694e+03 4.684490000000000316e-16
6.220599582311098857e+03 4.380040000000000369e-16
6.223640861687899815e+03 4.077409999999999630e-16
6.226682038235398977e+03 4.055730000000000528e-16
6.229723317612199935e+03 4.031340000000000244e-16
6.232764494159699098e+03 3.942450000000000096e-16
6.235805773536499146e+03 3.675159999999999848e-16
6.238846950083999218e+03 3.441690000000000119e-16
6.241888229460799266e+03 3.418780000000000601e-16
6.244929406008299338e+03 3.017290000000000066e-16
6.247970685385099387e+03 2.978319999999999849e-16
6.251011964761899435e+03 2.947770000000000270e-16
6.254053141309399507e+03 2.596460000000000188e-16
6.257094420686199555e+03 2.318220000000000226e-16
6.260135597233699627e+03 2.422090000000000275e-16
6.263176876610499676e+03 2.408529999999999617e-16
6.266218053157998838e+03 2.262649999999999897e-16
6.269259332534799796e+03 2.145479999999999958e-16
6.272300509082298959e+03 2.183459999999999689e-16
6.275341788459099917e+03 2.167499999999999968e-16
6.278382965006599079e+03 2.142760000000000083e-16
6.281424244383399127e+03 2.147479999999999793e-16
6.284465523760200085e+03 2.035320000000000106e-16
6.287506700307699248e+03 1.818900000000000082e-16
6.290547979684500206e+03 1.912199999999999794e-16
6.293589156231999368e+03 1.918540000000000208e-16
6.296630435608799417e+03 1.903000000000000058e-16
6.299671612156299489e+03 1.910129999999999989e-16
6.302712891533099537e+03 1.861590000000000091e-16
6.305754068080599609e+03 1.907099999999999967e-16
6.308795347457399657e+03 1.719420000000000239e-16
6.311836524004898820e+03 1.729279999999999969e-16
6.314877803381699778e+03 1.817090000000000059e-16
6.317919082758498917e+03 1.944180000000000019e-16
6.320960259305998989e+03 1.925599999999999923e-16
6.324001538682799946e+03 1.671349999999999785e-16
6.327042715230299109e+03 1.876879999999999892e-16
6.330083994607100067e+03 1.921159999999999845e-16
6.333125171154599229e+03 2.023860000000000015e-16
6.336166450531400187e+03 2.003770000000000363e-16
6.339207627078899350e+03 2.017569999999999966e-16
6.342248906455699398e+03 1.917640000000000282e-16
6.345290083003199470e+03 1.965390000000000171e-16
6.348331362379999518e+03 2.085370000000000052e-16
6.351372641756798657e+03 2.123270000000000135e-16
6.354413818304299639e+03 2.217370000000000274e-16
6.357455097681098778e+03 2.138570000000000108e-16
6.360496274228599759e+03 2.319339999999999740e-16
6.363537553605398898e+03 2.497350000000000043e-16
6.366578730152899880e+03 2.425590000000000234e-16
6.369620009529699928e+03 2.543540000000000010e-16
6.372661186077199091e+03 2.477570000000000045e-16
6.375702465454000048e+03 2.578259999999999715e-16
6.378743744830799187e+03 2.731529999999999639e-16
6.381784921378300169e+03 2.648900000000000011e-16
6.384826200755099308e+03 2.747240000000000244e-16
6.387867377302599380e+03 2.932170000000000076e-16
6.390908656679399428e+03 2.982580000000000041e-16
6.393949833226899500e+03 2.930550000000000357e-16
6.396991112603698639e+03 2.939420000000000341e-16
6.400032289151199620e+03 2.982129999999999708e-16
6.403073568527998759e+03 3.129119999999999756e-16
6.406114745075499741e+03 3.437880000000000260e-16
6.409156024452298880e+03 3.469630000000000234e-16
6.412197303829098928e+03 3.384080000000000254e-16
6.415238480376599000e+03 3.405419999999999926e-16
6.418279759753399048e+03 3.531400000000000053e-16
6.421320936300900030e+03 3.584269999999999864e-16
6.424362215677699169e+03 3.680439999999999808e-16
6.427403392225200150e+03 3.899219999999999687e-16
6.430444671601999289e+03 4.032969999999999642e-16
6.433485848149499361e+03 4.100699999999999758e-16
6.436527127526299410e+03 4.220969999999999442e-16
6.439568304073799482e+03 4.105680000000000482e-16
6.442609583450598620e+03 4.075769999999999568e-16
6.445650862827399578e+03 4.092200000000000212e-16
6.448692039374898741e+03 4.299940000000000309e-16
6.451733318751699699e+03 4.313259999999999804e-16
6.454774495299198861e+03 4.364130000000000274e-16
6.457815774675998910e+03 4.367040000000000453e-16
6.460856951223498982e+03 4.754990000000000180e-16
6.463898230600299030e+03 4.667040000000000398e-16
6.466939407147800011e+03 4.265609999999999907e-16
6.469980686524599150e+03 4.653339999999999800e-16
6.473021863072100132e+03 4.701169999999999830e-16
6.476063142448899271e+03 4.889460000000000174e-16
6.479104421825699319e+03 4.735169999999999988e-16
6.482145598373199391e+03 4.896730000000000783e-16
6.485186877749999439e+03 4.999039999999999679e-16
6.488228054297499511e+03 4.813640000000000650e-16
6.491269333674299560e+03 4.878009999999999761e-16
6.494310510221798722e+03 4.838350000000000020e-16
6.497351789598599680e+03 4.706760000000000183e-16
6.500392966146098843e+03 5.079010000000000463e-16
6.503434245522898891e+03 5.237390000000000879e-16
6.506475422070398963e+03 5.106619999999999348e-16
6.509516701447199011e+03 5.110010000000000376e-16
6.512557980823999969e+03 5.009719999999999687e-16
6.515599157371499132e+03 5.050169999999999190e-16
6.518640436748299180e+03 4.914260000000000104e-16
6.521681613295799252e+03 5.030959999999999614e-16
6.524722892672599301e+03 4.886899999999999596e-16
6.527764069220099373e+03 4.740930000000000303e-16
6.530805348596899421e+03 4.927959999999999715e-16
6.533846525144399493e+03 5.125539999999999861e-16
6.536887804521199541e+03 4.819739999999999901e-16
6.539929083897999590e+03 4.978969999999999138e-16
6.542970260445499662e+03 5.288549999999999920e-16
6.546011539822299710e+03 5.103990000000000526e-16
6.549052716369798873e+03 5.038090000000000777e-16
6.552093995746599830e+03 4.939969999999999884e-16
6.555135172294098993e+03 5.144220000000000196e-16
6.558176451670899951e+03 5.177499999999999822e-16
6.561217628218399113e+03 5.037719999999999353e-16
6.564258907595199162e+03 4.829999999999999598e-16
6.567300084142699234e+03 4.913599999999999616e-16
6.570341363519499282e+03 5.058780000000000133e-16
6.573382642896300240e+03 5.061099999999999547e-16
6.576423819443799403e+03 5.012079999999999788e-16
6.579465098820599451e+03 4.982619999999999700e-16
6.582506275368099523e+03 4.771849999999999827e-16
6.585547554744899571e+03 4.886029999999999446e-16
6.588588731292399643e+03 4.942080000000000623e-16
6.591630010669199692e+03 4.883699999999999860e-16
6.594671187216698854e+03 4.814979999999999997e-16
6.597712466593499812e+03 4.775969999999999586e-16
6.600753643140998975e+03 4.985350000000000239e-16
6.603794922517799932e+03 4.827340000000000261e-16
6.606836201894599071e+03 4.994109999999999814e-16
6.609877378442099143e+03 4.884519999999999151e-16
6.612918657818899192e+03 4.827889999999999846e-16
6.615959834366399264e+03 5.046069999999999774e-16
6.619001113743200222e+03 4.981580000000000574e-16
6.622042290290699384e+03 4.682780000000000531e-16
6.625083569667499432e+03 4.671340000000000290e-16
6.628124746214999504e+03 4.603150000000000655e-16
6.631166025591799553e+03 4.590690000000000646e-16
6.634207202139299625e+03 4.746310000000000007e-16
6.637248481516099673e+03 4.901709999999999535e-16
6.640289760892898812e+03 4.690340000000000204e-16
6.643330937440399794e+03 4.458380000000000277e-16
6.646372216817198932e+03 4.575700000000000574e-16
6.649413393364699914e+03 4.672590000000000064e-16
6.652454672741499053e+03 4.698249999999999972e-16
6.655495849289000034e+03 4.439669999999999427e-16
6.658537128665799173e+03 4.577259999999999755e-16
6.661578305213299245e+03 4.651909999999999893e-16
6.664619584590100203e+03 4.507300000000000291e-16
6.667660761137599366e+03 4.598750000000000031e-16
6.670702040514399414e+03 4.386430000000000656e-16
6.673743319891199462e+03 4.524700000000000337e-16
6.676784496438699534e+03 4.509289999999999954e-16
6.679825775815498673e+03 4.553499999999999937e-16
6.682866952362999655e+03 4.686929999999999820e-16
6.685908231739798794e+03 4.599050000000000253e-16
6.688949408287299775e+03 4.571680000000000560e-16
6.691990687664098914e+03 4.420300000000000060e-16
6.695031864211599895e+03 4.470619999999999466e-16
6.698073143588399034e+03 4.459959999999999802e-16
6.701114422965199083e+03 4.236720000000000241e-16
6.704155599512699155e+03 4.208210000000000197e-16
6.707196878889499203e+03 4.232169999999999999e-16
6.710238055437000185e+03 4.127629999999999783e-16
6.713279334813799323e+03 4.271480000000000632e-16
6.716320511361299396e+03 4.177489999999999671e-16
6.719361790738099444e+03 4.086780000000000313e-16
6.722402967285599516e+03 4.167300000000000189e-16
6.725444246662399564e+03 4.181490000000000327e-16
6.728485423209899636e+03 4.222699999999999571e-16
6.731526702586698775e+03 4.167869999999999625e-16
6.734567879134199757e+03 4.011580000000000590e-16
6.737609158510998896e+03 3.862509999999999826e-16
6.740650437887798944e+03 3.916369999999999877e-16
6.743691614435299016e+03 3.990220000000000081e-16
6.746732893812099064e+03 4.098659999999999729e-16
6.749774070359599136e+03 3.940960000000000144e-16
6.752815349736399185e+03 4.210740000000000260e-16
6.755856526283900166e+03 4.247420000000000099e-16
6.758897805660699305e+03 3.866049999999999978e-16
6.761938982208199377e+03 3.986059999999999635e-16
6.764980261584999425e+03 3.827630000000000332e-16
6.768021438132499497e+03 3.793710000000000069e-16
6.771062717509299546e+03 3.892139999999999876e-16
6.774103996886099594e+03 3.816519999999999842e-16
6.777145173433598757e+03 3.836059999999999662e-16
6.780186452810399715e+03 3.824919999999999643e-16
6.783227629357898877e+03 3.627959999999999791e-16
6.786268908734698925e+03 3.619989999999999979e-16
6.789310085282198997e+03 3.845469999999999553e-16
6.792351364658999955e+03 3.891159999999999808e-16
6.795392541206499118e+03 3.864219999999999611e-16
6.798433820583299166e+03 3.812349999999999717e-16
6.801474997130800148e+03 3.693790000000000311e-16
6.804516276507599287e+03 3.676149999999999594e-16
6.807557555884399335e+03 3.494080000000000069e-16
6.810598732431899407e+03 3.582850000000000129e-16
6.813640011808699455e+03 3.564149999999999944e-16
6.816681188356199527e+03 3.410989999999999936e-16
6.819722467732999576e+03 3.610350000000000083e-16
6.822763644280498738e+03 3.625340000000000155e-16
6.825804923657299696e+03 3.865149999999999806e-16
6.828846100204798859e+03 3.791830000000000322e-16
6.831887379581598907e+03 3.531110000000000002e-16
6.834928556129098979e+03 3.725940000000000251e-16
6.837969835505899027e+03 3.650940000000000512e-16
6.841011114882699985e+03 3.550119999999999595e-16
6.844052291430199148e+03 3.348250000000000222e-16
6.847093570807000106e+03 3.558230000000000333e-16
6.850134747354499268e+03 3.556700000000000188e-16
6.853176026731299316e+03 3.589040000000000433e-16
6.856217203278799388e+03 3.554510000000000047e-16
6.859258482655599437e+03 3.484780000000000096e-16
6.862299659203099509e+03 3.390169999999999826e-16
6.865340938579899557e+03 3.486430000000000330e-16
6.868382217956699606e+03 3.276510000000000263e-16
6.871423394504199678e+03 3.238849999999999864e-16
6.874464673880998816e+03 3.436880000000000343e-16
6.877505850428499798e+03 3.444199999999999839e-16
6.880547129805299846e+03 3.317640000000000598e-16
6.883588306352799009e+03 3.287980000000000034e-16
6.886629585729599967e+03 3.281130000000000228e-16
6.889670762277099129e+03 3.389509999999999831e-16
6.892712041653899178e+03 3.219249999999999999e-16
6.895753218201399250e+03 3.436240000000000198e-16
6.898794497578199298e+03 3.427269999999999483e-16
6.901835776954999346e+03 3.316649999999999866e-16
6.904876953502499418e+03 3.351709999999999986e-16
6.907918232879298557e+03 3.427730000000000480e-16
6.910959409426799539e+03 3.527280000000000293e-16
6.914000688803599587e+03 3.338350000000000298e-16
6.917041865351099659e+03 3.253840000000000429e-16
6.920083144727899708e+03 3.146970000000000134e-16
6.923124321275399780e+03 3.239300000000000197e-16
6.926165600652199828e+03 3.297819999999999913e-16
6.929206777199698990e+03 3.293140000000000397e-16
6.932248056576499948e+03 3.319139999999999735e-16
6.935289335953299087e+03 3.238529999999999792e-16
6.938330512500799159e+03 3.114250000000000265e-16
6.941371791877599208e+03 3.055530000000000072e-16
6.944412968425099280e+03 3.197599999999999934e-16
6.947454247801899328e+03 2.950849999999999918e-16
6.950495424349399400e+03 3.109909999999999686e-16
6.953536703726198539e+03 3.182399999999999706e-16
6.956577880273699520e+03 2.952529999999999681e-16
6.959619159650499569e+03 2.904079999999999850e-16
6.962660336197998731e+03 2.919059999999999750e-16
6.965701615574799689e+03 3.001320000000000420e-16
6.968742894951598828e+03 3.032629999999999740e-16
6.971784071499099809e+03 3.037049999999999721e-16
6.974825350875898948e+03 2.976320000000000014e-16
6.977866527423399930e+03 2.916020000000000296e-16
6.980907806800199069e+03 3.024870000000000083e-16
6.983948983347699141e+03 3.020699999999999958e-16
6.986990262724499189e+03 2.823959999999999940e-16
6.990031439272000171e+03 2.819720000000000092e-16
6.993072718648799309e+03 3.102440000000000079e-16
6.996113895196299381e+03 3.053950000000000055e-16
6.999155174573098520e+03 2.762140000000000249e-16
7.002196453949899478e+03 2.614640000000000318e-16
7.005237630497399550e+03 2.865510000000000093e-16
7.008278909874199599e+03 2.852179999999999933e-16
7.011320086421699671e+03 2.896419999999999938e-16
7.014361365798498809e+03 2.914020000000000461e-16
7.017402542345998882e+03 2.916109999999999870e-16
7.020443821722798930e+03 2.897659999999999540e-16
7.023484998270299911e+03 2.971090000000000420e-16
7.026526277647099050e+03 2.763020000000000078e-16
7.029567557023899099e+03 2.826700000000000158e-16
7.032608733571399171e+03 2.996940000000000140e-16
7.035650012948199219e+03 3.008390000000000553e-16
7.038691189495699291e+03 2.887939999999999749e-16
7.041732468872499339e+03 2.962580000000000209e-16
7.044773645419998502e+03 2.923059999999999914e-16
7.047814924796799460e+03 2.926239999999999800e-16
7.050856101344299532e+03 2.945969999999999925e-16
7.053897380721099580e+03 3.074050000000000125e-16
7.056938557268599652e+03 3.013259999999999881e-16
7.059979836645398791e+03 2.882079999999999690e-16
7.063021116022199749e+03 2.782150000000000253e-16
7.066062292569698911e+03 2.847809999999999825e-16
7.069103571946498960e+03 2.797779999999999976e-16
7.072144748493999941e+03 2.725270000000000106e-16
7.075186027870799080e+03 2.840020000000000146e-16
7.078227204418299152e+03 2.763120000000000316e-16
7.081268483795099201e+03 2.943660000000000189e-16
7.084309660342599273e+03 2.862380000000000079e-16
7.087350939719399321e+03 2.738859999999999800e-16
7.090392116266898483e+03 2.701990000000000149e-16
7.093433395643699441e+03 2.813159999999999844e-16
7.096474675020499490e+03 2.775250000000000082e-16
7.099515851567998652e+03 2.868440000000000123e-16
7.102557130944799610e+03 2.996729999999999985e-16
7.105598307492298773e+03 2.749340000000000317e-16
7.108639586869099730e+03 2.891559999999999796e-16
7.111680763416598893e+03 2.798059999999999855e-16
7.114722042793399851e+03 2.562209999999999681e-16
7.117763219340899013e+03 2.709650000000000061e-16
7.120804498717699062e+03 2.743749999999999964e-16
7.123845675265199134e+03 2.714609999999999948e-16
7.126886954641999182e+03 2.759959999999999788e-16
7.129928234018799230e+03 2.768029999999999838e-16
7.132969410566299302e+03 2.768890000000000310e-16
7.136010689943099351e+03 2.677370000000000353e-16
7.139051866490599423e+03 2.671810000000000022e-16
7.142093145867399471e+03 2.492240000000000045e-16
7.145134322414899543e+03 2.550909999999999872e-16
7.148175601791699592e+03 2.634300000000000227e-16
7.151216778339198754e+03 2.546429999999999846e-16
7.154258057715998802e+03 2.804129999999999577e-16
7.157299234263498874e+03 2.868700000000000151e-16
7.160340513640299832e+03 2.941560000000000116e-16
7.163381793017099881e+03 2.782570000000000070e-16
7.166422969564599043e+03 2.525669999999999781e-16
7.169464248941400001e+03 2.728470000000000335e-16
7.172505425488899164e+03 2.463559999999999547e-16
7.175546704865699212e+03 2.508100000000000267e-16
7.178587881413199284e+03 2.562019999999999869e-16
7.181629160789999332e+03 2.708659999999999822e-16
7.184670337337499404e+03 2.553249999999999630e-16
7.187711616714299453e+03 2.561609999999999730e-16
7.190752896091098592e+03 2.656710000000000033e-16
7.193794072638599573e+03 2.640380000000000121e-16
7.196835352015398712e+03 2.624829999999999799e-16
7.199876528562899693e+03 2.585640000000000241e-16
7.202917807939698832e+03 2.715069999999999960e-16
7.205958984487199814e+03 2.687380000000000194e-16
7.209000263863999862e+03 2.643520000000000306e-16
7.212041440411499025e+03 2.601449999999999604e-16
7.215082719788299983e+03 2.469429999999999778e-16
7.218123896335799145e+03 2.487290000000000329e-16
7.221165175712599194e+03 2.570029999999999875e-16
7.224206455089399242e+03 2.623909999999999776e-16
7.227247631636899314e+03 2.360170000000000346e-16
7.230288911013699362e+03 2.397179999999999936e-16
7.233330087561199434e+03 2.410880000000000040e-16
7.236371366937998573e+03 2.361040000000000003e-16
7.239412543485499555e+03 2.544550000000000100e-16
7.242453822862298694e+03 2.368230000000000224e-16
7.245494999409799675e+03 2.630349999999999936e-16
7.248536278786598814e+03 2.673119999999999840e-16
7.251577455334099795e+03 2.701689999999999928e-16
7.254618734710899844e+03 2.601090000000000324e-16
7.257659911258399006e+03 2.596000000000000176e-16
7.260701190635199964e+03 2.549320000000000175e-16
7.263742470011999103e+03 2.536400000000000155e-16
7.266783646559500085e+03 2.518149999999999809e-16
7.269824925936299223e+03 2.352269999999999764e-16
7.272866102483799295e+03 2.231459999999999680e-16
7.275907381860599344e+03 2.400079999999999943e-16
7.278948558408099416e+03 2.657690000000000100e-16
7.281989837784898555e+03 2.547760000000000008e-16
7.285031014332399536e+03 2.368850000000000025e-16
7.288072293709198675e+03 2.290000000000000233e-16
7.291113470256699657e+03 2.416540000000000116e-16
7.294154749633498795e+03 2.582409999999999989e-16
7.297196029010298844e+03 2.485560000000000200e-16
7.300237205557799825e+03 2.367970000000000197e-16
7.303278484934598964e+03 2.313090000000000378e-16
7.306319661482099946e+03 2.624409999999999488e-16
7.309360940858899085e+03 2.476650000000000022e-16
7.312402117406400066e+03 2.364569999999999984e-16
7.315443396783199205e+03 2.482170000000000159e-16
7.318484573330699277e+03 2.526350000000000120e-16
7.321525852707499325e+03 2.651619999999999885e-16
7.324567029254999397e+03 2.608200000000000158e-16
7.327608308631798536e+03 2.515290000000000488e-16
7.330649588008599494e+03 2.168000000000000174e-16
7.333690764556098657e+03 2.346470000000000242e-16
7.336732043932899614e+03 2.463250000000000139e-16
7.339773220480398777e+03 2.404179999999999852e-16
7.342814499857198825e+03 2.523579999999999879e-16
7.345855676404699807e+03 2.514670000000000194e-16
7.348896955781498946e+03 2.486459999999999880e-16
7.351938132328999927e+03 2.446789999999999967e-16
7.354979411705799066e+03 2.486319999999999940e-16
7.358020691082599114e+03 2.437329999999999710e-16
7.361061867630099186e+03 2.293690000000000003e-16
7.364103147006899235e+03 2.259909999999999679e-16
7.367144323554399307e+03 2.305699999999999680e-16
7.370185602931199355e+03 2.415579999999999899e-16
7.373226779478698518e+03 2.298339999999999990e-16
7.376268058855499476e+03 2.274929999999999773e-16
7.379309235402998638e+03 2.263610000000000114e-16
7.382350514779799596e+03 2.357860000000000117e-16
7.385391691327298759e+03 2.372859999999999868e-16
7.388432970704098807e+03 2.331530000000000042e-16
7.391474250080899765e+03 2.360369999999999836e-16
7.394515426628398927e+03 2.341019999999999828e-16
7.397556706005199885e+03 2.264369999999999854e-16
7.400597882552699048e+03 2.353270000000000175e-16
7.403639161929499096e+03 2.182820000000000038e-16
7.406680338476999168e+03 2.212030000000000023e-16
7.409721617853799216e+03 2.404490000000000246e-16
7.412762794401299288e+03 2.313409999999999957e-16
7.415804073778099337e+03 2.292920000000000091e-16
7.418845250325598499e+03 2.377380000000000087e-16
7.421886529702399457e+03 2.305180000000000117e-16
7.424927809079199506e+03 2.292240000000000246e-16
7.427968985626699578e+03 2.312569999999999829e-16
7.431010265003499626e+03 2.329019999999999830e-16
7.434051441550998788e+03 2.322409999999999709e-16
7.437092720927799746e+03 2.389959999999999692e-16
7.440133897475298909e+03 2.322579999999999670e-16
7.443175176852099867e+03 2.221559999999999756e-16
7.446216353399599029e+03 2.453190000000000426e-16
7.449257632776399078e+03 2.404220000000000046e-16
7.452298809323899150e+03 2.130259999999999880e-16
7.455340088700699198e+03 2.422540000000000115e-16
7.458381368077499246e+03 2.463390000000000079e-16
7.461422544624999318e+03 2.406630000000000020e-16
7.464463824001799367e+03 2.198729999999999886e-16
7.467505000549299439e+03 2.186240000000000101e-16
7.470546279926099487e+03 2.302040000000000425e-16
7.473587456473599559e+03 2.402079999999999779e-16
7.476628735850399607e+03 2.341730000000000188e-16
7.479669912397898770e+03 2.194690000000000022e-16
7.482711191774699728e+03 2.319139999999999756e-16
7.485752368322198890e+03 2.357730000000000350e-16
7.488793647698999848e+03 2.273440000000000315e-16
7.491834927075798987e+03 2.207359999999999940e-16
7.494876103623299059e+03 2.167019999999999860e-16
7.497917383000100017e+03 2.173570000000000183e-16
7.500958559547599179e+03 2.197599999999999954e-16
7.503999838924400137e+03 2.189440000000000331e-16
7.507041015471899300e+03 2.228340000000000332e-16
7.510082294848699348e+03 2.257130000000000253e-16
7.513123471396199420e+03 2.123070000000000152e-16
7.516164750772999469e+03 2.254379999999999863e-16
7.519206030149798607e+03 2.209269999999999955e-16
7.522247206697299589e+03 2.272379999999999860e-16
7.525288486074098728e+03 2.236910000000000094e-16
7.528329662621599709e+03 2.167149999999999874e-16
7.531370941998398848e+03 2.168840000000000302e-16
7.534412118545899830e+03 2.328000000000000062e-16
7.537453397922698969e+03 2.150599999999999881e-16
7.540494574470199041e+03 2.168380000000000044e-16
7.543535853846999998e+03 2.189670000000000090e-16
7.546577030394499161e+03 2.169350000000000186e-16
7.549618309771300119e+03 2.205790000000000340e-16
7.552659589148099258e+03 2.220120000000000171e-16
7.555700765695599330e+03 2.144279999999999810e-16
7.558742045072399378e+03 2.069309999999999846e-16
7.561783221619899450e+03 2.015890000000000203e-16
7.564824500996698589e+03 2.022909999999999970e-16
7.567865677544199571e+03 2.085430000000000096e-16
7.570906956920998709e+03 2.019260000000000147e-16
7.573948133468499691e+03 2.009069999999999926e-16
7.576989412845298830e+03 2.002780000000000124e-16
7.580030589392799811e+03 1.957170000000000010e-16
7.583071868769598950e+03 1.817680000000000084e-16
7.586113148146398999e+03 1.977830000000000083e-16
7.589154324693899980e+03 1.974570000000000056e-16
7.592195604070699119e+03 1.866790000000000156e-16
7.595236780618200100e+03 1.680440000000000096e-16
7.598278059994999239e+03 1.814940000000000112e-16
7.601319236542499311e+03 1.776370000000000109e-16
7.604360515919299360e+03 1.592469999999999970e-16
7.607401692466799432e+03 1.487009999999999978e-16
7.610442971843598571e+03 1.667100000000000012e-16
7.613484148391099552e+03 1.882159999999999852e-16
7.616525427767898691e+03 1.933539999999999959e-16
7.619566707144699649e+03 1.897149999999999924e-16
7.622607883692198811e+03 1.534270000000000080e-16
7.625649163068999769e+03 1.602210000000000105e-16
7.628690339616498932e+03 1.566810000000000062e-16
7.631731618993298980e+03 1.319399999999999805e-16
7.634772795540799962e+03 1.504879999999999961e-16
7.637814074917599100e+03 1.665790000000000193e-16
7.640855251465100082e+03 1.564089999999999941e-16
7.643896530841899221e+03 1.604530000000000013e-16
7.646937707389399293e+03 1.638570000000000118e-16
7.649978986766199341e+03 1.422520000000000039e-16
7.653020266142999390e+03 1.323959999999999972e-16
7.656061442690498552e+03 1.338659999999999994e-16
7.659102722067299510e+03 1.217000000000000103e-16
7.662143898614798672e+03 1.156300000000000172e-16
7.665185177991599630e+03 1.333129999999999931e-16
7.668226354539098793e+03 1.273830000000000131e-16
7.671267633915898841e+03 1.274909999999999944e-16
7.674308810463398913e+03 1.262179999999999735e-16
7.677350089840198962e+03 1.117389999999999999e-16
7.680391369216999919e+03 1.154400000000000082e-16
7.683432545764499082e+03 1.239009999999999942e-16
7.686473825141299130e+03 1.238320000000000172e-16
7.689515001688799202e+03 1.309070000000000138e-16
7.692556281065599251e+03 1.193609999999999983e-16
7.695597457613099323e+03 1.084379999999999957e-16
7.698638736989899371e+03 1.247849999999999904e-16
7.701679913537399443e+03 1.400319999999999895e-16
7.704721192914199491e+03 1.260609999999999889e-16
7.707762369461698654e+03 1.267380000000000046e-16
7.710803648838499612e+03 1.286400000000000058e-16
7.713844928215299660e+03 1.559520000000000096e-16
7.716886104762798823e+03 1.359539999999999901e-16
7.719927384139599781e+03 1.364570000000000004e-16
7.722968560687098943e+03 1.388660000000000067e-16
7.726009840063899901e+03 1.356439999999999910e-16
7.729051016611399064e+03 1.349909999999999930e-16
7.732092295988199112e+03 1.434139999999999920e-16
7.735133472535699184e+03 1.457430000000000048e-16
7.738174751912499232e+03 1.400910000000000167e-16
7.741215928459999304e+03 1.355429999999999820e-16
7.744257207836799353e+03 1.458580000000000077e-16
7.747298487213599401e+03 1.596350000000000045e-16
7.750339663761099473e+03 1.394109999999999987e-16
7.753380943137899521e+03 1.316049999999999958e-16
7.756422119685399593e+03 1.613879999999999859e-16
7.759463399062199642e+03 1.551089999999999779e-16
7.762504575609698804e+03 1.555099999999999868e-16
7.765545854986499762e+03 1.553409999999999933e-16
7.768587031533999834e+03 1.507239999999999816e-16
7.771628310910799883e+03 1.586820000000000066e-16
7.774669487458299045e+03 1.533879999999999791e-16
7.777710766835099093e+03 1.534940000000000000e-16
7.780752046211899142e+03 1.500870000000000119e-16
7.783793222759399214e+03 1.426289999999999950e-16
7.786834502136199262e+03 1.536210000000000117e-16
7.789875678683699334e+03 1.562530000000000020e-16
7.792916958060499383e+03 1.643669999999999944e-16
7.795958134607999455e+03 1.581700000000000143e-16
7.798999413984799503e+03 1.504610000000000008e-16
7.802040590532299575e+03 1.510149999999999996e-16
7.805081869909099623e+03 1.621329999999999862e-16
7.808123046456598786e+03 1.546650000000000194e-16
7.811164325833399744e+03 1.759409999999999977e-16
7.814205502380898906e+03 1.881659999999999893e-16
7.817246781757699864e+03 1.705900000000000021e-16
7.820288061134499003e+03 1.724309999999999910e-16
7.823329237681999984e+03 1.846790000000000078e-16
7.826370517058799123e+03 1.898779999999999814e-16
7.829411693606299195e+03 1.922350000000000067e-16
7.832452972983099244e+03 1.903300000000000034e-16
7.835494149530599316e+03 1.959509999999999768e-16
7.838535428907399364e+03 1.901959999999999947e-16
7.841576605454899436e+03 1.999620000000000088e-16
7.844617884831699484e+03 1.943199999999999952e-16
7.847659164208498623e+03 1.754120000000000092e-16
7.850700340755998695e+03 1.913350000000000069e-16
7.853741620132798744e+03 2.052759999999999607e-16
7.856782796680299725e+03 2.271089999999999892e-16
7.859824076057098864e+03 2.045399999999999917e-16
7.862865252604599846e+03 1.993929999999999990e-16
7.865906531981398984e+03 2.095180000000000156e-16
7.868947708528899057e+03 2.209529999999999983e-16
7.871988987905699105e+03 2.115820000000000379e-16
7.875030164453199177e+03 2.165870000000000078e-16
7.878071443829999225e+03 2.303779999999999739e-16
7.881112723206799274e+03 2.091590000000000131e-16
7.884153899754299346e+03 1.968670000000000049e-16
7.887195179131099394e+03 2.194640000000000149e-16
7.890236355678599466e+03 2.205440000000000246e-16
7.893277635055398605e+03 2.160479999999999708e-16
7.896318811602899586e+03 2.134490000000000049e-16
7.899360090979698725e+03 2.236590000000000022e-16
7.902401267527199707e+03 2.180930000000000119e-16
7.905442546903999755e+03 2.220830000000000038e-16
7.908483723451499827e+03 2.513740000000000492e-16
7.911525002828298966e+03 2.635050000000000288e-16
7.914566282205099014e+03 2.199120000000000174e-16
7.917607458752599086e+03 2.000799999999999892e-16
7.920648738129399135e+03 2.244530000000000305e-16
7.923689914676899207e+03 2.236779999999999834e-16
7.926731194053699255e+03 2.194409999999999897e-16
7.929772370601198418e+03 2.168000000000000174e-16
7.932813649977998466e+03 2.204459999999999685e-16
7.935854826525499448e+03 2.165179999999999814e-16
7.938896105902299496e+03 2.245709999999999863e-16
7.941937282449799568e+03 2.293640000000000131e-16
7.944978561826598707e+03 2.146450000000000100e-16
7.948019841203399665e+03 2.217440000000000243e-16
7.951061017750898827e+03 2.401769999999999878e-16
7.954102297127698876e+03 2.061080000000000006e-16
7.957143473675198948e+03 2.336960000000000113e-16
7.960184753051999905e+03 2.265850000000000127e-16
7.963225929599499068e+03 2.361459999999999821e-16
7.966267208976299116e+03 2.403270000000000001e-16
7.969308385523799188e+03 2.300410000000000041e-16
7.972349664900599237e+03 2.314069999999999952e-16
7.975390841448098399e+03 2.373859999999999785e-16
7.978432120824899357e+03 2.419659999999999958e-16
7.981473400201699405e+03 2.153040000000000370e-16
7.984514576749199477e+03 2.081770000000000102e-16
7.987555856125998616e+03 2.308070000000000446e-16
7.990597032673498688e+03 2.533029999999999964e-16
7.993638312050299646e+03 2.738859999999999800e-16
7.996679488597798809e+03 2.509769999999999858e-16
7.999720767974598857e+03 2.304109999999999490e-16
8.002761944522098929e+03 2.418020000000000389e-16
8.005803223898898977e+03 2.257589999999999772e-16
8.008844503275699935e+03 2.292509999999999952e-16
8.011885679823199098e+03 2.322799999999999997e-16
8.014926959199999146e+03 2.261680000000000002e-16
8.017968135747499218e+03 2.524200000000000173e-16
8.021009415124299267e+03 2.311829999999999939e-16
8.024050591671799339e+03 2.131899999999999942e-16
8.027091871048599387e+03 2.412490000000000080e-16
8.030133047596099459e+03 2.397459999999999814e-16
8.033174326972899507e+03 2.577680000000000108e-16
8.036215503520398670e+03 2.652440000000000163e-16
8.039256782897199628e+03 2.542549999999999771e-16
8.042298062273999676e+03 2.390500000000000091e-16
8.045339238821498839e+03 2.356749999999999789e-16
8.048380518198299796e+03 2.307970000000000208e-16
8.051421694745798959e+03 2.127300000000000074e-16
8.054462974122599917e+03 2.191050000000000124e-16
8.057504150670099079e+03 2.307409999999999958e-16
8.060545430046899128e+03 2.422669999999999882e-16
8.063586606594399200e+03 2.378270000000000088e-16
8.066627885971199248e+03 2.447049999999999995e-16
8.069669062518699320e+03 2.494349999999999797e-16
8.072710341895499369e+03 2.790470000000000159e-16
8.075751621272298507e+03 2.647100000000000159e-16
8.078792797819799489e+03 2.378349999999999983e-16
8.081834077196598628e+03 2.309059999999999699e-16
8.084875253744099609e+03 2.449790000000000213e-16
8.087916533120899658e+03 2.632759999999999910e-16
8.090957709668399730e+03 2.448329999999999791e-16
8.093998989045199778e+03 2.404290000000000262e-16
8.097040165592698941e+03 2.244800000000000011e-16
8.100081444969499898e+03 2.293309999999999887e-16
8.103122621516999061e+03 2.378349999999999983e-16
8.106163900893799109e+03 2.364320000000000127e-16
8.109205180270599158e+03 2.500409999999999840e-16
8.112246356818099230e+03 2.371070000000000188e-16
8.115287636194899278e+03 2.245530000000000223e-16
8.118328812742399350e+03 2.484700000000000222e-16
8.121370092119198489e+03 2.466169999999999998e-16
8.124411268666699470e+03 2.471540000000000024e-16
8.127452548043498609e+03 2.676859999999999976e-16
8.130493724590998681e+03 2.584510000000000063e-16
8.133535003967799639e+03 2.516590000000000134e-16
8.136576180515299711e+03 2.376329999999999804e-16
8.139617459892099760e+03 2.177319999999999998e-16
8.142658739268898898e+03 2.199990000000000078e-16
8.145699915816399880e+03 2.361279999999999687e-16
8.148741195193199019e+03 2.344370000000000168e-16
8.151782371740699091e+03 2.227780000000000082e-16
8.154823651117499139e+03 2.083720000000000064e-16
8.157864827664999211e+03 2.357430000000000128e-16
8.160906107041799260e+03 2.412819999999999831e-16
8.163947283589299332e+03 2.521980000000000011e-16
8.166988562966098470e+03 2.380680000000000062e-16
8.170029842342899428e+03 2.449569999999999886e-16
8.173071018890398591e+03 2.332170000000000187e-16
8.176112298267199549e+03 2.354040000000000580e-16
8.179153474814699621e+03 2.183659999999999673e-16
8.182194754191498760e+03 2.131569999999999945e-16
8.185235930738999741e+03 2.234390000000000203e-16
8.188277210115798880e+03 2.492480000000000222e-16
8.191318386663299862e+03 2.501959999999999836e-16
8.194359666040099910e+03 2.173729999999999973e-16
8.197400842587598163e+03 2.437729999999999677e-16
8.200442121964399121e+03 2.398890000000000214e-16
8.203483401341198260e+03 2.371929999999999673e-16
8.206524577888700151e+03 2.244809999999999690e-16
8.209565857265499289e+03 2.452220000000000037e-16
8.212607033812999362e+03 2.413369999999999909e-16
8.215648313189800319e+03 2.319109999999999734e-16
8.218689489737298572e+03 2.479229999999999957e-16
8.221730769114099530e+03 2.198139999999999861e-16
8.224771945661599602e+03 2.261929999999999858e-16
8.227813225038398741e+03 2.458950000000000247e-16
8.230854401585898813e+03 2.246309999999999813e-16
8.233895680962699771e+03 2.376920000000000076e-16
8.236936960339498910e+03 2.174289999999999976e-16
8.239978136886998982e+03 2.272949999999999788e-16
8.243019416263798121e+03 2.274390000000000360e-16
8.246060592811300012e+03 2.039530000000000178e-16
8.249101872188099151e+03 2.175190000000000148e-16
8.252143048735599223e+03 2.344050000000000096e-16
8.255184328112400181e+03 2.110509999999999658e-16
8.258225504659898434e+03 2.022730000000000083e-16
8.261266784036699391e+03 2.196099999999999831e-16
8.264307960584199463e+03 2.044460000000000044e-16
8.267349239960998602e+03 2.263109999999999909e-16
8.270390519337799560e+03 2.311219999999999817e-16
8.273431695885299632e+03 2.084480000000000051e-16
8.276472975262098771e+03 1.942679999999999897e-16
8.279514151809598843e+03 2.028049999999999990e-16
8.282555431186397982e+03 2.066329999999999697e-16
8.285596607733899873e+03 2.105979999999999759e-16
8.288637887110699012e+03 1.902749999999999956e-16
8.291679063658199084e+03 1.872549999999999978e-16
8.294720343034998223e+03 1.959590000000000156e-16
8.297761519582500114e+03 2.285279999999999537e-16
8.300802798959299253e+03 2.276050000000000273e-16
8.303844078336098391e+03 1.969000000000000046e-16
8.306885254883600282e+03 1.968879999999999957e-16
8.309926534260399421e+03 1.916559999999999730e-16
8.312967710807899493e+03 2.018059999999999753e-16
8.316008990184698632e+03 2.078849999999999997e-16
8.319050166732198704e+03 1.912830000000000013e-16
8.322091446108999662e+03 1.804600000000000027e-16
8.325132622656499734e+03 1.924969999999999950e-16
8.328173902033298873e+03 1.769640000000000145e-16
8.331215181410099831e+03 1.750320000000000159e-16
8.334256357957598084e+03 1.438410000000000037e-16
8.337297637334399042e+03 1.603360000000000134e-16
8.340338813881899114e+03 1.486220000000000216e-16
8.343380093258698253e+03 1.515510000000000096e-16
8.346421269806200144e+03 1.511539999999999955e-16
8.349462549182999282e+03 1.676500000000000224e-16
8.352503725730499355e+03 1.758909999999999772e-16
8.355545005107298493e+03 1.580479999999999898e-16
8.358586181654800384e+03 1.548340000000000129e-16
8.361627461031599523e+03 1.382019999999999923e-16
8.364668637579099595e+03 1.364849999999999883e-16
8.367709916955898734e+03 1.431610000000000104e-16
8.370751196332699692e+03 1.329339999999999923e-16
8.373792372880199764e+03 1.379370000000000018e-16
8.376833652256998903e+03 1.476539999999999879e-16
8.379874828804498975e+03 1.368699999999999935e-16
8.382916108181299933e+03 1.325479999999999945e-16
8.385957284728798186e+03 1.244760000000000085e-16
8.388998564105599144e+03 1.235379999999999970e-16
8.392039740653099216e+03 1.035729999999999773e-16
8.395081020029898355e+03 1.258169999999999893e-16
8.398122196577400246e+03 1.235549999999999931e-16
8.401163475954199384e+03 8.862629999999998578e-17
8.404204755330998523e+03 1.011139999999999875e-16
8.407245931878498595e+03 1.286530000000000071e-16
8.410287211255299553e+03 1.058479999999999871e-16
8.413328387802799625e+03 1.234519999999999992e-16
8.416369667179598764e+03 1.133629999999999845e-16
8.419410843727098836e+03 1.095329999999999918e-16
8.422452123103899794e+03 1.258740000000000068e-16
8.425493299651398047e+03 1.183899999999999871e-16
8.428534579028199005e+03 9.567030000000000469e-17
8.431575755575699077e+03 9.763689999999999852e-17
8.434617034952498216e+03 1.157900000000000040e-16
8.437658314329299174e+03 1.038340000000000100e-16
8.440699490876799246e+03 9.328139999999999115e-17
8.443740770253598384e+03 9.580559999999998886e-17
8.446781946801098456e+03 8.304709999999999315e-17
8.449823226177899414e+03 8.771950000000000228e-17
8.452864402725399486e+03 9.239049999999999229e-17
8.455905682102198625e+03 9.706290000000000142e-17
8.458946858649698697e+03 1.017339999999999858e-16
8.461988138026499655e+03 1.064049999999999881e-16
8.465029314573999727e+03 1.065139999999999988e-16
8.468070593950798866e+03 1.104349999999999890e-16
8.471111873327599824e+03 1.119200000000000023e-16
8.474153049875099896e+03 1.244500000000000057e-16
8.477194329251899035e+03 1.046010000000000060e-16
8.480235505799399107e+03 1.110530000000000022e-16
8.483276785176200065e+03 1.283029999999999867e-16
8.486317961723700137e+03 1.162570000000000124e-16
8.489359241100499275e+03 1.172829999999999821e-16
8.492400417647997529e+03 1.183079999999999840e-16
8.495441697024800305e+03 1.193349999999999956e-16
8.498482976401599444e+03 1.184529999999999844e-16
8.501524152949099516e+03 1.207659999999999936e-16
8.504565432325900474e+03 1.055390000000000052e-16
8.507606608873400546e+03 1.177079999999999841e-16
8.510647888250199685e+03 9.942649999999999707e-17
8.513689064797697938e+03 1.154710000000000229e-16
8.516730344174500715e+03 1.195679999999999788e-16
8.519771520721998968e+03 1.253079999999999991e-16
8.522812800098799926e+03 1.407160000000000022e-16
8.525853976646298179e+03 1.095020000000000141e-16
8.528895256023099137e+03 1.059029999999999949e-16
8.531936535399900094e+03 9.743440000000000903e-17
8.534977711947398348e+03 1.153780000000000034e-16
8.538018991324197486e+03 1.098470000000000103e-16
8.541060167871699377e+03 1.059709999999999918e-16
8.544101447248498516e+03 1.003160000000000015e-16
8.547142623795998588e+03 8.537440000000000387e-17
8.550183903172799546e+03 9.214729999999999655e-17
8.553225079720299618e+03 1.105199999999999943e-16
8.556266359097098757e+03 1.102009999999999885e-16
8.559307535644598829e+03 1.065929999999999874e-16
8.562348815021399787e+03 1.118689999999999892e-16
8.565390094398198926e+03 1.284120000000000097e-16
8.568431270945698998e+03 1.194829999999999735e-16
8.571472550322498137e+03 1.266950000000000057e-16
8.574513726870000028e+03 1.394569999999999999e-16
8.577555006246799167e+03 1.067280000000000009e-16
8.580596182794299239e+03 1.277949999999999891e-16
8.583637462171098377e+03 1.222339999999999861e-16
8.586678638718600268e+03 1.262970000000000237e-16
8.589719918095399407e+03 1.182970000000000170e-16
8.592761094642899479e+03 1.168859999999999926e-16
8.595802374019700437e+03 1.264440000000000091e-16
8.598843653396499576e+03 1.231900000000000109e-16
8.601884829943999648e+03 1.369350000000000005e-16
8.604926109320798787e+03 1.417210000000000057e-16
8.607967285868300678e+03 1.254239999999999945e-16
8.611008565245099817e+03 1.152960000000000003e-16
8.614049741792599889e+03 1.346649999999999903e-16
8.617091021169399028e+03 1.270220000000000010e-16
8.620132197716899100e+03 1.406209999999999977e-16
8.623173477093700058e+03 1.260260000000000041e-16
8.626214653641198311e+03 1.010030000000000041e-16
8.629255933017997449e+03 1.431160000000000018e-16
8.632297212394800226e+03 1.458659999999999971e-16
8.635338388942298479e+03 1.359199999999999978e-16
8.638379668319099437e+03 1.500320000000000041e-16
8.641420844866599509e+03 1.254289999999999818e-16
8.644462124243398648e+03 1.436040000000000010e-16
8.647503300790898720e+03 1.596170000000000159e-16
8.650544580167697859e+03 1.258710000000000045e-16
8.653585756715199750e+03 1.632429999999999933e-16
8.656627036091998889e+03 1.222320000000000010e-16
8.659668315468798028e+03 1.641220000000000023e-16
8.662709492016298100e+03 1.592669999999999954e-16
8.665750771393099058e+03 1.417740000000000038e-16
8.668791947940599130e+03 1.722729999999999892e-16
8.671833227317398268e+03 1.757609999999999879e-16
8.674874403864898341e+03 1.444050000000000016e-16
8.677915683241699298e+03 1.852779999999999905e-16
8.680956859789199370e+03 1.676840000000000146e-16
8.683998139165998509e+03 1.988609999999999836e-16
8.687039315713500400e+03 1.870470000000000001e-16
8.690080595090299539e+03 1.606939999999999987e-16
8.693121874467098678e+03 1.855940000000000187e-16
8.696163051014598750e+03 1.785140000000000102e-16
8.699204330391399708e+03 1.748620000000000052e-16
8.702245506938899780e+03 1.916729999999999938e-16
8.705286786315698919e+03 2.041379999999999656e-16
8.708327962863198991e+03 1.966500000000000005e-16
8.711369242239999949e+03 2.084840000000000317e-16
8.714410418787500021e+03 2.025160000000000154e-16
8.717451698164299160e+03 1.910740000000000111e-16
8.720492874711799232e+03 2.069440000000000106e-16
8.723534154088600189e+03 2.178309999999999744e-16
8.726575433465399328e+03 2.101770000000000180e-16
8.729616610012899400e+03 2.172429999999999833e-16
8.732657889389700358e+03 1.967829999999999921e-16
8.735699065937198611e+03 2.189629999999999649e-16
8.738740345313999569e+03 2.231989999999999908e-16
8.741781521861497822e+03 1.978740000000000181e-16
8.744822801238300599e+03 2.541959999999999993e-16
8.747863977785798852e+03 2.563049999999999809e-16
8.750905257162597991e+03 2.136909999999999948e-16
8.753946433710098063e+03 2.278069999999999958e-16
8.756987713086899021e+03 2.674959999999999886e-16
8.760028992463698160e+03 2.285409999999999798e-16
8.763070169011198232e+03 2.234879999999999744e-16
8.766111448387999189e+03 2.372229999999999895e-16
8.769152624935499261e+03 2.314050000000000101e-16
8.772193904312298400e+03 2.175209999999999752e-16
8.775235080859798472e+03 2.331009999999999986e-16
8.778276360236599430e+03 2.467949999999999999e-16
8.781317536784099502e+03 2.353159999999999765e-16
8.784358816160898641e+03 1.815640000000000055e-16
8.787399992708398713e+03 2.274410000000000211e-16
8.790441272085199671e+03 2.666259999999999863e-16
8.793482551461998810e+03 2.427420000000000107e-16
8.796523728009498882e+03 2.438309999999999778e-16
8.799565007386299840e+03 2.758060000000000191e-16
8.802606183933799912e+03 2.519579999999999716e-16
8.805647463310599051e+03 2.075520000000000000e-16
8.808688639858099123e+03 2.402369999999999829e-16
8.811729919234900080e+03 2.584490000000000212e-16
8.814771095782400153e+03 2.190859999999999819e-16
8.817812375159199291e+03 2.669759999999999821e-16
8.820853551706699363e+03 2.579180000000000231e-16
8.823894831083500321e+03 1.812670000000000078e-16
8.826936110460299460e+03 2.055909999999999963e-16
8.829977287007799532e+03 1.947640000000000030e-16
8.833018566384598671e+03 2.787789999999999986e-16
8.836059742932100562e+03 2.662230000000000170e-16
8.839101022308899701e+03 2.469429999999999778e-16
8.842142198856397954e+03 3.006340000000000352e-16
8.845183478233200731e+03 2.686869999999999817e-16
8.848224654780698984e+03 2.150170000000000138e-16
8.851265934157499942e+03 2.266540000000000144e-16
8.854307213534299080e+03 2.315370000000000091e-16
8.857348390081799153e+03 2.721609999999999865e-16
8.860389669458600110e+03 2.268499999999999785e-16
8.863430846006098363e+03 1.849120000000000157e-16
8.866472125382897502e+03 2.371229999999999484e-16
8.869513301930399393e+03 2.308030000000000252e-16
8.872554581307198532e+03 2.344420000000000041e-16
8.875595757854698604e+03 2.374079999999999619e-16
8.878637037231497743e+03 2.020220000000000117e-16
8.881678213778999634e+03 2.196590000000000112e-16
8.884719493155798773e+03 2.234840000000000043e-16
8.887760772532597912e+03 2.058949999999999910e-16
8.890801949080099803e+03 2.225719999999999709e-16
8.893843228456898942e+03 1.888099999999999806e-16
8.896884405004399014e+03 2.337809999999999919e-16
8.899925684381198153e+03 2.430789999999999805e-16
8.902966860928700044e+03 2.329479999999999841e-16
8.906008140305499182e+03 2.464400000000000168e-16
8.909049316852999254e+03 2.444650000000000192e-16
8.912090596229798393e+03 2.569020000000000278e-16
8.915131772777300284e+03 2.296690000000000249e-16
8.918173052154099423e+03 2.482429999999999694e-16
8.921214228701599495e+03 2.485410000000000089e-16
8.924255508078398634e+03 2.020750000000000098e-16
8.927296787455199592e+03 2.010479999999999736e-16
8.930337964002699664e+03 1.948679999999999895e-16
8.933379243379498803e+03 2.085960000000000077e-16
8.936420419927000694e+03 2.643340000000000173e-16
8.939461699303799833e+03 2.503159999999999737e-16
8.942502875851299905e+03 2.138089999999999999e-16
8.945544155228099044e+03 1.836209999999999815e-16
8.948585331775599116e+03 2.268309999999999973e-16
8.951626611152400073e+03 2.586359999999999787e-16
8.954667787699898327e+03 2.554529999999999919e-16
8.957709067076699284e+03 2.266859999999999723e-16
8.960750346453500242e+03 1.940700000000000158e-16
8.963791523000998495e+03 2.209869999999999905e-16
8.966832802377799453e+03 2.328569999999999990e-16
8.969873978925297706e+03 2.274170000000000033e-16
8.972915258302098664e+03 2.743289999999999953e-16
8.975956434849598736e+03 2.768319999999999888e-16
8.978997714226397875e+03 2.427570000000000218e-16
8.982038890773899766e+03 2.229059999999999878e-16
8.985080170150698905e+03 2.110140000000000452e-16
8.988121449527498044e+03 2.014839999999999919e-16
8.991162626074998116e+03 2.036900000000000124e-16
8.994203905451799073e+03 2.276019999999999758e-16
8.997245081999299146e+03 2.107030000000000043e-16
9.000286361376098284e+03 2.543460000000000116e-16
9.003327537923598356e+03 2.537249999999999961e-16
9.006368817300399314e+03 2.994340000000000354e-16
9.009409993847899386e+03 2.343170000000000267e-16
9.012451273224698525e+03 2.146479999999999875e-16
9.015492449772198597e+03 2.304149999999999684e-16
9.018533729148999555e+03 2.626909999999999529e-16
9.021575008525798694e+03 2.162659999999999923e-16
9.024616185073298766e+03 2.349510000000000188e-16
9.027657464450099724e+03 2.476350000000000293e-16
9.030698640997599796e+03 1.978050000000000164e-16
9.033739920374398935e+03 2.360840000000000020e-16
9.036781096921899007e+03 2.444979999999999943e-16
9.039822376298699965e+03 2.645150000000000196e-16
9.042863552846200037e+03 1.689370000000000125e-16
9.045904832222999175e+03 1.768109999999999754e-16
9.048946008770499247e+03 2.355179999999999943e-16
9.051987288147300205e+03 2.130529999999999833e-16
9.055028567524099344e+03 2.487150000000000390e-16
9.058069744071599416e+03 1.714949999999999892e-16
9.061111023448400374e+03 1.822119999999999916e-16
9.064152199995898627e+03 2.093520000000000243e-16
9.067193479372699585e+03 1.857259999999999930e-16
9.070234655920197838e+03 1.619159999999999818e-16
9.073275935297000615e+03 1.879729999999999781e-16
9.076317111844498868e+03 1.766520000000000057e-16
9.079358391221298007e+03 1.354950000000000205e-16
9.082399567768798079e+03 1.388170000000000033e-16
9.085440847145599037e+03 1.257849999999999820e-16
9.088482126522399994e+03 1.338210000000000154e-16
9.091523303069898247e+03 1.752709999999999790e-16
9.094564582446699205e+03 1.631209999999999935e-16
9.097605758994199277e+03 1.341780000000000082e-16
9.100647038370998416e+03 1.632209999999999853e-16
9.103688214918498488e+03 1.434170000000000189e-16
9.106729494295299446e+03 1.176379999999999899e-16
9.109770670842799518e+03 1.280560000000000095e-16
9.112811950219598657e+03 1.395489999999999775e-16
9.115853126767098729e+03 1.597790000000000124e-16
9.118894406143899687e+03 1.313829999999999795e-16
9.121935685520698826e+03 1.177079999999999841e-16
9.124976862068198898e+03 1.623000000000000192e-16
9.128018141444998037e+03 1.576559999999999876e-16
9.131059317992499928e+03 1.269779999999999849e-16
9.134100597369299066e+03 1.142279999999999995e-16
9.137141773916799139e+03 1.244010000000000023e-16
9.140183053293600096e+03 9.694739999999998998e-17
9.143224229841100168e+03 1.314369999999999948e-16
9.146265509217899307e+03 1.228420000000000001e-16
9.149306685765399379e+03 1.247610000000000220e-16
9.152347965142200337e+03 1.383130000000000004e-16
9.155389244518999476e+03 1.303299999999999898e-16
9.158430421066499548e+03 1.374310000000000139e-16
9.161471700443298687e+03 1.405010000000000076e-16
9.164512876990800578e+03 1.362840000000000122e-16
9.167554156367599717e+03 1.141199999999999937e-16
9.170595332915097970e+03 1.152300000000000008e-16
9.173636612291898928e+03 1.387499999999999866e-16
9.176677788839399000e+03 1.551520000000000015e-16
9.179719068216199958e+03 1.138099999999999945e-16
9.182760347592999096e+03 1.314579999999999857e-16
9.185801524140499168e+03 1.144020000000000049e-16
9.188842803517300126e+03 1.404370000000000178e-16
9.191883980064798379e+03 1.334689999999999852e-16
9.194925259441599337e+03 1.455020000000000074e-16
9.197966435989099409e+03 1.119130000000000053e-16
9.201007715365898548e+03 1.150889999999999952e-16
9.204048891913398620e+03 1.284060000000000053e-16
9.207090171290197759e+03 1.436899999999999989e-16
9.210131347837699650e+03 1.507400000000000099e-16
9.213172627214498789e+03 1.514699999999999991e-16
9.216213906591297928e+03 2.008080000000000180e-16
9.219255083138798000e+03 2.388900000000000223e-16
9.222296362515598958e+03 1.261800000000000111e-16
9.225337539063099030e+03 1.230120000000000107e-16
9.228378818439898168e+03 1.514809999999999908e-16
9.231419994987400059e+03 1.259249999999999952e-16
9.234461274364199198e+03 1.095860000000000022e-16
