3.600000000000000000e+03 9.672029000000000481e-15
3.604189294026379230e+03 9.401054000000000846e-15
3.608378588052750274e+03 9.570913000000000201e-15
3.612567882079129504e+03 9.504541000000000234e-15
3.616757176105510098e+03 9.716280999999999213e-15
3.620946470131879778e+03 9.380958999999999481e-15
3.625135764158259917e+03 9.291384000000000781e-15
3.629325058184640056e+03 9.587151999999998451e-15
3.633514352211020650e+03 9.432221999999999699e-15
3.637703646237390330e+03 9.200663999999999970e-15
3.641892940263770015e+03 9.283048000000001192e-15
3.646082234290150154e+03 9.024335999999999366e-15
3.650271528316520289e+03 8.568680000000001019e-15
3.654460822342899974e+03 9.431570000000000334e-15
3.658650116369279658e+03 9.689163999999999921e-15
3.662839410395660252e+03 1.021389000000000000e-14
3.667028704422029477e+03 1.082810999999999916e-14
3.671217998448410071e+03 1.124352000000000013e-14
3.675407292474790211e+03 1.182034000000000069e-14
3.679596586501160346e+03 1.241015000000000070e-14
3.683785880527539575e+03 1.312455999999999963e-14
3.687975174553920169e+03 1.362879000000000112e-14
3.692164468580289849e+03 1.386615999999999890e-14
3.696353762606670443e+03 1.421425999999999996e-14
3.700543056633050128e+03 1.419114999999999868e-14
3.704732350659429812e+03 1.385427000000000020e-14
3.708921644685799947e+03 1.338018999999999940e-14
3.713110938712179632e+03 1.268054999999999973e-14
3.717300232738560226e+03 1.220032000000000021e-14
3.721489526764929906e+03 1.163991000000000024e-14
3.725678820791310500e+03 1.120663999999999942e-14
3.729868114817689730e+03 1.084776000000000018e-14
3.734057408844059864e+03 1.038335000000000019e-14
3.738246702870440004e+03 1.050358999999999995e-14
3.742435996896820143e+03 1.048486000000000053e-14
3.746625290923200282e+03 1.050623999999999932e-14
3.750814584949570417e+03 1.048344000000000060e-14
3.755003878975949647e+03 1.064805999999999972e-14
3.759193173002329786e+03 1.099805000000000129e-14
3.763382467028699921e+03 1.136014999999999981e-14
3.767571761055080060e+03 1.157878999999999975e-14
3.771761055081459745e+03 1.173968999999999967e-14
3.775950349107829425e+03 1.159819000000000003e-14
3.780139643134210019e+03 1.136311999999999994e-14
3.784328937160589703e+03 1.107403000000000060e-14
3.788518231186970297e+03 1.050988000000000030e-14
3.792707525213339977e+03 1.020897999999999890e-14
3.796896819239720571e+03 9.996389999999999916e-15
3.801086113266099801e+03 9.680349999999999616e-15
3.805275407292469936e+03 9.541369000000000839e-15
3.809464701318850075e+03 9.236811999999998364e-15
3.813653995345229305e+03 9.026584000000000107e-15
3.817843289371599894e+03 8.958241999999999834e-15
3.822032583397979579e+03 8.840214000000000986e-15
3.826221877424360173e+03 8.740928999999999216e-15
3.830411171450739857e+03 8.767136999999999661e-15
3.834600465477109992e+03 8.767833000000000570e-15
3.838789759503490131e+03 8.809180000000000095e-15
3.842979053529870725e+03 9.183707000000000038e-15
3.847168347556239496e+03 9.595718999999999050e-15
3.851357641582620090e+03 9.988124000000000345e-15
3.855546935609000229e+03 1.060389000000000042e-14
3.859736229635370364e+03 1.095961000000000061e-14
3.863925523661750049e+03 1.134218000000000083e-14
3.868114817688129733e+03 1.205135999999999946e-14
3.872304111714509872e+03 1.260717999999999910e-14
3.876493405740879552e+03 1.282274999999999956e-14
3.880682699767260146e+03 1.333351000000000078e-14
3.884871993793640286e+03 1.429595999999999811e-14
3.889061287820010421e+03 1.494902999999999987e-14
3.893250581846389650e+03 1.551360000000000028e-14
3.897439875872770244e+03 1.592753999999999927e-14
3.901629169899139924e+03 1.643358000000000148e-14
3.905818463925520064e+03 1.714240000000000024e-14
3.910007757951900203e+03 1.776544000000000021e-14
3.914197051978279433e+03 1.842330999999999920e-14
3.918386346004650477e+03 1.867958000000000208e-14
3.922575640031029707e+03 1.875732000000000007e-14
3.926764934057410301e+03 1.904091000000000040e-14
3.930954228083779981e+03 1.918902999999999934e-14
3.935143522110160120e+03 1.933081000000000063e-14
3.939332816136539805e+03 1.918735000000000205e-14
3.943522110162909939e+03 1.923875999999999789e-14
3.947711404189289624e+03 1.974866000000000248e-14
3.951900698215670218e+03 2.006472000000000076e-14
3.956089992242050357e+03 2.003836999999999906e-14
3.960279286268420492e+03 2.002567999999999924e-14
3.964468580294799722e+03 2.006206000000000004e-14
3.968657874321179861e+03 2.005475000000000032e-14
3.972847168347549996e+03 1.970784999999999778e-14
3.977036462373929226e+03 1.941273000000000020e-14
3.981225756400310274e+03 1.909873000000000022e-14
3.985415050426689959e+03 1.813200999999999859e-14
3.989604344453060094e+03 1.717799999999999948e-14
3.993793638479439778e+03 1.684459000000000103e-14
3.997982932505820372e+03 1.628351999999999840e-14
4.002172226532190052e+03 1.567282999999999952e-14
4.006361520558570646e+03 1.509873999999999969e-14
4.010550814584949876e+03 1.466982000000000297e-14
4.014740108611320011e+03 1.466382999999999910e-14
4.018929402637700150e+03 1.398060999999999822e-14
4.023118696664079380e+03 1.355668000000000082e-14
4.027307990690449969e+03 1.338805000000000107e-14
4.031497284716829654e+03 1.321809000000000097e-14
4.035686578743210248e+03 1.337190999999999920e-14
4.039875872769589932e+03 1.346033999999999894e-14
4.044065166795960067e+03 1.343139999999999970e-14
4.048254460822340207e+03 1.338360000000000077e-14
4.052443754848719891e+03 1.370896999999999999e-14
4.056633048875089571e+03 1.400940999999999901e-14
4.060822342901470165e+03 1.392491000000000010e-14
4.065011636927849850e+03 1.452892999999999921e-14
4.069200930954220439e+03 1.493888000000000028e-14
4.073390224980600124e+03 1.513024000000000188e-14
4.077579519006979808e+03 1.566634999999999867e-14
4.081768813033359947e+03 1.587266000000000024e-14
4.085958107059729628e+03 1.587812000000000172e-14
4.090147401086110222e+03 1.583443999999999940e-14
4.094336695112489451e+03 1.621393000000000036e-14
4.098525989138859586e+03 1.654672000000000000e-14
4.102715283165240180e+03 1.624008000000000021e-14
4.106904577191620774e+03 1.615459999999999788e-14
4.111093871217999549e+03 1.611800000000000198e-14
4.115283165244370139e+03 1.595391999999999873e-14
4.119472459270749823e+03 1.570486999999999915e-14
4.123661753297129508e+03 1.593545999999999961e-14
4.127851047323500097e+03 1.600070000000000143e-14
4.132040341349879782e+03 1.589565000000000104e-14
4.136229635376260376e+03 1.558999999999999971e-14
4.140418929402629146e+03 1.545241999999999955e-14
4.144608223429009740e+03 1.565338000000000193e-14
4.148797517455390334e+03 1.532223000000000049e-14
4.152986811481770019e+03 1.506684999999999830e-14
4.157176105508139699e+03 1.554937999999999867e-14
4.161365399534520293e+03 1.562198000000000067e-14
4.165554693560899977e+03 1.542858999999999853e-14
4.169743987587270567e+03 1.568611000000000040e-14
4.173933281613650252e+03 1.581612000000000031e-14
4.178122575640029936e+03 1.576543000000000106e-14
4.182311869666400526e+03 1.619000999999999977e-14
4.186501163692779301e+03 1.661754000000000062e-14
4.190690457719159895e+03 1.650723999999999881e-14
4.194879751745539579e+03 1.661274000000000023e-14
4.199069045771910169e+03 1.649567000000000245e-14
4.203258339798289853e+03 1.661125999999999848e-14
4.207447633824670447e+03 1.676583000000000052e-14
4.211636927851040127e+03 1.678356999999999989e-14
4.215826221877419812e+03 1.666933000000000062e-14
4.220015515903800406e+03 1.662266999999999840e-14
4.224204809930170086e+03 1.639417000000000031e-14
4.228394103956550680e+03 1.596569000000000010e-14
4.232583397982929455e+03 1.610192000000000034e-14
4.236772692009310049e+03 1.564552000000000026e-14
4.240961986035679729e+03 1.590394999999999922e-14
4.245151280062060323e+03 1.591302999999999896e-14
4.249340574088440007e+03 1.547211999999999946e-14
4.253529868114810597e+03 1.508552000000000063e-14
4.257719162141189372e+03 1.489744000000000172e-14
4.261908456167569966e+03 1.488032000000000116e-14
4.266097750193939646e+03 1.489890000000000077e-14
4.270287044220320240e+03 1.480647999999999837e-14
4.274476338246699925e+03 1.474696000000000169e-14
4.278665632273079609e+03 1.466159999999999985e-14
4.282854926299450199e+03 1.476984000000000020e-14
4.287044220325829883e+03 1.480202999999999807e-14
4.291233514352199563e+03 1.464235999999999916e-14
4.295422808378580157e+03 1.431857999999999926e-14
4.299612102404960751e+03 1.405296999999999926e-14
4.303801396431339526e+03 1.414951000000000142e-14
4.307990690457710116e+03 1.401793000000000176e-14
4.312179984484089800e+03 1.358113999999999885e-14
4.316369278510470394e+03 1.292731999999999960e-14
4.320558572536850079e+03 1.234178000000000074e-14
4.324747866563220668e+03 1.192244000000000052e-14
4.328937160589600353e+03 1.157116999999999905e-14
4.333126454615980037e+03 1.122691999999999903e-14
4.337315748642349718e+03 1.099784999999999943e-14
4.341505042668730312e+03 1.093364999999999969e-14
4.345694336695109996e+03 1.060473999999999885e-14
4.349883630721479676e+03 1.048745999999999943e-14
4.354072924747860270e+03 1.042266000000000043e-14
4.358262218774239955e+03 1.033961999999999899e-14
4.362451512800610544e+03 1.025179000000000008e-14
4.366640806826989319e+03 1.030251000000000024e-14
4.370830100853369913e+03 1.052013000000000081e-14
4.375019394879749598e+03 1.051882999999999978e-14
4.379208688906120187e+03 1.029929000000000095e-14
4.383397982932499872e+03 1.032944000000000007e-14
4.387587276958879556e+03 1.042650999999999989e-14
4.391776570985250146e+03 1.017035999999999907e-14
4.395965865011629830e+03 9.973080999999999757e-15
4.400155159038010424e+03 9.975976000000000764e-15
4.404344453064380104e+03 9.906520000000000686e-15
4.408533747090759789e+03 9.864960999999999886e-15
4.412723041117139473e+03 9.690591999999999990e-15
4.416912335143520068e+03 9.596565999999999594e-15
4.421101629169889748e+03 9.525218999999999186e-15
4.425290923196270342e+03 9.556470999999998693e-15
4.429480217222650026e+03 9.610526999999999349e-15
4.433669511249020616e+03 9.756674999999999924e-15
4.437858805275399391e+03 9.975005999999998699e-15
4.442048099301779985e+03 1.003975999999999967e-14
4.446237393328160579e+03 1.009753999999999881e-14
4.450426687354529349e+03 1.006255999999999996e-14
4.454615981380909943e+03 1.021529999999999858e-14
4.458805275407289628e+03 1.038962999999999918e-14
4.462994569433660217e+03 1.065802000000000037e-14
4.467183863460039902e+03 1.098410000000000113e-14
4.471373157486420496e+03 1.125096999999999988e-14
4.475562451512800180e+03 1.153808999999999892e-14
4.479751745539170770e+03 1.162895999999999954e-14
4.483941039565549545e+03 1.190110000000000084e-14
4.488130333591930139e+03 1.208845000000000023e-14
4.492319627618299819e+03 1.223024999999999950e-14
4.496508921644679504e+03 1.238276000000000008e-14
4.500698215671060098e+03 1.266665000000000004e-14
4.504887509697429778e+03 1.298542999999999928e-14
4.509076803723810372e+03 1.301235000000000091e-14
4.513266097750190056e+03 1.331339999999999896e-14
4.517455391776559736e+03 1.360282000000000042e-14
4.521644685802940330e+03 1.379837000000000022e-14
4.525833979829320015e+03 1.412306000000000037e-14
4.530023273855699699e+03 1.450794999999999941e-14
4.534212567882070289e+03 1.479385000000000037e-14
4.538401861908449973e+03 1.504924000000000076e-14
4.542591155934829658e+03 1.522424000000000064e-14
4.546780449961200247e+03 1.537296000000000200e-14
4.550969743987579932e+03 1.552329999999999884e-14
4.555159038013959616e+03 1.585029000000000142e-14
4.559348332040340210e+03 1.603975000000000115e-14
4.563537626066709890e+03 1.619856000000000027e-14
4.567726920093089575e+03 1.662699000000000002e-14
4.571916214119470169e+03 1.691275999999999914e-14
4.576105508145839849e+03 1.689582000000000088e-14
4.580294802172220443e+03 1.682791000000000014e-14
4.584484096198600128e+03 1.672735999999999735e-14
4.588673390224969808e+03 1.666402000000000054e-14
4.592862684251350402e+03 1.662337999999999995e-14
4.597051978277729177e+03 1.665487999999999898e-14
4.601241272304099766e+03 1.668144000000000074e-14
4.605430566330479451e+03 1.667249999999999787e-14
4.609619860356860045e+03 1.681148999999999976e-14
4.613809154383239729e+03 1.683725000000000040e-14
4.617998448409610319e+03 1.689859999999999892e-14
4.622187742435990003e+03 1.703351999999999836e-14
4.626377036462370597e+03 1.709704000000000063e-14
4.630566330488739368e+03 1.713048999999999883e-14
4.634755624515119962e+03 1.715934999999999986e-14
4.638944918541500556e+03 1.706015000000000014e-14
4.643134212567870236e+03 1.680530999999999855e-14
4.647323506594249920e+03 1.675870999999999814e-14
4.651512800620629605e+03 1.648556000000000198e-14
4.655702094647010199e+03 1.607667999999999759e-14
4.659891388673379879e+03 1.590776999999999935e-14
4.664080682699760473e+03 1.541903000000000001e-14
4.668269976726140158e+03 1.506729999999999932e-14
4.672459270752510747e+03 1.462532999999999818e-14
4.676648564778889522e+03 1.430816000000000095e-14
4.680837858805270116e+03 1.403424999999999962e-14
4.685027152831639796e+03 1.356205999999999934e-14
4.689216446858020390e+03 1.311168000000000088e-14
4.693405740884400075e+03 1.292229000000000117e-14
4.697595034910770664e+03 1.250846999999999951e-14
4.701784328937150349e+03 1.212056999999999966e-14
4.705973622963530033e+03 1.212406000000000082e-14
4.710162916989910627e+03 1.207804000000000013e-14
4.714352211016280307e+03 1.191204999999999997e-14
4.718541505042659992e+03 1.191910000000000074e-14
4.722730799069039676e+03 1.188239999999999918e-14
4.726920093095420270e+03 1.187260999999999947e-14
4.731109387121789950e+03 1.192933999999999990e-14
4.735298681148170544e+03 1.184741000000000056e-14
4.739487975174550229e+03 1.170952999999999919e-14
4.743677269200920819e+03 1.155391000000000003e-14
4.747866563227299594e+03 1.133867999999999988e-14
4.752055857253680188e+03 1.120659000000000053e-14
4.756245151280049868e+03 1.095053000000000086e-14
4.760434445306429552e+03 1.072895999999999991e-14
4.764623739332810146e+03 1.048736999999999986e-14
4.768813033359179826e+03 1.027026000000000056e-14
4.773002327385560420e+03 1.014907999999999964e-14
4.777191621411940105e+03 9.987530999999999824e-15
4.781380915438320699e+03 9.721804000000000388e-15
4.785570209464690379e+03 9.687873000000000429e-15
4.789759503491070973e+03 9.788602000000000966e-15
4.793948797517449748e+03 9.753912000000000396e-15
4.798138091543820337e+03 9.727775999999999610e-15
4.802327385570200022e+03 9.867593000000000911e-15
4.806516679596579706e+03 1.002447999999999916e-14
4.810705973622949386e+03 1.016961000000000000e-14
4.814895267649329980e+03 1.034839000000000090e-14
4.819084561675710574e+03 1.053157999999999984e-14
4.823273855702090259e+03 1.064717000000000060e-14
4.827463149728459939e+03 1.071597000000000046e-14
4.831652443754840533e+03 1.075623000000000005e-14
4.835841737781220218e+03 1.072531000000000072e-14
4.840031031807589898e+03 1.064988000000000021e-14
4.844220325833970492e+03 1.067101999999999960e-14
4.848409619860350176e+03 1.049521000000000040e-14
4.852598913886729861e+03 1.027300000000000107e-14
4.856788207913099541e+03 1.012221999999999983e-14
4.860977501939480135e+03 9.894591999999999361e-15
4.865166795965849815e+03 9.596009000000000481e-15
4.869356089992229499e+03 9.212749999999999670e-15
4.873545384018610093e+03 9.055585999999999232e-15
4.877734678044989778e+03 8.795645999999999194e-15
4.881923972071359458e+03 8.478080000000000691e-15
4.886113266097740052e+03 8.335578999999999837e-15
4.890302560124120646e+03 8.238363999999999302e-15
4.894491854150490326e+03 8.169785000000000678e-15
4.898681148176870011e+03 8.170251999999998640e-15
4.902870442203249695e+03 8.165444999999999507e-15
4.907059736229629380e+03 8.223143000000000785e-15
4.911249030255999969e+03 8.357034000000000893e-15
4.915438324282379654e+03 8.499764999999999780e-15
4.919627618308760248e+03 8.711550999999999944e-15
4.923816912335129018e+03 8.999744999999999673e-15
4.928006206361509612e+03 9.182479000000000247e-15
4.932195500387890206e+03 9.462709999999999495e-15
4.936384794414259886e+03 9.734302999999999884e-15
4.940574088440639571e+03 9.956359999999999934e-15
4.944763382467020165e+03 1.026252000000000095e-14
4.948952676493399849e+03 1.040779999999999845e-14
4.953141970519770439e+03 1.063354000000000121e-14
4.957331264546150123e+03 1.077446000000000114e-14
4.961520558572529808e+03 1.074510999999999998e-14
4.965709852598900397e+03 1.076374000000000005e-14
4.969899146625279172e+03 1.085725000000000026e-14
4.974088440651659766e+03 1.076078999999999948e-14
4.978277734678029447e+03 1.067459000000000056e-14
4.982467028704410041e+03 1.054013000000000035e-14
4.986656322730789725e+03 1.044726000000000008e-14
4.990845616757170319e+03 1.032936000000000028e-14
4.995034910783539999e+03 1.019213999999999999e-14
4.999224204809919684e+03 1.011668000000000014e-14
5.003413498836300278e+03 9.860223000000000951e-15
5.007602792862669958e+03 9.759019999999998979e-15
5.011792086889050552e+03 9.657207999999999367e-15
5.015981380915429327e+03 9.467101999999999193e-15
5.020170674941799916e+03 9.323331999999999620e-15
5.024359968968179601e+03 9.261887000000000847e-15
5.028549262994560195e+03 9.164675999999999591e-15
5.032738557020939879e+03 8.993803999999999602e-15
5.036927851047310469e+03 9.006665000000000187e-15
5.041117145073689244e+03 9.065229999999999986e-15
5.045306439100069838e+03 9.038600000000001366e-15
5.049495733126450432e+03 9.021031999999999421e-15
5.053685027152820112e+03 9.048111999999999064e-15
5.057874321179199796e+03 9.071178000000000374e-15
5.062063615205579481e+03 9.179702999999999904e-15
5.066252909231950071e+03 9.264749999999999726e-15
5.070442203258329755e+03 9.283816999999998424e-15
5.074631497284710349e+03 9.260498000000000066e-15
5.078820791311080029e+03 9.195318999999999880e-15
5.083010085337460623e+03 9.285231000000001015e-15
5.087199379363839398e+03 9.290159000000000451e-15
5.091388673390219992e+03 9.348101000000000397e-15
5.095577967416589672e+03 9.488236999999999486e-15
5.099767261442970266e+03 9.624056999999999393e-15
5.103956555469349951e+03 9.741505000000000114e-15
5.108145849495720540e+03 9.751053000000000797e-15
5.112335143522100225e+03 9.786691999999999323e-15
5.116524437548479909e+03 9.907843000000000727e-15
5.120713731574849589e+03 9.972969000000000989e-15
5.124903025601230183e+03 1.000176000000000024e-14
5.129092319627609868e+03 1.013298000000000003e-14
5.133281613653979548e+03 1.019348000000000013e-14
5.137470907680360142e+03 1.017347000000000081e-14
5.141660201706739826e+03 1.037921000000000088e-14
5.145849495733120420e+03 1.055965999999999930e-14
5.150038789759490101e+03 1.055703000000000107e-14
5.154228083785870695e+03 1.061487000000000045e-14
5.158417377812249470e+03 1.070807999999999946e-14
5.162606671838620969e+03 1.080170000000000037e-14
5.166795965864999744e+03 1.092315000000000001e-14
5.170985259891379428e+03 1.098677000000000005e-14
5.175174553917750018e+03 1.102198000000000008e-14
5.179363847944129702e+03 1.114308999999999940e-14
5.183553141970510296e+03 1.124342000000000078e-14
5.187742435996889981e+03 1.120935999999999880e-14
5.191931730023259661e+03 1.118645000000000096e-14
5.196121024049640255e+03 1.128828000000000048e-14
5.200310318076020849e+03 1.139775000000000027e-14
5.204499612102390529e+03 1.144027999999999980e-14
5.208688906128770213e+03 1.153044000000000046e-14
5.212878200155149898e+03 1.164201999999999901e-14
5.217067494181520487e+03 1.165012999999999984e-14
5.221256788207900172e+03 1.170665000000000022e-14
5.225446082234279856e+03 1.188665000000000078e-14
5.229635376260660450e+03 1.205944999999999917e-14
5.233824670287029221e+03 1.215854000000000134e-14
5.238013964313409815e+03 1.220885999999999936e-14
5.242203258339790409e+03 1.226954999999999996e-14
5.246392552366160089e+03 1.233227999999999930e-14
5.250581846392539774e+03 1.241810000000000037e-14
5.254771140418920368e+03 1.248823000000000058e-14
5.258960434445300052e+03 1.241338999999999955e-14
5.263149728471670642e+03 1.241930000000000047e-14
5.267339022498050326e+03 1.229340000000000053e-14
5.271528316524430011e+03 1.205592000000000047e-14
5.275717610550800600e+03 1.184404999999999965e-14
5.279906904577179375e+03 1.166945000000000032e-14
5.284096198603559969e+03 1.151247999999999967e-14
5.288285492629929649e+03 1.109488999999999992e-14
5.292474786656310243e+03 1.076915999999999926e-14
5.296664080682689928e+03 1.059010000000000143e-14
5.300853374709070522e+03 1.038529000000000117e-14
5.305042668735440202e+03 1.017595000000000081e-14
5.309231962761819887e+03 1.002732000000000060e-14
5.313421256788189567e+03 9.873679000000000119e-15
5.317610550814570161e+03 9.672504999999999979e-15
5.321799844840949845e+03 9.487600999999998818e-15
5.325989138867329530e+03 9.423148000000000451e-15
5.330178432893700119e+03 9.454153000000000252e-15
5.334367726920079804e+03 9.419968000000000269e-15
5.338557020946460398e+03 9.491365000000001141e-15
5.342746314972840082e+03 9.423418000000000749e-15
5.346935608999209762e+03 9.349242999999999894e-15
5.351124903025589447e+03 9.387144000000001375e-15
5.355314197051970041e+03 9.342047999999999981e-15
5.359503491078339721e+03 9.431666000000000405e-15
5.363692785104720315e+03 9.397426000000000859e-15
5.367882079131099999e+03 9.352387000000000246e-15
5.372071373157469679e+03 9.357873000000000194e-15
5.376260667183850273e+03 9.336501999999999792e-15
5.380449961210229048e+03 9.322924000000000501e-15
5.384639255236610552e+03 9.316740000000000005e-15
5.388828549262979323e+03 9.390928999999999917e-15
5.393017843289359917e+03 9.423168000000001583e-15
5.397207137315739601e+03 9.477353000000001102e-15
5.401396431342110191e+03 9.607904999999999678e-15
5.405585725368489875e+03 9.607420000000000224e-15
5.409775019394870469e+03 9.574398000000000690e-15
5.413964313421239240e+03 9.525941000000000147e-15
5.418153607447619834e+03 9.489351999999999111e-15
5.422342901474000428e+03 9.453017999999999495e-15
5.426532195500379203e+03 9.409215000000000388e-15
5.430721489526749792e+03 9.403994999999999881e-15
5.434910783553129477e+03 9.283332000000000547e-15
5.439100077579510071e+03 9.233006999999998689e-15
5.443289371605879751e+03 9.228718999999999200e-15
5.447478665632260345e+03 9.112243000000000184e-15
5.451667959658640029e+03 8.931451000000000224e-15
5.455857253685010619e+03 8.810594000000001108e-15
5.460046547711389394e+03 8.679906000000000196e-15
5.464235841737769988e+03 8.545061999999999695e-15
5.468425135764139668e+03 8.387941999999999225e-15
5.472614429790520262e+03 8.211880999999999459e-15
5.476803723816899947e+03 8.082563000000001171e-15
5.480993017843279631e+03 7.941238999999999823e-15
5.485182311869650221e+03 7.773990000000000722e-15
5.489371605896029905e+03 7.674273999999999241e-15
5.493560899922410499e+03 7.595775000000000645e-15
5.497750193948779270e+03 7.451450000000000021e-15
5.501939487975159864e+03 7.333700000000000030e-15
5.506128782001539548e+03 7.275558000000001382e-15
5.510318076027910138e+03 7.261258999999999372e-15
5.514507370054289822e+03 7.241263999999998936e-15
5.518696664080670416e+03 7.244595000000000331e-15
5.522885958107049191e+03 7.301196999999998563e-15
5.527075252133420690e+03 7.316042999999999909e-15
5.531264546159799465e+03 7.489240999999999218e-15
5.535453840186179150e+03 7.663393000000000317e-15
5.539643134212549739e+03 7.815975999999998797e-15
5.543832428238929424e+03 8.031206000000000522e-15
5.548021722265310018e+03 8.215793000000000379e-15
5.552211016291689702e+03 8.398281999999999310e-15
5.556400310318060292e+03 8.499704999999999538e-15
5.560589604344439977e+03 8.624151999999999172e-15
5.564778898370820571e+03 8.792400999999999670e-15
5.568968192397190251e+03 8.893717000000000230e-15
5.573157486423570845e+03 8.920820999999998708e-15
5.577346780449949620e+03 8.981863000000000618e-15
5.581536074476321119e+03 9.012081999999999936e-15
5.585725368502699894e+03 9.028126000000000163e-15
5.589914662529079578e+03 9.096595000000001237e-15
5.594103956555460172e+03 9.168076999999999427e-15
5.598293250581829852e+03 9.183929000000001089e-15
5.602482544608210446e+03 9.169792999999999710e-15
5.606671838634590131e+03 9.156028000000000954e-15
5.610861132660960720e+03 9.165614999999999349e-15
5.615050426687340405e+03 9.204618999999999459e-15
5.619239720713720999e+03 9.240104000000000469e-15
5.623429014740090679e+03 9.199593000000000312e-15
5.627618308766469454e+03 9.083261999999998856e-15
5.631807602792850048e+03 9.077796999999999861e-15
5.635996896819229733e+03 9.151403000000000608e-15
5.640186190845600322e+03 9.089057999999999789e-15
5.644375484871980007e+03 9.028338000000001437e-15
5.648564778898360601e+03 8.974788999999999430e-15
5.652754072924730281e+03 8.878173999999999733e-15
5.656943366951109965e+03 8.796650999999999690e-15
5.661132660977490559e+03 8.748680999999999820e-15
5.665321955003860239e+03 8.649783999999999191e-15
5.669511249030239014e+03 8.605812000000000535e-15
5.673700543056619608e+03 8.501824999999999660e-15
5.677889837083000202e+03 8.398745999999999390e-15
5.682079131109369882e+03 8.362453000000000281e-15
5.686268425135749567e+03 8.303680999999999886e-15
5.690457719162130161e+03 8.234716999999999580e-15
5.694647013188499841e+03 8.201231999999998209e-15
5.698836307214879525e+03 8.151567000000000586e-15
5.703025601241260119e+03 8.094251999999999772e-15
5.707214895267640713e+03 8.064046999999999511e-15
5.711404189294010393e+03 8.010790000000000152e-15
5.715593483320389169e+03 7.964471999999999465e-15
5.719782777346769763e+03 7.921410999999999297e-15
5.723972071373139443e+03 7.860953999999999348e-15
5.728161365399520037e+03 7.791423000000000151e-15
5.732350659425899721e+03 7.705348999999999061e-15
5.736539953452270311e+03 7.548560999999998770e-15
5.740729247478649995e+03 7.411719000000001427e-15
5.744918541505029680e+03 7.314024000000000536e-15
5.749107835531400269e+03 7.223661000000000137e-15
5.753297129557779954e+03 7.141071999999999536e-15
5.757486423584160548e+03 7.060466999999999876e-15
5.761675717610539323e+03 6.901126999999999933e-15
5.765865011636910822e+03 6.761400999999999603e-15
5.770054305663289597e+03 6.662038999999999863e-15
5.774243599689670191e+03 6.566927999999999963e-15
5.778432893716039871e+03 6.480955000000000410e-15
5.782622187742420465e+03 6.402268000000000951e-15
5.786811481768800149e+03 6.324915000000000343e-15
5.791000775795170739e+03 6.256079999999999689e-15
5.795190069821550424e+03 6.254424000000000437e-15
5.799379363847930108e+03 6.307861999999999551e-15
5.803568657874310702e+03 6.291848000000000234e-15
5.807757951900680382e+03 6.295624999999999427e-15
5.811947245927060976e+03 6.371971999999999719e-15
5.816136539953439751e+03 6.495199000000001278e-15
5.820325833979809431e+03 6.620716999999998992e-15
5.824515128006190025e+03 6.731849999999999924e-15
5.828704422032570619e+03 6.864095999999999588e-15
5.832893716058950304e+03 7.044643000000000272e-15
5.837083010085319984e+03 7.221268000000000257e-15
5.841272304111700578e+03 7.389554000000000405e-15
5.845461598138080262e+03 7.592412000000000279e-15
5.849650892164449033e+03 7.772558999999999615e-15
5.853840186190829627e+03 7.919630999999999493e-15
5.858029480217211130e+03 8.090829999999998984e-15
5.862218774243578991e+03 8.247960000000000809e-15
5.866408068269959585e+03 8.345952000000000292e-15
5.870597362296340179e+03 8.454815000000000499e-15
5.874786656322719864e+03 8.551736000000000324e-15
5.878975950349089544e+03 8.681026000000000498e-15
5.883165244375470138e+03 8.763998999999999806e-15
5.887354538401850732e+03 8.795694999999999838e-15
5.891543832428220412e+03 8.880324000000000764e-15
5.895733126454599187e+03 8.896980000000001246e-15
5.899922420480979781e+03 8.857283000000001264e-15
5.904111714507349461e+03 8.845626999999998299e-15
5.908301008533729146e+03 8.887694999999998966e-15
5.912490302560109740e+03 8.905634000000000380e-15
5.916679596586489424e+03 8.811809000000001661e-15
5.920868890612860014e+03 8.764610000000000241e-15
5.925058184639239698e+03 8.713535000000000885e-15
5.929247478665610288e+03 8.626240000000000322e-15
5.933436772691989972e+03 8.574420000000000990e-15
5.937626066718370566e+03 8.549920000000000691e-15
5.941815360744749341e+03 8.472418000000000876e-15
5.946004654771120840e+03 8.396996000000000496e-15
5.950193948797499615e+03 8.346811000000000253e-15
5.954383242823879300e+03 8.307262000000000446e-15
5.958572536850249890e+03 8.272690000000000720e-15
5.962761830876629574e+03 8.187153000000000766e-15
5.966951124903010168e+03 8.097527000000000204e-15
5.971140418929389853e+03 8.022886999999999449e-15
5.975329712955760442e+03 7.975459000000001393e-15
5.979519006982140127e+03 7.958080000000000130e-15
5.983708301008520721e+03 7.917969000000000532e-15
5.987897595034890401e+03 7.931931999999998349e-15
5.992086889061270995e+03 7.890153000000000870e-15
5.996276183087649770e+03 7.805735999999999641e-15
6.000465477114029454e+03 7.774698999999999290e-15
6.004654771140400044e+03 7.714685999999999867e-15
6.008844065166779728e+03 7.647566999999998707e-15
6.013033359193160322e+03 7.586616999999999166e-15
6.017222653219530002e+03 7.530640000000000426e-15
6.021411947245910596e+03 7.480916999999999046e-15
6.025601241272290281e+03 7.440374999999999737e-15
6.029790535298670875e+03 7.379233999999999874e-15
6.033979829325040555e+03 7.303477999999999674e-15
6.038169123351421149e+03 7.294117000000000034e-15
6.042358417377789010e+03 7.310423000000000421e-15
6.046547711404169604e+03 7.247639999999999574e-15
6.050737005430550198e+03 7.208410000000000710e-15
6.054926299456929883e+03 7.142149999999999511e-15
6.059115593483299563e+03 7.064643999999999628e-15
6.063304887509680157e+03 7.039842000000000058e-15
6.067494181536059841e+03 7.039351999999999137e-15
6.071683475562429521e+03 6.972575999999999332e-15
6.075872769588810115e+03 6.924013999999999549e-15
6.080062063615190709e+03 6.849944000000001089e-15
6.084251357641560389e+03 6.707125000000000691e-15
6.088440651667939164e+03 6.509945999999999149e-15
6.092629945694319758e+03 6.238003000000000244e-15
6.096819239720699443e+03 5.964116999999999327e-15
6.101008533747070032e+03 5.674841000000000343e-15
6.105197827773449717e+03 5.347271999999999457e-15
6.109387121799829401e+03 5.008977999999999960e-15
6.113576415826199991e+03 4.696174999999999835e-15
6.117765709852579675e+03 4.420315999999999941e-15
6.121955003878960270e+03 4.200937000000000523e-15
6.126144297905329950e+03 3.987146000000000043e-15
6.130333591931710544e+03 3.741204000000000197e-15
6.134522885958089319e+03 3.515474000000000373e-15
6.138712179984469913e+03 3.368992999999999798e-15
6.142901474010839593e+03 3.228144999999999920e-15
6.147090768037220187e+03 3.092557999999999873e-15
6.151280062063599871e+03 2.998772999999999868e-15
6.155469356089970461e+03 2.925289000000000033e-15
6.159658650116350145e+03 2.856084999999999945e-15
6.163847944142729830e+03 2.824269000000000218e-15
6.168037238169110424e+03 2.795213000000000166e-15
6.172226532195480104e+03 2.776132000000000044e-15
6.176415826221860698e+03 2.813260999999999705e-15
6.180605120248239473e+03 2.843082999999999896e-15
6.184794414274610972e+03 2.890600000000000073e-15
6.188983708300989747e+03 2.974717000000000094e-15
6.193173002327370341e+03 3.068330999999999726e-15
6.197362296353740021e+03 3.149700999999999705e-15
6.201551590380120615e+03 3.251296000000000126e-15
6.205740884406500300e+03 3.350499000000000093e-15
6.209930178432869980e+03 3.485797999999999928e-15
6.214119472459250574e+03 3.631882000000000588e-15
6.218308766485630258e+03 3.733537999999999887e-15
6.222498060512010852e+03 3.850894999999999636e-15
6.226687354538380532e+03 4.008880999999999597e-15
6.230876648564761126e+03 4.160302999999999634e-15
6.235065942591139901e+03 4.279737000000000147e-15
6.239255236617509581e+03 4.402116999999999583e-15
6.243444530643890175e+03 4.567750999999999939e-15
6.247633824670269860e+03 4.714050000000000150e-15
6.251823118696639540e+03 4.849907000000000495e-15
6.256012412723020134e+03 5.016577000000000500e-15
6.260201706749399818e+03 5.201102999999999507e-15
6.264391000775780412e+03 5.338128000000000190e-15
6.268580294802150092e+03 5.437919000000000001e-15
6.272769588828530686e+03 5.545538000000000143e-15
6.276958882854909461e+03 5.631355999999999204e-15
6.281148176881279142e+03 5.690695999999999888e-15
6.285337470907659736e+03 5.798131999999999845e-15
6.289526764934039420e+03 5.944311999999999393e-15
6.293716058960420014e+03 6.086443000000000597e-15
6.297905352986789694e+03 6.170515000000000043e-15
6.302094647013170288e+03 6.210196999999999570e-15
6.306283941039549973e+03 6.283813000000000883e-15
6.310473235065920562e+03 6.421611999999998688e-15
6.314662529092300247e+03 6.476326999999999026e-15
6.318851823118679022e+03 6.514544999999999443e-15
6.323041117145049611e+03 6.601572000000000137e-15
6.327230411171429296e+03 6.633163000000000141e-15
6.331419705197809890e+03 6.658136000000000478e-15
6.335608999224189574e+03 6.732115000000000333e-15
6.339798293250560164e+03 6.787382999999999716e-15
6.343987587276939848e+03 6.779596999999999712e-15
6.348176881303320442e+03 6.772961999999999950e-15
6.352366175329690122e+03 6.787283000000000365e-15
6.356555469356070716e+03 6.758940000000000133e-15
6.360744763382450401e+03 6.787427999999999503e-15
6.364934057408820991e+03 6.857769999999999414e-15
6.369123351435199766e+03 6.834940999999998822e-15
6.373312645461579450e+03 6.850834999999999233e-15
6.377501939487960044e+03 6.848180999999999802e-15
6.381691233514329724e+03 6.864338000000000983e-15
6.385880527540710318e+03 6.895340000000000535e-15
6.390069821567090003e+03 6.885529999999999692e-15
6.394259115593460592e+03 6.901184999999999746e-15
6.398448409619840277e+03 6.893567000000000260e-15
6.402637703646220871e+03 6.863474999999999376e-15
6.406826997672590551e+03 6.855765999999999707e-15
6.411016291698969326e+03 6.865146999999998903e-15
6.415205585725349920e+03 6.841511000000000031e-15
6.419394879751729604e+03 6.769256999999998837e-15
6.423584173778100194e+03 6.759893000000001315e-15
6.427773467804479878e+03 6.809427999999999466e-15
6.431962761830860472e+03 6.813762999999999959e-15
6.436152055857230152e+03 6.813863000000000888e-15
6.440341349883609837e+03 6.782171999999999956e-15
6.444530643909990431e+03 6.779170999999999101e-15
6.448719937936360111e+03 6.778038000000001139e-15
6.452909231962738886e+03 6.709613000000000032e-15
6.457098525989119480e+03 6.670958000000000196e-15
6.461287820015500074e+03 6.627920999999998862e-15
6.465477114041869754e+03 6.614023000000000386e-15
6.469666408068249439e+03 6.613467000000000304e-15
6.473855702094630033e+03 6.556654000000000617e-15
6.478044996120999713e+03 6.488920000000000530e-15
6.482234290147379397e+03 6.459119999999999928e-15
6.486423584173759991e+03 6.460749000000000097e-15
6.490612878200129671e+03 6.443744000000000918e-15
6.494802172226510265e+03 6.399304999999999566e-15
6.498991466252889040e+03 6.385464000000000294e-15
6.503180760279269634e+03 6.329373999999999811e-15
6.507370054305639314e+03 6.275020999999999773e-15
6.511559348332019908e+03 6.253575999999999284e-15
6.515748642358399593e+03 6.216786999999999545e-15
6.519937936384770182e+03 6.161217999999999924e-15
6.524127230411149867e+03 6.135495000000000511e-15
6.528316524437529552e+03 6.109028999999999974e-15
6.532505818463900141e+03 6.058624000000000687e-15
6.536695112490279826e+03 6.020303000000000670e-15
6.540884406516660420e+03 6.018020999999999739e-15
6.545073700543030100e+03 5.964340000000000198e-15
6.549262994569410694e+03 5.883780000000000325e-15
6.553452288595789469e+03 5.815463000000000284e-15
6.557641582622170063e+03 5.758800999999999443e-15
6.561830876648539743e+03 5.742599999999999873e-15
6.566020170674920337e+03 5.705598000000000618e-15
6.570209464701300021e+03 5.632301999999999279e-15
6.574398758727670611e+03 5.565645999999999167e-15
6.578588052754050295e+03 5.534478000000001103e-15
6.582777346780429980e+03 5.507693000000000413e-15
6.586966640806810574e+03 5.458128000000000563e-15
6.591155934833180254e+03 5.360739999999999620e-15
6.595345228859560848e+03 5.277069000000000553e-15
6.599534522885939623e+03 5.282470000000000026e-15
6.603723816912309303e+03 5.269726999999999496e-15
6.607913110938689897e+03 5.174995999999999811e-15
6.612102404965070491e+03 5.097077000000000132e-15
6.616291698991440171e+03 5.081232000000000364e-15
6.620480993017819856e+03 5.033436999999999752e-15
6.624670287044200450e+03 4.958515999999999101e-15
6.628859581070580134e+03 4.895416999999999927e-15
6.633048875096949814e+03 4.846378000000000039e-15
6.637238169123330408e+03 4.814381999999999588e-15
6.641427463149711002e+03 4.785099000000000567e-15
6.645616757176078863e+03 4.697422999999999969e-15
6.649806051202459457e+03 4.637930999999999829e-15
6.653995345228840051e+03 4.616596999999999866e-15
6.658184639255209731e+03 4.583624000000000188e-15
6.662373933281589416e+03 4.531563999999999890e-15
6.666563227307970010e+03 4.463565999999999214e-15
6.670752521334350604e+03 4.380624000000000636e-15
6.674941815360720284e+03 4.356871999999999772e-15
6.679131109387099968e+03 4.374465999999999403e-15
6.683320403413480562e+03 4.313837000000000444e-15
6.687509697439850243e+03 4.257834999999999895e-15
6.691698991466229018e+03 4.211047999999999239e-15
6.695888285492609612e+03 4.178643999999999669e-15
6.700077579518979292e+03 4.154587999999999895e-15
6.704266873545359886e+03 4.099156000000000063e-15
6.708456167571739570e+03 4.030549000000000169e-15
6.712645461598110160e+03 4.016227999999999753e-15
6.716834755624489844e+03 4.020127999999999679e-15
6.721024049650870438e+03 3.979324000000000209e-15
6.725213343677250123e+03 3.927759999999999752e-15
6.729402637703620712e+03 3.891227999999999497e-15
6.733591931730000397e+03 3.880642000000000315e-15
6.737781225756379172e+03 3.888387999999999632e-15
6.741970519782750671e+03 3.868621999999999776e-15
6.746159813809129446e+03 3.784118000000000011e-15
6.750349107835510040e+03 3.752342000000000182e-15
6.754538401861889724e+03 3.731762999999999972e-15
6.758727695888260314e+03 3.695417999999999970e-15
6.762916989914639998e+03 3.682080999999999098e-15
6.767106283941020592e+03 3.667355999999999633e-15
6.771295577967390273e+03 3.655786999999999938e-15
6.775484871993770867e+03 3.653362000000000298e-15
6.779674166020150551e+03 3.625203000000000070e-15
6.783863460046529326e+03 3.550800999999999852e-15
6.788052754072900825e+03 3.493836999999999742e-15
6.792242048099279600e+03 3.470228000000000347e-15
6.796431342125660194e+03 3.464707999999999422e-15
6.800620636152029874e+03 3.429717999999999616e-15
6.804809930178410468e+03 3.353495000000000271e-15
6.808999224204790153e+03 3.337208999999999832e-15
6.813188518231159833e+03 3.370124000000000486e-15
6.817377812257540427e+03 3.356262000000000262e-15
6.821567106283921021e+03 3.316954000000000453e-15
6.825756400310288882e+03 3.337230000000000390e-15
6.829945694336669476e+03 3.300263999999999781e-15
6.834134988363050979e+03 3.287055999999999745e-15
6.838324282389429754e+03 3.300154000000000653e-15
6.842513576415799434e+03 3.289063000000000095e-15
6.846702870442180028e+03 3.268869999999999808e-15
6.850892164468559713e+03 3.252948000000000098e-15
6.855081458494929393e+03 3.260717000000000403e-15
6.859270752521309987e+03 3.239697000000000310e-15
6.863460046547690581e+03 3.123116000000000082e-15
6.867649340574070266e+03 2.914447999999999824e-15
6.871838634600439036e+03 2.656772000000000013e-15
6.876027928626819630e+03 2.575603999999999953e-15
6.880217222653199315e+03 2.720757000000000204e-15
6.884406516679569904e+03 2.881235999999999789e-15
6.888595810705949589e+03 2.878546999999999953e-15
6.892785104732329273e+03 2.838847000000000117e-15
6.896974398758699863e+03 2.834760999999999758e-15
6.901163692785079547e+03 2.851310000000000178e-15
6.905352986811460141e+03 2.864032999999999970e-15
6.909542280837838916e+03 2.886357999999999796e-15
6.913731574864210415e+03 2.930620999999999703e-15
6.917920868890589190e+03 2.953360999999999753e-15
6.922110162916969784e+03 2.950695999999999935e-15
6.926299456943339464e+03 2.953819999999999944e-15
6.930488750969720058e+03 2.928015999999999732e-15
6.934678044996099743e+03 2.939272999999999986e-15
6.938867339022470333e+03 2.945755000000000078e-15
6.943056633048850017e+03 2.912567000000000061e-15
6.947245927075229702e+03 2.900336999999999860e-15
6.951435221101610296e+03 2.891023000000000040e-15
6.955624515127979976e+03 2.890107999999999906e-15
6.959813809154360570e+03 2.882482000000000283e-15
6.964003103180739345e+03 2.878237000000000152e-15
6.968192397207110844e+03 2.911332000000000347e-15
6.972381691233489619e+03 2.905054000000000208e-15
6.976570985259870213e+03 2.873380999999999980e-15
6.980760279286249897e+03 2.851249000000000511e-15
6.984949573312620487e+03 2.839624999999999673e-15
6.989138867339000171e+03 2.826382000000000416e-15
6.993328161365369851e+03 2.815637000000000278e-15
6.997517455391750445e+03 2.809931000000000102e-15
7.001706749418130130e+03 2.816333000000000004e-15
7.005896043444510724e+03 2.826037999999999636e-15
7.010085337470880404e+03 2.795069000000000059e-15
7.014274631497260998e+03 2.768569999999999942e-15
7.018463925523639773e+03 2.759389000000000237e-15
7.022653219550009453e+03 2.771350999999999779e-15
7.026842513576390047e+03 2.799280000000000001e-15
7.031031807602769732e+03 2.777445000000000308e-15
7.035221101629150326e+03 2.739700999999999748e-15
7.039410395655520006e+03 2.741042000000000098e-15
7.043599689681899690e+03 2.779055999999999773e-15
7.047788983708280284e+03 2.794447000000000421e-15
7.051978277734649964e+03 2.766832999999999890e-15
7.056167571761030558e+03 2.740324999999999815e-15
7.060356865787409333e+03 2.749120999999999810e-15
7.064546159813789927e+03 2.767204999999999968e-15
7.068735453840159607e+03 2.742510999999999492e-15
7.072924747866540201e+03 2.740602999999999856e-15
7.077114041892919886e+03 2.738514999999999890e-15
7.081303335919290475e+03 2.726142000000000192e-15
7.085492629945670160e+03 2.728985999999999731e-15
7.089681923972049844e+03 2.735889999999999971e-15
7.093871217998430438e+03 2.741756999999999953e-15
7.098060512024800119e+03 2.751189000000000222e-15
7.102249806051178894e+03 2.781241999999999845e-15
7.106439100077550393e+03 2.815147000000000146e-15
7.110628394103929168e+03 2.793859000000000183e-15
7.114817688130308852e+03 2.794817000000000070e-15
7.119006982156690356e+03 2.822812000000000242e-15
7.123196276183059126e+03 2.854822000000000145e-15
7.127385570209440630e+03 2.885034000000000329e-15
7.131574864235820314e+03 2.837552999999999588e-15
7.135764158262190904e+03 2.810127999999999738e-15
7.139953452288570588e+03 2.818372999999999540e-15
7.144142746314950273e+03 2.820765999999999814e-15
7.148332040341320862e+03 2.832847999999999839e-15
7.152521334367700547e+03 2.813980999999999843e-15
7.156710628394079322e+03 2.808595000000000035e-15
7.160899922420459006e+03 2.808257999999999966e-15
7.165089216446829596e+03 2.771187000000000118e-15
7.169278510473209280e+03 2.734733000000000019e-15
7.173467804499590784e+03 2.707686999999999776e-15
7.177657098525959555e+03 2.675390000000000269e-15
7.181846392552340149e+03 2.637334000000000268e-15
7.186035686578720743e+03 2.606484999999999991e-15
7.190224980605090423e+03 2.559102999999999964e-15
7.194414274631470107e+03 2.542177000000000367e-15
7.198603568657850701e+03 2.558305999999999884e-15
7.202792862684229476e+03 2.581922999999999810e-15
7.206982156710600975e+03 2.603542000000000132e-15
7.211171450736979750e+03 2.625052999999999783e-15
7.215360744763359435e+03 2.645117999999999844e-15
7.219550038789730024e+03 2.664847000000000051e-15
7.223739332816109709e+03 2.685187999999999724e-15
7.227928626842490303e+03 2.688222000000000159e-15
7.232117920868859983e+03 2.640111000000000037e-15
7.236307214895240577e+03 2.591892999999999852e-15
7.240496508921620261e+03 2.577477999999999794e-15
7.244685802948000855e+03 2.572355999999999787e-15
7.248875096974370535e+03 2.564358999999999906e-15
7.253064391000749310e+03 2.580388000000000072e-15
7.257253685027129904e+03 2.610589999999999690e-15
7.261442979053499585e+03 2.635450999999999681e-15
7.265632273079879269e+03 2.652199999999999985e-15
7.269821567106259863e+03 2.651680000000000127e-15
7.274010861132640457e+03 2.630235000000000032e-15
7.278200155159009228e+03 2.600331000000000010e-15
7.282389449185390731e+03 2.599051000000000115e-15
7.286578743211758592e+03 2.641600999999999594e-15
7.290768037238141005e+03 2.648791000000000012e-15
7.294957331264520690e+03 2.636316999999999960e-15
7.299146625290899465e+03 2.633412999999999785e-15
7.303335919317270054e+03 2.629477000000000030e-15
7.307525213343649739e+03 2.609571000000000136e-15
7.311714507370029423e+03 2.567908999999999736e-15
7.315903801396400013e+03 2.558139999999999794e-15
7.320093095422779697e+03 2.574837999999999814e-15
7.324282389449159382e+03 2.566371999999999964e-15
7.328471683475540885e+03 2.583659000000000042e-15
7.332660977501908746e+03 2.534051000000000045e-15
7.336850271528291159e+03 2.478784000000000088e-15
7.341039565554670844e+03 2.493769999999999894e-15
7.345228859581039615e+03 2.493587000000000104e-15
7.349418153607420209e+03 2.493674000000000217e-15
7.353607447633799893e+03 2.463208000000000010e-15
7.357796741660179578e+03 2.431802000000000225e-15
7.361986035686550167e+03 2.440233000000000065e-15
7.366175329712929852e+03 2.413400000000000128e-15
7.370364623739309536e+03 2.378879999999999717e-15
7.374553917765680126e+03 2.344501999999999773e-15
7.378743211792058901e+03 2.309871999999999839e-15
7.382932505818441314e+03 2.288582000000000237e-15
7.387121799844820998e+03 2.275151000000000118e-15
7.391311093871189769e+03 2.267647000000000223e-15
7.395500387897570363e+03 2.242076000000000265e-15
7.399689681923940043e+03 2.201611000000000110e-15
7.403878975950319727e+03 2.196127000000000197e-15
7.408068269976700321e+03 2.194722000000000325e-15
7.412257564003080006e+03 2.190519000000000126e-15
7.416446858029449686e+03 2.173576000000000040e-15
7.420636152055830280e+03 2.132385000000000038e-15
7.424825446082209055e+03 2.097512000000000072e-15
7.429014740108578735e+03 2.131132000000000015e-15
7.433204034134959329e+03 2.156737999999999982e-15
7.437393328161339923e+03 2.134757999999999573e-15
7.441582622187719608e+03 2.133833999999999876e-15
7.445771916214090197e+03 2.121762999999999843e-15
7.449961210240469882e+03 2.096252000000000127e-15
7.454150504266840471e+03 2.088214999999999953e-15
7.458339798293220156e+03 2.103865999999999938e-15
7.462529092319599840e+03 2.096590000000000015e-15
7.466718386345980434e+03 2.058849000000000099e-15
7.470907680372350114e+03 2.036371000000000209e-15
7.475096974398728889e+03 2.040798999999999736e-15
7.479286268425109483e+03 2.049656000000000188e-15
7.483475562451479163e+03 2.065849999999999835e-15
7.487664856477858848e+03 2.018020000000000003e-15
7.491854150504240351e+03 1.970828999999999903e-15
7.496043444530620036e+03 1.978652999999999771e-15
7.500232738556990626e+03 1.978369999999999841e-15
7.504422032583370310e+03 1.953186000000000022e-15
7.508611326609749995e+03 1.965562000000000364e-15
7.512800620636120584e+03 1.970204999999999836e-15
7.516989914662500269e+03 1.941469000000000152e-15
7.521179208688879044e+03 1.999442000000000039e-15
7.525368502715258728e+03 2.049630000000000136e-15
7.529557796741629318e+03 2.031856999999999994e-15
7.533747090768009002e+03 1.995012999999999903e-15
7.537936384794390506e+03 2.008656000000000113e-15
7.542125678820759276e+03 2.040906000000000193e-15
7.546314972847140780e+03 2.045566000000000155e-15
7.550504266873520464e+03 2.049328999999999897e-15
7.554693560899900149e+03 2.089724000000000033e-15
7.558882854926270738e+03 2.144392000000000156e-15
7.563072148952650423e+03 2.180783999999999979e-15
7.567261442979020103e+03 2.253016000000000400e-15
7.571450737005400697e+03 2.330564000000000215e-15
7.575640031031779472e+03 2.353202999999999911e-15
7.579829325058159156e+03 2.383170000000000029e-15
7.584018619084529746e+03 2.429994999999999760e-15
7.588207913110909431e+03 2.446213999999999639e-15
7.592397207137290025e+03 2.387293999999999857e-15
7.596586501163659705e+03 2.240638999999999844e-15
7.600775795190040299e+03 2.006991000000000115e-15
7.604965089216420893e+03 1.858636000000000093e-15
7.609154383242790573e+03 1.864899999999999991e-15
7.613343677269170257e+03 2.000201000000000255e-15
7.617532971295550851e+03 2.246487000000000092e-15
7.621722265321929626e+03 2.390331999999999967e-15
7.625911559348299306e+03 2.360326000000000165e-15
7.630100853374679900e+03 2.283320000000000192e-15
7.634290147401059585e+03 2.304908999999999999e-15
7.638479441427429265e+03 2.372977000000000299e-15
7.642668735453809859e+03 2.433341000000000032e-15
7.646858029480190453e+03 2.524550999999999792e-15
7.651047323506570137e+03 2.678890999999999850e-15
7.655236617532940727e+03 2.828180000000000135e-15
7.659425911559320411e+03 2.892314000000000321e-15
7.663615205585699186e+03 2.928335999999999706e-15
7.667804499612070686e+03 2.986594000000000346e-15
7.671993793638449461e+03 3.056543000000000016e-15
7.676183087664829145e+03 3.140827000000000342e-15
7.680372381691199735e+03 3.133469000000000194e-15
7.684561675717579419e+03 3.136561999999999867e-15
7.688750969743960013e+03 3.205677000000000203e-15
7.692940263770340607e+03 3.224655999999999362e-15
7.697129557796709378e+03 3.257600999999999742e-15
7.701318851823090881e+03 3.307885000000000305e-15
7.705508145849470566e+03 3.339172999999999641e-15
7.709697439875841155e+03 3.340811000000000162e-15
7.713886733902220840e+03 3.352360999999999728e-15
7.718076027928599615e+03 3.380595000000000258e-15
7.722265321954979299e+03 3.357482999999999735e-15
7.726454615981349889e+03 3.319946999999999987e-15
7.730643910007729573e+03 3.360862999999999802e-15
7.734833204034109258e+03 3.362112999999999970e-15
7.739022498060479847e+03 3.301102999999999793e-15
7.743211792086859532e+03 3.263852000000000009e-15
7.747401086113241035e+03 3.297795999999999600e-15
7.751590380139609806e+03 3.323420000000000270e-15
7.755779674165991310e+03 3.281176000000000130e-15
7.759968968192370994e+03 3.262212000000000243e-15
7.764158262218740674e+03 3.254420999999999955e-15
7.768347556245121268e+03 3.166755999999999742e-15
7.772536850271500043e+03 3.133529000000000435e-15
7.776726144297879728e+03 3.179952999999999787e-15
7.780915438324250317e+03 3.190355999999999968e-15
7.785104732350630002e+03 3.131910999999999863e-15
7.789294026377009686e+03 3.134107000000000107e-15
7.793483320403380276e+03 3.136162000000000098e-15
7.797672614429759960e+03 3.131873000000000000e-15
7.801861908456140554e+03 3.123189000000000350e-15
7.806051202482509325e+03 3.106944999999999844e-15
7.810240496508890828e+03 3.116560999999999723e-15
7.814429790535269603e+03 3.087281999999999982e-15
7.818619084561650197e+03 3.048016999999999925e-15
7.822808378588019877e+03 3.073390999999999851e-15
7.826997672614399562e+03 3.142997999999999959e-15
7.831186966640780156e+03 3.102359000000000365e-15
7.835376260667149836e+03 3.103692000000000183e-15
7.839565554693530430e+03 3.144177000000000288e-15
7.843754848719910115e+03 3.091992000000000013e-15
7.847944142746278885e+03 3.091777000000000068e-15
7.852133436772659479e+03 3.111537999999999641e-15
7.856322730799040073e+03 3.119937999999999935e-15
7.860512024825419758e+03 3.132922000000000069e-15
7.864701318851790347e+03 3.166441999999999872e-15
7.868890612878170032e+03 3.187355999999999722e-15
7.873079906904549716e+03 3.201694000000000627e-15
7.877269200930920306e+03 3.194659000000000306e-15
7.881458494957299990e+03 3.167507000000000215e-15
7.885647788983678765e+03 3.194229000000000416e-15
7.889837083010060269e+03 3.198664000000000260e-15
7.894026377036429039e+03 3.220822999999999996e-15
7.898215671062808724e+03 3.279757999999999444e-15
7.902404965089190227e+03 3.280795999999999521e-15
7.906594259115558998e+03 3.238960000000000077e-15
7.910783553141940502e+03 3.253484000000000232e-15
7.914972847168320186e+03 3.302644999999999849e-15
7.919162141194690776e+03 3.304383000000000115e-15
7.923351435221070460e+03 3.311697999999999722e-15
7.927540729247450145e+03 3.363105999999999866e-15
7.931730023273820734e+03 3.370382000000000184e-15
7.935919317300200419e+03 3.349053000000000109e-15
7.940108611326579194e+03 3.411562999999999620e-15
7.944297905352958878e+03 3.405745000000000282e-15
7.948487199379329468e+03 3.376576000000000063e-15
7.952676493405709152e+03 3.396987999999999575e-15
7.956865787432090656e+03 3.429502999999999671e-15
7.961055081458459426e+03 3.395199999999999634e-15
7.965244375484840020e+03 3.395649999999999868e-15
7.969433669511220614e+03 3.401628000000000377e-15
7.973622963537590294e+03 3.381123000000000253e-15
7.977812257563969979e+03 3.384819000000000225e-15
7.982001551590350573e+03 3.367842000000000344e-15
7.986190845616720253e+03 3.411547999999999954e-15
7.990380139643100847e+03 3.441484000000000526e-15
7.994569433669479622e+03 3.367557999999999805e-15
7.998758727695859307e+03 3.340608999999999848e-15
8.002948021722229896e+03 3.344134000000000236e-15
8.007137315748609581e+03 3.329494000000000455e-15
8.011326609774990175e+03 3.279255999999999500e-15
8.015515903801359855e+03 3.219793000000000056e-15
8.019705197827740449e+03 3.210575999999999733e-15
8.023894491854120133e+03 3.228720999999999557e-15
8.028083785880500727e+03 3.259179000000000416e-15
8.032273079906870407e+03 3.292884999999999864e-15
8.036462373933249182e+03 3.294161999999999904e-15
8.040651667959629776e+03 3.273300000000000552e-15
8.044840961985999456e+03 3.254705999999999525e-15
8.049030256012379141e+03 3.237429999999999833e-15
8.053219550038759735e+03 3.205725000000000238e-15
8.057408844065129415e+03 3.195197000000000474e-15
8.061598138091509099e+03 3.241624999999999895e-15
8.065787432117890603e+03 3.252970999999999507e-15
8.069976726144270287e+03 3.159887000000000301e-15
8.074166020170640877e+03 3.115437000000000140e-15
8.078355314197020562e+03 3.169324000000000458e-15
8.082544608223399337e+03 3.236202999999999863e-15
8.086733902249770836e+03 3.226689999999999978e-15
8.090923196276149611e+03 3.161085999999999790e-15
8.095112490302529295e+03 3.127935000000000211e-15
8.099301784328899885e+03 3.139939999999999900e-15
8.103491078355279569e+03 3.158898000000000079e-15
8.107680372381659254e+03 3.159642999999999660e-15
8.111869666408040757e+03 3.162209000000000341e-15
8.116058960434409528e+03 3.147100999999999623e-15
8.120248254460791031e+03 3.128564000000000166e-15
8.124437548487170716e+03 3.139802000000000291e-15
8.128626842513540396e+03 3.171394999999999935e-15
8.132816136539920990e+03 3.163142999999999816e-15
8.137005430566299765e+03 3.146779000000000010e-15
8.141194724592671264e+03 3.142500000000000083e-15
8.145384018619050039e+03 3.136312000000000307e-15
8.149573312645429723e+03 3.143329999999999744e-15
8.153762606671809408e+03 3.123147000000000023e-15
8.157951900698179998e+03 3.139325999999999610e-15
8.162141194724559682e+03 3.184848000000000037e-15
8.166330488750941186e+03 3.111615999999999797e-15
8.170519782777309956e+03 3.052410999999999656e-15
8.174709076803690550e+03 3.035866999999999914e-15
8.178898370830071144e+03 3.048687999999999813e-15
8.183087664856440824e+03 3.072422000000000367e-15
8.187276958882819599e+03 3.042562000000000312e-15
8.191466252909200193e+03 3.045249999999999933e-15
8.195655546935569873e+03 3.032029000000000265e-15
8.199844840961948648e+03 2.968730000000000023e-15
8.204034134988329242e+03 2.981568000000000016e-15
8.208223429014709836e+03 2.990129999999999937e-15
8.212412723041079516e+03 2.941767999999999645e-15
8.216602017067460110e+03 2.891290999999999515e-15
8.220791311093840704e+03 2.894662000000000414e-15
8.224980605120210384e+03 2.851944999999999842e-15
8.229169899146590978e+03 2.763132999999999849e-15
8.233359193172969754e+03 2.714133000000000039e-15
8.237548487199350348e+03 2.740614000000000242e-15
8.241737781225720028e+03 2.754790999999999762e-15
8.245927075252098803e+03 2.704802999999999550e-15
8.250116369278479397e+03 2.709931000000000055e-15
8.254305663304859991e+03 2.785317999999999637e-15
8.258494957331229671e+03 2.786693000000000177e-15
8.262684251357610265e+03 2.746764000000000155e-15
8.266873545383979945e+03 2.692349000000000236e-15
8.271062839410358720e+03 2.678980999999999818e-15
8.275252133436741133e+03 2.716107000000000414e-15
8.279441427463119908e+03 2.708670999999999715e-15
8.283630721489491407e+03 2.706517999999999619e-15
8.287820015515870182e+03 2.709589999999999918e-15
8.292009309542248957e+03 2.711254999999999916e-15
8.296198603568620456e+03 2.739044000000000100e-15
8.300387897594999231e+03 2.755865999999999489e-15
8.304577191621379825e+03 2.714196999999999955e-15
8.308766485647758600e+03 2.685265999999999486e-15
8.312955779674130099e+03 2.746423000000000018e-15
8.317145073700508874e+03 2.777159000000000523e-15
8.321334367726891287e+03 2.757679000000000451e-15
8.325523661753259148e+03 2.720929999999999822e-15
8.329712955779641561e+03 2.700312999999999748e-15
8.333902249806020336e+03 2.698615999999999989e-15
8.338091543832390016e+03 2.722567999999999949e-15
8.342280837858770610e+03 2.707230999999999834e-15
8.346470131885149385e+03 2.692035999999999791e-15
8.350659425911529979e+03 2.747459999999999881e-15
8.354848719937899659e+03 2.734062000000000131e-15
8.359038013964280253e+03 2.750390999999999928e-15
8.363227307990659028e+03 2.747165000000000139e-15
8.367416602017030527e+03 2.681690999999999817e-15
8.371605896043409302e+03 2.722105000000000083e-15
8.375795190069789896e+03 2.704294000000000078e-15
8.379984484096159576e+03 2.703317999999999882e-15
8.384173778122540170e+03 2.775390999999999742e-15
8.388363072148920764e+03 2.776546999999999874e-15
8.392552366175299539e+03 2.664480999999999681e-15
8.396741660201669220e+03 2.658045999999999805e-15
8.400930954228049814e+03 2.747827999999999890e-15
8.405120248254430408e+03 2.759760999999999526e-15
8.409309542280800088e+03 2.730522000000000077e-15
8.413498836307180682e+03 2.741550999999999571e-15
8.417688130333559457e+03 2.769388000000000185e-15
8.421877424359929137e+03 2.761482000000000091e-15
8.426066718386309731e+03 2.737031999999999862e-15
8.430256012412690325e+03 2.750989000000000337e-15
8.434445306439058186e+03 2.761384999999999806e-15
8.438634600465440599e+03 2.741505999999999784e-15
8.442823894491819374e+03 2.727913000000000038e-15
8.447013188518199968e+03 2.738897000000000140e-15
8.451202482544569648e+03 2.692637000000000054e-15
8.455391776570950242e+03 2.652780999999999905e-15
8.459581070597329017e+03 2.665962000000000070e-15
8.463770364623700516e+03 2.622475999999999505e-15
8.467959658650079291e+03 2.638362000000000173e-15
8.472148952676459885e+03 2.650519000000000106e-15
8.476338246702829565e+03 2.650589999999999945e-15
8.480527540729208340e+03 2.715197999999999989e-15
8.484716834755590753e+03 2.692832999999999871e-15
8.488906128781969528e+03 2.714670999999999813e-15
8.493095422808341027e+03 2.767964000000000184e-15
8.497284716834719802e+03 2.755745999999999795e-15
8.501474010861100396e+03 2.790480999999999757e-15
8.505663304887470076e+03 2.802237000000000100e-15
8.509852598913850670e+03 2.783734000000000044e-15
8.514041892940229445e+03 2.798587000000000129e-15
8.518231186966608220e+03 2.861427000000000180e-15
8.522420480992979719e+03 2.862253999999999986e-15
8.526609775019358494e+03 2.896195000000000117e-15
8.530799069045740907e+03 2.947155000000000062e-15
8.534988363072108768e+03 2.909302000000000194e-15
8.539177657098491181e+03 2.909618000000000099e-15
8.543366951124869956e+03 2.888092999999999813e-15
8.547556245151250550e+03 2.915494000000000433e-15
8.551745539177620230e+03 3.018890999999999459e-15
8.555934833204000824e+03 3.019839999999999782e-15
8.560124127230370505e+03 3.048719000000000148e-15
8.564313421256751099e+03 3.074965000000000062e-15
8.568502715283129874e+03 3.040973000000000041e-15
8.572692009309508649e+03 3.020762999999999660e-15
8.576881303335880148e+03 3.112414000000000091e-15
8.581070597362258923e+03 3.153894000000000521e-15
8.585259891388628603e+03 3.091910000000000182e-15
8.589449185415020111e+03 3.043004000000000014e-15
8.593638479441389791e+03 3.065555000000000171e-15
8.597827773467770385e+03 3.095250999999999777e-15
8.602017067494140065e+03 3.046334999999999831e-15
8.606206361520520659e+03 2.992964000000000093e-15
8.610395655546899434e+03 3.096052999999999745e-15
8.614584949573280028e+03 3.141000999999999780e-15
8.618774243599649708e+03 3.153705999999999659e-15
8.622963537626030302e+03 3.161915999999999845e-15
8.627152831652409077e+03 3.113816000000000109e-15
8.631342125678789671e+03 3.104980000000000215e-15
8.635531419705159351e+03 3.130050000000000049e-15
8.639720713731539945e+03 3.082030999999999929e-15
8.643910007757920539e+03 2.977255999999999720e-15
8.648099301784290219e+03 3.016890999999999821e-15
8.652288595810670813e+03 3.052965000000000099e-15
8.656477889837049588e+03 3.064874999999999931e-15
8.660667183863421087e+03 3.091255999999999995e-15
8.664856477889799862e+03 3.089639999999999852e-15
8.669045771916178637e+03 3.041402999999999932e-15
8.673235065942550136e+03 3.083150999999999836e-15
8.677424359968928911e+03 3.157109000000000317e-15
8.681613653995309505e+03 3.116269000000000230e-15
8.685802948021690099e+03 3.104415999999999601e-15
8.689992242048059779e+03 3.022325999999999484e-15
8.694181536074440373e+03 2.996090999999999956e-15
8.698370830100820967e+03 3.116847999999999721e-15
8.702560124127190647e+03 3.162855999999999817e-15
8.706749418153571241e+03 3.154911000000000040e-15
8.710938712179950016e+03 3.156769999999999820e-15
8.715128006206321515e+03 3.195530999999999899e-15
8.719317300232700291e+03 3.219699999999999445e-15
8.723506594259079066e+03 3.138184999999999933e-15
8.727695888285459660e+03 3.137069000000000489e-15
8.731885182311829340e+03 3.235280000000000380e-15
8.736074476338209934e+03 3.264735000000000383e-15
8.740263770364590528e+03 3.195329999999999800e-15
8.744453064390960208e+03 3.078494000000000124e-15
8.748642358417340802e+03 3.088839000000000098e-15
8.752831652443721396e+03 3.233135999999999847e-15
8.757020946470091076e+03 3.269134000000000397e-15
8.761210240496469851e+03 3.242047000000000042e-15
8.765399534522850445e+03 3.184488000000000165e-15
8.769588828549229220e+03 3.161757999999999893e-15
8.773778122575600719e+03 3.222930000000000091e-15
8.777967416601979494e+03 3.228864999999999664e-15
8.782156710628360088e+03 3.240491000000000141e-15
8.786346004654729768e+03 3.282655999999999910e-15
8.790535298681110362e+03 3.306975000000000059e-15
8.794724592707490956e+03 3.299394999999999648e-15
8.798913886733871550e+03 3.285242999999999966e-15
8.803103180760241230e+03 3.332109000000000597e-15
8.807292474786620005e+03 3.406587000000000543e-15
8.811481768812991504e+03 3.390836999999999843e-15
8.815671062839370279e+03 3.401260999999999399e-15
8.819860356865749054e+03 3.347968000000000211e-15
8.824049650892129648e+03 3.309891999999999866e-15
8.828238944918499328e+03 3.423095000000000061e-15
8.832428238944879922e+03 3.358502000000000078e-15
8.836617532971260516e+03 3.316572000000000203e-15
8.840806826997630196e+03 3.358728000000000015e-15
8.844996121024008971e+03 3.375125999999999616e-15
8.849185415050391384e+03 3.414227999999999832e-15
8.853374709076759245e+03 3.409284000000000121e-15
8.857564003103141658e+03 3.420216000000000118e-15
8.861753297129520433e+03 3.489145999999999445e-15
8.865942591155899208e+03 3.536459000000000062e-15
8.870131885182270707e+03 3.541094000000000186e-15
8.874321179208649482e+03 3.486110999999999584e-15
8.878510473235030076e+03 3.403935999999999388e-15
8.882699767261410670e+03 3.389842000000000307e-15
8.886889061287780351e+03 3.523106000000000100e-15
8.891078355314159126e+03 3.516744000000000096e-15
8.895267649340530625e+03 3.423279000000000065e-15
8.899456943366909400e+03 3.451861999999999686e-15
8.903646237393291813e+03 3.483955000000000422e-15
8.907835531419670588e+03 3.457665999999999573e-15
8.912024825446040268e+03 3.485958000000000309e-15
8.916214119472420862e+03 3.588242000000000533e-15
8.920403413498799637e+03 3.608550000000000626e-15
8.924592707525180231e+03 3.568619000000000175e-15
8.928782001551549911e+03 3.483852000000000428e-15
8.932971295577930505e+03 3.475604000000000772e-15
8.937160589604309280e+03 3.576237000000000450e-15
8.941349883630680779e+03 3.477580999999999818e-15
8.945539177657059554e+03 3.422984999999999749e-15
8.949728471683441967e+03 3.464404999999999937e-15
8.953917765709809828e+03 3.481297000000000134e-15
8.958107059736190422e+03 3.519071999999999845e-15
8.962296353762571016e+03 3.474749000000000091e-15
8.966485647788949791e+03 3.419526999999999921e-15
8.970674941815319471e+03 3.408670000000000226e-15
8.974864235841700065e+03 3.376865000000000096e-15
8.979053529868080659e+03 3.373635999999999665e-15
8.983242823894450339e+03 3.367535000000000002e-15
8.987432117920830933e+03 3.347749000000000197e-15
8.991621411947209708e+03 3.315442000000000124e-15
8.995810705973579388e+03 3.201380000000000362e-15
8.999999999999959982e+03 3.165175999999999429e-15
