3.799593904715999997e+03 4.912979999999999815e-16
3.802634980225199797e+03 4.622980000000000033e-16
3.805676158825199764e+03 4.657189999999999853e-16
3.808717234334400018e+03 4.565779999999999813e-16
3.811758309843599818e+03 4.819930000000000206e-16
3.814799385352799618e+03 4.748639999999999594e-16
3.817840460861999418e+03 3.965419999999999658e-16
3.820881536371199672e+03 4.168870000000000035e-16
3.823922611880399927e+03 4.396059999999999394e-16
3.826963687389599727e+03 4.850730000000000627e-16
3.830004762898799981e+03 4.904749999999999482e-16
3.833045838407999327e+03 4.574550000000000545e-16
3.836086913917199581e+03 5.217739999999999663e-16
3.839128092517200002e+03 5.292580000000000106e-16
3.842169168026399802e+03 4.990180000000000359e-16
3.845210243535599602e+03 5.697359999999999950e-16
3.848251319044799402e+03 5.228730000000000064e-16
3.851292394553999657e+03 5.706290000000000472e-16
3.854333470063199911e+03 5.261759999999999341e-16
3.857374545572399711e+03 4.885579999999999606e-16
3.860415621081599966e+03 5.641340000000000275e-16
3.863456696590799766e+03 5.805390000000000446e-16
3.866497772099999565e+03 5.987050000000000325e-16
3.869538847609199820e+03 5.712399999999999895e-16
3.872580026209199787e+03 5.679990000000000420e-16
3.875621101718399586e+03 5.844549999999999488e-16
3.878662177227599386e+03 5.828899999999999914e-16
3.881703252736799641e+03 5.679249999999999544e-16
3.884744328245999895e+03 5.477449999999999893e-16
3.887785403755199695e+03 5.448099999999999722e-16
3.890826479264399950e+03 5.906739999999999617e-16
3.893867554773599750e+03 6.413399999999999847e-16
3.896908630282799550e+03 6.244240000000000664e-16
3.899949705792000259e+03 6.590710000000000948e-16
3.902990884391999771e+03 6.713739999999999714e-16
3.906031959901199571e+03 6.651930000000000195e-16
3.909073035410399370e+03 6.917389999999999582e-16
3.912114110919599625e+03 7.186849999999999626e-16
3.915155186428799880e+03 6.847639999999998794e-16
3.918196261937999680e+03 6.906010000000000372e-16
3.921237337447199934e+03 7.159929999999999772e-16
3.924278412956399734e+03 7.942760000000000898e-16
3.927319488465599534e+03 8.557469999999999995e-16
3.930360563974799788e+03 8.136139999999998925e-16
3.933401639483999588e+03 8.466619999999998726e-16
3.936442818083999555e+03 8.224529999999999361e-16
3.939483893593199809e+03 9.467009999999999979e-16
3.942524969102399609e+03 9.433630000000000608e-16
3.945566044611599864e+03 9.993509999999999758e-16
3.948607120120799664e+03 1.042440000000000034e-15
3.951648195629999918e+03 1.045219999999999854e-15
3.954689271139200173e+03 1.069270000000000117e-15
3.957730346648399518e+03 1.134279999999999964e-15
3.960771422157599773e+03 1.196770000000000118e-15
3.963812497666799572e+03 1.181520000000000116e-15
3.966853573175999827e+03 1.156160000000000036e-15
3.969894751776000248e+03 1.188050000000000047e-15
3.972935827285199593e+03 1.241830000000000104e-15
3.975976902794399848e+03 1.253509999999999931e-15
3.979017978303599648e+03 1.262050000000000066e-15
3.982059053812799903e+03 1.322929999999999983e-15
3.985100129322000157e+03 1.316570000000000013e-15
3.988141204831199502e+03 1.369190000000000068e-15
3.991182280340399757e+03 1.352839999999999910e-15
3.994223355849599557e+03 1.381269999999999862e-15
3.997264431358799811e+03 1.391499999999999833e-15
4.000305609958799778e+03 1.414589999999999977e-15
4.003346685467999578e+03 1.390650000000000026e-15
4.006387760977199832e+03 1.344089999999999916e-15
4.009428836486399632e+03 1.370999999999999993e-15
4.012469911995599887e+03 1.478759999999999992e-15
4.015510987504800141e+03 1.493950000000000146e-15
4.018552063013999486e+03 1.504420000000000098e-15
4.021593138523199741e+03 1.499909999999999951e-15
4.024634214032399541e+03 1.470939999999999995e-15
4.027675289541599795e+03 1.469340000000000127e-15
4.030716365050800050e+03 1.511449999999999938e-15
4.033757543650799562e+03 1.506429999999999907e-15
4.036798619159999816e+03 1.468520000000000047e-15
4.039839694669199616e+03 1.429950000000000093e-15
4.042880770178399871e+03 1.428970000000000025e-15
4.045921845687600126e+03 1.420659999999999896e-15
4.048962921196799471e+03 1.446069999999999850e-15
4.052003996705999725e+03 1.416929999999999932e-15
4.055045072215199525e+03 1.354460000000000122e-15
4.058086147724399780e+03 1.319570000000000062e-15
4.061127223233600034e+03 1.294389999999999917e-15
4.064168401833599546e+03 1.321430000000000057e-15
4.067209477342799801e+03 1.311590000000000078e-15
4.070250552851999601e+03 1.240520000000000089e-15
4.073291628361199855e+03 1.257469999999999901e-15
4.076332703870400110e+03 1.218479999999999833e-15
4.079373779379599455e+03 1.171560000000000049e-15
4.082414854888799709e+03 1.204529999999999873e-15
4.085455930397999509e+03 1.144809999999999960e-15
4.088497005907199764e+03 1.247689999999999967e-15
4.091538081416400018e+03 1.124559999999999877e-15
4.094579156925599818e+03 1.153270000000000101e-15
4.097620335525599330e+03 1.162410000000000088e-15
4.100661411034800039e+03 1.153070000000000019e-15
4.103702486543999839e+03 1.149709999999999901e-15
4.106743562053199639e+03 1.111439999999999972e-15
4.109784637562399439e+03 1.168839999999999879e-15
4.112825713071599239e+03 1.158550000000000061e-15
4.115866788580799948e+03 1.175779999999999948e-15
4.118907864089999748e+03 1.161180000000000066e-15
4.121948939599199548e+03 1.179489999999999963e-15
4.124990015108400257e+03 1.251380000000000033e-15
4.128031090617599148e+03 1.259539999999999952e-15
4.131072269217599569e+03 1.299840000000000035e-15
4.134113344726800278e+03 1.282489999999999862e-15
4.137154420236000078e+03 1.326700000000000042e-15
4.140195495745199878e+03 1.317709999999999870e-15
4.143236571254399678e+03 1.383580000000000090e-15
4.146277646763599478e+03 1.415100000000000058e-15
4.149318722272800187e+03 1.338799999999999982e-15
4.152359797781999987e+03 1.366660000000000005e-15
4.155400873291199787e+03 1.427679999999999959e-15
4.158441948800399587e+03 1.479879999999999900e-15
4.161483024309599386e+03 1.427769999999999927e-15
4.164524202909599808e+03 1.492660000000000080e-15
4.167565278418799608e+03 1.509200000000000148e-15
4.170606353927999407e+03 1.474550000000000068e-15
4.173647429437199207e+03 1.514669999999999820e-15
4.176688504946399917e+03 1.550580000000000043e-15
4.179729580455599717e+03 1.521819999999999947e-15
4.182770655964799516e+03 1.509140000000000103e-15
4.185811731474000226e+03 1.555139999999999865e-15
4.188852806983200026e+03 1.608180000000000032e-15
4.191893882492399825e+03 1.596320000000000072e-15
4.194934958001599625e+03 1.575919999999999978e-15
4.197976136601600047e+03 1.532840000000000074e-15
4.201017212110799846e+03 1.539149999999999974e-15
4.204058287619999646e+03 1.584179999999999840e-15
4.207099363129199446e+03 1.524569999999999843e-15
4.210140438638400155e+03 1.521509999999999947e-15
4.213181514147599955e+03 1.532980000000000112e-15
4.216222589656799755e+03 1.538160000000000129e-15
4.219263665165999555e+03 1.496739999999999941e-15
4.222304740675199355e+03 1.417599999999999803e-15
4.225345919275199776e+03 1.435070000000000065e-15
4.228386994784399576e+03 1.423390000000000041e-15
4.231428070293599376e+03 1.424910000000000113e-15
4.234469145802800085e+03 1.436979999999999933e-15
4.237510221311999885e+03 1.372840000000000038e-15
4.240551296821199685e+03 1.360370000000000054e-15
4.243592372330399485e+03 1.362249999999999998e-15
4.246633447839599285e+03 1.399070000000000072e-15
4.249674523348799994e+03 1.381629999999999931e-15
4.252715598857999794e+03 1.369069999999999979e-15
4.255756674367200503e+03 1.341899999999999973e-15
4.258797852967200015e+03 1.289249999999999995e-15
4.261838928476399815e+03 1.322169999999999947e-15
4.264880003985599615e+03 1.320240000000000130e-15
4.267921079494799415e+03 1.310270000000000088e-15
4.270962155003999214e+03 1.339450000000000101e-15
4.274003230513199924e+03 1.341539999999999904e-15
4.277044306022399724e+03 1.311680000000000046e-15
4.280085381531599523e+03 1.311530000000000034e-15
4.283126457040799323e+03 1.341709999999999866e-15
4.286167532550000033e+03 1.278999999999999878e-15
4.289208608059199832e+03 1.286670000000000060e-15
4.292249786659199344e+03 1.285319999999999949e-15
4.295290862168400054e+03 1.297509999999999857e-15
4.298331937677599853e+03 1.297819999999999857e-15
4.301373013186799653e+03 1.249269999999999886e-15
4.304414088695999453e+03 1.260299999999999988e-15
4.307455164205199253e+03 1.174909999999999995e-15
4.310496239714399962e+03 1.220700000000000094e-15
4.313537315223599762e+03 1.189690000000000011e-15
4.316578390732800472e+03 1.173669999999999999e-15
4.319619466241999362e+03 1.135819999999999985e-15
4.322660541751199162e+03 1.137250000000000089e-15
4.325701720351200493e+03 1.139830000000000025e-15
4.328742795860399383e+03 1.120209999999999915e-15
4.331783871369599183e+03 1.109349999999999971e-15
4.334824946878799892e+03 1.080409999999999939e-15
4.337866022387999692e+03 1.040339999999999862e-15
4.340907097897200401e+03 1.038049999999999976e-15
4.343948173406399292e+03 1.053120000000000042e-15
4.346989248915600001e+03 1.030429999999999864e-15
4.350030324424799801e+03 1.025529999999999923e-15
4.353071399933999601e+03 9.910090000000000860e-16
4.356112475443199401e+03 9.837940000000000270e-16
4.359153654043199822e+03 9.606210000000000348e-16
4.362194729552399622e+03 9.841960000000000284e-16
4.365235805061599422e+03 9.742280000000000210e-16
4.368276880570799221e+03 9.275139999999998303e-16
4.371317956079999931e+03 9.197110000000001254e-16
4.374359031589199731e+03 8.922180000000000945e-16
4.377400107098400440e+03 8.546950000000000763e-16
4.380441182607599330e+03 8.259550000000001260e-16
4.383482258116799130e+03 8.313139999999998646e-16
4.386523333625999840e+03 8.271760000000000920e-16
4.389564512225999351e+03 8.065640000000000047e-16
4.392605587735199151e+03 8.201670000000000209e-16
4.395646663244399861e+03 7.640229999999999905e-16
4.398687738753599660e+03 7.538069999999999641e-16
4.401728814262800370e+03 7.382289999999999504e-16
4.404769889771999260e+03 7.694500000000000095e-16
4.407810965281199969e+03 7.833469999999999472e-16
4.410852040790399769e+03 7.532439999999999587e-16
4.413893116299599569e+03 7.932800000000000437e-16
4.416934191808800279e+03 7.767300000000000016e-16
4.419975370408799790e+03 7.716230000000000548e-16
4.423016445917999590e+03 7.623010000000000978e-16
4.426057521427199390e+03 8.032450000000000981e-16
4.429098596936399190e+03 8.118810000000000081e-16
4.432139672445599899e+03 8.142430000000000453e-16
4.435180747954799699e+03 8.129270000000000255e-16
4.438221823463999499e+03 8.307000000000000680e-16
4.441262898973199299e+03 8.531360000000001233e-16
4.444303974482399099e+03 8.746349999999999625e-16
4.447345049991599808e+03 8.362730000000001292e-16
4.450386125500799608e+03 8.608089999999998636e-16
4.453427304100799120e+03 8.789049999999999313e-16
4.456468379609999829e+03 9.045329999999999801e-16
4.459509455119199629e+03 8.950200000000000955e-16
4.462550530628400338e+03 8.765880000000000753e-16
4.465591606137599229e+03 8.495200000000000464e-16
4.468632681646799938e+03 8.659089999999998873e-16
4.471673757155999738e+03 9.060089999999998881e-16
4.474714832665199538e+03 9.436630000000000854e-16
4.477755908174400247e+03 9.271429999999999669e-16
4.480796983683599137e+03 9.202739999999999336e-16
4.483838059192799847e+03 9.332360000000000838e-16
4.486879237792799358e+03 9.439189999999999460e-16
4.489920313301999158e+03 9.514439999999998070e-16
4.492961388811199868e+03 9.807060000000000446e-16
4.496002464320399667e+03 9.476380000000001155e-16
4.499043539829600377e+03 9.371909999999999676e-16
4.502084615338799267e+03 9.412189999999999219e-16
4.505125690847999067e+03 9.191210000000000507e-16
4.508166766357199776e+03 9.152649999999998950e-16
4.511207841866399576e+03 9.245719999999999888e-16
4.514248917375600286e+03 8.993800000000000323e-16
4.517289992884799176e+03 8.846130000000000430e-16
4.520331171484799597e+03 8.901010000000000248e-16
4.523372246994000307e+03 8.629370000000000236e-16
4.526413322503199197e+03 8.624589999999999989e-16
4.529454398012399906e+03 8.614919999999999578e-16
4.532495473521599706e+03 8.532949999999999944e-16
4.535536549030799506e+03 8.553519999999999211e-16
4.538577624540000215e+03 8.867449999999999758e-16
4.541618700049199106e+03 8.374800000000000519e-16
4.544659775558399815e+03 8.303419999999999348e-16
4.547700851067599615e+03 8.636119999999999804e-16
4.550742029667599127e+03 8.499460000000000656e-16
4.553783105176799836e+03 8.470809999999999687e-16
4.556824180685999636e+03 8.479839999999998968e-16
4.559865256195200345e+03 9.035720000000000420e-16
4.562906331704399236e+03 9.064349999999999073e-16
4.565947407213599035e+03 8.945940000000000764e-16
4.568988482722799745e+03 8.823249999999999947e-16
4.572029558232000454e+03 9.321389999999999794e-16
4.575070633741200254e+03 9.365890000000000813e-16
4.578111709250399144e+03 9.520149999999999498e-16
4.581152784759599854e+03 9.563939999999998184e-16
4.584193963359600275e+03 9.956279999999999349e-16
4.587235038868799165e+03 9.833619999999999048e-16
4.590276114377999875e+03 9.823690000000000087e-16
4.593317189887199675e+03 1.009639999999999974e-15
4.596358265396399474e+03 9.983639999999999856e-16
4.599399340905600184e+03 1.004710000000000109e-15
4.602440416414799074e+03 1.017500000000000066e-15
4.605481491923999783e+03 1.023320000000000031e-15
4.608522567433199583e+03 1.036359999999999943e-15
4.611563642942400293e+03 1.051749999999999982e-15
4.614604718451600093e+03 1.071959999999999969e-15
4.617645897051599604e+03 1.086930000000000092e-15
4.620686972560800314e+03 1.079670000000000049e-15
4.623728048070000114e+03 1.080039999999999895e-15
4.626769123579199004e+03 1.102480000000000118e-15
4.629810199088399713e+03 1.118019999999999972e-15
4.632851274597599513e+03 1.096979999999999930e-15
4.635892350106800222e+03 1.117670000000000075e-15
4.638933425615999113e+03 1.078570000000000090e-15
4.641974501125199822e+03 1.085330000000000027e-15
4.645015576634399622e+03 1.092370000000000038e-15
4.648056755234399134e+03 1.107540000000000046e-15
4.651097830743599843e+03 1.068060000000000044e-15
4.654138906252799643e+03 1.066319999999999941e-15
4.657179981761999443e+03 1.077720000000000086e-15
4.660221057271200152e+03 1.064530000000000162e-15
4.663262132780399043e+03 1.044600000000000053e-15
4.666303208289599752e+03 1.046489999999999971e-15
4.669344283798799552e+03 1.062030000000000023e-15
4.672385359307999352e+03 1.044900000000000078e-15
4.675426434817200061e+03 1.050629999999999877e-15
4.678467510326398951e+03 1.064099999999999877e-15
4.681508688926400282e+03 1.046799999999999970e-15
4.684549764435600082e+03 1.037180000000000023e-15
4.687590839944798972e+03 1.025219999999999923e-15
4.690631915453999682e+03 1.038470000000000089e-15
4.693672990963199481e+03 1.040479999999999899e-15
4.696714066472400191e+03 1.041479999999999916e-15
4.699755141981599991e+03 1.046739999999999926e-15
4.702796217490799791e+03 1.041360000000000024e-15
4.705837292999999590e+03 1.048910000000000117e-15
4.708878368509199390e+03 1.063090000000000083e-15
4.711919547109199812e+03 1.068520000000000055e-15
4.714960622618399611e+03 1.041009999999999930e-15
4.718001698127599411e+03 1.035299999999999882e-15
4.721042773636800121e+03 1.032709999999999972e-15
4.724083849145999011e+03 1.017210000000000016e-15
4.727124924655199720e+03 1.028860000000000117e-15
4.730166000164399520e+03 1.010579999999999946e-15
4.733207075673600229e+03 9.954610000000000251e-16
4.736248151182800029e+03 9.691440000000000749e-16
4.739289226691999829e+03 9.872310000000000866e-16
4.742330302201199629e+03 9.976480000000001136e-16
4.745371480801200050e+03 9.690569999999999612e-16
4.748412556310398941e+03 9.323729999999998566e-16
4.751453631819599650e+03 8.938330000000000232e-16
4.754494707328799450e+03 8.916139999999997794e-16
4.757535782838000159e+03 8.723519999999999015e-16
4.760576858347199959e+03 8.774269999999999889e-16
4.763617933856399759e+03 8.733340000000000031e-16
4.766659009365599559e+03 8.398619999999999396e-16
4.769700084874799359e+03 8.550779999999999486e-16
4.772741160384000068e+03 8.662060000000000576e-16
4.775782235893199868e+03 8.242480000000000965e-16
4.778823414493199380e+03 8.164619999999998946e-16
4.781864490002400089e+03 8.369429999999999014e-16
4.784905565511598979e+03 8.121499999999998947e-16
4.787946641020799689e+03 8.343799999999999621e-16
4.790987716529999489e+03 7.996910000000000999e-16
4.794028792039200198e+03 8.417060000000001526e-16
4.797069867548399998e+03 8.317410000000000981e-16
4.800110943057598888e+03 8.229369999999999653e-16
4.803152018566799597e+03 8.121280000000000100e-16
4.806193094075999397e+03 8.241319999999999778e-16
4.809234169585200107e+03 8.339889999999998538e-16
4.812275348185199618e+03 8.080190000000000451e-16
4.815316423694399418e+03 8.218010000000001772e-16
4.818357499203600128e+03 8.247899999999999384e-16
4.821398574712799928e+03 8.360339999999998703e-16
4.824439650221999727e+03 8.281380000000000473e-16
4.827480725731199527e+03 8.170129999999999897e-16
4.830521801240399327e+03 8.289839999999999825e-16
4.833562876749600036e+03 8.347129999999999618e-16
4.836603952258799836e+03 8.364380000000001032e-16
4.839645027767998727e+03 8.077099999999999646e-16
4.842686103277199436e+03 7.838650000000000672e-16
4.845727281877198948e+03 7.958570000000000262e-16
4.848768357386399657e+03 7.782569999999999966e-16
4.851809432895599457e+03 7.804959999999999922e-16
4.854850508404800166e+03 7.701599999999999757e-16
4.857891583913999966e+03 7.705300000000000191e-16
4.860932659423198857e+03 7.507919999999999536e-16
4.863973734932399566e+03 7.409969999999999591e-16
4.867014810441599366e+03 7.287349999999999977e-16
4.870055885950800075e+03 7.387160000000000311e-16
4.873097064550799587e+03 7.502669999999999106e-16
4.876138140059999387e+03 7.400999999999999369e-16
4.879179215569200096e+03 7.375460000000000535e-16
4.882220291078399896e+03 7.578819999999999367e-16
4.885261366587599696e+03 7.354169999999999749e-16
4.888302442096799496e+03 7.703340000000000057e-16
4.891343517605999295e+03 7.703269999999999841e-16
4.894384593115200005e+03 7.524549999999999177e-16
4.897425668624399805e+03 7.498660000000001235e-16
4.900466744133599605e+03 7.644300000000000778e-16
4.903507819642799404e+03 7.827610000000000398e-16
4.906548998242799826e+03 7.946589999999999622e-16
4.909590073751999626e+03 7.664200000000000372e-16
4.912631149261199425e+03 7.537509999999999885e-16
4.915672224770400135e+03 7.658060000000000434e-16
4.918713300279599935e+03 7.529560000000001402e-16
4.921754375788799734e+03 7.391760000000000425e-16
4.924795451297999534e+03 7.531579999999999609e-16
4.927836526807199334e+03 7.121620000000000536e-16
4.930877602316400043e+03 6.887879999999999621e-16
4.933918677825599843e+03 6.713910000000000662e-16
4.936959753334800553e+03 6.517760000000000423e-16
4.940000931934800064e+03 6.411830000000000494e-16
4.943042007443999864e+03 6.389790000000000633e-16
4.946083082953199664e+03 6.282910000000000166e-16
4.949124158462399464e+03 6.084179999999999992e-16
4.952165233971599264e+03 6.130730000000000719e-16
4.955206309480799973e+03 5.702390000000000547e-16
4.958247384989999773e+03 5.432869999999999473e-16
4.961288460499199573e+03 5.601660000000000190e-16
4.964329536008399373e+03 5.496719999999999514e-16
4.967370611517600082e+03 5.295700000000000441e-16
4.970411687026799882e+03 5.515619999999999683e-16
4.973452865626799394e+03 5.281179999999999566e-16
4.976493941136000103e+03 5.180990000000000594e-16
4.979535016645199903e+03 5.207200000000000087e-16
4.982576092154399703e+03 5.267450000000000425e-16
4.985617167663599503e+03 5.140299999999999927e-16
4.988658243172799303e+03 4.992420000000000372e-16
4.991699318682000012e+03 5.181049999999999652e-16
4.994740394191199812e+03 5.282780000000000420e-16
4.997781469700400521e+03 5.366389999999999623e-16
5.000822545209599411e+03 5.412399999999999951e-16
5.003863620718799211e+03 5.352799999999999929e-16
5.006904799318799633e+03 5.643450000000000027e-16
5.009945874827999432e+03 5.886470000000000572e-16
5.012986950337199232e+03 5.706249999999999785e-16
5.016028025846399942e+03 5.752629999999999565e-16
5.019069101355599742e+03 5.671660000000000341e-16
5.022110176864799541e+03 5.894180000000000849e-16
5.025151252373999341e+03 6.123379999999999722e-16
5.028192327883200051e+03 5.945310000000000360e-16
5.031233403392399850e+03 5.752890000000000086e-16
5.034274478901599650e+03 6.049319999999999856e-16
5.037315657501600072e+03 5.961900000000000301e-16
5.040356733010799871e+03 6.054330000000000109e-16
5.043397808519999671e+03 6.016390000000000324e-16
5.046438884029199471e+03 6.132209999999999512e-16
5.049479959538399271e+03 6.250140000000000425e-16
5.052521035047599980e+03 6.331909999999999582e-16
5.055562110556799780e+03 6.293300000000000124e-16
5.058603186066000490e+03 6.219810000000000186e-16
5.061644261575199380e+03 6.181499999999999964e-16
5.064685337084399180e+03 6.291569999999999996e-16
5.067726515684400511e+03 6.269080000000000295e-16
5.070767591193599401e+03 6.228509999999999716e-16
5.073808666702799201e+03 6.295899999999999417e-16
5.076849742211999910e+03 6.294609999999999942e-16
5.079890817721199710e+03 6.387909999999999901e-16
5.082931893230399510e+03 6.311419999999999717e-16
5.085972968739599310e+03 6.350240000000000809e-16
5.089014044248800019e+03 6.245379999999999535e-16
5.092055119757999819e+03 6.253689999999999270e-16
5.095096195267199619e+03 6.119810000000000534e-16
5.098137270776399419e+03 6.260900000000000821e-16
5.101178449376399840e+03 6.410289999999999684e-16
5.104219524885599640e+03 6.542229999999999616e-16
5.107260600394799440e+03 6.511269999999999404e-16
5.110301675903999239e+03 6.569439999999999519e-16
5.113342751413199949e+03 6.379339999999999645e-16
5.116383826922399749e+03 6.339630000000001017e-16
5.119424902431600458e+03 6.379650000000000038e-16
5.122465977940799348e+03 6.472429999999999941e-16
5.125507053449999148e+03 6.603629999999999982e-16
5.128548128959199857e+03 6.544659999999999933e-16
5.131589204468399657e+03 6.474599999999999737e-16
5.134630383068399169e+03 6.265740000000000126e-16
5.137671458577599878e+03 6.365180000000000022e-16
5.140712534086799678e+03 6.486780000000000854e-16
5.143753609596000388e+03 6.658810000000001009e-16
5.146794685105199278e+03 6.597670000000000177e-16
5.149835760614399987e+03 6.637139999999999614e-16
5.152876836123599787e+03 6.745589999999999433e-16
5.155917911632799587e+03 6.392050000000000003e-16
5.158958987142000296e+03 6.717900000000000161e-16
5.162000062651199187e+03 6.774630000000000197e-16
5.165041138160399896e+03 6.746280000000000436e-16
5.168082316760399408e+03 7.045920000000000115e-16
5.171123392269599208e+03 6.841939999999999510e-16
5.174164467778799917e+03 6.844220000000000210e-16
5.177205543287999717e+03 7.269730000000000097e-16
5.180246618797200426e+03 7.174839999999999456e-16
5.183287694306399317e+03 7.052810000000001100e-16
5.186328769815599117e+03 7.231839999999999199e-16
5.189369845324799826e+03 7.145450000000000570e-16
5.192410920833999626e+03 7.074519999999999238e-16
5.195451996343200335e+03 7.071010000000000094e-16
5.198493071852399225e+03 7.126600000000000274e-16
5.201534250452399647e+03 7.366830000000000235e-16
5.204575325961600356e+03 7.232939999999999355e-16
5.207616401470799246e+03 7.207299999999999791e-16
5.210657476979999956e+03 7.387589999999999807e-16
5.213698552489199756e+03 7.504079999999999655e-16
5.216739627998399556e+03 7.496630000000000885e-16
5.219780703507600265e+03 7.526349999999999522e-16
5.222821779016799155e+03 7.358599999999999902e-16
5.225862854525999865e+03 7.738500000000000415e-16
5.228903930035199664e+03 7.786230000000000700e-16
5.231945108635199176e+03 7.592639999999999067e-16
5.234986184144399886e+03 7.713789999999999073e-16
5.238027259653599685e+03 7.618800000000000659e-16
5.241068335162800395e+03 7.515989999999999093e-16
5.244109410671999285e+03 7.368050000000000480e-16
5.247150486181199085e+03 7.758360000000000308e-16
5.250191561690399794e+03 7.596739999999999469e-16
5.253232637199599594e+03 7.532269999999999626e-16
5.256273712708800304e+03 7.558219999999999584e-16
5.259314788217999194e+03 7.217850000000000524e-16
5.262355863727199903e+03 7.285750000000000109e-16
5.265397042327200325e+03 7.278749999999999206e-16
5.268438117836399215e+03 7.309039999999999744e-16
5.271479193345599924e+03 7.116519999999999724e-16
5.274520268854799724e+03 7.195299999999999793e-16
5.277561344363999524e+03 7.045989999999999345e-16
5.280602419873200233e+03 7.109119999999999840e-16
5.283643495382399124e+03 7.096530000000000556e-16
5.286684570891599833e+03 7.081330000000000822e-16
5.289725646400799633e+03 7.112039999999999698e-16
5.292766721910000342e+03 7.053219999999999267e-16
5.295807900509999854e+03 7.163439999999999902e-16
5.298848976019199654e+03 7.200310000000001032e-16
5.301890051528400363e+03 7.374599999999999571e-16
5.304931127037599254e+03 7.316420000000000270e-16
5.307972202546799053e+03 7.421150000000000297e-16
5.311013278055999763e+03 7.190239999999999667e-16
5.314054353565199563e+03 7.409610000000000311e-16
5.317095429074400272e+03 7.423200000000000005e-16
5.320136504583599162e+03 7.446000000000001086e-16
5.323177580092799872e+03 7.360850000000000087e-16
5.326218655601999671e+03 7.470600000000000539e-16
5.329259834201999183e+03 7.484950000000000466e-16
5.332300909711199893e+03 7.198710000000000178e-16
5.335341985220399692e+03 7.131030000000000427e-16
5.338383060729599492e+03 7.017570000000000354e-16
5.341424136238800202e+03 7.199760000000000461e-16
5.344465211747999092e+03 6.991399999999999576e-16
5.347506287257199801e+03 6.767630000000000280e-16
5.350547362766399601e+03 6.680919999999999114e-16
5.353588438275600311e+03 6.462199999999999773e-16
5.356629513784800110e+03 6.367969999999999620e-16
5.359670589293999001e+03 6.528710000000000137e-16
5.362711767894000332e+03 6.118990000000000256e-16
5.365752843403199222e+03 5.916069999999999120e-16
5.368793918912399022e+03 5.684269999999999968e-16
5.371834994421599731e+03 5.709500000000000380e-16
5.374876069930799531e+03 5.541919999999999736e-16
5.377917145440000240e+03 5.461640000000000530e-16
5.380958220949199131e+03 5.532640000000000106e-16
5.383999296458399840e+03 5.351610000000000199e-16
5.387040371967599640e+03 5.191430000000000425e-16
5.390081447476799440e+03 5.224950000000000228e-16
5.393122626076799861e+03 5.007680000000000150e-16
5.396163701585999661e+03 5.068020000000000062e-16
5.399204777095199461e+03 4.835430000000000162e-16
5.402245852604400170e+03 4.899969999999999234e-16
5.405286928113599060e+03 4.986669999999999243e-16
5.408328003622799770e+03 5.016250000000000406e-16
5.411369079131999570e+03 5.010720000000000097e-16
5.414410154641200279e+03 4.736900000000000117e-16
5.417451230150400079e+03 4.853419999999999494e-16
5.420492305659598969e+03 4.795070000000000232e-16
5.423533381168799679e+03 5.071109999999999881e-16
5.426574559768800100e+03 5.041730000000000181e-16
5.429615635277998990e+03 4.884460000000000093e-16
5.432656710787199700e+03 4.858839999999999885e-16
5.435697786296399499e+03 4.864950000000000294e-16
5.438738861805600209e+03 5.168620000000000158e-16
5.441779937314800009e+03 4.886019999999999274e-16
5.444821012823999808e+03 4.895940000000000035e-16
5.447862088333199608e+03 5.084900000000000052e-16
5.450903163842399408e+03 5.115850000000000092e-16
5.453944239351600118e+03 5.133949999999999341e-16
5.456985314860799008e+03 5.326309999999999571e-16
5.460026493460799429e+03 5.139259999999999815e-16
5.463067568970000139e+03 5.250169999999999482e-16
5.466108644479199029e+03 5.245859999999999418e-16
5.469149719988399738e+03 5.398419999999999475e-16
5.472190795497599538e+03 5.308340000000000583e-16
5.475231871006800247e+03 5.430249999999999836e-16
5.478272946515999138e+03 5.568909999999999806e-16
5.481314022025198938e+03 5.339869999999999736e-16
5.484355097534399647e+03 5.547099999999999950e-16
5.487396173043599447e+03 5.747980000000000564e-16
5.490437248552800156e+03 5.629149999999999972e-16
5.493478427152799668e+03 5.621519999999999097e-16
5.496519502661999468e+03 5.662139999999999548e-16
5.499560578171200177e+03 5.529770000000000120e-16
5.502601653680399977e+03 5.493310000000000116e-16
5.505642729189599777e+03 5.280880000000000330e-16
5.508683804698799577e+03 5.365809999999999523e-16
5.511724880207999377e+03 5.705629999999999984e-16
5.514765955717200086e+03 5.522430000000000281e-16
5.517807031226399886e+03 5.466709999999999841e-16
5.520848106735599686e+03 5.393410000000000208e-16
5.523889285335600107e+03 5.500809999999999744e-16
5.526930360844798997e+03 5.489339999999999974e-16
5.529971436353999707e+03 5.414179999999999952e-16
5.533012511863199506e+03 5.367400000000000205e-16
5.536053587372400216e+03 5.446240000000000319e-16
5.539094662881600016e+03 5.271160000000000046e-16
5.542135738390798906e+03 5.064899999999999727e-16
5.545176813899999615e+03 5.439369999999999677e-16
5.548217889409199415e+03 5.174509999999999747e-16
5.551258964918400125e+03 4.972500000000000435e-16
5.554300143518399636e+03 4.924880000000000067e-16
5.557341219027599436e+03 4.839850000000000143e-16
5.560382294536800146e+03 4.728830000000000560e-16
5.563423370045999945e+03 4.863319999999999911e-16
5.566464445555199745e+03 4.815140000000000773e-16
5.569505521064399545e+03 4.614749999999999700e-16
5.572546596573599345e+03 4.148010000000000225e-16
5.575587672082800054e+03 4.384980000000000405e-16
5.578628747591999854e+03 4.882880000000000568e-16
5.581669823101199654e+03 4.811349999999999778e-16
5.584710898610399454e+03 4.464769999999999578e-16
5.587752077210398966e+03 4.494490000000000187e-16
5.590793152719599675e+03 4.270059999999999911e-16
5.593834228228799475e+03 4.430049999999999381e-16
5.596875303738000184e+03 4.645890000000000044e-16
5.599916379247199984e+03 4.456900000000000497e-16
5.602957454756398874e+03 4.474249999999999685e-16
5.605998530265599584e+03 4.817470000000000359e-16
5.609039605774799384e+03 4.741230000000000524e-16
5.612080681284000093e+03 4.569240000000000071e-16
5.615121756793199893e+03 4.699580000000000134e-16
5.618162832302398783e+03 5.025450000000000634e-16
5.621204010902400114e+03 4.996900000000000397e-16
5.624245086411599914e+03 5.096239999999999562e-16
5.627286161920799714e+03 5.182769999999999609e-16
5.630327237429999514e+03 5.274130000000000763e-16
5.633368312939199313e+03 5.254209999999999839e-16
5.636409388448400023e+03 5.427219999999999075e-16
5.639450463957599823e+03 5.551769999999999294e-16
5.642491539466799622e+03 5.477060000000000098e-16
5.645532614975999422e+03 5.525819999999999336e-16
5.648573690485199222e+03 5.540780000000000865e-16
5.651614765994399932e+03 5.727249999999999535e-16
5.654655944594399443e+03 5.647040000000000545e-16
5.657697020103600153e+03 5.815630000000000786e-16
5.660738095612799953e+03 5.944119999999999645e-16
5.663779171121998843e+03 6.093140000000000043e-16
5.666820246631199552e+03 6.086959999999999418e-16
5.669861322140399352e+03 6.036659999999999370e-16
5.672902397649600061e+03 6.070779999999999617e-16
5.675943473158799861e+03 6.266669999999999335e-16
5.678984548667998752e+03 6.172229999999999520e-16
5.682025624177199461e+03 6.228600000000000276e-16
5.685066699686399261e+03 6.004890000000000039e-16
5.688107878286399682e+03 6.293509999999999787e-16
5.691148953795599482e+03 6.177919999999999618e-16
5.694190029304799282e+03 6.203440000000000080e-16
5.697231104813999991e+03 6.038369999999999155e-16
5.700272180323199791e+03 5.856080000000000289e-16
5.703313255832399591e+03 6.015049999999999991e-16
5.706354331341599391e+03 6.050229999999999707e-16
5.709395406850799191e+03 6.076140000000000950e-16
5.712436482359999900e+03 5.924779999999999808e-16
5.715477660959999412e+03 5.910939999999999765e-16
5.718518736469200121e+03 5.963050000000000329e-16
5.721559811978399921e+03 6.251869999999999567e-16
5.724600887487599721e+03 5.883430000000000625e-16
5.727641962996799521e+03 5.902590000000000329e-16
5.730683038505999320e+03 6.077809999999999062e-16
5.733724114015200030e+03 6.015519999999999188e-16
5.736765189524399830e+03 6.005380000000000565e-16
5.739806265033598720e+03 5.947399999999999769e-16
5.742847340542799429e+03 6.053049999999999820e-16
5.745888416052000139e+03 6.157089999999999830e-16
5.748929594651999651e+03 5.959839999999999435e-16
5.751970670161199450e+03 6.024579999999999970e-16
5.755011745670399250e+03 6.053040000000000634e-16
5.758052821179599960e+03 6.082020000000000367e-16
5.761093896688799759e+03 6.078889999999999861e-16
5.764134972197999559e+03 6.322060000000000024e-16
5.767176047707199359e+03 6.556430000000000911e-16
5.770217123216400068e+03 6.228689999999999849e-16
5.773258198725599868e+03 6.161710000000000288e-16
5.776299274234799668e+03 6.265010000000000408e-16
5.779340349743999468e+03 6.447140000000000471e-16
5.782381528343999889e+03 6.572820000000000375e-16
5.785422603853199689e+03 6.453639999999999689e-16
5.788463679362399489e+03 6.500279999999999989e-16
5.791504754871599289e+03 6.380200000000000609e-16
5.794545830380799998e+03 6.200029999999999695e-16
5.797586905889999798e+03 6.125590000000000205e-16
5.800627981399200507e+03 6.253359999999999519e-16
5.803669056908399398e+03 6.491270000000000065e-16
5.806710132417599198e+03 6.477239999999999717e-16
5.809751207926799907e+03 6.193450000000000089e-16
5.812792283435999707e+03 6.067980000000000833e-16
5.815833462035999219e+03 6.136919999999999544e-16
5.818874537545199928e+03 6.190590000000000276e-16
5.821915613054399728e+03 6.312480000000000172e-16
5.824956688563599528e+03 6.341599999999999351e-16
5.827997764072799328e+03 6.335450000000000227e-16
5.831038839582000037e+03 6.022310000000000428e-16
5.834079915091199837e+03 6.140849999999999984e-16
5.837120990600399637e+03 6.242200000000000142e-16
5.840162066109599436e+03 5.769769999999999090e-16
5.843203141618799236e+03 5.909789999999999736e-16
5.846244217127999036e+03 5.881190000000000612e-16
5.849285395727999457e+03 5.724829999999999389e-16
5.852326471237199257e+03 5.831270000000000188e-16
5.855367546746399967e+03 5.759389999999999304e-16
5.858408622255599767e+03 5.512879999999999958e-16
5.861449697764800476e+03 5.580870000000000103e-16
5.864490773273999366e+03 5.412880000000000305e-16
5.867531848783199166e+03 5.405930000000000262e-16
5.870572924292399875e+03 5.419459999999999911e-16
5.873613999801599675e+03 5.385640000000000873e-16
5.876655075310800385e+03 5.465499999999999768e-16
5.879696253910799896e+03 5.535130000000000468e-16
5.882737329419999696e+03 5.372319999999998913e-16
5.885778404929199496e+03 5.235560000000000019e-16
5.888819480438399296e+03 5.185569999999999379e-16
5.891860555947600005e+03 4.962229999999999580e-16
5.894901631456799805e+03 5.247619999999999076e-16
5.897942706965999605e+03 5.141600000000000560e-16
5.900983782475199405e+03 5.258610000000000463e-16
5.904024857984399205e+03 5.184249999999999389e-16
5.907065933493599914e+03 5.167909999999999798e-16
5.910107009002799714e+03 5.366609999999999457e-16
5.913148187602799226e+03 5.156489999999999900e-16
5.916189263111999935e+03 5.047489999999999510e-16
5.919230338621199735e+03 5.187180000000000405e-16
5.922271414130400444e+03 5.210530000000000084e-16
5.925312489639599335e+03 5.194099999999999933e-16
5.928353565148799134e+03 5.037300000000000028e-16
5.931394640657999844e+03 5.101719999999999012e-16
5.934435716167199644e+03 5.165019999999999469e-16
5.937476791676400353e+03 5.293470000000000600e-16
5.940517867185599243e+03 5.375330000000000317e-16
5.943559045785599665e+03 5.468059999999999360e-16
5.946600121294800374e+03 5.490580000000000562e-16
5.949641196804000174e+03 5.405300000000000289e-16
5.952682272313199974e+03 5.318639999999999981e-16
5.955723347822399774e+03 5.370539999999999898e-16
5.958764423331599573e+03 5.285580000000000189e-16
5.961805498840800283e+03 5.356009999999999837e-16
5.964846574349999173e+03 5.457440000000000383e-16
5.967887649859199882e+03 5.463009999999999406e-16
5.970928725368399682e+03 5.474239999999999985e-16
5.973969800877599482e+03 5.574380000000000070e-16
5.977010979477599903e+03 5.715169999999999149e-16
5.980052054986799703e+03 5.678809999999999876e-16
5.983093130495999503e+03 5.744799999999999199e-16
5.986134206005199303e+03 5.610750000000000501e-16
5.989175281514399103e+03 5.549999999999999465e-16
5.992216357023599812e+03 5.500030000000000154e-16
5.995257432532799612e+03 5.735959999999999237e-16
5.998298508042000321e+03 5.463880000000000543e-16
6.001339583551199212e+03 5.615630000000000494e-16
6.004380659060399012e+03 5.644560000000000355e-16
6.007421734569599721e+03 5.618030000000000296e-16
6.010462913169599233e+03 5.615530000000000749e-16
6.013503988678799942e+03 5.668600000000000051e-16
6.016545064187999742e+03 5.721680000000000511e-16
6.019586139697199542e+03 5.774799999999999686e-16
6.022627215206400251e+03 5.781440000000000323e-16
6.025668290715599142e+03 5.695159999999999639e-16
6.028709366224799851e+03 5.692919999999999626e-16
6.031750441733999651e+03 5.707859999999999825e-16
6.034791517243199451e+03 5.634090000000000009e-16
6.037832592752400160e+03 5.754230000000000419e-16
6.040873771352399672e+03 5.837339999999999910e-16
6.043914846861600381e+03 5.750110000000000660e-16
6.046955922370799271e+03 5.693569999999998956e-16
6.049996997879999071e+03 5.915500000000000178e-16
6.053038073389199781e+03 5.976719999999999425e-16
6.056079148898399581e+03 5.674509999999999983e-16
6.059120224407600290e+03 5.796580000000000999e-16
6.062161299916799180e+03 5.704809999999999707e-16
6.065202375425998980e+03 5.723409999999999654e-16
6.068243450935199689e+03 5.552360000000000552e-16
6.071284526444399489e+03 5.590259999999999650e-16
6.074325705044399911e+03 5.464879999999999967e-16
6.077366780553599710e+03 5.370539999999999898e-16
6.080407856062799510e+03 5.439170000000000186e-16
6.083448931572000220e+03 5.657650000000000337e-16
6.086490007081199110e+03 5.596699999999999810e-16
6.089531082590399819e+03 5.665100000000000093e-16
6.092572158099599619e+03 5.629069999999999584e-16
6.095613233608799419e+03 5.569740000000000255e-16
6.098654309118000128e+03 5.537159999999999832e-16
6.101695384627199019e+03 5.510799999999999735e-16
6.104736460136399728e+03 5.428319999999999231e-16
6.107777638736399240e+03 5.525980000000000112e-16
6.110818714245599040e+03 5.444040000000000007e-16
6.113859789754799749e+03 5.461800000000000319e-16
6.116900865264000458e+03 5.435190000000000859e-16
6.119941940773200258e+03 5.304490000000000530e-16
6.122983016282399149e+03 5.393380000000000679e-16
6.126024091791598948e+03 5.317769999999999831e-16
6.129065167300799658e+03 5.170640000000000337e-16
6.132106242809999458e+03 5.205289999999999825e-16
6.135147318319200167e+03 5.241760000000000002e-16
6.138188393828399057e+03 5.193749999999999839e-16
6.141229572428399479e+03 5.144369999999999814e-16
6.144270647937600188e+03 5.063990000000000862e-16
6.147311723446799078e+03 4.747780000000000601e-16
6.150352798955998878e+03 4.804200000000000244e-16
6.153393874465199588e+03 4.940740000000000289e-16
6.156434949974399387e+03 4.861390000000000292e-16
6.159476025483600097e+03 4.832910000000000271e-16
6.162517100992798987e+03 4.579230000000000061e-16
6.165558176501999696e+03 4.568599999999999926e-16
6.168599252011199496e+03 4.389630000000000392e-16
6.171640430611199008e+03 4.368249999999999540e-16
6.174681506120399717e+03 4.112219999999999894e-16
6.177722581629599517e+03 4.101070000000000196e-16
6.180763657138800227e+03 4.071769999999999897e-16
6.183804732647999117e+03 4.079680000000000651e-16
6.186845808157198917e+03 3.809750000000000424e-16
6.189886883666399626e+03 3.783790000000000294e-16
6.192927959175599426e+03 3.597300000000000295e-16
6.195969034684800135e+03 3.495189999999999904e-16
6.199010110193999026e+03 3.345009999999999799e-16
6.202051288793999447e+03 3.425840000000000069e-16
6.205092364303200156e+03 3.156530000000000136e-16
6.208133439812399047e+03 3.057170000000000135e-16
6.211174515321599756e+03 3.040759999999999834e-16
6.214215590830799556e+03 2.969850000000000325e-16
6.217256666339999356e+03 2.750889999999999820e-16
6.220297741849200065e+03 2.884320000000000195e-16
6.223338817358398956e+03 2.732800000000000250e-16
6.226379892867599665e+03 2.527249999999999799e-16
6.229420968376799465e+03 2.649609999999999878e-16
6.232462043886000174e+03 2.642049999999999712e-16
6.235503222485999686e+03 2.501190000000000417e-16
6.238544297995199486e+03 2.585430000000000086e-16
6.241585373504400195e+03 2.485380000000000067e-16
6.244626449013599995e+03 2.256180000000000208e-16
6.247667524522798885e+03 2.316009999999999743e-16
6.250708600031999595e+03 2.333849999999999950e-16
6.253749675541199395e+03 2.287109999999999904e-16
6.256790751050400104e+03 2.229229999999999839e-16
6.259831826559598994e+03 2.127759999999999839e-16
6.262872902068799704e+03 2.039050000000000070e-16
6.265913977577999503e+03 2.179390000000000049e-16
6.268955156177999015e+03 2.017129999999999805e-16
6.271996231687199725e+03 2.009829999999999913e-16
6.275037307196399524e+03 2.181059999999999887e-16
6.278078382705599324e+03 2.049690000000000131e-16
6.281119458214800034e+03 1.912159999999999846e-16
6.284160533723999833e+03 2.232009999999999758e-16
6.287201609233199633e+03 2.400669999999999722e-16
6.290242684742399433e+03 1.884970000000000039e-16
6.293283760251600143e+03 2.020550000000000115e-16
6.296324835760799942e+03 2.154749999999999909e-16
6.299365911269998833e+03 2.684579999999999932e-16
6.302407089870000164e+03 2.926579999999999722e-16
6.305448165379199963e+03 2.465240000000000296e-16
6.308489240888398854e+03 2.469710000000000150e-16
6.311530316397599563e+03 2.372949999999999934e-16
6.314571391906799363e+03 2.523469999999999962e-16
6.317612467415999163e+03 2.690339999999999753e-16
6.320653542925199872e+03 2.605679999999999774e-16
6.323694618434399672e+03 2.575909999999999785e-16
6.326735693943599472e+03 2.579359999999999871e-16
6.329776769452799272e+03 2.745020000000000081e-16
6.332817844961999981e+03 2.922509999999999836e-16
6.335859023561999493e+03 2.996249999999999630e-16
6.338900099071199293e+03 2.928700000000000139e-16
6.341941174580400002e+03 3.089040000000000197e-16
6.344982250089598892e+03 3.228769999999999807e-16
6.348023325598799602e+03 3.239640000000000120e-16
6.351064401107999402e+03 3.403140000000000213e-16
6.354105476617200111e+03 3.421169999999999738e-16
6.357146552126399911e+03 3.646669999999999656e-16
6.360187627635598801e+03 3.613050000000000107e-16
6.363228806235600132e+03 3.970369999999999374e-16
6.366269881744799932e+03 3.906809999999999875e-16
6.369310957253998822e+03 3.797269999999999578e-16
6.372352032763199531e+03 3.814209999999999613e-16
6.375393108272399331e+03 3.987189999999999813e-16
6.378434183781600041e+03 3.858300000000000000e-16
6.381475259290799841e+03 4.095690000000000491e-16
6.384516334799999640e+03 4.186730000000000586e-16
6.387557410309199440e+03 4.294540000000000261e-16
6.390598485818399240e+03 4.187339999999999722e-16
6.393639561327599949e+03 4.162989999999999632e-16
6.396680739927599461e+03 4.208639999999999694e-16
6.399721815436799261e+03 4.247130000000000049e-16
6.402762890945999970e+03 4.200260000000000236e-16
6.405803966455198861e+03 4.430780000000000578e-16
6.408845041964399570e+03 4.574849999999999781e-16
6.411886117473599370e+03 4.685569999999999143e-16
6.414927192982800079e+03 4.715619999999999503e-16
6.417968268491999879e+03 4.715380000000000311e-16
6.421009344001198770e+03 4.755769999999999771e-16
6.424050419510399479e+03 4.835969999999999575e-16
6.427091495019599279e+03 4.906540000000000641e-16
6.430132673619598791e+03 4.916709999999999779e-16
6.433173749128799500e+03 4.799169999999999648e-16
6.436214824637999300e+03 4.959019999999999671e-16
6.439255900147200009e+03 5.063749999999999699e-16
6.442296975656399809e+03 5.131890000000000447e-16
6.445338051165599609e+03 5.114740000000000750e-16
6.448379126674799409e+03 5.144980000000000429e-16
6.451420202184000118e+03 5.141589999999999402e-16
6.454461277693199918e+03 4.971800000000000246e-16
6.457502353202399718e+03 5.108489999999999909e-16
6.460543428711599518e+03 5.163559999999999047e-16
6.463584607311599939e+03 5.517540000000000117e-16
6.466625682820798829e+03 5.146480000000000552e-16
6.469666758329999539e+03 5.261279999999999972e-16
6.472707833839199338e+03 5.319039999999999948e-16
6.475748909348400048e+03 5.395410000000000043e-16
6.478789984857599848e+03 5.274280000000000380e-16
6.481831060366798738e+03 5.345109999999999995e-16
6.484872135875998538e+03 5.373499999999999457e-16
6.487913211385199247e+03 5.369300000000000295e-16
6.490954286894399957e+03 5.296840000000000297e-16
6.493995362403599756e+03 5.302769999999999587e-16
6.497036541003599268e+03 5.194470000000000371e-16
6.500077616512799977e+03 5.230169999999999157e-16
6.503118692021999777e+03 5.320880000000000980e-16
6.506159767531199577e+03 5.336670000000000000e-16
6.509200843040399377e+03 5.497969999999999288e-16
6.512241918549599177e+03 5.478460000000000476e-16
6.515282994058799886e+03 5.308720000000000206e-16
6.518324069567999686e+03 5.315709999999999951e-16
6.521365145077199486e+03 5.406010000000000649e-16
6.524406220586399286e+03 5.394759999999999727e-16
6.527447399186399707e+03 5.139249999999999644e-16
6.530488474695599507e+03 5.090180000000000012e-16
6.533529550204799307e+03 5.099980000000000684e-16
6.536570625714000016e+03 5.441139999999999506e-16
6.539611701223199816e+03 5.408940000000000679e-16
6.542652776732399616e+03 5.293459999999999442e-16
6.545693852241599416e+03 5.391189999999999553e-16
6.548734927750799216e+03 5.397569999999999668e-16
6.551776003259999925e+03 5.042070000000000104e-16
6.554817078769199725e+03 5.045300000000000355e-16
6.557858154278400434e+03 5.221169999999999405e-16
6.560899332878399946e+03 5.221880000000000752e-16
6.563940408387599746e+03 5.163409999999999429e-16
6.566981483896799546e+03 5.115409999999999438e-16
6.570022559405999345e+03 5.221139999999999876e-16
6.573063634915199145e+03 5.091170000000000251e-16
6.576104710424399855e+03 5.202409999999999668e-16
6.579145785933599655e+03 5.130200000000000019e-16
6.582186861442799454e+03 4.907390000000000448e-16
6.585227936951999254e+03 5.093559999999999881e-16
6.588269012461199964e+03 4.984880000000000056e-16
6.591310191061199475e+03 4.965340000000000729e-16
6.594351266570399275e+03 4.935790000000000081e-16
6.597392342079599985e+03 5.169559999999999539e-16
6.600433417588799784e+03 5.028349999999999163e-16
6.603474493097999584e+03 4.934010000000000079e-16
6.606515568607199384e+03 4.956969999999999963e-16
6.609556644116399184e+03 5.184980000000000093e-16
6.612597719625599893e+03 4.997050000000000015e-16
6.615638795134799693e+03 4.863879999999999668e-16
6.618679870644000403e+03 4.867390000000000784e-16
6.621720946153199293e+03 4.792809999999999876e-16
6.624762124753199714e+03 4.711029999999999560e-16
6.627803200262399514e+03 4.750790000000000033e-16
6.630844275771599314e+03 4.616659999999999962e-16
6.633885351280799114e+03 4.682890000000000448e-16
6.636926426789999823e+03 4.700809999999999564e-16
6.639967502299199623e+03 4.739399999999999664e-16
6.643008577808399423e+03 4.813560000000000262e-16
6.646049653317599223e+03 4.655419999999999037e-16
6.649090728826799932e+03 4.652230000000000459e-16
6.652131804335998822e+03 4.608319999999999712e-16
6.655172879845199532e+03 4.522700000000000502e-16
6.658214058445199953e+03 4.454680000000000828e-16
6.661255133954399753e+03 4.526870000000000134e-16
6.664296209463599553e+03 4.490079999999999392e-16
6.667337284972799353e+03 4.442969999999999894e-16
6.670378360481999152e+03 4.379990000000000496e-16
6.673419435991199862e+03 4.497890000000000400e-16
6.676460511500399662e+03 4.431139999999999858e-16
6.679501587009600371e+03 4.586159999999999762e-16
6.682542662518799261e+03 4.503930000000000593e-16
6.685583738027999061e+03 4.558709999999999681e-16
6.688624916627998573e+03 4.438030000000000350e-16
6.691665992137199282e+03 4.431390000000000207e-16
6.694707067646399082e+03 4.371310000000000323e-16
6.697748143155599791e+03 4.360879999999999679e-16
6.700789218664799591e+03 4.335870000000000087e-16
6.703830294173999391e+03 4.261750000000000176e-16
6.706871369683199191e+03 4.363450000000000428e-16
6.709912445192399900e+03 4.392359999999999946e-16
6.712953520701599700e+03 4.134440000000000381e-16
6.715994596210799500e+03 4.158159999999999512e-16
6.719035671719999300e+03 4.210680000000000216e-16
6.722076850319999721e+03 4.050099999999999488e-16
6.725117925829199521e+03 4.216000000000000369e-16
6.728159001338399321e+03 4.218459999999999230e-16
6.731200076847599121e+03 4.005959999999999721e-16
6.734241152356799830e+03 4.004640000000000225e-16
6.737282227865999630e+03 4.019019999999999188e-16
6.740323303375200339e+03 3.984530000000000476e-16
6.743364378884399230e+03 4.064580000000000169e-16
6.746405454393599030e+03 4.139930000000000496e-16
6.749446529902799739e+03 4.227000000000000450e-16
6.752487605412000448e+03 4.253209999999999943e-16
6.755528784011999960e+03 4.082780000000000642e-16
6.758569859521199760e+03 3.954469999999999944e-16
6.761610935030399560e+03 4.706789999999999712e-16
6.764652010539600269e+03 5.165290000000000162e-16
6.767693086048799159e+03 4.579980000000000123e-16
6.770734161557999869e+03 4.063100000000000390e-16
6.773775237067199669e+03 3.944040000000000285e-16
6.776816312576399469e+03 3.999139999999999938e-16
6.779857388085599268e+03 3.996899999999999925e-16
6.782898463594799068e+03 4.237540000000000025e-16
6.785939539103999778e+03 4.487730000000000448e-16
6.788980717703999289e+03 4.113559999999999734e-16
6.792021793213199089e+03 3.788269999999999827e-16
6.795062868722399799e+03 3.753469999999999734e-16
6.798103944231599598e+03 3.851619999999999663e-16
6.801145019740800308e+03 3.700840000000000593e-16
6.804186095249999198e+03 3.825969999999999926e-16
6.807227170759198998e+03 3.833759999999999605e-16
6.810268246268399707e+03 3.727169999999999682e-16
6.813309321777599507e+03 3.766109999999999877e-16
6.816350397286800217e+03 3.879440000000000182e-16
6.819391575886799728e+03 3.852519999999999835e-16
6.822432651395999528e+03 3.662830000000000593e-16
6.825473726905200238e+03 3.403369999999999725e-16
6.828514802414399128e+03 3.305349999999999564e-16
6.831555877923599837e+03 3.779470000000000058e-16
6.834596953432799637e+03 3.745440000000000371e-16
6.837638028941999437e+03 3.740310000000000029e-16
6.840679104451200146e+03 3.728439999999999799e-16
6.843720179960399037e+03 3.655869999999999884e-16
6.846761255469599746e+03 3.683030000000000408e-16
6.849802434069599258e+03 3.843359999999999801e-16
6.852843509578799058e+03 3.662830000000000593e-16
6.855884585087998857e+03 3.667519999999999787e-16
6.858925660597199567e+03 3.561780000000000164e-16
6.861966736106400276e+03 3.849369999999999478e-16
6.865007811615599167e+03 4.058430000000000552e-16
6.868048887124798966e+03 3.997369999999999615e-16
6.871089962633999676e+03 3.557059999999999961e-16
6.874131038143199476e+03 3.322430000000000031e-16
6.877172113652400185e+03 3.302490000000000244e-16
6.880213189161599075e+03 3.428059999999999738e-16
6.883254367761599497e+03 3.623180000000000530e-16
6.886295443270800206e+03 3.680140000000000079e-16
6.889336518779999096e+03 3.469509999999999652e-16
6.892377594289199806e+03 3.290180000000000345e-16
6.895418669798399605e+03 3.268000000000000052e-16
6.898459745307599405e+03 3.177750000000000213e-16
6.901500820816800115e+03 3.215720000000000019e-16
6.904541896325999005e+03 3.424869999999999680e-16
6.907582971835199714e+03 3.446499999999999896e-16
6.910624047344399514e+03 3.515499999999999636e-16
6.913665122853600224e+03 3.296669999999999885e-16
6.916706301453599735e+03 3.300619999999999683e-16
6.919747376962799535e+03 3.219570000000000072e-16
6.922788452472000245e+03 3.476290000000000228e-16
6.925829527981199135e+03 3.501950000000000136e-16
6.928870603490398935e+03 3.534100000000000077e-16
6.931911678999599644e+03 3.473769999999999351e-16
6.934952754508799444e+03 3.518250000000000026e-16
6.937993830018000153e+03 3.518269999999999877e-16
6.941034905527199044e+03 3.364030000000000056e-16
6.944075981036399753e+03 3.198420000000000211e-16
6.947117056545599553e+03 3.148609999999999704e-16
6.950158235145599065e+03 3.198850000000000200e-16
6.953199310654799774e+03 3.419309999999999842e-16
6.956240386164000483e+03 3.300180000000000015e-16
6.959281461673199374e+03 3.078890000000000417e-16
6.962322537182400083e+03 3.131640000000000140e-16
6.965363612691598973e+03 3.334130000000000300e-16
6.968404688200799683e+03 3.271390000000000093e-16
6.971445763709999483e+03 3.221810000000000084e-16
6.974486839219200192e+03 3.187590000000000092e-16
6.977527914728399992e+03 3.121639999999999977e-16
6.980568990237598882e+03 3.047070000000000227e-16
6.983610168837600213e+03 3.232830000000000015e-16
6.986651244346799103e+03 3.216079999999999792e-16
6.989692319855998903e+03 3.281319999999999547e-16
6.992733395365199613e+03 3.143290000000000536e-16
6.995774470874399412e+03 3.056729999999999974e-16
6.998815546383600122e+03 3.094209999999999746e-16
7.001856621892799012e+03 3.279590000000000404e-16
7.004897697401999721e+03 3.011840000000000145e-16
7.007938772911199521e+03 3.121480000000000188e-16
7.010979951511199033e+03 3.052929999999999794e-16
7.014021027020399742e+03 3.137449999999999834e-16
7.017062102529599542e+03 3.140160000000000030e-16
7.020103178038799342e+03 3.015959999999999905e-16
7.023144253548000052e+03 3.084180000000000055e-16
7.026185329057198942e+03 3.125390000000000285e-16
7.029226404566399651e+03 3.058619999999999892e-16
7.032267480075599451e+03 3.018059999999999978e-16
7.035308555584800160e+03 3.076790000000000343e-16
7.038349631093999960e+03 3.137759999999999734e-16
7.041390706603198851e+03 3.003369999999999635e-16
7.044431885203200181e+03 2.895309999999999611e-16
7.047472960712399981e+03 3.148490000000000108e-16
7.050514036221598872e+03 3.040559999999999851e-16
7.053555111730799581e+03 3.124039999999999780e-16
7.056596187239999381e+03 3.000330000000000181e-16
7.059637262749200090e+03 2.910109999999999871e-16
7.062678338258399890e+03 2.902090000000000186e-16
7.065719413767599690e+03 3.040500000000000300e-16
7.068760489276799490e+03 3.046270000000000293e-16
7.071801564785999290e+03 2.887379999999999993e-16
7.074842640295199999e+03 2.848430000000000119e-16
7.077883818895199511e+03 2.832870000000000119e-16
7.080924894404399311e+03 2.863859999999999859e-16
7.083965969913600020e+03 3.048089999999999995e-16
7.087007045422798910e+03 3.217179999999999948e-16
7.090048120931999620e+03 3.346630000000000010e-16
7.093089196441199419e+03 2.939790000000000286e-16
7.096130271950400129e+03 2.836129999999999899e-16
7.099171347459599929e+03 2.916419999999999770e-16
7.102212422968798819e+03 2.939060000000000075e-16
7.105253498477999528e+03 2.856960000000000181e-16
7.108294573987199328e+03 2.930960000000000003e-16
7.111335752587198840e+03 2.912409999999999928e-16
7.114376828096399549e+03 2.913529999999999934e-16
7.117417903605599349e+03 3.026450000000000101e-16
7.120458979114800059e+03 2.973499999999999901e-16
7.123500054624000768e+03 2.965279999999999740e-16
7.126541130133199658e+03 2.827300000000000109e-16
7.129582205642399458e+03 2.988759999999999680e-16
7.132623281151599258e+03 2.855790000000000302e-16
7.135664356660799967e+03 2.868760000000000195e-16
7.138705432169999767e+03 2.880640000000000104e-16
7.141746507679199567e+03 2.863730000000000092e-16
7.144787686279199988e+03 2.876760000000000029e-16
7.147828761788398879e+03 2.864720000000000330e-16
7.150869837297599588e+03 2.904269999999999662e-16
7.153910912806799388e+03 2.972249999999999634e-16
7.156951988315999188e+03 2.907740000000000091e-16
7.159993063825199897e+03 2.968100000000000346e-16
7.163034139334398787e+03 2.880179999999999600e-16
7.166075214843599497e+03 2.901929999999999904e-16
7.169116290352799297e+03 2.935829999999999823e-16
7.172157365862000006e+03 2.754399999999999950e-16
7.175198441371199806e+03 2.996399999999999741e-16
7.178239619971199318e+03 2.922190000000000257e-16
7.181280695480400027e+03 2.829250000000000072e-16
7.184321770989599827e+03 2.817029999999999747e-16
7.187362846498799627e+03 2.617790000000000181e-16
7.190403922007999427e+03 2.668789999999999926e-16
7.193444997517199226e+03 2.691259999999999776e-16
7.196486073026399936e+03 2.906059999999999835e-16
7.199527148535599736e+03 2.901929999999999904e-16
7.202568224044799535e+03 2.772950000000000025e-16
7.205609299553999335e+03 2.826409999999999615e-16
7.208650478153998847e+03 2.847000000000000212e-16
7.211691553663199556e+03 2.699240000000000253e-16
7.214732629172399356e+03 2.847669999999999886e-16
7.217773704681600066e+03 2.777130000000000321e-16
7.220814780190799866e+03 2.734259999999999686e-16
7.223855855699998756e+03 2.792590000000000083e-16
7.226896931209199465e+03 2.992219999999999937e-16
7.229938006718399265e+03 2.938609999999999742e-16
7.232979082227599974e+03 2.796740000000000358e-16
7.236020157736799774e+03 2.513590000000000382e-16
7.239061336336799286e+03 2.710869999999999813e-16
7.242102411845999995e+03 2.932659999999999616e-16
7.245143487355199795e+03 2.753430000000000054e-16
7.248184562864399595e+03 2.578109999999999604e-16
7.251225638373599395e+03 2.969580000000000125e-16
7.254266713882799195e+03 2.810159999999999598e-16
7.257307789391999904e+03 2.814339999999999894e-16
7.260348864901199704e+03 2.983590000000000130e-16
7.263389940410399504e+03 2.745860000000000210e-16
7.266431015919599304e+03 2.584189999999999990e-16
7.269472091428800013e+03 2.579320000000000170e-16
7.272513270028799525e+03 2.575670000000000101e-16
7.275554345537999325e+03 2.643699999999999946e-16
7.278595421047200034e+03 2.982129999999999708e-16
7.281636496556399834e+03 2.745609999999999860e-16
7.284677572065598724e+03 2.767689999999999915e-16
7.287718647574799434e+03 2.752200000000000131e-16
7.290759723084000143e+03 2.640859999999999982e-16
7.293800798593199943e+03 2.507779999999999701e-16
7.296841874102399743e+03 2.620550000000000250e-16
7.299882949611600452e+03 2.621179999999999730e-16
7.302924025120799342e+03 2.629840000000000052e-16
7.305965203720799764e+03 2.741670000000000234e-16
7.309006279229999564e+03 2.391480000000000158e-16
7.312047354739199363e+03 2.379640000000000443e-16
7.315088430248399163e+03 2.702650000000000144e-16
7.318129505757599873e+03 2.640180000000000137e-16
7.321170581266799672e+03 2.378999999999999806e-16
7.324211656775998563e+03 2.344740000000000113e-16
7.327252732285199272e+03 2.552359999999999629e-16
7.330293807794399982e+03 2.598759999999999752e-16
7.333334883303599781e+03 2.607029999999999786e-16
7.336375958812799581e+03 2.486440000000000029e-16
7.339417137412800002e+03 2.668970000000000059e-16
7.342458212921999802e+03 2.789120000000000147e-16
7.345499288431199602e+03 2.727089999999999808e-16
7.348540363940399402e+03 2.457749999999999853e-16
7.351581439449599202e+03 2.526169999999999986e-16
7.354622514958799911e+03 2.578080000000000075e-16
7.357663590467999711e+03 2.702119999999999917e-16
7.360704665977200420e+03 2.472810000000000141e-16
7.363745741486399311e+03 2.464859999999999686e-16
7.366786816995599111e+03 2.488709999999999571e-16
7.369827995595599532e+03 2.846909999999999653e-16
7.372869071104799332e+03 2.909249999999999892e-16
7.375910146613999132e+03 2.628049999999999879e-16
7.378951222123199841e+03 2.529959999999999995e-16
7.381992297632399641e+03 2.655979999999999822e-16
7.385033373141599441e+03 2.538609999999999652e-16
7.388074448650799241e+03 2.461440000000000116e-16
7.391115524159999950e+03 2.633229999999999600e-16
7.394156599669199750e+03 2.439029999999999817e-16
7.397197675178399550e+03 2.482029999999999727e-16
7.400238750687599349e+03 2.445349999999999888e-16
7.403279929287599771e+03 2.441780000000000207e-16
7.406321004796799571e+03 2.412759999999999786e-16
7.409362080305999370e+03 2.473079999999999848e-16
7.412403155815199170e+03 2.360470000000000075e-16
7.415444231324399880e+03 2.573850000000000398e-16
7.418485306833599680e+03 2.582929999999999552e-16
7.421526382342800389e+03 2.339179999999999782e-16
7.424567457851999279e+03 2.444509999999999760e-16
7.427608533361199079e+03 2.323359999999999754e-16
7.430649608870399788e+03 2.470039999999999901e-16
7.433690684379599588e+03 2.588549999999999927e-16
7.436731862979599100e+03 2.300259999999999931e-16
7.439772938488799809e+03 2.370870000000000204e-16
7.442814013997999609e+03 2.421140000000000230e-16
7.445855089507199409e+03 2.370299999999999783e-16
7.448896165016399209e+03 2.423229999999999639e-16
7.451937240525599918e+03 2.265650000000000143e-16
7.454978316034799718e+03 2.326669999999999900e-16
7.458019391544000428e+03 2.340709999999999927e-16
7.461060467053199318e+03 2.461399999999999922e-16
7.464101542562399118e+03 2.418389999999999840e-16
7.467142721162399539e+03 2.406739999999999937e-16
7.470183796671599339e+03 2.465729999999999837e-16
7.473224872180799139e+03 2.483220000000000442e-16
7.476265947689999848e+03 2.463409999999999436e-16
7.479307023199199648e+03 2.523090000000000339e-16
7.482348098708400357e+03 2.490840000000000160e-16
7.485389174217599248e+03 2.429409999999999771e-16
7.488430249726799047e+03 2.254999999999999664e-16
7.491471325235998847e+03 2.328799999999999996e-16
7.494512400745199557e+03 2.459110000000000037e-16
7.497553476254400266e+03 2.590599999999999635e-16
7.500594654854399778e+03 2.376040000000000247e-16
7.503635730363599578e+03 2.393270000000000332e-16
7.506676805872799378e+03 2.446579999999999811e-16
7.509717881381999177e+03 2.343830000000000262e-16
7.512758956891199887e+03 2.363750000000000199e-16
7.515800032400399687e+03 2.218729999999999965e-16
7.518841107909599486e+03 1.968349999999999976e-16
7.521882183418799286e+03 2.238350000000000173e-16
7.524923258927999086e+03 2.273789999999999917e-16
7.527964334437199796e+03 2.253909999999999680e-16
7.531005513037199307e+03 2.363379999999999761e-16
7.534046588546399107e+03 2.401959999999999690e-16
7.537087664055599816e+03 2.295770000000000226e-16
7.540128739564799616e+03 2.530409999999999834e-16
7.543169815074000326e+03 2.363709999999999512e-16
7.546210890583199216e+03 2.117819999999999968e-16
7.549251966092399016e+03 2.317640000000000126e-16
7.552293041601599725e+03 2.240019999999999764e-16
7.555334117110799525e+03 2.287179999999999627e-16
7.558375192620000234e+03 2.211580000000000184e-16
7.561416268129199125e+03 2.230779999999999835e-16
7.564457446729199546e+03 2.169119999999999933e-16
7.567498522238400255e+03 1.839319999999999978e-16
7.570539597747599146e+03 2.323449999999999820e-16
7.573580673256799855e+03 2.149579999999999866e-16
7.576621748765999655e+03 1.984070000000000013e-16
7.579662824275199455e+03 2.100530000000000085e-16
7.582703899784400164e+03 2.165059999999999972e-16
7.585744975293599055e+03 2.385560000000000054e-16
7.588786050802799764e+03 2.250010000000000248e-16
7.591827126311999564e+03 2.223329999999999586e-16
7.594868201821199364e+03 2.196639999999999984e-16
7.597909380421199785e+03 2.169959999999999568e-16
7.600950455930399585e+03 2.143270000000000214e-16
7.603991531439600294e+03 2.116579999999999873e-16
7.607032606948799184e+03 2.089900000000000196e-16
7.610073682457998984e+03 2.063209999999999855e-16
7.613114757967199694e+03 2.036529999999999933e-16
7.616155833476399494e+03 2.009840000000000085e-16
7.619196908985600203e+03 1.983149999999999990e-16
7.622237984494799093e+03 1.956459999999999896e-16
7.625279060003999803e+03 1.929779999999999726e-16
7.628320135513199602e+03 2.001720000000000162e-16
7.631361314113199114e+03 1.928990000000000210e-16
7.634402389622399824e+03 2.046890000000000361e-16
7.637443465131599623e+03 1.975699999999999987e-16
7.640484540640799423e+03 1.886240000000000157e-16
7.643525616150000133e+03 2.135769999999999845e-16
7.646566691659199023e+03 2.039870000000000101e-16
7.649607767168399732e+03 1.963750000000000109e-16
7.652648842677599532e+03 1.801649999999999900e-16
7.655689918186799332e+03 1.837749999999999886e-16
7.658730993695998222e+03 2.051509999999999833e-16
7.661772069205198932e+03 2.038009999999999959e-16
7.664813247805200263e+03 2.105520000000000241e-16
7.667854323314399153e+03 2.107690000000000284e-16
7.670895398823598953e+03 1.874420000000000046e-16
7.673936474332799662e+03 1.802479999999999857e-16
7.676977549841999462e+03 2.035849999999999841e-16
7.680018625351200171e+03 2.043110000000000032e-16
7.683059700860399062e+03 1.949629999999999940e-16
7.686100776369598861e+03 1.894349999999999908e-16
7.689141851878799571e+03 1.996020000000000138e-16
7.692183030478799083e+03 2.225890000000000164e-16
7.695224105987998882e+03 2.095929999999999971e-16
7.698265181497199592e+03 2.147129999999999698e-16
7.701306257006399392e+03 1.910199999999999958e-16
7.704347332515600101e+03 1.916470000000000157e-16
7.707388408024798991e+03 1.714249999999999950e-16
7.710429483533999701e+03 1.988659999999999955e-16
7.713470559043199501e+03 2.446669999999999878e-16
7.716511634552399300e+03 2.107149999999999885e-16
7.719552710061600010e+03 1.742940000000000126e-16
7.722593785570798900e+03 2.156769999999999841e-16
7.725634964170800231e+03 2.098690000000000039e-16
7.728676039679999121e+03 2.279399999999999627e-16
7.731717115189198921e+03 2.177799999999999860e-16
7.734758190698399630e+03 2.069729999999999910e-16
7.737799266207599430e+03 1.918459999999999820e-16
7.740840341716800140e+03 2.228500000000000121e-16
7.743881417225999030e+03 1.632949999999999989e-16
7.746922492735198830e+03 2.020799999999999971e-16
7.749963568244399539e+03 2.306059999999999946e-16
7.753004643753599339e+03 2.142279999999999975e-16
7.756045719262800048e+03 2.082080000000000002e-16
7.759086897862799560e+03 2.276640000000000052e-16
7.762127973372000270e+03 2.018169999999999916e-16
7.765169048881200069e+03 2.069959999999999916e-16
7.768210124390398960e+03 2.304840000000000194e-16
7.771251199899599669e+03 2.333609999999999772e-16
7.774292275408799469e+03 2.279999999999999578e-16
7.777333350917999269e+03 2.367730000000000019e-16
7.780374426427199978e+03 2.506259999999999728e-16
7.783415501936398869e+03 2.223749999999999896e-16
7.786456577445599578e+03 1.988940000000000080e-16
7.789497652954799378e+03 2.136540000000000004e-16
7.792538831554798890e+03 2.127149999999999963e-16
7.795579907063999599e+03 2.421390000000000086e-16
7.798620982573199399e+03 2.055790000000000121e-16
7.801662058082400108e+03 1.847040000000000180e-16
7.804703133591598998e+03 2.361620000000000103e-16
7.807744209100798798e+03 2.577009999999999941e-16
7.810785284609999508e+03 2.368689999999999743e-16
7.813826360119199308e+03 2.197000000000000004e-16
7.816867435628400017e+03 1.931469999999999908e-16
7.819908511137598907e+03 2.273099999999999899e-16
7.822949586646799617e+03 2.510089999999999930e-16
7.825990765246800038e+03 2.281409999999999634e-16
7.829031840755998928e+03 2.140150000000000125e-16
7.832072916265199638e+03 2.083270000000000225e-16
7.835113991774399437e+03 2.142960000000000066e-16
7.838155067283599237e+03 2.220679999999999927e-16
7.841196142792799947e+03 2.394460000000000061e-16
7.844237218301998837e+03 2.385439999999999966e-16
7.847278293811199546e+03 2.345129999999999908e-16
7.850319369320399346e+03 2.681159999999999868e-16
7.853360444829600056e+03 2.455959999999999680e-16
7.856401623429599567e+03 2.158749999999999826e-16
7.859442698938799367e+03 2.390399999999999853e-16
7.862483774447999167e+03 2.554480000000000046e-16
7.865524849957199876e+03 2.091049999999999978e-16
7.868565925466399676e+03 2.012529999999999937e-16
7.871607000975599476e+03 2.194940000000000371e-16
7.874648076484799276e+03 2.021870000000000351e-16
7.877689151993999985e+03 2.423490000000000160e-16
7.880730227503198876e+03 2.203969999999999898e-16
7.883771303012399585e+03 2.223820000000000112e-16
7.886812481612400006e+03 2.239950000000000041e-16
7.889853557121598897e+03 2.500590000000000466e-16
7.892894632630799606e+03 2.497629999999999921e-16
7.895935708139999406e+03 2.137840000000000143e-16
7.898976783649200115e+03 2.244120000000000166e-16
7.902017859158399915e+03 2.430780000000000127e-16
7.905058934667598805e+03 2.126050000000000301e-16
7.908100010176799515e+03 1.970900000000000136e-16
7.911141085685999315e+03 2.436799999999999976e-16
7.914182161195200024e+03 2.353530000000000202e-16
7.917223236704399824e+03 2.152290000000000309e-16
7.920264415304399336e+03 2.100049999999999977e-16
7.923305490813600045e+03 2.052200000000000096e-16
7.926346566322799845e+03 2.157249999999999950e-16
7.929387641831999645e+03 2.325779999999999899e-16
7.932428717341199444e+03 2.409809999999999906e-16
7.935469792850399244e+03 2.377050000000000336e-16
7.938510868359599954e+03 2.317899999999999661e-16
7.941551943868799754e+03 2.255409999999999803e-16
7.944593019377999553e+03 2.097820000000000136e-16
7.947634094887199353e+03 2.208400000000000051e-16
7.950675170396399153e+03 2.258020000000000254e-16
7.953716348996399574e+03 2.197840000000000132e-16
7.956757424505599374e+03 1.987809999999999902e-16
7.959798500014800084e+03 2.017659999999999786e-16
7.962839575523999883e+03 2.179390000000000049e-16
7.965880651033198774e+03 2.672109999999999751e-16
7.968921726542399483e+03 2.332129999999999993e-16
7.971962802051599283e+03 1.928980000000000039e-16
7.975003877560799992e+03 2.166830000000000048e-16
7.978044953069999792e+03 2.489419999999999932e-16
7.981086028579198683e+03 2.295109999999999738e-16
7.984127104088399392e+03 2.292259999999999603e-16
7.987168282688399813e+03 1.976140000000000148e-16
7.990209358197599613e+03 1.879230000000000068e-16
7.993250433706799413e+03 2.019119999999999961e-16
7.996291509215999213e+03 2.308639999999999881e-16
7.999332584725199922e+03 2.228719999999999955e-16
8.002373660234399722e+03 2.256190000000000380e-16
8.005414735743599522e+03 2.198830000000000124e-16
8.008455811252799322e+03 2.603270000000000293e-16
8.011496886761999122e+03 2.405199999999999620e-16
8.014537962271199831e+03 2.307869999999999969e-16
8.017579140871199343e+03 2.099219999999999774e-16
8.020620216380400052e+03 2.127490000000000379e-16
8.023661291889599852e+03 1.861470000000000249e-16
8.026702367398798742e+03 1.995990000000000116e-16
8.029743442907999452e+03 2.112420000000000166e-16
8.032784518417199251e+03 2.205299999999999813e-16
8.035825593926399961e+03 2.135050000000000052e-16
8.038866669435599761e+03 2.323090000000000047e-16
8.041907744944798651e+03 2.314240000000000406e-16
8.044948820453999360e+03 2.084610000000000065e-16
8.047989895963199160e+03 2.118219999999999935e-16
8.051031074563199581e+03 2.791329999999999645e-16
8.054072150072399381e+03 2.325800000000000243e-16
8.057113225581599181e+03 1.899179999999999781e-16
8.060154301090799891e+03 2.089929999999999725e-16
8.063195376599999690e+03 2.068370000000000219e-16
8.066236452109199490e+03 1.971990000000000120e-16
8.069277527618399290e+03 2.001759999999999863e-16
8.072318603127599090e+03 1.968729999999999846e-16
8.075359678636799799e+03 1.998729999999999841e-16
8.078400754145999599e+03 2.103870000000000007e-16
8.081441829655199399e+03 2.208149999999999948e-16
8.084483008255199820e+03 2.093469999999999878e-16
8.087524083764398711e+03 1.828439999999999987e-16
8.090565159273599420e+03 2.073490000000000143e-16
8.093606234782799220e+03 2.130240000000000029e-16
8.096647310291999929e+03 1.907209999999999884e-16
8.099688385801199729e+03 1.979020000000000059e-16
8.102729461310398619e+03 1.908540000000000046e-16
8.105770536819599329e+03 1.996840000000000169e-16
8.108811612328799129e+03 2.006759999999999944e-16
8.111852687837999838e+03 2.032859999999999766e-16
8.114893866437999350e+03 1.996109999999999712e-16
8.117934941947199150e+03 2.012150000000000067e-16
8.120976017456399859e+03 2.084820000000000220e-16
8.124017092965599659e+03 2.200549999999999835e-16
8.127058168474799459e+03 2.112169999999999817e-16
8.130099243984000168e+03 2.085020000000000204e-16
8.133140319493199058e+03 2.062609999999999905e-16
8.136181395002399768e+03 1.907440000000000136e-16
8.139222470511599568e+03 2.023809999999999649e-16
8.142263546020799367e+03 1.845419999999999969e-16
8.145304621529999167e+03 2.200120000000000092e-16
8.148345800129999589e+03 2.244090000000000144e-16
8.151386875639199388e+03 2.137630000000000234e-16
8.154427951148399188e+03 2.073340000000000032e-16
8.157469026657599898e+03 1.857629999999999875e-16
8.160510102166799697e+03 1.985309999999999861e-16
8.163551177675999497e+03 2.019829999999999829e-16
8.166592253185199297e+03 2.054259999999999730e-16
8.169633328694399097e+03 1.991779999999999797e-16
8.172674404203599806e+03 1.962759999999999870e-16
8.175715479712799606e+03 1.835790000000000244e-16
8.178756658312799118e+03 1.900629999999999785e-16
8.181797733821999827e+03 1.926459999999999901e-16
8.184838809331199627e+03 2.001959999999999846e-16
8.187879884840399427e+03 2.041159999999999576e-16
8.190920960349599227e+03 1.866840000000000029e-16
8.193962035858799936e+03 1.863640000000000292e-16
8.197003111367999736e+03 2.034019999999999967e-16
8.200044186877199536e+03 1.856799999999999919e-16
8.203085262386399336e+03 1.665390000000000226e-16
8.206126337895599136e+03 1.794159999999999704e-16
8.209167413404800755e+03 2.059579999999999883e-16
8.212208592004799357e+03 1.814540000000000145e-16
8.215249667513999157e+03 1.829190000000000048e-16
8.218290743023198957e+03 1.764379999999999790e-16
8.221331818532398756e+03 1.794929999999999862e-16
8.224372894041598556e+03 1.987790000000000052e-16
8.227413969550800175e+03 2.007029999999999897e-16
8.230455045059999975e+03 1.715750000000000072e-16
8.233496120569199775e+03 1.481500000000000013e-16
8.236537196078399575e+03 1.659149999999999804e-16
8.239578271587599374e+03 1.878140000000000084e-16
8.242619347096799174e+03 2.026619999999999837e-16
8.245660525696799596e+03 1.896419999999999959e-16
8.248701601205999395e+03 2.000280000000000083e-16
8.251742676715199195e+03 1.935559999999999891e-16
8.254783752224398995e+03 1.849220000000000149e-16
8.257824827733598795e+03 1.969369999999999991e-16
8.260865903242798595e+03 1.982399999999999929e-16
8.263906978752000214e+03 1.812779999999999748e-16
8.266948054261200014e+03 1.921690000000000072e-16
8.269989129770399813e+03 1.736309999999999908e-16
8.273030205279599613e+03 1.933820000000000084e-16
8.276071280788799413e+03 1.704599999999999881e-16
8.279112459388799834e+03 1.805970000000000136e-16
8.282153534897999634e+03 2.223520000000000384e-16
8.285194610407199434e+03 1.578220000000000281e-16
8.288235685916399234e+03 1.197010000000000197e-16
8.291276761425599034e+03 1.606100000000000105e-16
8.294317836934798834e+03 1.987979999999999863e-16
8.297358912444000453e+03 1.336259999999999945e-16
8.300399987953200252e+03 1.432170000000000107e-16
8.303441063462400052e+03 2.245989999999999741e-16
8.306482138971599852e+03 1.733729999999999972e-16
8.309523214480799652e+03 1.696399999999999817e-16
8.312564393080800073e+03 1.708170000000000056e-16
8.315605468589999873e+03 1.862179999999999870e-16
8.318646544099199673e+03 1.590649999999999775e-16
8.321687619608399473e+03 1.512929999999999914e-16
8.324728695117599273e+03 1.629899999999999871e-16
8.327769770626799072e+03 1.751090000000000071e-16
8.330810846135998872e+03 1.856159999999999774e-16
8.333851921645198672e+03 1.586100000000000027e-16
8.336892997154398472e+03 1.654640000000000002e-16
8.339934175754400712e+03 1.446859999999999957e-16
8.342975251263598693e+03 1.142239999999999802e-16
8.346016326772798493e+03 1.391979999999999892e-16
8.349057402282000112e+03 1.047829999999999762e-16
8.352098477791199912e+03 1.560359999999999977e-16
8.355139553300399712e+03 1.838499999999999947e-16
8.358180628809599511e+03 1.809189999999999970e-16
8.361221704318799311e+03 2.067860000000000089e-16
8.364262779827999111e+03 1.459820000000000172e-16
8.367303855337198911e+03 1.692949999999999978e-16
8.370344930846398711e+03 1.685279999999999895e-16
8.373386109446399132e+03 1.393970000000000048e-16
8.376427184955598932e+03 1.484360000000000073e-16
8.379468260464798732e+03 1.474970000000000033e-16
8.382509335973998532e+03 1.307509999999999971e-16
8.385550411483200151e+03 1.146160000000000070e-16
8.388591486992399950e+03 1.454170000000000021e-16
8.391632562501599750e+03 1.548060000000000004e-16
8.394673638010799550e+03 1.638619999999999991e-16
8.397714713519999350e+03 1.608459999999999960e-16
8.400755789029199150e+03 1.578310000000000101e-16
8.403796864538398950e+03 1.548159999999999996e-16
8.406838043138399371e+03 1.518010000000000137e-16
8.409879118647599171e+03 1.555119999999999965e-16
8.412920194156798971e+03 1.524880000000000040e-16
8.415961269666000589e+03 1.152760000000000020e-16
8.419002345175198570e+03 1.341199999999999982e-16
8.422043420684400189e+03 1.525229999999999888e-16
8.425084496193599989e+03 1.474010000000000063e-16
8.428125571702799789e+03 1.442390000000000103e-16
8.431166647211999589e+03 1.191279999999999904e-16
8.434207722721199389e+03 1.050979999999999996e-16
8.437248798230399188e+03 1.011250000000000039e-16
8.440289976830399610e+03 1.274870000000000243e-16
8.443331052339599410e+03 1.228020000000000034e-16
8.446372127848799209e+03 1.364979999999999897e-16
8.449413203357999009e+03 1.061060000000000053e-16
8.452454278867198809e+03 1.235019999999999950e-16
8.455495354376400428e+03 1.054359999999999989e-16
8.458536429885600228e+03 1.314299999999999978e-16
8.461577505394800028e+03 1.522010000000000054e-16
8.464618580903999828e+03 1.397250000000000173e-16
8.467659656413199627e+03 1.121129999999999888e-16
8.470700731922399427e+03 1.501249999999999989e-16
8.473741910522399849e+03 1.499170000000000012e-16
8.476782986031599648e+03 1.497090000000000036e-16
8.479824061540799448e+03 1.495010000000000059e-16
8.482865137049999248e+03 1.492940000000000008e-16
8.485906212559199048e+03 1.490860000000000031e-16
8.488947288068398848e+03 1.488780000000000055e-16
8.491988363577598648e+03 1.486699999999999831e-16
8.495029439086800267e+03 1.444640000000000041e-16
8.498070514596000066e+03 1.454709999999999927e-16
8.501111590105199866e+03 1.623860000000000171e-16
8.504152768705200288e+03 1.394730000000000035e-16
8.507193844214400087e+03 1.167569999999999959e-16
8.510234919723599887e+03 1.178519999999999920e-16
8.513275995232799687e+03 1.578159999999999990e-16
8.516317070741999487e+03 1.717479999999999955e-16
8.519358146251199287e+03 1.391209999999999980e-16
8.522399221760399087e+03 1.488470000000000154e-16
8.525440297269598886e+03 1.540159999999999915e-16
8.528481372778798686e+03 1.411760000000000136e-16
8.531522448287998486e+03 1.418520000000000122e-16
8.534563626887998907e+03 1.363710000000000026e-16
8.537604702397198707e+03 1.419329999999999981e-16
8.540645777906400326e+03 1.192980000000000011e-16
8.543686853415600126e+03 1.204399999999999908e-16
8.546727928924799926e+03 1.548440000000000121e-16
8.549769004433999726e+03 1.850950000000000031e-16
8.552810079943199526e+03 1.435089999999999965e-16
8.555851155452399325e+03 1.341450000000000084e-16
8.558892230961599125e+03 1.371589999999999771e-16
8.561933306470798925e+03 1.504170000000000094e-16
8.564974381979998725e+03 1.711649999999999917e-16
8.568015560579999146e+03 1.557500000000000163e-16
8.571056636089198946e+03 1.308529999999999985e-16
8.574097711598398746e+03 1.358979999999999898e-16
8.577138787107600365e+03 1.270550000000000007e-16
8.580179862616800165e+03 1.314529999999999984e-16
8.583220938125999965e+03 1.217000000000000103e-16
8.586262013635199764e+03 1.168459999999999959e-16
8.589303089144399564e+03 1.400579999999999923e-16
8.592344164653599364e+03 1.435989999999999891e-16
8.595385240162799164e+03 1.397689999999999841e-16
8.598426315671998964e+03 1.224650000000000090e-16
8.601467494271999385e+03 1.457420000000000123e-16
8.604508569781199185e+03 1.394070000000000040e-16
8.607549645290398985e+03 1.392029999999999764e-16
8.610590720799598785e+03 1.166010000000000038e-16
8.613631796308798585e+03 1.387660000000000149e-16
8.616672871818000203e+03 1.681179999999999986e-16
8.619713947327200003e+03 1.538500000000000003e-16
8.622755022836399803e+03 1.430129999999999831e-16
8.625796098345599603e+03 1.530329999999999961e-16
8.628837173854799403e+03 1.612189999999999924e-16
8.631878249363999203e+03 1.176439999999999943e-16
8.634919427964001443e+03 1.451130000000000074e-16
8.637960503473201243e+03 1.665290000000000235e-16
8.641001578982399224e+03 1.662140000000000124e-16
8.644042654491599023e+03 1.610490000000000064e-16
8.647083730000798823e+03 1.717609999999999969e-16
8.650124805509998623e+03 1.638949999999999988e-16
8.653165881019200242e+03 1.582520000000000174e-16
8.656206956528400042e+03 1.776979999999999985e-16
8.659248032037599842e+03 1.779199999999999900e-16
8.662289107546799642e+03 1.514250000000000151e-16
8.665330286146800063e+03 1.454870000000000210e-16
8.668371361655999863e+03 1.804740000000000213e-16
8.671412437165199663e+03 1.776770000000000076e-16
8.674453512674399462e+03 1.430199999999999801e-16
8.677494588183599262e+03 1.688779999999999853e-16
8.680535663692799062e+03 1.599320000000000023e-16
8.683576739201998862e+03 1.640649999999999848e-16
8.686617814711198662e+03 1.973559999999999720e-16
8.689658890220398462e+03 1.734509999999999809e-16
8.692699965729600081e+03 1.695809999999999792e-16
8.695741041238799880e+03 1.722220000000000008e-16
8.698782219838800302e+03 1.814940000000000112e-16
8.701823295348000102e+03 1.700690000000000031e-16
8.704864370857199901e+03 1.733079999999999902e-16
8.707905446366399701e+03 1.646359999999999797e-16
8.710946521875599501e+03 1.917629999999999864e-16
8.713987597384801120e+03 1.846739999999999959e-16
8.717028672893999101e+03 1.800659999999999908e-16
8.720069748403198901e+03 1.844270000000000187e-16
8.723110823912398700e+03 1.536689999999999979e-16
8.726151899421598500e+03 1.820540000000000144e-16
8.729192974930800119e+03 2.017509999999999675e-16
8.732234153530798721e+03 1.945520000000000106e-16
8.735275229039998521e+03 1.892400000000000192e-16
8.738316304549200140e+03 1.766980000000000069e-16
8.741357380058399940e+03 1.878050000000000018e-16
8.744398455567599740e+03 1.683980000000000002e-16
8.747439531076799540e+03 1.640869999999999929e-16
8.750480606585999340e+03 1.708649999999999918e-16
8.753521682095199139e+03 1.881070000000000114e-16
8.756562757604398939e+03 1.636630000000000081e-16
8.759603833113598739e+03 1.465259999999999921e-16
8.762645011713599160e+03 1.668659999999999932e-16
8.765686087222798960e+03 1.563680000000000049e-16
8.768727162731998760e+03 1.838869999999999892e-16
8.771768238241198560e+03 1.922759999999999713e-16
8.774809313750400179e+03 1.584499999999999912e-16
8.777850389259599979e+03 1.695670000000000099e-16
8.780891464768799779e+03 1.494160000000000006e-16
8.783932540277999578e+03 1.383350000000000085e-16
8.786973615787199378e+03 1.417420000000000212e-16
8.790014691296400997e+03 1.768309999999999737e-16
8.793055766805598978e+03 1.137809999999999895e-16
8.796096945405599399e+03 1.578190000000000013e-16
8.799138020914799199e+03 1.756129999999999853e-16
8.802179096423998999e+03 1.546709999999999992e-16
8.805220171933198799e+03 1.628949999999999826e-16
8.808261247442398599e+03 1.782259999999999944e-16
8.811302322951598399e+03 1.573829999999999829e-16
8.814343398460800017e+03 1.450940000000000016e-16
8.817384473969999817e+03 1.871240000000000160e-16
8.820425549479199617e+03 2.162190000000000233e-16
8.823466624988399417e+03 1.832440000000000150e-16
8.826507803588399838e+03 1.490860000000000031e-16
8.829548879097599638e+03 1.552620000000000171e-16
8.832589954606799438e+03 1.473710000000000088e-16
8.835631030115999238e+03 1.320810000000000108e-16
8.838672105625199038e+03 1.280600000000000042e-16
8.841713181134398837e+03 1.402949999999999950e-16
8.844754256643598637e+03 1.338799999999999933e-16
8.847795332152798437e+03 1.535990000000000037e-16
8.850836407662000056e+03 1.704719999999999970e-16
8.853877483171199856e+03 1.230609999999999894e-16
8.856918558680399656e+03 8.239450000000000943e-17
8.859959737280400077e+03 1.516200000000000114e-16
8.863000812789599877e+03 1.297299999999999899e-16
8.866041888298799677e+03 2.012999999999999874e-16
8.869082963807999477e+03 1.813249999999999931e-16
8.872124039317199276e+03 1.577260000000000064e-16
8.875165114826400895e+03 1.511029999999999824e-16
8.878206190335598876e+03 1.655250000000000125e-16
8.881247265844798676e+03 1.728559999999999930e-16
8.884288341353998476e+03 1.457179999999999945e-16
8.887329416863200095e+03 1.768379999999999953e-16
8.890370492372399895e+03 2.053100000000000269e-16
8.893411670972398497e+03 1.775540000000000153e-16
8.896452746481600116e+03 1.290820000000000039e-16
8.899493821990799916e+03 1.391589999999999850e-16
8.902534897499999715e+03 1.387629999999999880e-16
8.905575973009199515e+03 1.585419999999999935e-16
8.908617048518399315e+03 1.363429999999999901e-16
8.911658124027600934e+03 1.403120000000000158e-16
8.914699199536798915e+03 1.358920000000000100e-16
8.917740275045998715e+03 1.455940000000000097e-16
8.920781350555198514e+03 1.505690000000000067e-16
8.923822426064398314e+03 1.631860000000000005e-16
8.926863604664398736e+03 1.947240000000000063e-16
8.929904680173598535e+03 2.021750000000000016e-16
8.932945755682800154e+03 2.086490000000000058e-16
8.935986831191999954e+03 1.723070000000000061e-16
8.939027906701199754e+03 1.680800000000000116e-16
8.942068982210399554e+03 9.168819999999999565e-17
8.945110057719599354e+03 1.327210000000000074e-16
8.948151133228800973e+03 1.660739999999999993e-16
8.951192208738000772e+03 1.782540000000000316e-16
8.954233284247198753e+03 1.455599999999999928e-16
8.957274359756398553e+03 1.374989999999999984e-16
8.960315538356398974e+03 1.097629999999999852e-16
8.963356613865598774e+03 6.445960000000000173e-17
8.966397689374798574e+03 8.673999999999999297e-17
8.969438764884000193e+03 2.059520000000000085e-16
8.972479840393199993e+03 1.380910000000000088e-16
8.975520915902399793e+03 1.249789999999999942e-16
8.978561991411599593e+03 1.588059999999999915e-16
8.981603066920799392e+03 1.659040000000000133e-16
8.984644142429999192e+03 1.158279999999999910e-16
8.987685321029999614e+03 1.530359999999999983e-16
8.990726396539199413e+03 1.520950000000000092e-16
8.993767472048401032e+03 1.047260000000000080e-16
8.996808547557600832e+03 1.305539999999999911e-16
8.999849623066798813e+03 1.829409999999999636e-16
9.002890698575998613e+03 1.487200000000000037e-16
9.005931774085198413e+03 6.356879999999999720e-17
9.008972849594400031e+03 7.498419999999999579e-17
9.012013925103599831e+03 1.665980000000000005e-16
9.015055000612799631e+03 2.105689999999999956e-16
9.018096076121999431e+03 1.259660000000000090e-16
9.021137254721999852e+03 1.022809999999999999e-16
9.024178330231199652e+03 1.488729999999999935e-16
9.027219405740399452e+03 1.818870000000000060e-16
9.030260481249599252e+03 1.527439999999999878e-16
9.033301556758800871e+03 1.243620000000000228e-16
9.036342632267998852e+03 1.679980000000000085e-16
9.039383707777198651e+03 1.565339999999999961e-16
9.042424783286398451e+03 1.281029999999999785e-16
9.045465858795598251e+03 1.294550000000000003e-16
9.048506934304799870e+03 1.385999999999999990e-16
9.051548009813999670e+03 1.129520000000000011e-16
9.054589188414000091e+03 8.514229999999999415e-17
9.057630263923199891e+03 1.204210000000000097e-16
9.060671339432399691e+03 1.072229999999999971e-16
9.063712414941599491e+03 1.000460000000000114e-16
9.066753490450799291e+03 1.356139999999999934e-16
9.069794565960000909e+03 8.494099999999999815e-17
9.072835641469200709e+03 8.736260000000000382e-17
9.075876716978398690e+03 1.373909999999999925e-16
9.078917792487598490e+03 1.220389999999999898e-16
9.081958867996798290e+03 1.356729999999999960e-16
9.084999943505999909e+03 1.430869999999999967e-16
9.088041122105998511e+03 1.230480000000000127e-16
9.091082197615198311e+03 1.348520000000000217e-16
9.094123273124399930e+03 1.473020000000000071e-16
9.097164348633599730e+03 9.786500000000000118e-17
9.100205424142799529e+03 1.134200000000000020e-16
9.103246499651999329e+03 1.271490000000000127e-16
9.106287575161199129e+03 1.181020000000000207e-16
9.109328650670400748e+03 1.219889999999999939e-16
9.112369726179598729e+03 1.232849999999999907e-16
9.115410801688798529e+03 1.145479999999999732e-16
9.118451877197998328e+03 1.201299999999999917e-16
9.121493055797998750e+03 1.625379999999999898e-16
9.124534131307198550e+03 1.611760000000000181e-16
9.127575206816398349e+03 1.180759999999999932e-16
9.130616282325599968e+03 1.097939999999999875e-16
9.133657357834799768e+03 6.988439999999998538e-17
9.136698433343999568e+03 8.763980000000000416e-17
9.139739508853199368e+03 6.284370000000000096e-17
9.142780584362399168e+03 1.189510000000000075e-16
9.145821659871600787e+03 1.143669999999999955e-16
9.148862735380800586e+03 1.408959999999999874e-16
9.151903913980799189e+03 1.112319999999999948e-16
9.154944989490000808e+03 8.638389999999998606e-17
9.157986064999200607e+03 1.044650000000000123e-16
9.161027140508398588e+03 1.113209999999999949e-16
9.164068216017598388e+03 1.064010000000000180e-16
9.167109291526798188e+03 1.031370000000000083e-16
9.170150367035997988e+03 9.872680000000000071e-17
9.173191442545199607e+03 4.030780000000000364e-17
9.176232518054399407e+03 6.506090000000000176e-17
9.179273593563599206e+03 1.002010000000000109e-16
9.182314772163599628e+03 1.476970000000000115e-16
9.185355847672799428e+03 1.419260000000000012e-16
9.188396923181999227e+03 1.107809999999999901e-16
9.191437998691200846e+03 1.293750000000000068e-16
9.194479074200400646e+03 1.335939999999999872e-16
9.197520149709598627e+03 1.538760000000000030e-16
9.200561225218798427e+03 1.149709999999999901e-16
9.203602300727998227e+03 9.814930000000000513e-17
9.206643376237199845e+03 1.046149999999999876e-16
9.209684451746399645e+03 1.338290000000000049e-16
9.212725527255599445e+03 8.463290000000001441e-17
9.215766705855599866e+03 8.520110000000000804e-17
9.218807781364799666e+03 8.565879999999998982e-17
9.221848856873999466e+03 8.208139999999998912e-17
9.224889932383199266e+03 1.158049999999999905e-16
9.227931007892399066e+03 1.415339999999999989e-16
9.230972083401600685e+03 1.330620000000000212e-16
9.234013158910800485e+03 1.009770000000000013e-16
