3.602734599975000037e+03 2.296060000000000092e-17
3.606927110430000084e+03 1.069189999999999901e-16
3.611119620885000131e+03 2.955160000000000228e-17
3.615312028597500102e+03 4.696880000000000233e-17
3.619504539052500149e+03 1.279689999999999945e-16
3.623697049507500196e+03 1.218829999999999977e-16
3.627889457220000168e+03 5.345930000000000026e-17
3.632081967674999760e+03 7.062939999999999798e-17
3.636274478130000261e+03 1.112110000000000040e-16
3.640466885842500233e+03 1.822270000000000026e-16
3.644659396297499825e+03 1.311999999999999921e-16
3.648851906752500327e+03 1.709069999999999982e-16
3.653044314465000298e+03 1.613599999999999980e-16
3.657236824919999890e+03 1.930409999999999946e-16
3.661429335375000392e+03 2.210040000000000113e-16
3.665621743087500363e+03 9.187610000000000064e-17
3.669814253542499955e+03 1.722309999999999828e-16
3.674006763997500457e+03 1.404889999999999987e-16
3.678199171709999973e+03 1.226549999999999933e-16
3.682391682165000020e+03 1.844349999999999835e-16
3.686584192620000067e+03 2.779270000000000096e-16
3.690776600332500038e+03 2.682109999999999913e-16
3.694969110787500085e+03 1.655620000000000070e-16
3.699161621242500132e+03 1.256849999999999903e-16
3.703354028955000103e+03 1.513329999999999882e-16
3.707546539410000150e+03 2.232890000000000080e-16
3.711739049865000197e+03 2.858800000000000226e-16
3.715931457577500169e+03 1.951449999999999889e-16
3.720123968032500215e+03 1.988589999999999986e-16
3.724316478487499808e+03 2.415599999999999750e-16
3.728508886200000688e+03 2.337650000000000130e-16
3.732701396655000281e+03 2.607090000000000323e-16
3.736893907109999873e+03 2.914800000000000052e-16
3.741086314822500299e+03 3.225150000000000253e-16
3.745278825277500346e+03 2.886180000000000091e-16
3.749471335732499938e+03 3.067019999999999693e-16
3.753663743444999909e+03 2.511319999999999854e-16
3.757856253899999956e+03 3.326969999999999608e-16
3.762048764355000003e+03 3.193340000000000235e-16
3.766241172067499974e+03 3.099510000000000050e-16
3.770433682522500021e+03 3.273400000000000100e-16
3.774626192977500068e+03 3.451000000000000265e-16
3.778818600690000039e+03 3.529949999999999802e-16
3.783011111145000086e+03 3.626330000000000394e-16
3.787203621600000133e+03 3.272949999999999768e-16
3.791396029312500104e+03 2.754649999999999806e-16
3.795588539767500151e+03 3.254920000000000242e-16
3.799781050222500198e+03 3.007369999999999799e-16
3.803973457935000170e+03 2.799129999999999988e-16
3.808165968390000216e+03 3.035130000000000273e-16
3.812358478845000263e+03 2.807750000000000117e-16
3.816550886557500235e+03 2.854129999999999896e-16
3.820743397012500282e+03 2.952449999999999786e-16
3.824935907467500328e+03 2.826429999999999959e-16
3.829128315180000300e+03 3.396979999999999931e-16
3.833320825634999892e+03 3.257919999999999995e-16
3.837513336089999939e+03 2.857540000000000281e-16
3.841705743802499910e+03 3.138240000000000089e-16
3.845898254257499957e+03 3.008949999999999816e-16
3.850090764712500004e+03 2.936179999999999918e-16
3.854283172424999975e+03 3.221090000000000045e-16
3.858475682880000022e+03 3.060500000000000132e-16
3.862668193335000069e+03 2.676140000000000430e-16
3.866860601047500040e+03 2.683100000000000152e-16
3.871053111502500087e+03 2.545240000000000117e-16
3.875245621957500134e+03 2.358939999999999930e-16
3.879438029670000105e+03 2.479990000000000191e-16
3.883630540125000152e+03 2.505199999999999766e-16
3.887823050580000199e+03 2.199279999999999964e-16
3.892015458292500171e+03 2.152009999999999691e-16
3.896207968747500217e+03 2.097709999999999726e-16
3.900400479202500264e+03 2.228879999999999745e-16
3.904592886915000236e+03 2.390399999999999853e-16
3.908785397370000283e+03 2.499369999999999728e-16
3.912977907825000784e+03 2.704389999999999952e-16
3.917170315537500301e+03 3.280069999999999773e-16
3.921362825992499893e+03 3.186079999999999798e-16
3.925555336447499940e+03 2.835309999999999622e-16
3.929747744160000366e+03 3.140800000000000174e-16
3.933940254614999958e+03 3.051520000000000230e-16
3.938132765070000005e+03 3.228850000000000195e-16
3.942325172782500431e+03 3.737519999999999446e-16
3.946517683237500023e+03 3.716819999999999918e-16
3.950710193692500070e+03 3.899440000000000014e-16
3.954902601405000041e+03 4.372650000000000164e-16
3.959095111860000088e+03 4.270880000000000188e-16
3.963287622315000135e+03 4.600250000000000154e-16
3.967480030027500106e+03 4.890469999999999770e-16
3.971672540482500153e+03 4.672990000000000031e-16
3.975865050937500200e+03 4.906019999999999599e-16
3.980057458649999717e+03 5.349759999999999982e-16
3.984249969105000218e+03 5.517159999999999507e-16
3.988442479560000265e+03 5.772269999999999623e-16
3.992634887272499782e+03 5.599689999999999884e-16
3.996827397727500284e+03 5.709349999999999776e-16
4.001019908182499876e+03 5.991190000000000428e-16
4.005212315894999847e+03 6.128259999999999714e-16
4.009404826350000349e+03 6.318860000000000287e-16
4.013597336804999941e+03 6.621220000000000333e-16
4.017789744517499912e+03 6.799139999999999091e-16
4.021982254972500414e+03 6.717819999999999773e-16
4.026174765427500006e+03 6.782089999999999139e-16
4.030367173139999977e+03 6.702149999999999855e-16
4.034559683595000479e+03 6.288999999999999246e-16
4.038752194050000071e+03 6.672660000000000238e-16
4.042944601762500042e+03 6.392869999999999295e-16
4.047137112217500089e+03 6.291980000000000134e-16
4.051329622672500136e+03 6.394880000000000288e-16
4.055522030385000107e+03 6.433659999999999707e-16
4.059714540840000154e+03 6.238280000000000859e-16
4.063907051295000201e+03 5.788169999999999547e-16
4.068099459007500172e+03 5.410369999999999600e-16
4.072291969462499765e+03 5.333810000000000186e-16
4.076484479917500266e+03 5.325280000000000618e-16
4.080676887630000238e+03 5.055649999999999626e-16
4.084869398084999830e+03 4.869059999999999882e-16
4.089061908540000331e+03 4.647959999999999109e-16
4.093254316252500303e+03 4.451770000000000156e-16
4.097446826707499895e+03 4.459789999999999840e-16
4.101639337162499942e+03 4.569650000000000209e-16
4.105831744875000368e+03 4.367630000000000232e-16
4.110024255330000415e+03 4.224490000000000237e-16
4.114216765785000462e+03 4.214400000000000501e-16
4.118409173497499978e+03 4.172010000000000221e-16
4.122601683952500025e+03 4.155019999999999327e-16
4.126794194407500072e+03 4.283289999999999832e-16
4.130986602120000498e+03 4.566299999999999869e-16
4.135179112575000545e+03 4.393219999999999431e-16
4.139371623030000592e+03 4.375430000000000576e-16
4.143564030742500108e+03 4.155190000000000275e-16
4.147756541197500155e+03 4.323890000000000432e-16
4.151949051652500202e+03 4.514399999999999953e-16
4.156141459364999719e+03 4.613699999999999416e-16
4.160333969819999766e+03 4.929610000000000442e-16
4.164526480274999813e+03 5.030349999999999984e-16
4.168718887987500239e+03 4.996720000000000264e-16
4.172911398442500285e+03 4.886930000000000111e-16
4.177103908897500332e+03 4.998999999999999978e-16
4.181296316609999849e+03 4.948780000000000317e-16
4.185488827064999896e+03 5.046709999999999919e-16
4.189681337519999943e+03 5.227580000000001022e-16
4.193873745232500369e+03 5.237269999999999805e-16
4.198066255687500416e+03 5.246150000000000454e-16
4.202258766142500463e+03 5.435859999999999547e-16
4.206451173854999979e+03 5.507459999999999566e-16
4.210643684310000026e+03 5.557609999999999011e-16
4.214836194765000982e+03 5.343230000000000249e-16
4.219028602477499589e+03 5.248639999999999830e-16
4.223221112932499636e+03 5.257599999999999881e-16
4.227413623387500593e+03 5.467809999999999997e-16
4.231606031100000109e+03 5.672450000000000104e-16
4.235798541555000156e+03 5.746259999999999621e-16
4.239991052009999294e+03 5.805179999999999797e-16
4.244183459722499720e+03 5.775959999999999887e-16
4.248375970177499767e+03 5.713560000000000095e-16
4.252568480632499814e+03 5.663869999999999676e-16
4.256760888345000239e+03 5.647199999999999348e-16
4.260953398799999377e+03 5.646319999999999026e-16
4.265145909254999424e+03 5.649390000000000474e-16
4.269338316967499850e+03 5.543260000000000069e-16
4.273530827422499897e+03 5.453230000000000064e-16
4.277723337877499944e+03 5.578069999999999347e-16
4.281915745590000370e+03 5.649499999999999405e-16
4.286108256045000417e+03 5.509630000000000349e-16
4.290300766499999554e+03 5.639459999999999542e-16
4.294493174212499980e+03 5.752950000000000130e-16
4.298685684667500027e+03 5.806940000000000441e-16
4.302878195122500074e+03 5.623330000000000599e-16
4.307070602835000500e+03 5.504990000000000534e-16
4.311263113289999637e+03 5.587339999999999792e-16
4.315455623744999684e+03 5.721930000000000860e-16
4.319648031457500110e+03 5.573310000000000429e-16
4.323840541912500157e+03 5.583149999999999816e-16
4.328033052367500204e+03 5.596740000000000497e-16
4.332225460080000630e+03 5.517890000000000211e-16
4.336417970534999768e+03 5.300810000000000439e-16
4.340610480989999814e+03 5.139930000000000475e-16
4.344802888702500240e+03 5.396880000000000637e-16
4.348995399157500287e+03 5.627169999999999494e-16
4.353187909612500334e+03 5.415539999999999643e-16
4.357380317325000760e+03 5.318689999999999854e-16
4.361572827779999898e+03 5.330250000000000184e-16
4.365765338234999945e+03 5.101709999999999827e-16
4.369957745947500371e+03 5.050880000000000537e-16
4.374150256402500418e+03 5.056459999999999732e-16
4.378342766857499555e+03 4.992750000000000123e-16
4.382535174569999981e+03 4.895819999999999946e-16
4.386727685025000028e+03 4.705419999999998864e-16
4.390920195480000075e+03 4.510849999999999136e-16
4.395112603192500501e+03 4.266859999999999188e-16
4.399305113647500548e+03 3.999669999999999672e-16
4.403497624102499685e+03 4.026559999999999997e-16
4.407690031815000111e+03 3.899319999999999925e-16
4.411882542270000158e+03 3.695069999999999614e-16
4.416075052725000205e+03 3.670249999999999834e-16
4.420267460437500631e+03 3.624390000000000110e-16
4.424459970892500678e+03 3.397490000000000308e-16
4.428652481347499815e+03 3.303119999999999723e-16
4.432844889060000241e+03 3.436730000000000232e-16
4.437037399515000288e+03 3.362980000000000266e-16
4.441229909970000335e+03 3.345909999999999971e-16
4.445422317682500761e+03 3.371480000000000306e-16
4.449614828137500808e+03 3.300910000000000226e-16
4.453807338592499946e+03 3.336250000000000224e-16
4.457999746305000372e+03 3.442269999999999726e-16
4.462192256760000419e+03 3.277580000000000397e-16
4.466384767215000466e+03 3.128750000000000304e-16
4.470577174927500891e+03 3.200120000000000318e-16
4.474769685382500029e+03 3.177350000000000245e-16
4.478962195837500076e+03 3.116360000000000018e-16
4.483154706292500123e+03 3.166890000000000072e-16
4.487347114005000549e+03 3.225480000000000004e-16
4.491539624460000596e+03 3.234900000000000066e-16
4.495732032172500112e+03 3.298170000000000008e-16
4.499924542627500159e+03 3.367499999999999992e-16
4.504117053082500206e+03 3.287399999999999933e-16
4.508309460794999723e+03 3.370769999999999945e-16
4.512501971250000679e+03 3.484010000000000184e-16
4.516694481705000726e+03 3.442619999999999821e-16
4.520886889417500242e+03 3.376180000000000165e-16
4.525079399872500289e+03 3.401419999999999763e-16
4.529271910327500336e+03 3.416609999999999818e-16
4.533464318039999853e+03 3.358759999999999776e-16
4.537656828495000809e+03 3.492040000000000040e-16
4.541849338950000856e+03 3.608280000000000032e-16
4.546041849404999994e+03 3.628359999999999758e-16
4.550234257117500420e+03 3.668719999999999689e-16
4.554426767572500466e+03 3.680180000000000273e-16
4.558619175284999983e+03 3.812749999999999684e-16
4.562811685740000030e+03 3.930130000000000025e-16
4.567004196195000077e+03 4.094959999999999294e-16
4.571196603907499593e+03 4.050830000000000192e-16
4.575389114362499640e+03 3.986780000000000660e-16
4.579581624817500597e+03 4.128949999999999773e-16
4.583774032530000113e+03 4.358309999999999422e-16
4.587966542985000160e+03 4.449250000000000265e-16
4.592159053440000207e+03 4.483590000000000345e-16
4.596351461152499724e+03 4.554310000000000043e-16
4.600543971607499770e+03 4.753269999999999237e-16
4.604736482062500727e+03 4.915279999999999872e-16
4.608928992517500774e+03 5.035969999999999867e-16
4.613121400229999381e+03 5.174430000000000346e-16
4.617313910685000337e+03 5.289020000000000103e-16
4.621506421140000384e+03 5.684930000000000456e-16
4.625698828852499901e+03 5.859729999999999865e-16
4.629891339307500857e+03 5.821599999999999776e-16
4.634083747020000374e+03 5.951569999999999401e-16
4.638276257475000421e+03 6.135900000000000762e-16
4.642468767930000467e+03 6.271820000000000020e-16
4.646661175642499984e+03 6.380909999999999984e-16
4.650853686097500031e+03 6.444260000000000313e-16
4.655046196552500078e+03 6.475299999999999926e-16
4.659238604265000504e+03 6.577230000000000184e-16
4.663431114719999641e+03 6.787410000000000771e-16
4.667623625174999688e+03 6.902050000000000402e-16
4.671816135630000645e+03 6.970839999999999494e-16
4.676008543342500161e+03 7.016219999999999849e-16
4.680201053797500208e+03 6.972989999999998947e-16
4.684393564252500255e+03 7.091419999999999572e-16
4.688585971964999771e+03 6.889300000000000343e-16
4.692778482419999818e+03 6.827010000000000468e-16
4.696970890132500244e+03 6.933639999999999600e-16
4.701163400587500291e+03 6.930989999999999448e-16
4.705355911042499429e+03 6.939870000000000097e-16
4.709548318754999855e+03 6.816420000000000034e-16
4.713740829209999902e+03 6.615029999999999536e-16
4.717933339664999949e+03 6.539819999999999641e-16
4.722125850120000905e+03 6.531489999999999563e-16
4.726318257832500422e+03 6.310240000000000159e-16
4.730510768287499559e+03 6.052890000000001016e-16
4.734703278742499606e+03 6.029689999999999969e-16
4.738895686455000032e+03 5.983869999999999946e-16
4.743088196910000079e+03 5.843659999999999981e-16
4.747280707365000126e+03 5.952030000000000399e-16
4.751473115077500552e+03 5.901330000000000383e-16
4.755665625532499689e+03 5.629510000000000238e-16
4.759858135987499736e+03 5.525729999999999763e-16
4.764050543700000162e+03 5.546440000000000448e-16
4.768243054155000209e+03 5.461829999999999849e-16
4.772435461867500635e+03 5.369190000000000378e-16
4.776627972322499772e+03 5.230119999999999284e-16
4.780820482777499819e+03 5.085590000000000069e-16
4.785012993232499866e+03 4.996550000000000303e-16
4.789205400945000292e+03 4.854280000000000458e-16
4.793397911400000339e+03 4.666319999999999865e-16
4.797590421854999477e+03 4.641749999999999941e-16
4.801782829567499903e+03 4.441469999999999771e-16
4.805975340022499950e+03 4.171050000000000004e-16
4.810167850477499996e+03 4.144540000000000289e-16
4.814360258190000422e+03 4.224790000000000459e-16
4.818552768645000469e+03 4.174850000000000184e-16
4.822745279099999607e+03 4.085730000000000030e-16
4.826937686812500033e+03 3.959180000000000468e-16
4.831130197267500080e+03 3.832550000000000025e-16
4.835322604980000506e+03 3.787119999999999798e-16
4.839515115435000553e+03 3.827569999999999795e-16
4.843707625889999690e+03 3.934509999999999813e-16
4.847900136344999737e+03 3.991080000000000059e-16
4.852092544057500163e+03 3.854180000000000241e-16
4.856285054512500210e+03 3.872630000000000570e-16
4.860477564967500257e+03 3.898590000000000207e-16
4.864669972680000683e+03 3.811349999999999799e-16
4.868862483134999820e+03 3.830310000000000013e-16
4.873054993589999867e+03 3.931250000000000032e-16
4.877247401302500293e+03 3.780630000000000259e-16
4.881439911757500340e+03 3.745750000000000272e-16
4.885632422212500387e+03 3.794080000000000014e-16
4.889824829924999904e+03 3.651830000000000513e-16
4.894017340379999951e+03 3.558540000000000233e-16
4.898209850834999997e+03 3.581659999999999907e-16
4.902402258547500423e+03 3.492700000000000035e-16
4.906594769002500470e+03 3.377830000000000399e-16
4.910787279457500517e+03 3.345200000000000103e-16
4.914979687170000034e+03 3.386840000000000323e-16
4.919172197625000081e+03 3.445149999999999884e-16
4.923364708080000128e+03 3.405159999999999898e-16
4.927557115792500554e+03 3.389159999999999737e-16
4.931749626247500601e+03 3.468839999999999979e-16
4.935942136702499738e+03 3.502430000000000491e-16
4.940134544415000164e+03 3.473350000000000026e-16
4.944327054870000211e+03 3.422710000000000055e-16
4.948519565325000258e+03 3.408540000000000261e-16
4.952711973037500684e+03 3.412590000000000297e-16
4.956904483492500731e+03 3.314700000000000397e-16
4.961096993947499868e+03 3.361420000000000099e-16
4.965289401660000294e+03 3.187220000000000147e-16
4.969481912115000341e+03 3.109869999999999985e-16
4.973674422570000388e+03 3.071559999999999763e-16
4.977866830282499905e+03 2.979009999999999866e-16
4.982059340737500861e+03 2.939970000000000419e-16
4.986251851192499998e+03 2.961910000000000042e-16
4.990444258904999515e+03 2.888390000000000082e-16
4.994636769360000471e+03 2.787359999999999996e-16
4.998829279815000518e+03 2.818249999999999992e-16
5.003021687527500035e+03 2.873349999999999644e-16
5.007214197982500082e+03 2.804609999999999932e-16
5.011406708437500129e+03 2.814620000000000266e-16
5.015599116149999645e+03 2.973140000000000128e-16
5.019791626605000602e+03 2.969670000000000192e-16
5.023984137060000648e+03 3.095640000000000146e-16
5.028176544772500165e+03 3.181070000000000038e-16
5.032369055227500212e+03 3.113210000000000154e-16
5.036561565682500259e+03 3.158109999999999661e-16
5.040753973394999775e+03 3.300669999999999555e-16
5.044946483850000732e+03 3.341040000000000150e-16
5.049138994305000779e+03 3.376180000000000165e-16
5.053331402017500295e+03 3.326600000000000156e-16
5.057523912472500342e+03 3.258820000000000167e-16
5.061716422927500389e+03 3.284369999999999665e-16
5.065908830639999906e+03 3.267359999999999907e-16
5.070101341094999952e+03 3.249299999999999866e-16
5.074293851549999999e+03 3.326209999999999868e-16
5.078486259262499516e+03 3.351640000000000263e-16
5.082678769717499563e+03 3.348930000000000067e-16
5.086871280172500519e+03 3.367390000000000569e-16
5.091063687885000036e+03 3.415409999999999917e-16
5.095256198340000083e+03 3.501649999999999914e-16
5.099448708795000130e+03 3.448449999999999858e-16
5.103641116507499646e+03 3.302540000000000116e-16
5.107833626962499693e+03 3.281140000000000400e-16
5.112026137417500649e+03 3.377119999999999545e-16
5.116218545130000166e+03 3.356199999999999691e-16
5.120411055585000213e+03 3.215679999999999825e-16
5.124603566040000260e+03 3.121930000000000027e-16
5.128795973752499776e+03 3.063699999999999868e-16
5.132988484207499823e+03 2.956809999999999723e-16
5.137180994662500780e+03 2.918460000000000293e-16
5.141373402375000296e+03 2.999680000000000358e-16
5.145565912830000343e+03 3.074009999999999931e-16
5.149758423284999481e+03 3.124370000000000024e-16
5.153950830997499907e+03 3.042350000000000024e-16
5.158143341452499953e+03 3.062360000000000028e-16
5.162335851907500000e+03 3.206599999999999685e-16
5.166528259620000426e+03 3.284659999999999715e-16
5.170720770075000473e+03 3.128529999999999977e-16
5.174913280529999611e+03 3.192240000000000079e-16
5.179105688242500037e+03 3.266909999999999575e-16
5.183298198697500084e+03 3.314740000000000098e-16
5.187490709152500131e+03 3.318199999999999862e-16
5.191683116865000557e+03 3.314669999999999388e-16
5.195875627319999694e+03 3.410080000000000085e-16
5.200068137774999741e+03 3.400890000000000028e-16
5.204260545487500167e+03 3.402930000000000550e-16
5.208453055942500214e+03 3.401190000000000250e-16
5.212645566397500261e+03 3.369480000000000470e-16
5.216837974110000687e+03 3.442930000000000707e-16
5.221030484564999824e+03 3.592999999999999910e-16
5.225222995019999871e+03 3.583750000000000302e-16
5.229415402732500297e+03 3.612700000000000013e-16
5.233607913187500344e+03 3.708059999999999850e-16
5.237800423642499482e+03 3.791500000000000078e-16
5.241992831354999907e+03 3.843890000000000028e-16
5.246185341809999954e+03 3.903660000000000011e-16
5.250377852265000001e+03 3.877220000000000020e-16
5.254570259977500427e+03 3.984609999999999877e-16
5.258762770432500474e+03 4.095980000000000048e-16
5.262955280887499612e+03 4.167449999999999807e-16
5.267147688600000038e+03 4.284780000000000276e-16
5.271340199055000085e+03 4.344469999999999378e-16
5.275532709510000132e+03 4.311420000000000251e-16
5.279725117222500558e+03 4.454530000000000224e-16
5.283917627677500604e+03 4.598030000000000485e-16
5.288110138132499742e+03 4.527409999999999547e-16
5.292302545845000168e+03 4.537510000000000441e-16
5.296495056300000215e+03 4.672209999999999454e-16
5.300687566755000262e+03 4.603609999999999680e-16
5.304879974467500688e+03 4.718490000000000474e-16
5.309072484922499825e+03 4.763669999999999367e-16
5.313264995377499872e+03 4.681289999999999594e-16
5.317457403090000298e+03 4.760699999999999636e-16
5.321649913545000345e+03 4.839050000000000209e-16
5.325842424000000392e+03 4.853480000000000524e-16
5.330034831712500818e+03 4.772309999999999838e-16
5.334227342167499955e+03 4.756409999999999915e-16
5.338419852622500002e+03 4.785669999999999527e-16
5.342612260335000428e+03 4.803880000000000665e-16
5.346804770790000475e+03 4.901950000000000698e-16
5.350997281245000522e+03 4.916159999999999208e-16
5.355189688957500948e+03 4.935259999999999853e-16
5.359382199412500086e+03 4.919250000000000013e-16
5.363574709867500133e+03 4.958700000000000092e-16
5.367767117580000559e+03 5.071720000000000497e-16
5.371959628035000605e+03 5.023550000000000544e-16
5.376152138490000652e+03 5.030519999999999946e-16
5.380344546202500169e+03 5.002819999999999515e-16
5.384537056657500216e+03 4.937389999999999949e-16
5.388729567112500263e+03 4.836429999999999586e-16
5.392921974824999779e+03 4.638540000000000033e-16
5.397114485280000736e+03 4.625290000000000262e-16
5.401306995734999873e+03 4.519010000000000239e-16
5.405499403447499390e+03 4.307409999999999916e-16
5.409691913902500346e+03 4.175830000000000251e-16
5.413884424357500393e+03 4.151650000000000122e-16
5.418076832069999909e+03 3.986809999999999696e-16
5.422269342525000866e+03 3.848809999999999722e-16
5.426461852980000003e+03 3.811599999999999655e-16
5.430654260692499520e+03 3.794180000000000252e-16
5.434846771147500476e+03 3.701290000000000433e-16
5.439039281602500523e+03 3.621230000000000074e-16
5.443231689315000040e+03 3.677259999999999922e-16
5.447424199770000996e+03 3.673069999999999454e-16
5.451616710225000134e+03 3.659219999999999731e-16
5.455809117937499650e+03 3.603430000000000554e-16
5.460001628392500606e+03 3.536450000000000006e-16
5.464194138847500653e+03 3.524950000000000214e-16
5.468386546560000170e+03 3.561509999999999964e-16
5.472579057014999307e+03 3.504040000000000038e-16
5.476771567470000264e+03 3.529580000000000350e-16
5.480963975182499780e+03 3.574209999999999658e-16
5.485156485637499827e+03 3.492649999999999669e-16
5.489348996092500784e+03 3.518180000000000303e-16
5.493541403805000300e+03 3.645799999999999998e-16
5.497733914259999437e+03 3.580339999999999917e-16
5.501926424715000394e+03 3.541499999999999960e-16
5.506118832427499910e+03 3.667749999999999793e-16
5.510311342882499957e+03 3.731880000000000206e-16
5.514503853337500914e+03 3.633079999999999961e-16
5.518696261049999521e+03 3.679439999999999890e-16
5.522888771504999568e+03 3.739099999999999957e-16
5.527081281960000524e+03 3.760130000000000221e-16
5.531273689672500041e+03 3.747150000000000156e-16
5.535466200127500088e+03 3.635850000000000202e-16
5.539658710582500134e+03 3.666919999999999837e-16
5.543851118294999651e+03 3.641669999999999574e-16
5.548043628749999698e+03 3.640630000000000449e-16
5.552236139205000654e+03 3.609590000000000343e-16
5.556428546917500171e+03 3.550280000000000371e-16
5.560621057372500218e+03 3.633430000000000056e-16
5.564813567827499355e+03 3.574580000000000095e-16
5.569005975539999781e+03 3.454019999999999868e-16
5.573198485994999828e+03 3.304090000000000112e-16
5.577390996449999875e+03 3.214339999999999985e-16
5.581583404162500301e+03 3.137750000000000056e-16
5.585775914617500348e+03 3.616119999999999583e-16
5.589968425072499485e+03 3.792639999999999935e-16
5.594160832784999911e+03 3.342140000000000306e-16
5.598353343239999958e+03 3.006759999999999676e-16
5.602545853695000005e+03 3.108009999999999596e-16
5.606738261407500431e+03 3.053929999999999711e-16
5.610930771862499569e+03 2.879350000000000136e-16
5.615123282317499616e+03 2.842240000000000308e-16
5.619315690030000042e+03 2.750270000000000019e-16
5.623508200485000089e+03 2.636770000000000245e-16
5.627700710940000135e+03 2.679289999999999800e-16
5.631893118652500561e+03 2.710259999999999690e-16
5.636085629107499699e+03 2.681790000000000334e-16
5.640278139562499746e+03 2.709979999999999812e-16
5.644470547275001081e+03 2.737449999999999744e-16
5.648663057730000219e+03 2.708620000000000121e-16
5.652855568185000266e+03 2.734370000000000096e-16
5.657047975897500692e+03 2.836190000000000437e-16
5.661240486352499829e+03 2.898629999999999929e-16
5.665432996807499876e+03 2.972680000000000117e-16
5.669625404520000302e+03 3.019250000000000201e-16
5.673817914974999439e+03 3.022490000000000131e-16
5.678010425430000396e+03 3.106140000000000514e-16
5.682202833142500822e+03 3.319059999999999840e-16
5.686395343597499959e+03 3.380530000000000423e-16
5.690587854052500006e+03 3.322930000000000237e-16
5.694780261765000432e+03 3.407350000000000039e-16
5.698972772220000479e+03 3.635380000000000511e-16
5.703165282674999617e+03 3.767440000000000038e-16
5.707357690387500043e+03 3.898569999999999864e-16
5.711550200842500089e+03 3.925549999999999762e-16
5.715742711297500136e+03 3.889280000000000062e-16
5.719935119010000562e+03 3.963519999999999568e-16
5.724127629465000609e+03 4.078159999999999692e-16
5.728320139919999747e+03 4.051409999999999799e-16
5.732512547632500173e+03 4.065389999999999782e-16
5.736705058087500220e+03 4.148879999999999882e-16
5.740897568542500267e+03 4.200269999999999915e-16
5.745089976255000693e+03 4.227599999999999907e-16
5.749282486710000740e+03 4.352959999999999739e-16
5.753474997164999877e+03 4.380849999999999488e-16
5.757667404877500303e+03 4.245240000000000131e-16
5.761859915332500350e+03 4.156340000000000303e-16
5.766052425787500397e+03 4.191109999999999880e-16
5.770244833500000823e+03 4.170340000000000136e-16
5.774437343954999960e+03 4.102319999999999970e-16
5.778629854410000007e+03 4.133999999999999234e-16
5.782822262122500433e+03 4.148879999999999882e-16
5.787014772577500480e+03 4.089670000000000149e-16
5.791207283032500527e+03 4.103150000000000419e-16
5.795399690745000953e+03 4.062209999999999403e-16
5.799592201200001000e+03 4.102079999999999792e-16
5.803784711655000137e+03 4.166230000000000549e-16
5.807977119367499654e+03 4.138020000000000234e-16
5.812169629822500610e+03 4.086480000000000091e-16
5.816362140277500657e+03 4.027170000000000119e-16
5.820554547990000174e+03 4.091630000000000283e-16
5.824747058445000221e+03 4.055919999999999354e-16
5.828939568900001177e+03 3.963720000000000045e-16
5.833131976612499784e+03 3.994640000000000062e-16
5.837324487067500741e+03 4.030169999999999872e-16
5.841516997522500787e+03 3.954529999999999988e-16
5.845709405234999394e+03 3.793149999999999819e-16
5.849901915690000351e+03 3.801389999999999831e-16
5.854094426145000398e+03 3.843590000000000300e-16
5.858286833857499914e+03 3.652950000000000026e-16
5.862479344312500871e+03 3.606230000000000324e-16
5.866671854767500008e+03 3.522600000000000284e-16
5.870864262479999525e+03 3.405169999999999577e-16
5.875056772935000481e+03 3.331930000000000481e-16
5.879249283390000528e+03 3.295969999999999696e-16
5.883441691102500045e+03 3.254009999999999898e-16
5.887634201557501001e+03 3.010370000000000045e-16
5.891826712012500138e+03 2.955710000000000060e-16
5.896019119724999655e+03 3.015170000000000142e-16
5.900211630179999702e+03 2.898279999999999835e-16
5.904404140635000658e+03 2.797209999999999555e-16
5.908596548347500175e+03 2.798370000000000248e-16
5.912789058802500222e+03 2.773790000000000153e-16
5.916981569257500269e+03 2.792560000000000061e-16
5.921173976969999785e+03 2.806579999999999745e-16
5.925366487424999832e+03 2.703030000000000261e-16
5.929558997880000788e+03 2.761919999999999922e-16
5.933751405592500305e+03 2.813070000000000270e-16
5.937943916047499442e+03 2.781390000000000020e-16
5.942136426502500399e+03 2.764649999999999969e-16
5.946328834214999915e+03 2.836980000000000199e-16
5.950521344669999962e+03 2.917879999999999699e-16
5.954713855125000919e+03 2.945759999999999770e-16
5.958906262837500435e+03 2.981550000000000101e-16
5.963098773292499573e+03 3.009269999999999889e-16
5.967291283747500529e+03 3.009020000000000033e-16
5.971483691460000045e+03 3.088900000000000258e-16
5.975676201915000092e+03 3.049080000000000234e-16
5.979868712370001049e+03 3.085100000000000078e-16
5.984061120082500565e+03 3.248470000000000403e-16
5.988253630537499703e+03 3.331089999999999860e-16
5.992446140992499750e+03 3.271620000000000099e-16
5.996638548705000176e+03 3.298230000000000052e-16
6.000831059160000223e+03 3.462769999999999764e-16
6.005023569614999360e+03 3.525100000000000325e-16
6.009215977327499786e+03 3.459290000000000149e-16
6.013408487782499833e+03 3.503019999999999777e-16
6.017600998237499880e+03 3.621030000000000091e-16
6.021793405950000306e+03 3.591469999999999764e-16
6.025985916405000353e+03 3.629630000000000369e-16
6.030178426859999490e+03 3.759759999999999783e-16
6.034370834572499916e+03 3.761069999999999602e-16
6.038563345027499963e+03 3.757390000000000003e-16
6.042755855482500010e+03 3.761849999999999685e-16
6.046948263195000436e+03 3.755119999999999968e-16
6.051140773650000483e+03 3.724869999999999625e-16
6.055333284104999620e+03 3.696809999999999914e-16
6.059525691817500046e+03 3.753299999999999773e-16
6.063718202272500093e+03 3.767830000000000327e-16
6.067910712727500140e+03 3.871259999999999722e-16
6.072103120440000566e+03 3.927959999999999736e-16
6.076295630894999704e+03 3.837119999999999624e-16
6.080488141349999751e+03 3.884200000000000086e-16
6.084680549062500177e+03 3.935419999999999664e-16
6.088873059517500224e+03 3.904130000000000195e-16
6.093065569972500271e+03 3.878279999999999982e-16
6.097257977685000697e+03 3.917650000000000166e-16
6.101450488139999834e+03 3.956539999999999995e-16
6.105642998594999881e+03 3.907480000000000535e-16
6.109835406307500307e+03 3.837640000000000173e-16
6.114027916762500354e+03 3.848340000000000525e-16
6.118220427217500401e+03 3.881390000000000145e-16
6.122412834930000827e+03 3.868199999999999924e-16
6.126605345384999964e+03 3.880300000000000160e-16
6.130797855840000011e+03 3.867380000000000140e-16
6.134990263552500437e+03 3.888049999999999645e-16
6.139182774007500484e+03 3.875149999999999968e-16
6.143375284462500531e+03 3.794400000000000086e-16
6.147567692175000047e+03 3.839349999999999958e-16
6.151760202630000094e+03 3.862780000000000519e-16
6.155952713085000141e+03 3.837950000000000074e-16
6.160145223540000188e+03 3.869119999999999454e-16
6.164337631252500614e+03 3.715299999999999944e-16
6.168530141707499752e+03 3.558540000000000233e-16
6.172722549420000178e+03 3.610140000000000421e-16
6.176915059875000225e+03 3.538440000000000163e-16
6.181107570330000271e+03 3.339769999999999540e-16
6.185299978042500697e+03 3.217270000000000015e-16
6.189492488497500744e+03 3.114210000000000071e-16
6.193684998952499882e+03 3.050420000000000074e-16
6.197877406665000308e+03 2.851349999999999977e-16
6.202069917120000355e+03 2.664499999999999712e-16
6.206262427575000402e+03 2.569279999999999813e-16
6.210454835287500828e+03 2.397699999999999991e-16
6.214647345742500875e+03 2.254399999999999714e-16
6.218839856197500012e+03 2.158409999999999903e-16
6.223032366652500059e+03 2.025729999999999836e-16
6.227224774365000485e+03 1.879120000000000152e-16
6.231417284820000532e+03 1.812700000000000100e-16
6.235609692532500048e+03 1.731800000000000106e-16
6.239802202987500095e+03 1.664120000000000109e-16
6.243994713442500142e+03 1.594659999999999864e-16
6.248187121154999659e+03 1.599139999999999889e-16
6.252379631610000615e+03 1.527120000000000052e-16
6.256572142065000662e+03 1.511660000000000044e-16
6.260764549777500179e+03 1.423279999999999779e-16
6.264957060232500226e+03 1.368999999999999911e-16
6.269149570687500272e+03 1.376129999999999841e-16
6.273341978400000698e+03 1.344149999999999862e-16
6.277534488855000745e+03 1.262920000000000118e-16
6.281726999310000792e+03 1.205609999999999981e-16
6.285919509764999930e+03 1.234250000000000038e-16
6.290111917477500356e+03 1.267480000000000038e-16
6.294304427932500403e+03 1.097050000000000121e-16
6.298496938387500450e+03 7.537110000000000411e-17
6.302689346099999057e+03 5.397880000000000432e-17
6.306881856555000013e+03 1.117260000000000232e-16
6.311074264267499530e+03 2.106140000000000289e-16
6.315266774722499576e+03 1.920729999999999855e-16
6.319459285177500533e+03 1.391240000000000002e-16
6.323651692890000049e+03 1.223909999999999953e-16
6.327844203345000096e+03 1.297949999999999969e-16
6.332036713800000143e+03 1.326349999999999849e-16
6.336229224255000190e+03 1.299070000000000222e-16
6.340421631967499707e+03 1.447900000000000069e-16
6.344614142422500663e+03 1.512090000000000033e-16
6.348806652877500710e+03 1.537389999999999921e-16
6.352999060590000227e+03 1.567429999999999863e-16
6.357191571045000273e+03 1.641499999999999901e-16
6.361384081500000320e+03 1.578370000000000146e-16
6.365576489212499837e+03 1.492059999999999932e-16
6.369768999667500793e+03 1.749100000000000161e-16
6.373961407380000310e+03 2.163709999999999960e-16
6.378153917835000357e+03 2.260720000000000278e-16
6.382346428290000404e+03 2.082500000000000066e-16
6.386538836002499920e+03 2.083109999999999942e-16
6.390731346457499967e+03 2.142990000000000089e-16
6.394923856912500923e+03 2.235500000000000038e-16
6.399116367367500061e+03 2.427090000000000357e-16
6.403308775079999577e+03 2.538769999999999935e-16
6.407501285534999624e+03 2.508309999999999929e-16
6.411693795990000581e+03 2.561129999999999868e-16
6.415886203702500097e+03 2.688780000000000079e-16
6.420078714157500144e+03 2.769179999999999867e-16
6.424271224612500191e+03 2.769979999999999801e-16
6.428463632325000617e+03 2.781390000000000020e-16
6.432656142779999755e+03 2.925749999999999766e-16
6.436848653235000711e+03 3.074170000000000214e-16
6.441041060947500227e+03 3.092450000000000089e-16
6.445233571402500274e+03 3.114540000000000315e-16
6.449425979115000700e+03 3.190469999999999757e-16
6.453618489569999838e+03 3.256780000000000138e-16
6.457811000025000794e+03 3.285660000000000126e-16
6.462003510480000841e+03 3.345449999999999960e-16
6.466195918192500358e+03 3.425480000000000296e-16
6.470388428647499495e+03 3.497940000000000294e-16
6.474580939102500452e+03 3.570439999999999993e-16
6.478773346814999968e+03 3.613459999999999753e-16
6.482965857270000015e+03 3.628480000000000340e-16
6.487158367724999152e+03 3.690139999999999749e-16
6.491350775437500488e+03 3.675759999999999799e-16
6.495543285892499625e+03 3.642390000000000107e-16
6.499735796347499672e+03 3.628750000000000047e-16
6.503928204060000098e+03 3.625190000000000537e-16
6.508120714515000145e+03 3.679540000000000129e-16
6.512313122227500571e+03 3.860349999999999708e-16
6.516505632682500618e+03 3.878950000000000148e-16
6.520698143137499756e+03 3.813869999999999690e-16
6.524890653592499802e+03 3.859140000000000128e-16
6.529083061305000228e+03 3.909380000000000132e-16
6.533275571760000275e+03 3.881149999999999967e-16
6.537468082215000322e+03 3.865510000000000072e-16
6.541660489927499839e+03 3.821190000000000172e-16
6.545853000382499886e+03 3.755619999999999681e-16
6.550045510837499933e+03 3.870969999999999672e-16
6.554237918550000359e+03 3.839249999999999720e-16
6.558430429005000406e+03 3.773250000000000225e-16
6.562622939459999543e+03 3.805819999999999984e-16
6.566815347172499969e+03 3.914630000000000069e-16
6.571007857627500016e+03 3.857630000000000327e-16
6.575200368082500063e+03 3.767859999999999856e-16
6.579392775795000489e+03 3.735240000000000225e-16
6.583585286250000536e+03 3.699340000000000470e-16
6.587777796704999673e+03 3.620069999999999874e-16
6.591970204417500099e+03 3.596369999999999607e-16
6.596162714872500146e+03 3.661790000000000481e-16
6.600355225327500193e+03 3.662630000000000609e-16
6.604547633040000619e+03 3.578940000000000032e-16
6.608740143495000666e+03 3.631830000000000188e-16
6.612932653950000713e+03 3.673230000000000229e-16
6.617125061662500229e+03 3.540290000000000380e-16
6.621317572117500276e+03 3.484030000000000034e-16
6.625510082572500323e+03 3.530119999999999763e-16
6.629702490285000749e+03 3.480670000000000015e-16
6.633895000739999887e+03 3.419669999999999615e-16
6.638087511194999934e+03 3.368399999999999672e-16
6.642279918907500360e+03 3.317790000000000216e-16
6.646472429362500407e+03 3.340680000000000377e-16
6.650664939817500454e+03 3.379919999999999808e-16
6.654857347530000879e+03 3.250010000000000227e-16
6.659049857985000017e+03 3.145820000000000106e-16
6.663242368440000064e+03 3.146000000000000239e-16
6.667434776152500490e+03 3.197900000000000155e-16
6.671627286607500537e+03 3.219109999999999567e-16
6.675819797062500584e+03 3.165350000000000248e-16
6.680012204775001010e+03 3.116150000000000355e-16
6.684204715230000147e+03 3.068690000000000271e-16
6.688397225685000194e+03 3.026570000000000190e-16
6.692589633397500620e+03 3.025599999999999801e-16
6.696782143852500667e+03 3.038490000000000293e-16
6.700974654307499804e+03 2.956840000000000238e-16
6.705167062020000230e+03 2.923009999999999548e-16
6.709359572475000277e+03 2.914479999999999979e-16
6.713552082930000324e+03 2.808969999999999868e-16
6.717744490642500750e+03 2.898609999999999585e-16
6.721937001097500797e+03 2.922750000000000013e-16
6.726129511552499935e+03 2.850339999999999888e-16
6.730321919264999451e+03 2.785190000000000200e-16
6.734514429720000408e+03 2.724540000000000388e-16
6.738706940175000454e+03 2.832329999999999719e-16
6.742899347887499971e+03 2.801460000000000068e-16
6.747091858342500927e+03 2.752270000000000347e-16
6.751284368797500065e+03 2.825989999999999798e-16
6.755476776509999581e+03 2.781390000000000020e-16
6.759669286965000538e+03 2.676209999999999660e-16
6.763861797420000585e+03 2.640159999999999794e-16
6.768054205132500101e+03 2.658219999999999835e-16
6.772246715587500148e+03 2.678399999999999800e-16
6.776439226042500195e+03 2.711449999999999913e-16
6.780631633754999712e+03 2.639279999999999965e-16
6.784824144210000668e+03 2.612379999999999961e-16
6.789016654665000715e+03 2.626770000000000083e-16
6.793209062377500231e+03 2.593779999999999521e-16
6.797401572832500278e+03 2.594879999999999677e-16
6.801594083287500325e+03 2.576590000000000123e-16
6.805786490999999842e+03 2.595269999999999965e-16
6.809979001454999889e+03 2.559020000000000116e-16
6.814171511910000845e+03 2.510730000000000075e-16
6.818363919622500362e+03 2.455060000000000000e-16
6.822556430077499499e+03 2.532649999999999847e-16
6.826748940532500455e+03 2.567230000000000105e-16
6.830941348244999972e+03 2.535469999999999960e-16
6.835133858700000019e+03 2.554439999999999852e-16
6.839326369155000975e+03 2.619110000000000171e-16
6.843518776867499582e+03 2.539040000000000134e-16
6.847711287322499629e+03 2.542670000000000353e-16
6.851903797777500586e+03 2.572280000000000059e-16
6.856096205490000102e+03 2.409729999999999518e-16
6.860288715945000149e+03 2.345499999999999853e-16
6.864481226400001106e+03 2.327129999999999912e-16
6.868673634112499713e+03 2.283309999999999724e-16
6.872866144567499759e+03 2.247470000000000013e-16
6.877058655022500716e+03 2.257930000000000187e-16
6.881251062735000232e+03 2.252919999999999934e-16
6.885443573190000279e+03 2.311869999999999640e-16
6.889636083645000326e+03 2.255879999999999986e-16
6.893828491357499843e+03 2.157070000000000063e-16
6.898021001812499890e+03 2.274410000000000211e-16
6.902213512267499937e+03 2.247120000000000412e-16
6.906405919980000363e+03 2.141579999999999786e-16
6.910598430435000409e+03 2.137150000000000126e-16
6.914790940889999547e+03 2.240190000000000219e-16
6.918983348602499973e+03 2.158669999999999931e-16
6.923175859057500020e+03 2.087759999999999929e-16
6.927368369512500067e+03 2.086920000000000047e-16
6.931560777224999583e+03 2.096379999999999811e-16
6.935753287679999630e+03 2.085619999999999908e-16
6.939945798134999677e+03 2.099470000000000123e-16
6.944138205847500103e+03 2.031490000000000150e-16
6.948330716302500150e+03 1.972240000000000223e-16
6.952523226757500197e+03 2.018499999999999914e-16
6.956715634470000623e+03 2.070149999999999974e-16
6.960908144924999760e+03 1.953180000000000018e-16
6.965100655379999807e+03 1.957249999999999904e-16
6.969293063092500233e+03 2.039020000000000294e-16
6.973485573547500280e+03 1.958329999999999963e-16
6.977678084002500327e+03 1.896280000000000020e-16
6.981870491715000753e+03 1.845719999999999944e-16
6.986063002169999891e+03 1.893699999999999838e-16
6.990255512624999938e+03 1.935140000000000074e-16
6.994447920337500364e+03 1.891650000000000130e-16
6.998640430792500410e+03 1.851679999999999996e-16
7.002832941247499548e+03 1.778650000000000069e-16
7.007025348959999974e+03 1.765779999999999921e-16
7.011217859415000021e+03 1.824770000000000067e-16
7.015410369870000068e+03 1.891590000000000086e-16
7.019602777582500494e+03 1.872119999999999988e-16
7.023795288037500541e+03 1.833370000000000098e-16
7.027987798492499678e+03 1.921179999999999942e-16
7.032180206205000104e+03 1.838049999999999861e-16
7.036372716660000151e+03 1.840349999999999918e-16
7.040565227115000198e+03 1.817420000000000056e-16
7.044757634827500624e+03 1.750729999999999805e-16
7.048950145282500671e+03 1.730000000000000008e-16
7.053142655737499808e+03 1.779009999999999842e-16
7.057335063450001144e+03 1.792630000000000052e-16
7.061527573905000281e+03 1.742799999999999940e-16
7.065720084360000328e+03 1.797580000000000014e-16
7.069912492072500754e+03 1.835750000000000050e-16
7.074105002527500801e+03 1.817409999999999638e-16
7.078297512982499939e+03 1.835309999999999889e-16
7.082489920695000365e+03 1.762900000000000010e-16
7.086682431150000411e+03 1.677120000000000271e-16
7.090874941605000458e+03 1.678690000000000117e-16
7.095067349317500884e+03 1.749600000000000120e-16
7.099259859772500022e+03 1.731900000000000098e-16
7.103452370227500069e+03 1.660900000000000029e-16
7.107644777940000495e+03 1.704399999999999898e-16
7.111837288395000542e+03 1.732259999999999871e-16
7.116029798849999679e+03 1.710409999999999822e-16
7.120222206562501015e+03 1.611819999999999979e-16
7.124414717017500152e+03 1.589030000000000057e-16
7.128607227472500199e+03 1.640459999999999790e-16
7.132799635185000625e+03 1.663000000000000103e-16
7.136992145640000672e+03 1.592829999999999990e-16
7.141184656095000719e+03 1.677290000000000232e-16
7.145377063807500235e+03 1.534329999999999878e-16
7.149569574262500282e+03 1.484500000000000013e-16
7.153762084717500329e+03 1.608989999999999941e-16
7.157954492429999846e+03 1.560860000000000183e-16
7.162147002885000802e+03 1.509320000000000039e-16
7.166339513339999939e+03 1.522059999999999927e-16
7.170531921052499456e+03 1.607109999999999948e-16
7.174724431507500412e+03 1.682299999999999992e-16
7.178916941962500459e+03 1.537930000000000074e-16
7.183109349674999976e+03 1.538030000000000066e-16
7.187301860130000932e+03 1.528849999999999935e-16
7.191494370585000070e+03 1.515139999999999905e-16
7.195686778297499586e+03 1.543319999999999951e-16
7.199879288752500543e+03 1.543619999999999926e-16
7.204071799207500590e+03 1.437889999999999981e-16
7.208264206920000106e+03 1.387610000000000030e-16
7.212456717375001062e+03 1.446780000000000062e-16
7.216649227830000200e+03 1.483310000000000037e-16
7.220841635542499716e+03 1.481989999999999800e-16
7.225034145997499763e+03 1.560410000000000096e-16
7.229226656452500720e+03 1.519380000000000000e-16
7.233419064165000236e+03 1.398550000000000066e-16
7.237611574619999374e+03 1.356529999999999976e-16
7.241804085075000330e+03 1.422429999999999972e-16
7.245996492787499847e+03 1.484479999999999916e-16
7.250189003242499894e+03 1.512129999999999980e-16
7.254381513697500850e+03 1.498729999999999851e-16
7.258573921410000366e+03 1.422120000000000072e-16
7.262766431864999504e+03 1.417459999999999913e-16
7.266958942320000460e+03 1.419840000000000112e-16
7.271151350032499977e+03 1.419769999999999896e-16
7.275343860487500024e+03 1.263670000000000179e-16
7.279536370942500980e+03 1.234329999999999933e-16
7.283728778655000497e+03 1.515179999999999852e-16
7.287921289109999634e+03 1.662690000000000202e-16
7.292113799565000591e+03 1.506639999999999866e-16
7.296306207277500107e+03 1.499429999999999794e-16
7.300498717732500154e+03 1.593399999999999918e-16
7.304691228187501110e+03 1.514739999999999938e-16
7.308883635900000627e+03 1.426870000000000050e-16
7.313076146354999764e+03 1.354129999999999927e-16
7.317268656809999811e+03 1.366029999999999933e-16
7.321461064522500237e+03 1.377229999999999997e-16
7.325653574977500284e+03 1.372239999999999841e-16
7.329846085432499422e+03 1.347179999999999884e-16
7.334038493144999848e+03 1.386959999999999960e-16
7.338231003599999895e+03 1.500469999999999905e-16
7.342423514054999941e+03 1.413229999999999990e-16
7.346615921767500367e+03 1.374270000000000192e-16
7.350808432222500414e+03 1.480560000000000140e-16
7.355000942677499552e+03 1.428250000000000085e-16
7.359193350389999978e+03 1.360129999999999926e-16
7.363385860845000025e+03 1.373909999999999925e-16
7.367578371300000072e+03 1.400999999999999987e-16
7.371770779012500498e+03 1.386889999999999990e-16
7.375963289467500545e+03 1.355670000000000244e-16
7.380155799922499682e+03 1.497720000000000255e-16
7.384348207635000108e+03 1.505779999999999887e-16
7.388540718090000155e+03 1.344239999999999928e-16
7.392733228545000202e+03 1.421459999999999830e-16
7.396925636257500628e+03 1.327289999999999969e-16
7.401118146712499765e+03 1.421189999999999877e-16
7.405310657167499812e+03 1.363429999999999901e-16
7.409503064880000238e+03 1.362439999999999909e-16
7.413695575335000285e+03 1.456270000000000094e-16
7.417888085790000332e+03 1.352379999999999948e-16
7.422080493502500758e+03 1.292479999999999951e-16
7.426273003957499895e+03 1.298689999999999859e-16
7.430465514412499942e+03 1.410910000000000083e-16
7.434657922125000368e+03 1.309829999999999878e-16
7.438850432580000415e+03 1.312599999999999872e-16
7.443042943035000462e+03 1.321040000000000114e-16
7.447235350747500888e+03 1.349409999999999971e-16
7.451427861202500026e+03 1.295360000000000108e-16
7.455620371657500073e+03 1.277739999999999982e-16
7.459812779370000499e+03 1.348470000000000098e-16
7.464005289825000546e+03 1.327539999999999825e-16
7.468197800279999683e+03 1.319160000000000120e-16
7.472390207992500109e+03 1.338840000000000127e-16
7.476582718447500156e+03 1.365670000000000160e-16
7.480775228902500203e+03 1.248199999999999999e-16
7.484967636615000629e+03 1.198239999999999873e-16
7.489160147070000676e+03 1.319249999999999941e-16
7.493352657525000723e+03 1.210760000000000173e-16
7.497545065237500239e+03 1.236939999999999891e-16
7.501737575692500286e+03 1.287579999999999862e-16
7.505930086147500333e+03 1.306570000000000097e-16
7.510122493860000759e+03 1.272269999999999964e-16
7.514315004315000806e+03 1.232639999999999998e-16
7.518507514769999943e+03 1.233349999999999866e-16
7.522699922482500369e+03 1.137980000000000103e-16
7.526892432937500416e+03 1.202199999999999843e-16
7.531084943392500463e+03 1.177159999999999982e-16
7.535277351105000889e+03 1.137179999999999922e-16
7.539469861560000027e+03 1.099699999999999903e-16
7.543662372015000074e+03 1.133449999999999958e-16
7.547854779727499590e+03 1.169600000000000063e-16
7.552047290182500547e+03 1.142960000000000087e-16
7.556239800637500593e+03 1.081760000000000074e-16
7.560432208349999200e+03 1.039900000000000021e-16
7.564624718805000157e+03 1.089649999999999991e-16
7.568817229260000204e+03 9.880700000000000742e-17
7.573009636972499720e+03 1.071800000000000105e-16
7.577202147427500677e+03 9.298319999999999993e-17
7.581394657882500724e+03 8.222689999999999809e-17
7.585587065595000240e+03 9.811520000000000621e-17
7.589779576050000287e+03 1.004340000000000065e-16
7.593972086505000334e+03 7.919399999999999322e-17
7.598164494217499850e+03 7.230640000000000531e-17
7.602357004672500807e+03 7.012709999999999719e-17
7.606549515127500854e+03 4.771959999999999990e-17
7.610741922840000370e+03 4.769340000000000231e-17
7.614934433295000417e+03 5.924029999999999747e-17
7.619126943750000464e+03 6.510459999999999792e-17
7.623319351462499981e+03 7.040609999999999393e-17
7.627511861917500937e+03 7.623700000000000502e-17
7.631704372372500075e+03 6.598840000000000549e-17
7.635896780084999591e+03 5.781840000000000043e-17
7.640089290539999638e+03 5.525970000000000187e-17
7.644281800995000594e+03 7.235299999999999703e-17
7.648474208707500111e+03 5.560760000000000600e-17
7.652666719162500158e+03 5.621619999999999828e-17
7.656859229617500205e+03 5.731729999999999314e-17
7.661051637329999721e+03 5.682059999999999485e-17
7.665244147784999768e+03 6.118690000000000527e-17
7.669436658240000725e+03 6.549610000000000388e-17
7.673629065952500241e+03 6.507859999999999513e-17
7.677821576407500288e+03 5.691409999999999824e-17
7.682014086862500335e+03 5.555609999999999668e-17
7.686206494575000761e+03 6.090529999999999592e-17
7.690399005029999898e+03 6.388419999999999785e-17
7.694591515485000855e+03 7.127710000000000109e-17
7.698783923197500371e+03 7.124609999999999871e-17
7.702976433652499509e+03 5.720820000000000040e-17
7.707168944107500465e+03 7.055409999999999654e-17
7.711361351819999982e+03 7.395100000000000347e-17
7.715553862275000029e+03 6.394039999999999913e-17
7.719746372730000985e+03 6.651000000000000740e-17
7.723938780442500502e+03 7.901450000000000430e-17
7.728131290897499639e+03 7.755750000000000351e-17
7.732323801352499686e+03 7.737699999999999742e-17
7.736516209065000112e+03 8.435600000000000935e-17
7.740708719520000159e+03 8.325700000000000619e-17
7.744901229974999296e+03 8.413109999999999755e-17
7.749093637687500632e+03 8.906059999999998970e-17
7.753286148142499769e+03 8.243179999999999921e-17
7.757478658597499816e+03 8.623509999999999191e-17
7.761671066310000242e+03 9.485639999999999702e-17
7.765863576765000289e+03 9.219799999999998966e-17
7.770056087220000336e+03 9.688370000000000780e-17
7.774248494932499852e+03 9.690649999999999507e-17
7.778441005387499899e+03 8.036180000000000945e-17
7.782633515842499946e+03 7.972810000000000026e-17
7.786825923555000372e+03 1.008699999999999879e-16
7.791018434010000419e+03 1.109210000000000032e-16
7.795210944464999557e+03 1.046820000000000043e-16
7.799403352177499983e+03 9.348200000000001457e-17
7.803595862632500030e+03 1.015930000000000048e-16
7.807788373087500077e+03 9.308250000000000679e-17
7.811980780800000502e+03 8.784659999999999600e-17
7.816173291255000549e+03 1.047660000000000048e-16
7.820365801709999687e+03 1.042880000000000047e-16
7.824558209422500113e+03 1.101570000000000217e-16
7.828750719877500160e+03 1.206289999999999827e-16
7.832943230332500207e+03 1.201110000000000105e-16
7.837135740787500254e+03 9.566090000000000842e-17
7.841328148500000680e+03 1.043679999999999981e-16
7.845520658954999817e+03 1.072170000000000050e-16
7.849713066667500243e+03 1.175850000000000164e-16
7.853905577122500290e+03 1.289179999999999976e-16
7.858098087577500337e+03 1.217389999999999899e-16
7.862290495290000763e+03 1.225200000000000167e-16
7.866483005744999900e+03 1.250340000000000020e-16
7.870675516199999947e+03 1.221950000000000065e-16
7.874867923912500373e+03 1.185729999999999992e-16
7.879060434367500420e+03 1.381010000000000080e-16
7.883252944822500467e+03 1.318699999999999863e-16
7.887445352535000893e+03 1.177940000000000066e-16
7.891637862990000031e+03 1.238420000000000163e-16
7.895830373445000077e+03 1.113020000000000137e-16
7.900022883900000124e+03 1.111880000000000034e-16
7.904215291612500550e+03 1.250240000000000028e-16
7.908407802067500597e+03 1.285910000000000024e-16
7.912600209780001023e+03 1.133620000000000166e-16
7.916792720235000161e+03 1.088829999999999960e-16
7.920985230690000208e+03 1.165389999999999990e-16
7.925177638402500634e+03 1.210069999999999910e-16
7.929370148857500681e+03 1.230650000000000088e-16
7.933562659312499818e+03 1.276079999999999823e-16
7.937755067025001154e+03 1.297539999999999830e-16
7.941947577480000291e+03 1.221219999999999854e-16
7.946140087935000338e+03 1.246360000000000200e-16
7.950332598390000385e+03 1.269429999999999754e-16
7.954525006102500811e+03 1.084019999999999937e-16
7.958717516557499948e+03 1.072479999999999828e-16
7.962910027012499995e+03 1.123510000000000087e-16
7.967102434725000421e+03 1.122710000000000153e-16
7.971294945180000468e+03 1.051720000000000009e-16
7.975487455635000515e+03 1.176629999999999755e-16
7.979679863347500941e+03 1.259679999999999941e-16
7.983872373802500078e+03 1.142070000000000087e-16
7.988064781514999595e+03 1.150989999999999944e-16
7.992257291970000551e+03 1.267659999999999925e-16
7.996449802425000598e+03 1.178099999999999856e-16
8.000642210137500115e+03 1.171179999999999834e-16
8.004834720592500162e+03 1.023789999999999943e-16
8.009027231047500209e+03 1.205119999999999948e-16
8.013219741502500256e+03 1.146690000000000051e-16
8.017412149215000682e+03 1.126820000000000233e-16
8.021604659670000729e+03 1.176570000000000204e-16
8.025797170124999866e+03 1.223749999999999917e-16
8.029989577837500292e+03 1.155169999999999994e-16
8.034182088292500339e+03 1.095409999999999936e-16
8.038374598747500386e+03 1.199139999999999799e-16
8.042567006460000812e+03 1.267150000000000041e-16
8.046759516915000859e+03 1.075850000000000018e-16
8.050951924627500375e+03 1.101549999999999997e-16
8.055144435082499513e+03 1.153090000000000017e-16
8.059336945537500469e+03 1.041129999999999944e-16
8.063529353249999986e+03 1.025529999999999873e-16
8.067721863705000032e+03 1.316359999999999858e-16
8.071914374160000989e+03 1.363470000000000095e-16
8.076106884615000126e+03 1.196210000000000016e-16
8.080299292327499643e+03 1.227379999999999889e-16
8.084491802782500599e+03 1.176979999999999849e-16
8.088684313237500646e+03 1.096570000000000013e-16
8.092876720950000163e+03 1.082089999999999948e-16
8.097069231405000210e+03 1.112280000000000001e-16
8.101261741860000257e+03 1.099529999999999942e-16
8.105454149572499773e+03 9.950809999999999824e-17
8.109646660027500729e+03 9.503299999999999037e-17
8.113839170482500776e+03 1.067460000000000019e-16
8.118031578195000293e+03 1.161839999999999913e-16
8.122224088650001249e+03 1.057560000000000095e-16
8.126416496362499856e+03 1.031900000000000064e-16
8.130609006817499903e+03 1.148529999999999851e-16
8.134801517272500860e+03 1.256739999999999986e-16
8.138994027727500907e+03 1.117299999999999933e-16
8.143186435440000423e+03 9.910100000000000292e-17
8.147378945894999561e+03 1.001620000000000191e-16
8.151571456350000517e+03 1.080720000000000086e-16
8.155763864062500033e+03 1.188570000000000201e-16
8.159956374517500080e+03 1.303070000000000139e-16
8.164148884972500127e+03 1.160090000000000180e-16
8.168341292684999644e+03 9.481260000000000655e-17
8.172533803139999691e+03 1.074210000000000080e-16
8.176726313595000647e+03 1.164579999999999885e-16
8.180918721307500164e+03 1.023250000000000036e-16
8.185111231762500211e+03 1.253560000000000100e-16
8.189303639474999727e+03 1.297270000000000124e-16
8.193496149930000684e+03 1.428870000000000132e-16
8.197688660384999821e+03 1.116590000000000065e-16
8.201881170840000777e+03 1.003439999999999893e-16
8.206073578552501203e+03 1.013720000000000180e-16
8.210266089007500341e+03 1.233549999999999850e-16
8.214458599462499478e+03 1.229749999999999916e-16
8.218651007174999904e+03 9.961600000000000981e-17
8.222843517630000861e+03 1.120940000000000077e-16
8.227036028084999998e+03 1.257390000000000055e-16
8.231228435797500424e+03 9.962469999999998420e-17
8.235420946252501381e+03 1.003810000000000084e-16
8.239613456707500518e+03 1.315389999999999963e-16
8.243805864420000944e+03 1.207129999999999955e-16
8.247998374875000081e+03 9.525600000000001144e-17
8.252190885330001038e+03 1.035960000000000025e-16
8.256383293042501464e+03 1.079050000000000125e-16
8.260575803497500601e+03 9.917819999999999509e-17
8.264768313952499739e+03 9.141339999999999462e-17
8.268960721665000165e+03 1.154649999999999938e-16
8.273153232120001121e+03 1.119690000000000056e-16
8.277345742575000259e+03 1.091760000000000113e-16
8.281538150287500684e+03 1.198180000000000076e-16
8.285730660742499822e+03 1.103890000000000002e-16
8.289923171197500778e+03 1.030229999999999979e-16
8.294115578909999385e+03 8.917129999999999019e-17
8.298308089365000342e+03 9.474179999999999611e-17
8.302500599820001298e+03 1.153210000000000106e-16
8.306693007532499905e+03 8.523280000000000765e-17
8.310885517987500862e+03 7.364990000000000436e-17
8.315078028442499999e+03 8.263389999999999908e-17
8.319270436155000425e+03 7.753419999999999532e-17
8.323462946610001381e+03 7.633140000000000662e-17
8.327655457065000519e+03 9.912209999999998812e-17
8.331847864777499126e+03 9.907560000000000304e-17
8.336040375232500082e+03 6.827310000000000690e-17
8.340232885687501039e+03 5.131120000000000165e-17
8.344425293399999646e+03 7.681120000000000309e-17
8.348617803855000602e+03 6.834689999999999491e-17
8.352810314309999740e+03 6.861970000000001090e-17
8.357002722022500166e+03 6.308640000000000044e-17
8.361195232477499303e+03 6.875310000000000435e-17
8.365387742932500259e+03 6.972580000000000534e-17
8.369580150645000685e+03 7.368550000000000439e-17
8.373772661099999823e+03 8.179279999999999514e-17
8.377965171555000779e+03 8.429999999999999671e-17
8.382157579267499386e+03 6.944989999999999281e-17
8.386350089722500343e+03 6.330349999999999908e-17
8.390542600177501299e+03 7.244710000000000333e-17
8.394735007889999906e+03 8.097919999999999509e-17
8.398927518344999044e+03 5.877670000000000557e-17
8.403120028800000000e+03 5.417939999999999692e-17
8.407312436512500426e+03 6.992279999999999898e-17
8.411504946967499563e+03 9.322590000000001175e-17
8.415697457422500520e+03 8.575010000000000720e-17
8.419889865134999127e+03 5.955620000000000670e-17
8.424082375590000083e+03 7.067050000000000618e-17
8.428274886045001040e+03 8.486260000000000017e-17
8.432467293757499647e+03 9.567660000000000441e-17
8.436659804212498784e+03 7.510369999999998965e-17
8.440852314667499741e+03 7.067200000000000729e-17
8.445044722380000167e+03 7.849540000000000835e-17
8.449237232834999304e+03 9.325889999999998684e-17
8.453429743290000260e+03 9.808600000000001256e-17
8.457622151002500686e+03 6.620090000000000648e-17
8.461814661457499824e+03 7.399469999999999963e-17
8.466007171912498961e+03 7.669169999999999691e-17
8.470199579624999387e+03 7.188479999999999516e-17
8.474392090080000344e+03 7.061159999999999796e-17
8.478584600534999481e+03 7.710889999999999805e-17
8.482777008247499907e+03 8.269520000000000660e-17
8.486969518702499045e+03 6.249989999999999821e-17
8.491162029157500001e+03 8.004560000000000493e-17
8.495354436870000427e+03 7.818510000000000161e-17
8.499546947324999564e+03 7.060789999999999851e-17
8.503739457779998702e+03 6.615349999999999855e-17
8.507931865492499128e+03 7.328240000000000381e-17
8.512124375947500084e+03 9.331649999999999492e-17
8.516316886402499222e+03 8.206999999999999548e-17
8.520509294114999648e+03 7.739229999999999147e-17
8.524701804570000604e+03 6.598970000000000563e-17
8.528894315024999742e+03 8.729279999999999823e-17
8.533086722737500168e+03 9.283600000000001354e-17
8.537279233192499305e+03 7.225949999999999364e-17
8.541471743647500261e+03 7.444760000000000744e-17
8.545664151360000687e+03 5.855889999999999738e-17
8.549856661814999825e+03 7.790739999999999268e-17
8.554049172269998962e+03 8.388489999999999959e-17
8.558241579982499388e+03 7.227489999999999434e-17
8.562434090437500345e+03 9.692920000000000035e-17
8.566626600892499482e+03 8.312770000000000180e-17
8.570819008604999908e+03 1.006589999999999880e-16
8.575011519059999046e+03 8.627059999999999761e-17
8.579204029515000002e+03 8.285809999999998900e-17
8.583396437227500428e+03 7.258489999999999346e-17
8.587588947682499565e+03 7.759350000000000547e-17
8.591781458137500522e+03 8.373099999999999920e-17
8.595973865849999129e+03 9.395879999999998417e-17
8.600166376305000085e+03 8.150599999999999756e-17
8.604358886759999223e+03 7.757640000000000269e-17
8.608551294472499649e+03 8.118980000000000536e-17
8.612743804927500605e+03 7.445279999999999567e-17
8.616936315382499743e+03 6.993550000000000508e-17
8.621128723095000169e+03 7.838020000000000453e-17
8.625321233549999306e+03 6.737119999999999169e-17
8.629513744005000262e+03 6.097670000000000927e-17
8.633706151717500688e+03 7.105600000000000771e-17
8.637898662172499826e+03 7.248420000000000447e-17
8.642091172627498963e+03 6.419970000000000514e-17
8.646283580339999389e+03 6.183310000000000727e-17
8.650476090795000346e+03 8.433729999999999881e-17
8.654668601249999483e+03 8.763760000000000582e-17
8.658861008962499909e+03 6.513539999999999932e-17
8.663053519417500866e+03 6.450379999999999415e-17
8.667246029872500003e+03 8.366690000000000275e-17
8.671438437585000429e+03 1.073920000000000029e-16
8.675630948039999566e+03 6.317729999999999123e-17
8.679823458495000523e+03 7.419540000000000504e-17
8.684015866207500949e+03 9.092290000000000174e-17
8.688208376662500086e+03 8.027890000000000815e-17
8.692400887117499224e+03 9.979629999999999028e-17
8.696593294829999650e+03 1.323570000000000176e-16
8.700785805285000606e+03 1.158490000000000066e-16
8.704978315739999744e+03 7.291499999999999759e-17
8.709170723452500170e+03 8.035580000000000502e-17
8.713363233907499307e+03 1.149339999999999956e-16
8.717555744362500263e+03 1.041860000000000032e-16
8.721748152075000689e+03 8.632690000000000555e-17
8.725940662529999827e+03 1.210729999999999905e-16
8.730133172985000783e+03 1.354020000000000010e-16
8.734325580697501209e+03 9.752620000000001035e-17
8.738518091152500347e+03 9.930079999999999781e-17
8.742710601607499484e+03 1.099739999999999974e-16
8.746903009319999910e+03 1.181110000000000027e-16
8.751095519775000867e+03 1.014539999999999965e-16
8.755288030230000004e+03 8.959819999999999522e-17
8.759480437942500430e+03 1.110649999999999864e-16
8.763672948397499567e+03 1.387610000000000030e-16
8.767865458852500524e+03 1.089239999999999976e-16
8.772057866565000950e+03 1.164399999999999998e-16
8.776250377020000087e+03 1.147420000000000016e-16
8.780442887474999225e+03 9.487950000000000424e-17
8.784635295187499651e+03 1.080730000000000011e-16
8.788827805642500607e+03 1.130400000000000086e-16
8.793020316097499745e+03 1.133749999999999934e-16
8.797212723810000170e+03 1.036140000000000035e-16
8.801405234265001127e+03 1.130720000000000159e-16
8.805597744720000264e+03 1.232409999999999993e-16
8.809790152432500690e+03 1.090750000000000147e-16
8.813982662887499828e+03 1.086459999999999933e-16
8.818175173342500784e+03 1.337629999999999807e-16
8.822367581055001210e+03 1.193049999999999980e-16
8.826560091510000348e+03 1.117729999999999922e-16
8.830752601964999485e+03 1.504079999999999781e-16
8.834945009677499911e+03 1.459540000000000047e-16
8.839137520132500867e+03 1.236209999999999926e-16
8.843330030587500005e+03 1.317309999999999903e-16
8.847522438300000431e+03 1.441029999999999920e-16
8.851714948755001387e+03 9.754910000000000427e-17
8.855907459210000525e+03 9.651240000000000115e-17
8.860099866922500951e+03 1.211670000000000025e-16
8.864292377377500088e+03 9.032740000000000517e-17
8.868484887832501045e+03 7.137690000000000421e-17
8.872677295545001471e+03 1.038070000000000024e-16
8.876869806000000608e+03 9.146379999999999244e-17
8.881062316454999745e+03 9.100349999999999806e-17
8.885254724167500171e+03 1.097849999999999932e-16
8.889447234622501128e+03 1.037829999999999970e-16
8.893639745077500265e+03 1.019070000000000110e-16
8.897832152790000691e+03 1.288210000000000081e-16
8.902024663244999829e+03 1.338339999999999921e-16
8.906217173700000785e+03 9.112940000000001061e-17
8.910409581412501211e+03 1.035650000000000001e-16
8.914602091867500349e+03 1.201510000000000072e-16
8.918794602322501305e+03 1.334960000000000052e-16
8.922987010035001731e+03 1.204169999999999903e-16
8.927179520490000868e+03 9.857220000000000309e-17
8.931372030945000006e+03 1.230699999999999961e-16
8.935564438657500432e+03 1.005710000000000051e-16
8.939756949112501388e+03 9.997249999999999401e-17
8.943949459567500526e+03 1.665750000000000000e-16
8.948141867280000952e+03 1.119309999999999940e-16
8.952334377735000089e+03 9.937520000000001338e-17
8.956526888190001046e+03 1.420639999999999799e-16
8.960719295902501472e+03 1.215330000000000019e-16
8.964911806357500609e+03 9.442620000000000681e-17
8.969104316812499746e+03 1.009020000000000074e-16
8.973296724525001991e+03 1.132859999999999933e-16
8.977489234980001129e+03 1.165769999999999860e-16
8.981681745435000266e+03 1.256949999999999895e-16
8.985874153147500692e+03 1.221139999999999959e-16
8.990066663602501649e+03 1.693479999999999959e-16
8.994259174057500786e+03 1.646579999999999877e-16
8.998451581770001212e+03 7.771979999999999532e-17
9.002644092225000350e+03 7.342920000000000060e-17
9.006836602680001306e+03 8.407339999999999516e-17
