# index Z=1 - Z=30
0 3.312958442501284e-07 0.004194746284209122 2.430621818133269e-07 3.349382982389847e-07 2.389394128758581e-07 7.381360321359274e-07 2.7361475347792305e-07 0.0016137256934733821 3.7052711905309335e-07 3.156848570058151e-07 2.7508623581779126e-07 3.0508494449961647e-05 3.2158769526271305e-07 0.004229563665470777 7.497205020885438e-07 2.8610649037422303e-05 4.1118568862458626e-07 0.0032785368899478813 3.6985646833738117e-07 0.006437722779244052 2.6373736642954886e-07 4.845275434623158e-05 0.00013557905786823886 7.202003801159347e-06 0.002703833189128529 0.11026735848576541 0.04388138638603703 0.6872163561085878 2.432386482984357e-07 2.7894800646721703e-07
1 3.312958442501284e-07 0.004194746284209122 2.430621818133269e-07 3.349382982389847e-07 2.389394128758581e-07 7.381360321359274e-07 2.7361475347792305e-07 0.0016137256934733821 3.7052711905309335e-07 3.156848570058151e-07 2.7508623581779126e-07 3.0508494449961647e-05 3.2158769526271305e-07 0.004229563665470777 7.497205020885438e-07 2.8610649037422303e-05 4.1118568862458626e-07 0.0032785368899478813 3.6985646833738117e-07 0.006437722779244052 2.6373736642954886e-07 4.845275434623158e-05 0.00013557905786823886 7.202003801159347e-06 0.002703833189128529 0.11026735848576541 0.04388138638603703 0.6872163561085878 2.432386482984357e-07 2.7894800646721703e-07
2 3.312958442501284e-07 0.004194746284209122 2.430621818133269e-07 3.349382982389847e-07 2.389394128758581e-07 7.381360321359274e-07 2.7361475347792305e-07 0.0016137256934733821 3.7052711905309335e-07 3.156848570058151e-07 2.7508623581779126e-07 3.0508494449961647e-05 3.2158769526271305e-07 0.004229563665470777 7.497205020885438e-07 2.8610649037422303e-05 4.1118568862458626e-07 0.0032785368899478813 3.6985646833738117e-07 0.006437722779244052 2.6373736642954886e-07 4.845275434623158e-05 0.00013557905786823886 7.202003801159347e-06 0.002703833189128529 0.11026735848576541 0.04388138638603703 0.6872163561085878 2.432386482984357e-07 2.7894800646721703e-07
3 3.312958442501284e-07 0.004194746284209122 2.430621818133269e-07 3.349382982389847e-07 2.389394128758581e-07 7.381360321359274e-07 2.7361475347792305e-07 0.0016137256934733821 3.7052711905309335e-07 3.156848570058151e-07 2.7508623581779126e-07 3.0508494449961647e-05 3.2158769526271305e-07 0.004229563665470777 7.497205020885438e-07 2.8610649037422303e-05 4.1118568862458626e-07 0.0032785368899478813 3.6985646833738117e-07 0.006437722779244052 2.6373736642954886e-07 4.845275434623158e-05 0.00013557905786823886 7.202003801159347e-06 0.002703833189128529 0.11026735848576541 0.04388138638603703 0.6872163561085878 2.432386482984357e-07 2.7894800646721703e-07
4 3.312958442501284e-07 0.004194746284209122 2.430621818133269e-07 3.349382982389847e-07 2.389394128758581e-07 7.381360321359274e-07 2.7361475347792305e-07 0.0016137256934733821 3.7052711905309335e-07 3.156848570058151e-07 2.7508623581779126e-07 3.0508494449961647e-05 3.2158769526271305e-07 0.004229563665470777 7.497205020885438e-07 2.8610649037422303e-05 4.1118568862458626e-07 0.0032785368899478813 3.6985646833738117e-07 0.006437722779244052 2.6373736642954886e-07 4.845275434623158e-05 0.00013557905786823886 7.202003801159347e-06 0.002703833189128529 0.11026735848576541 0.04388138638603703 0.6872163561085878 2.432386482984357e-07 2.7894800646721703e-07
5 3.312958442501284e-07 0.004194746284209122 2.430621818133269e-07 3.349382982389847e-07 2.389394128758581e-07 7.381360321359274e-07 2.7361475347792305e-07 0.0016137256934733821 3.7052711905309335e-07 3.156848570058151e-07 2.7508623581779126e-07 3.0508494449961647e-05 3.2158769526271305e-07 0.004229563665470777 7.497205020885438e-07 2.8610649037422303e-05 4.1118568862458626e-07 0.0032785368899478813 3.6985646833738117e-07 0.006437722779244052 2.6373736642954886e-07 4.845275434623158e-05 0.00013557905786823886 7.202003801159347e-06 0.002703833189128529 0.11026735848576541 0.04388138638603703 0.6872163561085878 2.432386482984357e-07 2.7894800646721703e-07
6 3.312958442501284e-07 0.004194746284209122 2.430621818133269e-07 3.349382982389847e-07 2.389394128758581e-07 7.381360321359274e-07 2.7361475347792305e-07 0.0016137256934733821 3.7052711905309335e-07 3.156848570058151e-07 2.7508623581779126e-07 3.0508494449961647e-05 3.2158769526271305e-07 0.004229563665470777 7.497205020885438e-07 2.8610649037422303e-05 4.1118568862458626e-07 0.0032785368899478813 3.6985646833738117e-07 0.006437722779244052 2.6373736642954886e-07 4.845275434623158e-05 0.00013557905786823886 7.202003801159347e-06 0.002703833189128529 0.11026735848576541 0.04388138638603703 0.6872163561085878 2.432386482984357e-07 2.7894800646721703e-07
7 3.312958442501284e-07 0.004194746284209122 2.430621818133269e-07 3.349382982389847e-07 2.389394128758581e-07 7.381360321359274e-07 2.7361475347792305e-07 0.0016137256934733821 3.7052711905309335e-07 3.156848570058151e-07 2.7508623581779126e-07 3.0508494449961647e-05 3.2158769526271305e-07 0.004229563665470777 7.497205020885438e-07 2.8610649037422303e-05 4.1118568862458626e-07 0.0032785368899478813 3.6985646833738117e-07 0.006437722779244052 2.6373736642954886e-07 4.845275434623158e-05 0.00013557905786823886 7.202003801159347e-06 0.002703833189128529 0.11026735848576541 0.04388138638603703 0.6872163561085878 2.432386482984357e-07 2.7894800646721703e-07
8 3.312958442501284e-07 0.004194746284209122 2.430621818133269e-07 3.349382982389847e-07 2.389394128758581e-07 7.381360321359274e-07 2.7361475347792305e-07 0.0016137256934733821 3.7052711905309335e-07 3.156848570058151e-07 2.7508623581779126e-07 3.0508494449961647e-05 3.2158769526271305e-07 0.004229563665470777 7.497205020885438e-07 2.8610649037422303e-05 4.1118568862458626e-07 0.0032785368899478813 3.6985646833738117e-07 0.006437722779244052 2.6373736642954886e-07 4.845275434623158e-05 0.00013557905786823886 7.202003801159347e-06 0.002703833189128529 0.11026735848576541 0.04388138638603703 0.6872163561085878 2.432386482984357e-07 2.7894800646721703e-07
9 3.312958442501284e-07 0.004194746284209122 2.430621818133269e-07 3.349382982389847e-07 2.389394128758581e-07 7.381360321359274e-07 2.7361475347792305e-07 0.0016137256934733821 3.7052711905309335e-07 3.156848570058151e-07 2.7508623581779126e-07 3.0508494449961647e-05 3.2158769526271305e-07 0.004229563665470777 7.497205020885438e-07 2.8610649037422303e-05 4.1118568862458626e-07 0.0032785368899478813 3.6985646833738117e-07 0.006437722779244052 2.6373736642954886e-07 4.845275434623158e-05 0.00013557905786823886 7.202003801159347e-06 0.002703833189128529 0.11026735848576541 0.04388138638603703 0.6872163561085878 2.432386482984357e-07 2.7894800646721703e-07
10 3.312958442501284e-07 0.004194746284209122 2.430621818133269e-07 3.349382982389847e-07 2.389394128758581e-07 7.381360321359274e-07 2.7361475347792305e-07 0.0016137256934733821 3.7052711905309335e-07 3.156848570058151e-07 2.7508623581779126e-07 3.0508494449961647e-05 3.2158769526271305e-07 0.004229563665470777 7.497205020885438e-07 2.8610649037422303e-05 4.1118568862458626e-07 0.0032785368899478813 3.6985646833738117e-07 0.006437722779244052 2.6373736642954886e-07 4.845275434623158e-05 0.00013557905786823886 7.202003801159347e-06 0.002703833189128529 0.11026735848576541 0.04388138638603703 0.6872163561085878 2.432386482984357e-07 2.7894800646721703e-07
11 3.312958442501284e-07 0.004194746284209122 2.430621818133269e-07 3.349382982389847e-07 2.389394128758581e-07 7.381360321359274e-07 2.7361475347792305e-07 0.0016137256934733821 3.7052711905309335e-07 3.156848570058151e-07 2.7508623581779126e-07 3.0508494449961647e-05 3.2158769526271305e-07 0.004229563665470777 7.497205020885438e-07 2.8610649037422303e-05 4.1118568862458626e-07 0.0032785368899478813 3.6985646833738117e-07 0.006437722779244052 2.6373736642954886e-07 4.845275434623158e-05 0.00013557905786823886 7.202003801159347e-06 0.002703833189128529 0.11026735848576541 0.04388138638603703 0.6872163561085878 2.432386482984357e-07 2.7894800646721703e-07
12 7.515575766313563e-07 0.0036785663729832006 6.880171715387196e-07 7.536076360661134e-07 7.349102463982503e-07 1.5814872146851838e-06 7.687491100298426e-07 0.004265475493056157 8.34051074177559e-07 8.26414980640049e-07 8.319009147959372e-07 0.001993662420744278 7.294966151183418e-07 0.01761572942382637 5.036622225509583e-06 0.0006257856225311155 1.9460459878800555e-06 0.012176468241271164 1.294612219357025e-06 0.016760723249191877 6.773333204681901e-07 0.00012999214567207051 0.0008079631396880787 2.171601191444843e-05 0.06713297406496141 0.4587769954252112 0.1775961624006636 0.12285801949499515 8.398329416522656e-07 7.27387546874672e-07
13 7.515575766313563e-07 0.0036785663729832006 6.880171715387196e-07 7.536076360661134e-07 7.349102463982503e-07 1.5814872146851838e-06 7.687491100298426e-07 0.004265475493056157 8.34051074177559e-07 8.26414980640049e-07 8.319009147959372e-07 0.001993662420744278 7.294966151183418e-07 0.01761572942382637 5.036622225509583e-06 0.0006257856225311155 1.9460459878800555e-06 0.012176468241271164 1.294612219357025e-06 0.016760723249191877 6.773333204681901e-07 0.00012999214567207051 0.0008079631396880787 2.171601191444843e-05 0.06713297406496141 0.4587769954252112 0.1775961624006636 0.12285801949499515 8.398329416522656e-07 7.27387546874672e-07
14 7.515575766313563e-07 0.0036785663729832006 6.880171715387196e-07 7.536076360661134e-07 7.349102463982503e-07 1.5814872146851838e-06 7.687491100298426e-07 0.004265475493056157 8.34051074177559e-07 8.26414980640049e-07 8.319009147959372e-07 0.001993662420744278 7.294966151183418e-07 0.01761572942382637 5.036622225509583e-06 0.0006257856225311155 1.9460459878800555e-06 0.012176468241271164 1.294612219357025e-06 0.016760723249191877 6.773333204681901e-07 0.00012999214567207051 0.0008079631396880787 2.171601191444843e-05 0.06713297406496141 0.4587769954252112 0.1775961624006636 0.12285801949499515 8.398329416522656e-07 7.27387546874672e-07
15 7.515575766313563e-07 0.0036785663729832006 6.880171715387196e-07 7.536076360661134e-07 7.349102463982503e-07 1.5814872146851838e-06 7.687491100298426e-07 0.004265475493056157 8.34051074177559e-07 8.26414980640049e-07 8.319009147959372e-07 0.001993662420744278 7.294966151183418e-07 0.01761572942382637 5.036622225509583e-06 0.0006257856225311155 1.9460459878800555e-06 0.012176468241271164 1.294612219357025e-06 0.016760723249191877 6.773333204681901e-07 0.00012999214567207051 0.0008079631396880787 2.171601191444843e-05 0.06713297406496141 0.4587769954252112 0.1775961624006636 0.12285801949499515 8.398329416522656e-07 7.27387546874672e-07
16 7.515575766313563e-07 0.0036785663729832006 6.880171715387196e-07 7.536076360661134e-07 7.349102463982503e-07 1.5814872146851838e-06 7.687491100298426e-07 0.004265475493056157 8.34051074177559e-07 8.26414980640049e-07 8.319009147959372e-07 0.001993662420744278 7.294966151183418e-07 0.01761572942382637 5.036622225509583e-06 0.0006257856225311155 1.9460459878800555e-06 0.012176468241271164 1.294612219357025e-06 0.016760723249191877 6.773333204681901e-07 0.00012999214567207051 0.0008079631396880787 2.171601191444843e-05 0.06713297406496141 0.4587769954252112 0.1775961624006636 0.12285801949499515 8.398329416522656e-07 7.27387546874672e-07
17 7.515575766313563e-07 0.0036785663729832006 6.880171715387196e-07 7.536076360661134e-07 7.349102463982503e-07 1.5814872146851838e-06 7.687491100298426e-07 0.004265475493056157 8.34051074177559e-07 8.26414980640049e-07 8.319009147959372e-07 0.001993662420744278 7.294966151183418e-07 0.01761572942382637 5.036622225509583e-06 0.0006257856225311155 1.9460459878800555e-06 0.012176468241271164 1.294612219357025e-06 0.016760723249191877 6.773333204681901e-07 0.00012999214567207051 0.0008079631396880787 2.171601191444843e-05 0.06713297406496141 0.4587769954252112 0.1775961624006636 0.12285801949499515 8.398329416522656e-07 7.27387546874672e-07
18 7.515575766313563e-07 0.0036785663729832006 6.880171715387196e-07 7.536076360661134e-07 7.349102463982503e-07 1.5814872146851838e-06 7.687491100298426e-07 0.004265475493056157 8.34051074177559e-07 8.26414980640049e-07 8.319009147959372e-07 0.001993662420744278 7.294966151183418e-07 0.01761572942382637 5.036622225509583e-06 0.0006257856225311155 1.9460459878800555e-06 0.012176468241271164 1.294612219357025e-06 0.016760723249191877 6.773333204681901e-07 0.00012999214567207051 0.0008079631396880787 2.171601191444843e-05 0.06713297406496141 0.4587769954252112 0.1775961624006636 0.12285801949499515 8.398329416522656e-07 7.27387546874672e-07
19 7.515575766313563e-07 0.0036785663729832006 6.880171715387196e-07 7.536076360661134e-07 7.349102463982503e-07 1.5814872146851838e-06 7.687491100298426e-07 0.004265475493056157 8.34051074177559e-07 8.26414980640049e-07 8.319009147959372e-07 0.001993662420744278 7.294966151183418e-07 0.01761572942382637 5.036622225509583e-06 0.0006257856225311155 1.9460459878800555e-06 0.012176468241271164 1.294612219357025e-06 0.016760723249191877 6.773333204681901e-07 0.00012999214567207051 0.0008079631396880787 2.171601191444843e-05 0.06713297406496141 0.4587769954252112 0.1775961624006636 0.12285801949499515 8.398329416522656e-07 7.27387546874672e-07
20 7.515575766313563e-07 0.0036785663729832006 6.880171715387196e-07 7.536076360661134e-07 7.349102463982503e-07 1.5814872146851838e-06 7.687491100298426e-07 0.004265475493056157 8.34051074177559e-07 8.26414980640049e-07 8.319009147959372e-07 0.001993662420744278 7.294966151183418e-07 0.01761572942382637 5.036622225509583e-06 0.0006257856225311155 1.9460459878800555e-06 0.012176468241271164 1.294612219357025e-06 0.016760723249191877 6.773333204681901e-07 0.00012999214567207051 0.0008079631396880787 2.171601191444843e-05 0.06713297406496141 0.4587769954252112 0.1775961624006636 0.12285801949499515 8.398329416522656e-07 7.27387546874672e-07
21 7.515575766313563e-07 0.0036785663729832006 6.880171715387196e-07 7.536076360661134e-07 7.349102463982503e-07 1.5814872146851838e-06 7.687491100298426e-07 0.004265475493056157 8.34051074177559e-07 8.26414980640049e-07 8.319009147959372e-07 0.001993662420744278 7.294966151183418e-07 0.01761572942382637 5.036622225509583e-06 0.0006257856225311155 1.9460459878800555e-06 0.012176468241271164 1.294612219357025e-06 0.016760723249191877 6.773333204681901e-07 0.00012999214567207051 0.0008079631396880787 2.171601191444843e-05 0.06713297406496141 0.4587769954252112 0.1775961624006636 0.12285801949499515 8.398329416522656e-07 7.27387546874672e-07
22 9.802413256077896e-07 8.42536274028228e-07 9.903377387657268e-07 8.480128317554799e-07 8.329309451498962e-07 2.4879797641340574e-06 9.212022539713939e-07 0.004806882943376137 8.656515690954136e-07 9.033327176916712e-07 8.760082992605e-07 0.10147124923144603 9.845569297461994e-07 0.3822191434536095 1.3140425502075475e-05 0.037694922855870255 2.106267409119161e-06 0.043720508121130465 1.8736208605248525e-06 0.07410858428724322 8.428462293285108e-07 0.0001567672281595832 0.001699806048171703 7.534487863206466e-05 0.0176668840161061 0.10398606986014092 0.08866901965923676 0.018327983735411762 8.52755946653833e-07 8.466173573229447e-07
23 9.802413256077896e-07 8.42536274028228e-07 9.903377387657268e-07 8.480128317554799e-07 8.329309451498962e-07 2.4879797641340574e-06 9.212022539713939e-07 0.004806882943376137 8.656515690954136e-07 9.033327176916712e-07 8.760082992605e-07 0.10147124923144603 9.845569297461994e-07 0.3822191434536095 1.3140425502075475e-05 0.037694922855870255 2.106267409119161e-06 0.043720508121130465 1.8736208605248525e-06 0.07410858428724322 8.428462293285108e-07 0.0001567672281595832 0.001699806048171703 7.534487863206466e-05 0.0176668840161061 0.10398606986014092 0.08866901965923676 0.018327983735411762 8.52755946653833e-07 8.466173573229447e-07
24 9.802413256077896e-07 8.42536274028228e-07 9.903377387657268e-07 8.480128317554799e-07 8.329309451498962e-07 2.4879797641340574e-06 9.212022539713939e-07 0.004806882943376137 8.656515690954136e-07 9.033327176916712e-07 8.760082992605e-07 0.10147124923144603 9.845569297461994e-07 0.3822191434536095 1.3140425502075475e-05 0.037694922855870255 2.106267409119161e-06 0.043720508121130465 1.8736208605248525e-06 0.07410858428724322 8.428462293285108e-07 0.0001567672281595832 0.001699806048171703 7.534487863206466e-05 0.0176668840161061 0.10398606986014092 0.08866901965923676 0.018327983735411762 8.52755946653833e-07 8.466173573229447e-07
25 9.802413256077896e-07 8.42536274028228e-07 9.903377387657268e-07 8.480128317554799e-07 8.329309451498962e-07 2.4879797641340574e-06 9.212022539713939e-07 0.004806882943376137 8.656515690954136e-07 9.033327176916712e-07 8.760082992605e-07 0.10147124923144603 9.845569297461994e-07 0.3822191434536095 1.3140425502075475e-05 0.037694922855870255 2.106267409119161e-06 0.043720508121130465 1.8736208605248525e-06 0.07410858428724322 8.428462293285108e-07 0.0001567672281595832 0.001699806048171703 7.534487863206466e-05 0.0176668840161061 0.10398606986014092 0.08866901965923676 0.018327983735411762 8.52755946653833e-07 8.466173573229447e-07
26 9.802413256077896e-07 8.42536274028228e-07 9.903377387657268e-07 8.480128317554799e-07 8.329309451498962e-07 2.4879797641340574e-06 9.212022539713939e-07 0.004806882943376137 8.656515690954136e-07 9.033327176916712e-07 8.760082992605e-07 0.10147124923144603 9.845569297461994e-07 0.3822191434536095 1.3140425502075475e-05 0.037694922855870255 2.106267409119161e-06 0.043720508121130465 1.8736208605248525e-06 0.07410858428724322 8.428462293285108e-07 0.0001567672281595832 0.001699806048171703 7.534487863206466e-05 0.0176668840161061 0.10398606986014092 0.08866901965923676 0.018327983735411762 8.52755946653833e-07 8.466173573229447e-07
27 9.802413256077896e-07 8.42536274028228e-07 9.903377387657268e-07 8.480128317554799e-07 8.329309451498962e-07 2.4879797641340574e-06 9.212022539713939e-07 0.004806882943376137 8.656515690954136e-07 9.033327176916712e-07 8.760082992605e-07 0.10147124923144603 9.845569297461994e-07 0.3822191434536095 1.3140425502075475e-05 0.037694922855870255 2.106267409119161e-06 0.043720508121130465 1.8736208605248525e-06 0.07410858428724322 8.428462293285108e-07 0.0001567672281595832 0.001699806048171703 7.534487863206466e-05 0.0176668840161061 0.10398606986014092 0.08866901965923676 0.018327983735411762 8.52755946653833e-07 8.466173573229447e-07
28 9.802413256077896e-07 8.42536274028228e-07 9.903377387657268e-07 8.480128317554799e-07 8.329309451498962e-07 2.4879797641340574e-06 9.212022539713939e-07 0.004806882943376137 8.656515690954136e-07 9.033327176916712e-07 8.760082992605e-07 0.10147124923144603 9.845569297461994e-07 0.3822191434536095 1.3140425502075475e-05 0.037694922855870255 2.106267409119161e-06 0.043720508121130465 1.8736208605248525e-06 0.07410858428724322 8.428462293285108e-07 0.0001567672281595832 0.001699806048171703 7.534487863206466e-05 0.0176668840161061 0.10398606986014092 0.08866901965923676 0.018327983735411762 8.52755946653833e-07 8.466173573229447e-07
29 9.802413256077896e-07 8.42536274028228e-07 9.903377387657268e-07 8.480128317554799e-07 8.329309451498962e-07 2.4879797641340574e-06 9.212022539713939e-07 0.004806882943376137 8.656515690954136e-07 9.033327176916712e-07 8.760082992605e-07 0.10147124923144603 9.845569297461994e-07 0.3822191434536095 1.3140425502075475e-05 0.037694922855870255 2.106267409119161e-06 0.043720508121130465 1.8736208605248525e-06 0.07410858428724322 8.428462293285108e-07 0.0001567672281595832 0.001699806048171703 7.534487863206466e-05 0.0176668840161061 0.10398606986014092 0.08866901965923676 0.018327983735411762 8.52755946653833e-07 8.466173573229447e-07
30 9.802413256077896e-07 8.42536274028228e-07 9.903377387657268e-07 8.480128317554799e-07 8.329309451498962e-07 2.4879797641340574e-06 9.212022539713939e-07 0.004806882943376137 8.656515690954136e-07 9.033327176916712e-07 8.760082992605e-07 0.10147124923144603 9.845569297461994e-07 0.3822191434536095 1.3140425502075475e-05 0.037694922855870255 2.106267409119161e-06 0.043720508121130465 1.8736208605248525e-06 0.07410858428724322 8.428462293285108e-07 0.0001567672281595832 0.001699806048171703 7.534487863206466e-05 0.0176668840161061 0.10398606986014092 0.08866901965923676 0.018327983735411762 8.52755946653833e-07 8.466173573229447e-07
31 9.802413256077896e-07 8.42536274028228e-07 9.903377387657268e-07 8.480128317554799e-07 8.329309451498962e-07 2.4879797641340574e-06 9.212022539713939e-07 0.004806882943376137 8.656515690954136e-07 9.033327176916712e-07 8.760082992605e-07 0.10147124923144603 9.845569297461994e-07 0.3822191434536095 1.3140425502075475e-05 0.037694922855870255 2.106267409119161e-06 0.043720508121130465 1.8736208605248525e-06 0.07410858428724322 8.428462293285108e-07 0.0001567672281595832 0.001699806048171703 7.534487863206466e-05 0.0176668840161061 0.10398606986014092 0.08866901965923676 0.018327983735411762 8.52755946653833e-07 8.466173573229447e-07
32 2.152610101726091e-07 2.3834070481721483e-07 2.4386840220361057e-07 2.102115775721449e-07 2.419779042720104e-07 5.523049262845124e-06 2.1126180952006002e-07 0.2282089296128023 2.2747021277038545e-07 8.326045243080075e-07 2.430717893987728e-07 0.01260791514335518 2.5005746136094224e-07 0.4640996960802332 2.685721253485393e-05 3.4110825302255976e-05 1.2126380028679736e-05 0.01066946909702446 1.5183226103646136e-05 0.002825160522357271 2.737821372273678e-07 1.85408375503198e-05 1.7879999260195e-05 1.9382329294716537e-05 0.0002019218937387042 0.003210466875958901 0.005922454148047522 0.003127963445947803 2.1903341194845837e-07 2.420531038495067e-07
33 2.152610101726091e-07 2.3834070481721483e-07 2.4386840220361057e-07 2.102115775721449e-07 2.419779042720104e-07 5.523049262845124e-06 2.1126180952006002e-07 0.2282089296128023 2.2747021277038545e-07 8.326045243080075e-07 2.430717893987728e-07 0.01260791514335518 2.5005746136094224e-07 0.4640996960802332 2.685721253485393e-05 3.4110825302255976e-05 1.2126380028679736e-05 0.01066946909702446 1.5183226103646136e-05 0.002825160522357271 2.737821372273678e-07 1.85408375503198e-05 1.7879999260195e-05 1.9382329294716537e-05 0.0002019218937387042 0.003210466875958901 0.005922454148047522 0.003127963445947803 2.1903341194845837e-07 2.420531038495067e-07
34 2.152610101726091e-07 2.3834070481721483e-07 2.4386840220361057e-07 2.102115775721449e-07 2.419779042720104e-07 5.523049262845124e-06 2.1126180952006002e-07 0.2282089296128023 2.2747021277038545e-07 8.326045243080075e-07 2.430717893987728e-07 0.01260791514335518 2.5005746136094224e-07 0.4640996960802332 2.685721253485393e-05 3.4110825302255976e-05 1.2126380028679736e-05 0.01066946909702446 1.5183226103646136e-05 0.002825160522357271 2.737821372273678e-07 1.85408375503198e-05 1.7879999260195e-05 1.9382329294716537e-05 0.0002019218937387042 0.003210466875958901 0.005922454148047522 0.003127963445947803 2.1903341194845837e-07 2.420531038495067e-07
35 2.152610101726091e-07 2.3834070481721483e-07 2.4386840220361057e-07 2.102115775721449e-07 2.419779042720104e-07 5.523049262845124e-06 2.1126180952006002e-07 0.2282089296128023 2.2747021277038545e-07 8.326045243080075e-07 2.430717893987728e-07 0.01260791514335518 2.5005746136094224e-07 0.4640996960802332 2.685721253485393e-05 3.4110825302255976e-05 1.2126380028679736e-05 0.01066946909702446 1.5183226103646136e-05 0.002825160522357271 2.737821372273678e-07 1.85408375503198e-05 1.7879999260195e-05 1.9382329294716537e-05 0.0002019218937387042 0.003210466875958901 0.005922454148047522 0.003127963445947803 2.1903341194845837e-07 2.420531038495067e-07
36 2.152610101726091e-07 2.3834070481721483e-07 2.4386840220361057e-07 2.102115775721449e-07 2.419779042720104e-07 5.523049262845124e-06 2.1126180952006002e-07 0.2282089296128023 2.2747021277038545e-07 8.326045243080075e-07 2.430717893987728e-07 0.01260791514335518 2.5005746136094224e-07 0.4640996960802332 2.685721253485393e-05 3.4110825302255976e-05 1.2126380028679736e-05 0.01066946909702446 1.5183226103646136e-05 0.002825160522357271 2.737821372273678e-07 1.85408375503198e-05 1.7879999260195e-05 1.9382329294716537e-05 0.0002019218937387042 0.003210466875958901 0.005922454148047522 0.003127963445947803 2.1903341194845837e-07 2.420531038495067e-07
37 2.152610101726091e-07 2.3834070481721483e-07 2.4386840220361057e-07 2.102115775721449e-07 2.419779042720104e-07 5.523049262845124e-06 2.1126180952006002e-07 0.2282089296128023 2.2747021277038545e-07 8.326045243080075e-07 2.430717893987728e-07 0.01260791514335518 2.5005746136094224e-07 0.4640996960802332 2.685721253485393e-05 3.4110825302255976e-05 1.2126380028679736e-05 0.01066946909702446 1.5183226103646136e-05 0.002825160522357271 2.737821372273678e-07 1.85408375503198e-05 1.7879999260195e-05 1.9382329294716537e-05 0.0002019218937387042 0.003210466875958901 0.005922454148047522 0.003127963445947803 2.1903341194845837e-07 2.420531038495067e-07
38 2.152610101726091e-07 2.3834070481721483e-07 2.4386840220361057e-07 2.102115775721449e-07 2.419779042720104e-07 5.523049262845124e-06 2.1126180952006002e-07 0.2282089296128023 2.2747021277038545e-07 8.326045243080075e-07 2.430717893987728e-07 0.01260791514335518 2.5005746136094224e-07 0.4640996960802332 2.685721253485393e-05 3.4110825302255976e-05 1.2126380028679736e-05 0.01066946909702446 1.5183226103646136e-05 0.002825160522357271 2.737821372273678e-07 1.85408375503198e-05 1.7879999260195e-05 1.9382329294716537e-05 0.0002019218937387042 0.003210466875958901 0.005922454148047522 0.003127963445947803 2.1903341194845837e-07 2.420531038495067e-07
39 2.152610101726091e-07 2.3834070481721483e-07 2.4386840220361057e-07 2.102115775721449e-07 2.419779042720104e-07 5.523049262845124e-06 2.1126180952006002e-07 0.2282089296128023 2.2747021277038545e-07 8.326045243080075e-07 2.430717893987728e-07 0.01260791514335518 2.5005746136094224e-07 0.4640996960802332 2.685721253485393e-05 3.4110825302255976e-05 1.2126380028679736e-05 0.01066946909702446 1.5183226103646136e-05 0.002825160522357271 2.737821372273678e-07 1.85408375503198e-05 1.7879999260195e-05 1.9382329294716537e-05 0.0002019218937387042 0.003210466875958901 0.005922454148047522 0.003127963445947803 2.1903341194845837e-07 2.420531038495067e-07
40 2.152610101726091e-07 2.3834070481721483e-07 2.4386840220361057e-07 2.102115775721449e-07 2.419779042720104e-07 5.523049262845124e-06 2.1126180952006002e-07 0.2282089296128023 2.2747021277038545e-07 8.326045243080075e-07 2.430717893987728e-07 0.01260791514335518 2.5005746136094224e-07 0.4640996960802332 2.685721253485393e-05 3.4110825302255976e-05 1.2126380028679736e-05 0.01066946909702446 1.5183226103646136e-05 0.002825160522357271 2.737821372273678e-07 1.85408375503198e-05 1.7879999260195e-05 1.9382329294716537e-05 0.0002019218937387042 0.003210466875958901 0.005922454148047522 0.003127963445947803 2.1903341194845837e-07 2.420531038495067e-07
41 2.152610101726091e-07 2.3834070481721483e-07 2.4386840220361057e-07 2.102115775721449e-07 2.419779042720104e-07 5.523049262845124e-06 2.1126180952006002e-07 0.2282089296128023 2.2747021277038545e-07 8.326045243080075e-07 2.430717893987728e-07 0.01260791514335518 2.5005746136094224e-07 0.4640996960802332 2.685721253485393e-05 3.4110825302255976e-05 1.2126380028679736e-05 0.01066946909702446 1.5183226103646136e-05 0.002825160522357271 2.737821372273678e-07 1.85408375503198e-05 1.7879999260195e-05 1.9382329294716537e-05 0.0002019218937387042 0.003210466875958901 0.005922454148047522 0.003127963445947803 2.1903341194845837e-07 2.420531038495067e-07
42 2.152610101726091e-07 2.3834070481721483e-07 2.4386840220361057e-07 2.102115775721449e-07 2.419779042720104e-07 5.523049262845124e-06 2.1126180952006002e-07 0.2282089296128023 2.2747021277038545e-07 8.326045243080075e-07 2.430717893987728e-07 0.01260791514335518 2.5005746136094224e-07 0.4640996960802332 2.685721253485393e-05 3.4110825302255976e-05 1.2126380028679736e-05 0.01066946909702446 1.5183226103646136e-05 0.002825160522357271 2.737821372273678e-07 1.85408375503198e-05 1.7879999260195e-05 1.9382329294716537e-05 0.0002019218937387042 0.003210466875958901 0.005922454148047522 0.003127963445947803 2.1903341194845837e-07 2.420531038495067e-07
43 2.152610101726091e-07 2.3834070481721483e-07 2.4386840220361057e-07 2.102115775721449e-07 2.419779042720104e-07 5.523049262845124e-06 2.1126180952006002e-07 0.2282089296128023 2.2747021277038545e-07 8.326045243080075e-07 2.430717893987728e-07 0.01260791514335518 2.5005746136094224e-07 0.4640996960802332 2.685721253485393e-05 3.4110825302255976e-05 1.2126380028679736e-05 0.01066946909702446 1.5183226103646136e-05 0.002825160522357271 2.737821372273678e-07 1.85408375503198e-05 1.7879999260195e-05 1.9382329294716537e-05 0.0002019218937387042 0.003210466875958901 0.005922454148047522 0.003127963445947803 2.1903341194845837e-07 2.420531038495067e-07
44 2.152610101726091e-07 2.3834070481721483e-07 2.4386840220361057e-07 2.102115775721449e-07 2.419779042720104e-07 5.523049262845124e-06 2.1126180952006002e-07 0.2282089296128023 2.2747021277038545e-07 8.326045243080075e-07 2.430717893987728e-07 0.01260791514335518 2.5005746136094224e-07 0.4640996960802332 2.685721253485393e-05 3.4110825302255976e-05 1.2126380028679736e-05 0.01066946909702446 1.5183226103646136e-05 0.002825160522357271 2.737821372273678e-07 1.85408375503198e-05 1.7879999260195e-05 1.9382329294716537e-05 0.0002019218937387042 0.003210466875958901 0.005922454148047522 0.003127963445947803 2.1903341194845837e-07 2.420531038495067e-07
45 6.004221259831883e-07 5.987624840522716e-07 6.04312977769186e-07 6.245463167949003e-07 6.354711191714916e-07 0.05266841224569637 5.836383202069702e-07 0.5123703240528747 5.888281130833604e-07 0.036622360477682254 0.0002531800656890527 0.1455728532309236 6.048420269613147e-07 7.490236082054613e-05 8.910303988534217e-05 7.0207664352907e-05 1.940809640025084e-05 0.00177005804697883 4.797179041141909e-06 0.0002688106424459571 8.201967013926488e-07 8.476451338742952e-06 1.123381055650936e-06 6.200974776028151e-06 1.885221967002602e-05 0.002130201268861989 0.00039279184644333315 0.001055574183474023 5.67030991546437e-07 6.126579788855399e-07
46 6.004221259831883e-07 5.987624840522716e-07 6.04312977769186e-07 6.245463167949003e-07 6.354711191714916e-07 0.05266841224569637 5.836383202069702e-07 0.5123703240528747 5.888281130833604e-07 0.036622360477682254 0.0002531800656890527 0.1455728532309236 6.048420269613147e-07 7.490236082054613e-05 8.910303988534217e-05 7.0207664352907e-05 1.940809640025084e-05 0.00177005804697883 4.797179041141909e-06 0.0002688106424459571 8.201967013926488e-07 8.476451338742952e-06 1.123381055650936e-06 6.200974776028151e-06 1.885221967002602e-05 0.002130201268861989 0.00039279184644333315 0.001055574183474023 5.67030991546437e-07 6.126579788855399e-07
47 6.004221259831883e-07 5.987624840522716e-07 6.04312977769186e-07 6.245463167949003e-07 6.354711191714916e-07 0.05266841224569637 5.836383202069702e-07 0.5123703240528747 5.888281130833604e-07 0.036622360477682254 0.0002531800656890527 0.1455728532309236 6.048420269613147e-07 7.490236082054613e-05 8.910303988534217e-05 7.0207664352907e-05 1.940809640025084e-05 0.00177005804697883 4.797179041141909e-06 0.0002688106424459571 8.201967013926488e-07 8.476451338742952e-06 1.123381055650936e-06 6.200974776028151e-06 1.885221967002602e-05 0.002130201268861989 0.00039279184644333315 0.001055574183474023 5.67030991546437e-07 6.126579788855399e-07
48 6.004221259831883e-07 5.987624840522716e-07 6.04312977769186e-07 6.245463167949003e-07 6.354711191714916e-07 0.05266841224569637 5.836383202069702e-07 0.5123703240528747 5.888281130833604e-07 0.036622360477682254 0.0002531800656890527 0.1455728532309236 6.048420269613147e-07 7.490236082054613e-05 8.910303988534217e-05 7.0207664352907e-05 1.940809640025084e-05 0.00177005804697883 4.797179041141909e-06 0.0002688106424459571 8.201967013926488e-07 8.476451338742952e-06 1.123381055650936e-06 6.200974776028151e-06 1.885221967002602e-05 0.002130201268861989 0.00039279184644333315 0.001055574183474023 5.67030991546437e-07 6.126579788855399e-07
49 6.004221259831883e-07 5.987624840522716e-07 6.04312977769186e-07 6.245463167949003e-07 6.354711191714916e-07 0.05266841224569637 5.836383202069702e-07 0.5123703240528747 5.888281130833604e-07 0.036622360477682254 0.0002531800656890527 0.1455728532309236 6.048420269613147e-07 7.490236082054613e-05 8.910303988534217e-05 7.0207664352907e-05 1.940809640025084e-05 0.00177005804697883 4.797179041141909e-06 0.0002688106424459571 8.201967013926488e-07 8.476451338742952e-06 1.123381055650936e-06 6.200974776028151e-06 1.885221967002602e-05 0.002130201268861989 0.00039279184644333315 0.001055574183474023 5.67030991546437e-07 6.126579788855399e-07
50 6.004221259831883e-07 5.987624840522716e-07 6.04312977769186e-07 6.245463167949003e-07 6.354711191714916e-07 0.05266841224569637 5.836383202069702e-07 0.5123703240528747 5.888281130833604e-07 0.036622360477682254 0.0002531800656890527 0.1455728532309236 6.048420269613147e-07 7.490236082054613e-05 8.910303988534217e-05 7.0207664352907e-05 1.940809640025084e-05 0.00177005804697883 4.797179041141909e-06 0.0002688106424459571 8.201967013926488e-07 8.476451338742952e-06 1.123381055650936e-06 6.200974776028151e-06 1.885221967002602e-05 0.002130201268861989 0.00039279184644333315 0.001055574183474023 5.67030991546437e-07 6.126579788855399e-07
51 6.004221259831883e-07 5.987624840522716e-07 6.04312977769186e-07 6.245463167949003e-07 6.354711191714916e-07 0.05266841224569637 5.836383202069702e-07 0.5123703240528747 5.888281130833604e-07 0.036622360477682254 0.0002531800656890527 0.1455728532309236 6.048420269613147e-07 7.490236082054613e-05 8.910303988534217e-05 7.0207664352907e-05 1.940809640025084e-05 0.00177005804697883 4.797179041141909e-06 0.0002688106424459571 8.201967013926488e-07 8.476451338742952e-06 1.123381055650936e-06 6.200974776028151e-06 1.885221967002602e-05 0.002130201268861989 0.00039279184644333315 0.001055574183474023 5.67030991546437e-07 6.126579788855399e-07
52 6.004221259831883e-07 5.987624840522716e-07 6.04312977769186e-07 6.245463167949003e-07 6.354711191714916e-07 0.05266841224569637 5.836383202069702e-07 0.5123703240528747 5.888281130833604e-07 0.036622360477682254 0.0002531800656890527 0.1455728532309236 6.048420269613147e-07 7.490236082054613e-05 8.910303988534217e-05 7.0207664352907e-05 1.940809640025084e-05 0.00177005804697883 4.797179041141909e-06 0.0002688106424459571 8.201967013926488e-07 8.476451338742952e-06 1.123381055650936e-06 6.200974776028151e-06 1.885221967002602e-05 0.002130201268861989 0.00039279184644333315 0.001055574183474023 5.67030991546437e-07 6.126579788855399e-07
53 6.004221259831883e-07 5.987624840522716e-07 6.04312977769186e-07 6.245463167949003e-07 6.354711191714916e-07 0.05266841224569637 5.836383202069702e-07 0.5123703240528747 5.888281130833604e-07 0.036622360477682254 0.0002531800656890527 0.1455728532309236 6.048420269613147e-07 7.490236082054613e-05 8.910303988534217e-05 7.0207664352907e-05 1.940809640025084e-05 0.00177005804697883 4.797179041141909e-06 0.0002688106424459571 8.201967013926488e-07 8.476451338742952e-06 1.123381055650936e-06 6.200974776028151e-06 1.885221967002602e-05 0.002130201268861989 0.00039279184644333315 0.001055574183474023 5.67030991546437e-07 6.126579788855399e-07
54 6.004221259831883e-07 5.987624840522716e-07 6.04312977769186e-07 6.245463167949003e-07 6.354711191714916e-07 0.05266841224569637 5.836383202069702e-07 0.5123703240528747 5.888281130833604e-07 0.036622360477682254 0.0002531800656890527 0.1455728532309236 6.048420269613147e-07 7.490236082054613e-05 8.910303988534217e-05 7.0207664352907e-05 1.940809640025084e-05 0.00177005804697883 4.797179041141909e-06 0.0002688106424459571 8.201967013926488e-07 8.476451338742952e-06 1.123381055650936e-06 6.200974776028151e-06 1.885221967002602e-05 0.002130201268861989 0.00039279184644333315 0.001055574183474023 5.67030991546437e-07 6.126579788855399e-07
55 6.004221259831883e-07 5.987624840522716e-07 6.04312977769186e-07 6.245463167949003e-07 6.354711191714916e-07 0.05266841224569637 5.836383202069702e-07 0.5123703240528747 5.888281130833604e-07 0.036622360477682254 0.0002531800656890527 0.1455728532309236 6.048420269613147e-07 7.490236082054613e-05 8.910303988534217e-05 7.0207664352907e-05 1.940809640025084e-05 0.00177005804697883 4.797179041141909e-06 0.0002688106424459571 8.201967013926488e-07 8.476451338742952e-06 1.123381055650936e-06 6.200974776028151e-06 1.885221967002602e-05 0.002130201268861989 0.00039279184644333315 0.001055574183474023 5.67030991546437e-07 6.126579788855399e-07
56 6.004221259831883e-07 5.987624840522716e-07 6.04312977769186e-07 6.245463167949003e-07 6.354711191714916e-07 0.05266841224569637 5.836383202069702e-07 0.5123703240528747 5.888281130833604e-07 0.036622360477682254 0.0002531800656890527 0.1455728532309236 6.048420269613147e-07 7.490236082054613e-05 8.910303988534217e-05 7.0207664352907e-05 1.940809640025084e-05 0.00177005804697883 4.797179041141909e-06 0.0002688106424459571 8.201967013926488e-07 8.476451338742952e-06 1.123381055650936e-06 6.200974776028151e-06 1.885221967002602e-05 0.002130201268861989 0.00039279184644333315 0.001055574183474023 5.67030991546437e-07 6.126579788855399e-07
57 6.004221259831883e-07 5.987624840522716e-07 6.04312977769186e-07 6.245463167949003e-07 6.354711191714916e-07 0.05266841224569637 5.836383202069702e-07 0.5123703240528747 5.888281130833604e-07 0.036622360477682254 0.0002531800656890527 0.1455728532309236 6.048420269613147e-07 7.490236082054613e-05 8.910303988534217e-05 7.0207664352907e-05 1.940809640025084e-05 0.00177005804697883 4.797179041141909e-06 0.0002688106424459571 8.201967013926488e-07 8.476451338742952e-06 1.123381055650936e-06 6.200974776028151e-06 1.885221967002602e-05 0.002130201268861989 0.00039279184644333315 0.001055574183474023 5.67030991546437e-07 6.126579788855399e-07
58 6.004221259831883e-07 5.987624840522716e-07 6.04312977769186e-07 6.245463167949003e-07 6.354711191714916e-07 0.05266841224569637 5.836383202069702e-07 0.5123703240528747 5.888281130833604e-07 0.036622360477682254 0.0002531800656890527 0.1455728532309236 6.048420269613147e-07 7.490236082054613e-05 8.910303988534217e-05 7.0207664352907e-05 1.940809640025084e-05 0.00177005804697883 4.797179041141909e-06 0.0002688106424459571 8.201967013926488e-07 8.476451338742952e-06 1.123381055650936e-06 6.200974776028151e-06 1.885221967002602e-05 0.002130201268861989 0.00039279184644333315 0.001055574183474023 5.67030991546437e-07 6.126579788855399e-07
59 6.004221259831883e-07 5.987624840522716e-07 6.04312977769186e-07 6.245463167949003e-07 6.354711191714916e-07 0.05266841224569637 5.836383202069702e-07 0.5123703240528747 5.888281130833604e-07 0.036622360477682254 0.0002531800656890527 0.1455728532309236 6.048420269613147e-07 7.490236082054613e-05 8.910303988534217e-05 7.0207664352907e-05 1.940809640025084e-05 0.00177005804697883 4.797179041141909e-06 0.0002688106424459571 8.201967013926488e-07 8.476451338742952e-06 1.123381055650936e-06 6.200974776028151e-06 1.885221967002602e-05 0.002130201268861989 0.00039279184644333315 0.001055574183474023 5.67030991546437e-07 6.126579788855399e-07
60 6.004221259831883e-07 5.987624840522716e-07 6.04312977769186e-07 6.245463167949003e-07 6.354711191714916e-07 0.05266841224569637 5.836383202069702e-07 0.5123703240528747 5.888281130833604e-07 0.036622360477682254 0.0002531800656890527 0.1455728532309236 6.048420269613147e-07 7.490236082054613e-05 8.910303988534217e-05 7.0207664352907e-05 1.940809640025084e-05 0.00177005804697883 4.797179041141909e-06 0.0002688106424459571 8.201967013926488e-07 8.476451338742952e-06 1.123381055650936e-06 6.200974776028151e-06 1.885221967002602e-05 0.002130201268861989 0.00039279184644333315 0.001055574183474023 5.67030991546437e-07 6.126579788855399e-07
61 6.004221259831883e-07 5.987624840522716e-07 6.04312977769186e-07 6.245463167949003e-07 6.354711191714916e-07 0.05266841224569637 5.836383202069702e-07 0.5123703240528747 5.888281130833604e-07 0.036622360477682254 0.0002531800656890527 0.1455728532309236 6.048420269613147e-07 7.490236082054613e-05 8.910303988534217e-05 7.0207664352907e-05 1.940809640025084e-05 0.00177005804697883 4.797179041141909e-06 0.0002688106424459571 8.201967013926488e-07 8.476451338742952e-06 1.123381055650936e-06 6.200974776028151e-06 1.885221967002602e-05 0.002130201268861989 0.00039279184644333315 0.001055574183474023 5.67030991546437e-07 6.126579788855399e-07
62 6.004221259831883e-07 5.987624840522716e-07 6.04312977769186e-07 6.245463167949003e-07 6.354711191714916e-07 0.05266841224569637 5.836383202069702e-07 0.5123703240528747 5.888281130833604e-07 0.036622360477682254 0.0002531800656890527 0.1455728532309236 6.048420269613147e-07 7.490236082054613e-05 8.910303988534217e-05 7.0207664352907e-05 1.940809640025084e-05 0.00177005804697883 4.797179041141909e-06 0.0002688106424459571 8.201967013926488e-07 8.476451338742952e-06 1.123381055650936e-06 6.200974776028151e-06 1.885221967002602e-05 0.002130201268861989 0.00039279184644333315 0.001055574183474023 5.67030991546437e-07 6.126579788855399e-07
63 6.004221259831883e-07 5.987624840522716e-07 6.04312977769186e-07 6.245463167949003e-07 6.354711191714916e-07 0.05266841224569637 5.836383202069702e-07 0.5123703240528747 5.888281130833604e-07 0.036622360477682254 0.0002531800656890527 0.1455728532309236 6.048420269613147e-07 7.490236082054613e-05 8.910303988534217e-05 7.0207664352907e-05 1.940809640025084e-05 0.00177005804697883 4.797179041141909e-06 0.0002688106424459571 8.201967013926488e-07 8.476451338742952e-06 1.123381055650936e-06 6.200974776028151e-06 1.885221967002602e-05 0.002130201268861989 0.00039279184644333315 0.001055574183474023 5.67030991546437e-07 6.126579788855399e-07
64 6.004221259831883e-07 5.987624840522716e-07 6.04312977769186e-07 6.245463167949003e-07 6.354711191714916e-07 0.05266841224569637 5.836383202069702e-07 0.5123703240528747 5.888281130833604e-07 0.036622360477682254 0.0002531800656890527 0.1455728532309236 6.048420269613147e-07 7.490236082054613e-05 8.910303988534217e-05 7.0207664352907e-05 1.940809640025084e-05 0.00177005804697883 4.797179041141909e-06 0.0002688106424459571 8.201967013926488e-07 8.476451338742952e-06 1.123381055650936e-06 6.200974776028151e-06 1.885221967002602e-05 0.002130201268861989 0.00039279184644333315 0.001055574183474023 5.67030991546437e-07 6.126579788855399e-07
65 6.004221259831883e-07 5.987624840522716e-07 6.04312977769186e-07 6.245463167949003e-07 6.354711191714916e-07 0.05266841224569637 5.836383202069702e-07 0.5123703240528747 5.888281130833604e-07 0.036622360477682254 0.0002531800656890527 0.1455728532309236 6.048420269613147e-07 7.490236082054613e-05 8.910303988534217e-05 7.0207664352907e-05 1.940809640025084e-05 0.00177005804697883 4.797179041141909e-06 0.0002688106424459571 8.201967013926488e-07 8.476451338742952e-06 1.123381055650936e-06 6.200974776028151e-06 1.885221967002602e-05 0.002130201268861989 0.00039279184644333315 0.001055574183474023 5.67030991546437e-07 6.126579788855399e-07
66 6.004221259831883e-07 5.987624840522716e-07 6.04312977769186e-07 6.245463167949003e-07 6.354711191714916e-07 0.05266841224569637 5.836383202069702e-07 0.5123703240528747 5.888281130833604e-07 0.036622360477682254 0.0002531800656890527 0.1455728532309236 6.048420269613147e-07 7.490236082054613e-05 8.910303988534217e-05 7.0207664352907e-05 1.940809640025084e-05 0.00177005804697883 4.797179041141909e-06 0.0002688106424459571 8.201967013926488e-07 8.476451338742952e-06 1.123381055650936e-06 6.200974776028151e-06 1.885221967002602e-05 0.002130201268861989 0.00039279184644333315 0.001055574183474023 5.67030991546437e-07 6.126579788855399e-07
67 6.004221259831883e-07 5.987624840522716e-07 6.04312977769186e-07 6.245463167949003e-07 6.354711191714916e-07 0.05266841224569637 5.836383202069702e-07 0.5123703240528747 5.888281130833604e-07 0.036622360477682254 0.0002531800656890527 0.1455728532309236 6.048420269613147e-07 7.490236082054613e-05 8.910303988534217e-05 7.0207664352907e-05 1.940809640025084e-05 0.00177005804697883 4.797179041141909e-06 0.0002688106424459571 8.201967013926488e-07 8.476451338742952e-06 1.123381055650936e-06 6.200974776028151e-06 1.885221967002602e-05 0.002130201268861989 0.00039279184644333315 0.001055574183474023 5.67030991546437e-07 6.126579788855399e-07
68 9.35528318533579e-07 9.728922994785083e-07 9.330991370441288e-07 1.1010430848612632e-06 8.864548724237968e-07 0.06673247678266928 9.434327352152319e-07 0.4596655316795321 9.46252379717033e-07 0.049607309508353264 0.0003792446044088048 0.18068357243490824 8.989446816426847e-07 0.00011130813571564468 0.00013773665446066097 0.00011497530552329887 3.257540786473128e-05 0.002892371808444207 7.83877156804985e-06 0.0006915468016290619 1.101296982964824e-06 1.2847539498287094e-05 1.7192731735722379e-06 9.303758896106759e-06 2.738353488320891e-05 0.0032868176319981765 0.000558257742384637 0.0015880156506456805 9.37724930412659e-07 9.433260487345969e-07
69 9.35528318533579e-07 9.728922994785083e-07 9.330991370441288e-07 1.1010430848612632e-06 8.864548724237968e-07 0.06673247678266928 9.434327352152319e-07 0.4596655316795321 9.46252379717033e-07 0.049607309508353264 0.0003792446044088048 0.18068357243490824 8.989446816426847e-07 0.00011130813571564468 0.00013773665446066097 0.00011497530552329887 3.257540786473128e-05 0.002892371808444207 7.83877156804985e-06 0.0006915468016290619 1.101296982964824e-06 1.2847539498287094e-05 1.7192731735722379e-06 9.303758896106759e-06 2.738353488320891e-05 0.0032868176319981765 0.000558257742384637 0.0015880156506456805 9.37724930412659e-07 9.433260487345969e-07
70 9.35528318533579e-07 9.728922994785083e-07 9.330991370441288e-07 1.1010430848612632e-06 8.864548724237968e-07 0.06673247678266928 9.434327352152319e-07 0.4596655316795321 9.46252379717033e-07 0.049607309508353264 0.0003792446044088048 0.18068357243490824 8.989446816426847e-07 0.00011130813571564468 0.00013773665446066097 0.00011497530552329887 3.257540786473128e-05 0.002892371808444207 7.83877156804985e-06 0.0006915468016290619 1.101296982964824e-06 1.2847539498287094e-05 1.7192731735722379e-06 9.303758896106759e-06 2.738353488320891e-05 0.0032868176319981765 0.000558257742384637 0.0015880156506456805 9.37724930412659e-07 9.433260487345969e-07
71 9.35528318533579e-07 9.728922994785083e-07 9.330991370441288e-07 1.1010430848612632e-06 8.864548724237968e-07 0.06673247678266928 9.434327352152319e-07 0.4596655316795321 9.46252379717033e-07 0.049607309508353264 0.0003792446044088048 0.18068357243490824 8.989446816426847e-07 0.00011130813571564468 0.00013773665446066097 0.00011497530552329887 3.257540786473128e-05 0.002892371808444207 7.83877156804985e-06 0.0006915468016290619 1.101296982964824e-06 1.2847539498287094e-05 1.7192731735722379e-06 9.303758896106759e-06 2.738353488320891e-05 0.0032868176319981765 0.000558257742384637 0.0015880156506456805 9.37724930412659e-07 9.433260487345969e-07
72 9.35528318533579e-07 9.728922994785083e-07 9.330991370441288e-07 1.1010430848612632e-06 8.864548724237968e-07 0.06673247678266928 9.434327352152319e-07 0.4596655316795321 9.46252379717033e-07 0.049607309508353264 0.0003792446044088048 0.18068357243490824 8.989446816426847e-07 0.00011130813571564468 0.00013773665446066097 0.00011497530552329887 3.257540786473128e-05 0.002892371808444207 7.83877156804985e-06 0.0006915468016290619 1.101296982964824e-06 1.2847539498287094e-05 1.7192731735722379e-06 9.303758896106759e-06 2.738353488320891e-05 0.0032868176319981765 0.000558257742384637 0.0015880156506456805 9.37724930412659e-07 9.433260487345969e-07
73 9.35528318533579e-07 9.728922994785083e-07 9.330991370441288e-07 1.1010430848612632e-06 8.864548724237968e-07 0.06673247678266928 9.434327352152319e-07 0.4596655316795321 9.46252379717033e-07 0.049607309508353264 0.0003792446044088048 0.18068357243490824 8.989446816426847e-07 0.00011130813571564468 0.00013773665446066097 0.00011497530552329887 3.257540786473128e-05 0.002892371808444207 7.83877156804985e-06 0.0006915468016290619 1.101296982964824e-06 1.2847539498287094e-05 1.7192731735722379e-06 9.303758896106759e-06 2.738353488320891e-05 0.0032868176319981765 0.000558257742384637 0.0015880156506456805 9.37724930412659e-07 9.433260487345969e-07
74 9.35528318533579e-07 9.728922994785083e-07 9.330991370441288e-07 1.1010430848612632e-06 8.864548724237968e-07 0.06673247678266928 9.434327352152319e-07 0.4596655316795321 9.46252379717033e-07 0.049607309508353264 0.0003792446044088048 0.18068357243490824 8.989446816426847e-07 0.00011130813571564468 0.00013773665446066097 0.00011497530552329887 3.257540786473128e-05 0.002892371808444207 7.83877156804985e-06 0.0006915468016290619 1.101296982964824e-06 1.2847539498287094e-05 1.7192731735722379e-06 9.303758896106759e-06 2.738353488320891e-05 0.0032868176319981765 0.000558257742384637 0.0015880156506456805 9.37724930412659e-07 9.433260487345969e-07
75 9.35528318533579e-07 9.728922994785083e-07 9.330991370441288e-07 1.1010430848612632e-06 8.864548724237968e-07 0.06673247678266928 9.434327352152319e-07 0.4596655316795321 9.46252379717033e-07 0.049607309508353264 0.0003792446044088048 0.18068357243490824 8.989446816426847e-07 0.00011130813571564468 0.00013773665446066097 0.00011497530552329887 3.257540786473128e-05 0.002892371808444207 7.83877156804985e-06 0.0006915468016290619 1.101296982964824e-06 1.2847539498287094e-05 1.7192731735722379e-06 9.303758896106759e-06 2.738353488320891e-05 0.0032868176319981765 0.000558257742384637 0.0015880156506456805 9.37724930412659e-07 9.433260487345969e-07
76 9.35528318533579e-07 9.728922994785083e-07 9.330991370441288e-07 1.1010430848612632e-06 8.864548724237968e-07 0.06673247678266928 9.434327352152319e-07 0.4596655316795321 9.46252379717033e-07 0.049607309508353264 0.0003792446044088048 0.18068357243490824 8.989446816426847e-07 0.00011130813571564468 0.00013773665446066097 0.00011497530552329887 3.257540786473128e-05 0.002892371808444207 7.83877156804985e-06 0.0006915468016290619 1.101296982964824e-06 1.2847539498287094e-05 1.7192731735722379e-06 9.303758896106759e-06 2.738353488320891e-05 0.0032868176319981765 0.000558257742384637 0.0015880156506456805 9.37724930412659e-07 9.433260487345969e-07
77 9.35528318533579e-07 9.728922994785083e-07 9.330991370441288e-07 1.1010430848612632e-06 8.864548724237968e-07 0.06673247678266928 9.434327352152319e-07 0.4596655316795321 9.46252379717033e-07 0.049607309508353264 0.0003792446044088048 0.18068357243490824 8.989446816426847e-07 0.00011130813571564468 0.00013773665446066097 0.00011497530552329887 3.257540786473128e-05 0.002892371808444207 7.83877156804985e-06 0.0006915468016290619 1.101296982964824e-06 1.2847539498287094e-05 1.7192731735722379e-06 9.303758896106759e-06 2.738353488320891e-05 0.0032868176319981765 0.000558257742384637 0.0015880156506456805 9.37724930412659e-07 9.433260487345969e-07
78 9.35528318533579e-07 9.728922994785083e-07 9.330991370441288e-07 1.1010430848612632e-06 8.864548724237968e-07 0.06673247678266928 9.434327352152319e-07 0.4596655316795321 9.46252379717033e-07 0.049607309508353264 0.0003792446044088048 0.18068357243490824 8.989446816426847e-07 0.00011130813571564468 0.00013773665446066097 0.00011497530552329887 3.257540786473128e-05 0.002892371808444207 7.83877156804985e-06 0.0006915468016290619 1.101296982964824e-06 1.2847539498287094e-05 1.7192731735722379e-06 9.303758896106759e-06 2.738353488320891e-05 0.0032868176319981765 0.000558257742384637 0.0015880156506456805 9.37724930412659e-07 9.433260487345969e-07
79 9.35528318533579e-07 9.728922994785083e-07 9.330991370441288e-07 1.1010430848612632e-06 8.864548724237968e-07 0.06673247678266928 9.434327352152319e-07 0.4596655316795321 9.46252379717033e-07 0.049607309508353264 0.0003792446044088048 0.18068357243490824 8.989446816426847e-07 0.00011130813571564468 0.00013773665446066097 0.00011497530552329887 3.257540786473128e-05 0.002892371808444207 7.83877156804985e-06 0.0006915468016290619 1.101296982964824e-06 1.2847539498287094e-05 1.7192731735722379e-06 9.303758896106759e-06 2.738353488320891e-05 0.0032868176319981765 0.000558257742384637 0.0015880156506456805 9.37724930412659e-07 9.433260487345969e-07
80 9.35528318533579e-07 9.728922994785083e-07 9.330991370441288e-07 1.1010430848612632e-06 8.864548724237968e-07 0.06673247678266928 9.434327352152319e-07 0.4596655316795321 9.46252379717033e-07 0.049607309508353264 0.0003792446044088048 0.18068357243490824 8.989446816426847e-07 0.00011130813571564468 0.00013773665446066097 0.00011497530552329887 3.257540786473128e-05 0.002892371808444207 7.83877156804985e-06 0.0006915468016290619 1.101296982964824e-06 1.2847539498287094e-05 1.7192731735722379e-06 9.303758896106759e-06 2.738353488320891e-05 0.0032868176319981765 0.000558257742384637 0.0015880156506456805 9.37724930412659e-07 9.433260487345969e-07
81 9.35528318533579e-07 9.728922994785083e-07 9.330991370441288e-07 1.1010430848612632e-06 8.864548724237968e-07 0.06673247678266928 9.434327352152319e-07 0.4596655316795321 9.46252379717033e-07 0.049607309508353264 0.0003792446044088048 0.18068357243490824 8.989446816426847e-07 0.00011130813571564468 0.00013773665446066097 0.00011497530552329887 3.257540786473128e-05 0.002892371808444207 7.83877156804985e-06 0.0006915468016290619 1.101296982964824e-06 1.2847539498287094e-05 1.7192731735722379e-06 9.303758896106759e-06 2.738353488320891e-05 0.0032868176319981765 0.000558257742384637 0.0015880156506456805 9.37724930412659e-07 9.433260487345969e-07
82 9.35528318533579e-07 9.728922994785083e-07 9.330991370441288e-07 1.1010430848612632e-06 8.864548724237968e-07 0.06673247678266928 9.434327352152319e-07 0.4596655316795321 9.46252379717033e-07 0.049607309508353264 0.0003792446044088048 0.18068357243490824 8.989446816426847e-07 0.00011130813571564468 0.00013773665446066097 0.00011497530552329887 3.257540786473128e-05 0.002892371808444207 7.83877156804985e-06 0.0006915468016290619 1.101296982964824e-06 1.2847539498287094e-05 1.7192731735722379e-06 9.303758896106759e-06 2.738353488320891e-05 0.0032868176319981765 0.000558257742384637 0.0015880156506456805 9.37724930412659e-07 9.433260487345969e-07
83 9.35528318533579e-07 9.728922994785083e-07 9.330991370441288e-07 1.1010430848612632e-06 8.864548724237968e-07 0.06673247678266928 9.434327352152319e-07 0.4596655316795321 9.46252379717033e-07 0.049607309508353264 0.0003792446044088048 0.18068357243490824 8.989446816426847e-07 0.00011130813571564468 0.00013773665446066097 0.00011497530552329887 3.257540786473128e-05 0.002892371808444207 7.83877156804985e-06 0.0006915468016290619 1.101296982964824e-06 1.2847539498287094e-05 1.7192731735722379e-06 9.303758896106759e-06 2.738353488320891e-05 0.0032868176319981765 0.000558257742384637 0.0015880156506456805 9.37724930412659e-07 9.433260487345969e-07
84 9.35528318533579e-07 9.728922994785083e-07 9.330991370441288e-07 1.1010430848612632e-06 8.864548724237968e-07 0.06673247678266928 9.434327352152319e-07 0.4596655316795321 9.46252379717033e-07 0.049607309508353264 0.0003792446044088048 0.18068357243490824 8.989446816426847e-07 0.00011130813571564468 0.00013773665446066097 0.00011497530552329887 3.257540786473128e-05 0.002892371808444207 7.83877156804985e-06 0.0006915468016290619 1.101296982964824e-06 1.2847539498287094e-05 1.7192731735722379e-06 9.303758896106759e-06 2.738353488320891e-05 0.0032868176319981765 0.000558257742384637 0.0015880156506456805 9.37724930412659e-07 9.433260487345969e-07
85 9.35528318533579e-07 9.728922994785083e-07 9.330991370441288e-07 1.1010430848612632e-06 8.864548724237968e-07 0.06673247678266928 9.434327352152319e-07 0.4596655316795321 9.46252379717033e-07 0.049607309508353264 0.0003792446044088048 0.18068357243490824 8.989446816426847e-07 0.00011130813571564468 0.00013773665446066097 0.00011497530552329887 3.257540786473128e-05 0.002892371808444207 7.83877156804985e-06 0.0006915468016290619 1.101296982964824e-06 1.2847539498287094e-05 1.7192731735722379e-06 9.303758896106759e-06 2.738353488320891e-05 0.0032868176319981765 0.000558257742384637 0.0015880156506456805 9.37724930412659e-07 9.433260487345969e-07
86 9.35528318533579e-07 9.728922994785083e-07 9.330991370441288e-07 1.1010430848612632e-06 8.864548724237968e-07 0.06673247678266928 9.434327352152319e-07 0.4596655316795321 9.46252379717033e-07 0.049607309508353264 0.0003792446044088048 0.18068357243490824 8.989446816426847e-07 0.00011130813571564468 0.00013773665446066097 0.00011497530552329887 3.257540786473128e-05 0.002892371808444207 7.83877156804985e-06 0.0006915468016290619 1.101296982964824e-06 1.2847539498287094e-05 1.7192731735722379e-06 9.303758896106759e-06 2.738353488320891e-05 0.0032868176319981765 0.000558257742384637 0.0015880156506456805 9.37724930412659e-07 9.433260487345969e-07
87 9.35528318533579e-07 9.728922994785083e-07 9.330991370441288e-07 1.1010430848612632e-06 8.864548724237968e-07 0.06673247678266928 9.434327352152319e-07 0.4596655316795321 9.46252379717033e-07 0.049607309508353264 0.0003792446044088048 0.18068357243490824 8.989446816426847e-07 0.00011130813571564468 0.00013773665446066097 0.00011497530552329887 3.257540786473128e-05 0.002892371808444207 7.83877156804985e-06 0.0006915468016290619 1.101296982964824e-06 1.2847539498287094e-05 1.7192731735722379e-06 9.303758896106759e-06 2.738353488320891e-05 0.0032868176319981765 0.000558257742384637 0.0015880156506456805 9.37724930412659e-07 9.433260487345969e-07
88 9.35528318533579e-07 9.728922994785083e-07 9.330991370441288e-07 1.1010430848612632e-06 8.864548724237968e-07 0.06673247678266928 9.434327352152319e-07 0.4596655316795321 9.46252379717033e-07 0.049607309508353264 0.0003792446044088048 0.18068357243490824 8.989446816426847e-07 0.00011130813571564468 0.00013773665446066097 0.00011497530552329887 3.257540786473128e-05 0.002892371808444207 7.83877156804985e-06 0.0006915468016290619 1.101296982964824e-06 1.2847539498287094e-05 1.7192731735722379e-06 9.303758896106759e-06 2.738353488320891e-05 0.0032868176319981765 0.000558257742384637 0.0015880156506456805 9.37724930412659e-07 9.433260487345969e-07
89 9.35528318533579e-07 9.728922994785083e-07 9.330991370441288e-07 1.1010430848612632e-06 8.864548724237968e-07 0.06673247678266928 9.434327352152319e-07 0.4596655316795321 9.46252379717033e-07 0.049607309508353264 0.0003792446044088048 0.18068357243490824 8.989446816426847e-07 0.00011130813571564468 0.00013773665446066097 0.00011497530552329887 3.257540786473128e-05 0.002892371808444207 7.83877156804985e-06 0.0006915468016290619 1.101296982964824e-06 1.2847539498287094e-05 1.7192731735722379e-06 9.303758896106759e-06 2.738353488320891e-05 0.0032868176319981765 0.000558257742384637 0.0015880156506456805 9.37724930412659e-07 9.433260487345969e-07
90 9.35528318533579e-07 9.728922994785083e-07 9.330991370441288e-07 1.1010430848612632e-06 8.864548724237968e-07 0.06673247678266928 9.434327352152319e-07 0.4596655316795321 9.46252379717033e-07 0.049607309508353264 0.0003792446044088048 0.18068357243490824 8.989446816426847e-07 0.00011130813571564468 0.00013773665446066097 0.00011497530552329887 3.257540786473128e-05 0.002892371808444207 7.83877156804985e-06 0.0006915468016290619 1.101296982964824e-06 1.2847539498287094e-05 1.7192731735722379e-06 9.303758896106759e-06 2.738353488320891e-05 0.0032868176319981765 0.000558257742384637 0.0015880156506456805 9.37724930412659e-07 9.433260487345969e-07
91 9.35528318533579e-07 9.728922994785083e-07 9.330991370441288e-07 1.1010430848612632e-06 8.864548724237968e-07 0.06673247678266928 9.434327352152319e-07 0.4596655316795321 9.46252379717033e-07 0.049607309508353264 0.0003792446044088048 0.18068357243490824 8.989446816426847e-07 0.00011130813571564468 0.00013773665446066097 0.00011497530552329887 3.257540786473128e-05 0.002892371808444207 7.83877156804985e-06 0.0006915468016290619 1.101296982964824e-06 1.2847539498287094e-05 1.7192731735722379e-06 9.303758896106759e-06 2.738353488320891e-05 0.0032868176319981765 0.000558257742384637 0.0015880156506456805 9.37724930412659e-07 9.433260487345969e-07
92 9.35528318533579e-07 9.728922994785083e-07 9.330991370441288e-07 1.1010430848612632e-06 8.864548724237968e-07 0.06673247678266928 9.434327352152319e-07 0.4596655316795321 9.46252379717033e-07 0.049607309508353264 0.0003792446044088048 0.18068357243490824 8.989446816426847e-07 0.00011130813571564468 0.00013773665446066097 0.00011497530552329887 3.257540786473128e-05 0.002892371808444207 7.83877156804985e-06 0.0006915468016290619 1.101296982964824e-06 1.2847539498287094e-05 1.7192731735722379e-06 9.303758896106759e-06 2.738353488320891e-05 0.0032868176319981765 0.000558257742384637 0.0015880156506456805 9.37724930412659e-07 9.433260487345969e-07
93 9.35528318533579e-07 9.728922994785083e-07 9.330991370441288e-07 1.1010430848612632e-06 8.864548724237968e-07 0.06673247678266928 9.434327352152319e-07 0.4596655316795321 9.46252379717033e-07 0.049607309508353264 0.0003792446044088048 0.18068357243490824 8.989446816426847e-07 0.00011130813571564468 0.00013773665446066097 0.00011497530552329887 3.257540786473128e-05 0.002892371808444207 7.83877156804985e-06 0.0006915468016290619 1.101296982964824e-06 1.2847539498287094e-05 1.7192731735722379e-06 9.303758896106759e-06 2.738353488320891e-05 0.0032868176319981765 0.000558257742384637 0.0015880156506456805 9.37724930412659e-07 9.433260487345969e-07
94 9.35528318533579e-07 9.728922994785083e-07 9.330991370441288e-07 1.1010430848612632e-06 8.864548724237968e-07 0.06673247678266928 9.434327352152319e-07 0.4596655316795321 9.46252379717033e-07 0.049607309508353264 0.0003792446044088048 0.18068357243490824 8.989446816426847e-07 0.00011130813571564468 0.00013773665446066097 0.00011497530552329887 3.257540786473128e-05 0.002892371808444207 7.83877156804985e-06 0.0006915468016290619 1.101296982964824e-06 1.2847539498287094e-05 1.7192731735722379e-06 9.303758896106759e-06 2.738353488320891e-05 0.0032868176319981765 0.000558257742384637 0.0015880156506456805 9.37724930412659e-07 9.433260487345969e-07
95 9.35528318533579e-07 9.728922994785083e-07 9.330991370441288e-07 1.1010430848612632e-06 8.864548724237968e-07 0.06673247678266928 9.434327352152319e-07 0.4596655316795321 9.46252379717033e-07 0.049607309508353264 0.0003792446044088048 0.18068357243490824 8.989446816426847e-07 0.00011130813571564468 0.00013773665446066097 0.00011497530552329887 3.257540786473128e-05 0.002892371808444207 7.83877156804985e-06 0.0006915468016290619 1.101296982964824e-06 1.2847539498287094e-05 1.7192731735722379e-06 9.303758896106759e-06 2.738353488320891e-05 0.0032868176319981765 0.000558257742384637 0.0015880156506456805 9.37724930412659e-07 9.433260487345969e-07
96 9.35528318533579e-07 9.728922994785083e-07 9.330991370441288e-07 1.1010430848612632e-06 8.864548724237968e-07 0.06673247678266928 9.434327352152319e-07 0.4596655316795321 9.46252379717033e-07 0.049607309508353264 0.0003792446044088048 0.18068357243490824 8.989446816426847e-07 0.00011130813571564468 0.00013773665446066097 0.00011497530552329887 3.257540786473128e-05 0.002892371808444207 7.83877156804985e-06 0.0006915468016290619 1.101296982964824e-06 1.2847539498287094e-05 1.7192731735722379e-06 9.303758896106759e-06 2.738353488320891e-05 0.0032868176319981765 0.000558257742384637 0.0015880156506456805 9.37724930412659e-07 9.433260487345969e-07
97 9.35528318533579e-07 9.728922994785083e-07 9.330991370441288e-07 1.1010430848612632e-06 8.864548724237968e-07 0.06673247678266928 9.434327352152319e-07 0.4596655316795321 9.46252379717033e-07 0.049607309508353264 0.0003792446044088048 0.18068357243490824 8.989446816426847e-07 0.00011130813571564468 0.00013773665446066097 0.00011497530552329887 3.257540786473128e-05 0.002892371808444207 7.83877156804985e-06 0.0006915468016290619 1.101296982964824e-06 1.2847539498287094e-05 1.7192731735722379e-06 9.303758896106759e-06 2.738353488320891e-05 0.0032868176319981765 0.000558257742384637 0.0015880156506456805 9.37724930412659e-07 9.433260487345969e-07
98 9.35528318533579e-07 9.728922994785083e-07 9.330991370441288e-07 1.1010430848612632e-06 8.864548724237968e-07 0.06673247678266928 9.434327352152319e-07 0.4596655316795321 9.46252379717033e-07 0.049607309508353264 0.0003792446044088048 0.18068357243490824 8.989446816426847e-07 0.00011130813571564468 0.00013773665446066097 0.00011497530552329887 3.257540786473128e-05 0.002892371808444207 7.83877156804985e-06 0.0006915468016290619 1.101296982964824e-06 1.2847539498287094e-05 1.7192731735722379e-06 9.303758896106759e-06 2.738353488320891e-05 0.0032868176319981765 0.000558257742384637 0.0015880156506456805 9.37724930412659e-07 9.433260487345969e-07
99 9.35528318533579e-07 9.728922994785083e-07 9.330991370441288e-07 1.1010430848612632e-06 8.864548724237968e-07 0.06673247678266928 9.434327352152319e-07 0.4596655316795321 9.46252379717033e-07 0.049607309508353264 0.0003792446044088048 0.18068357243490824 8.989446816426847e-07 0.00011130813571564468 0.00013773665446066097 0.00011497530552329887 3.257540786473128e-05 0.002892371808444207 7.83877156804985e-06 0.0006915468016290619 1.101296982964824e-06 1.2847539498287094e-05 1.7192731735722379e-06 9.303758896106759e-06 2.738353488320891e-05 0.0032868176319981765 0.000558257742384637 0.0015880156506456805 9.37724930412659e-07 9.433260487345969e-07
100 9.35528318533579e-07 9.728922994785083e-07 9.330991370441288e-07 1.1010430848612632e-06 8.864548724237968e-07 0.06673247678266928 9.434327352152319e-07 0.4596655316795321 9.46252379717033e-07 0.049607309508353264 0.0003792446044088048 0.18068357243490824 8.989446816426847e-07 0.00011130813571564468 0.00013773665446066097 0.00011497530552329887 3.257540786473128e-05 0.002892371808444207 7.83877156804985e-06 0.0006915468016290619 1.101296982964824e-06 1.2847539498287094e-05 1.7192731735722379e-06 9.303758896106759e-06 2.738353488320891e-05 0.0032868176319981765 0.000558257742384637 0.0015880156506456805 9.37724930412659e-07 9.433260487345969e-07
101 9.35528318533579e-07 9.728922994785083e-07 9.330991370441288e-07 1.1010430848612632e-06 8.864548724237968e-07 0.06673247678266928 9.434327352152319e-07 0.4596655316795321 9.46252379717033e-07 0.049607309508353264 0.0003792446044088048 0.18068357243490824 8.989446816426847e-07 0.00011130813571564468 0.00013773665446066097 0.00011497530552329887 3.257540786473128e-05 0.002892371808444207 7.83877156804985e-06 0.0006915468016290619 1.101296982964824e-06 1.2847539498287094e-05 1.7192731735722379e-06 9.303758896106759e-06 2.738353488320891e-05 0.0032868176319981765 0.000558257742384637 0.0015880156506456805 9.37724930412659e-07 9.433260487345969e-07
102 9.35528318533579e-07 9.728922994785083e-07 9.330991370441288e-07 1.1010430848612632e-06 8.864548724237968e-07 0.06673247678266928 9.434327352152319e-07 0.4596655316795321 9.46252379717033e-07 0.049607309508353264 0.0003792446044088048 0.18068357243490824 8.989446816426847e-07 0.00011130813571564468 0.00013773665446066097 0.00011497530552329887 3.257540786473128e-05 0.002892371808444207 7.83877156804985e-06 0.0006915468016290619 1.101296982964824e-06 1.2847539498287094e-05 1.7192731735722379e-06 9.303758896106759e-06 2.738353488320891e-05 0.0032868176319981765 0.000558257742384637 0.0015880156506456805 9.37724930412659e-07 9.433260487345969e-07
103 9.35528318533579e-07 9.728922994785083e-07 9.330991370441288e-07 1.1010430848612632e-06 8.864548724237968e-07 0.06673247678266928 9.434327352152319e-07 0.4596655316795321 9.46252379717033e-07 0.049607309508353264 0.0003792446044088048 0.18068357243490824 8.989446816426847e-07 0.00011130813571564468 0.00013773665446066097 0.00011497530552329887 3.257540786473128e-05 0.002892371808444207 7.83877156804985e-06 0.0006915468016290619 1.101296982964824e-06 1.2847539498287094e-05 1.7192731735722379e-06 9.303758896106759e-06 2.738353488320891e-05 0.0032868176319981765 0.000558257742384637 0.0015880156506456805 9.37724930412659e-07 9.433260487345969e-07
104 9.35528318533579e-07 9.728922994785083e-07 9.330991370441288e-07 1.1010430848612632e-06 8.864548724237968e-07 0.06673247678266928 9.434327352152319e-07 0.4596655316795321 9.46252379717033e-07 0.049607309508353264 0.0003792446044088048 0.18068357243490824 8.989446816426847e-07 0.00011130813571564468 0.00013773665446066097 0.00011497530552329887 3.257540786473128e-05 0.002892371808444207 7.83877156804985e-06 0.0006915468016290619 1.101296982964824e-06 1.2847539498287094e-05 1.7192731735722379e-06 9.303758896106759e-06 2.738353488320891e-05 0.0032868176319981765 0.000558257742384637 0.0015880156506456805 9.37724930412659e-07 9.433260487345969e-07
105 9.35528318533579e-07 9.728922994785083e-07 9.330991370441288e-07 1.1010430848612632e-06 8.864548724237968e-07 0.06673247678266928 9.434327352152319e-07 0.4596655316795321 9.46252379717033e-07 0.049607309508353264 0.0003792446044088048 0.18068357243490824 8.989446816426847e-07 0.00011130813571564468 0.00013773665446066097 0.00011497530552329887 3.257540786473128e-05 0.002892371808444207 7.83877156804985e-06 0.0006915468016290619 1.101296982964824e-06 1.2847539498287094e-05 1.7192731735722379e-06 9.303758896106759e-06 2.738353488320891e-05 0.0032868176319981765 0.000558257742384637 0.0015880156506456805 9.37724930412659e-07 9.433260487345969e-07
106 9.35528318533579e-07 9.728922994785083e-07 9.330991370441288e-07 1.1010430848612632e-06 8.864548724237968e-07 0.06673247678266928 9.434327352152319e-07 0.4596655316795321 9.46252379717033e-07 0.049607309508353264 0.0003792446044088048 0.18068357243490824 8.989446816426847e-07 0.00011130813571564468 0.00013773665446066097 0.00011497530552329887 3.257540786473128e-05 0.002892371808444207 7.83877156804985e-06 0.0006915468016290619 1.101296982964824e-06 1.2847539498287094e-05 1.7192731735722379e-06 9.303758896106759e-06 2.738353488320891e-05 0.0032868176319981765 0.000558257742384637 0.0015880156506456805 9.37724930412659e-07 9.433260487345969e-07
107 9.35528318533579e-07 9.728922994785083e-07 9.330991370441288e-07 1.1010430848612632e-06 8.864548724237968e-07 0.06673247678266928 9.434327352152319e-07 0.4596655316795321 9.46252379717033e-07 0.049607309508353264 0.0003792446044088048 0.18068357243490824 8.989446816426847e-07 0.00011130813571564468 0.00013773665446066097 0.00011497530552329887 3.257540786473128e-05 0.002892371808444207 7.83877156804985e-06 0.0006915468016290619 1.101296982964824e-06 1.2847539498287094e-05 1.7192731735722379e-06 9.303758896106759e-06 2.738353488320891e-05 0.0032868176319981765 0.000558257742384637 0.0015880156506456805 9.37724930412659e-07 9.433260487345969e-07
108 9.35528318533579e-07 9.728922994785083e-07 9.330991370441288e-07 1.1010430848612632e-06 8.864548724237968e-07 0.06673247678266928 9.434327352152319e-07 0.4596655316795321 9.46252379717033e-07 0.049607309508353264 0.0003792446044088048 0.18068357243490824 8.989446816426847e-07 0.00011130813571564468 0.00013773665446066097 0.00011497530552329887 3.257540786473128e-05 0.002892371808444207 7.83877156804985e-06 0.0006915468016290619 1.101296982964824e-06 1.2847539498287094e-05 1.7192731735722379e-06 9.303758896106759e-06 2.738353488320891e-05 0.0032868176319981765 0.000558257742384637 0.0015880156506456805 9.37724930412659e-07 9.433260487345969e-07
