# index Z=1 - Z=30
0 4.5324295496925067e-07 0.006684592096344048 3.907984213994838e-07 4.6084932949927187e-07 3.780377349947963e-07 1.019444820655703e-06 3.786953615143712e-07 0.0024504655962863803 4.574203834388361e-07 4.45673057556959e-07 4.219002748921031e-07 4.415781852418931e-05 4.451175247950062e-07 0.008697032820672633 1.1161861895737799e-06 4.402971752209813e-05 5.697669453987562e-07 0.004699789114710299 5.909940115858458e-07 0.008460574884020786 3.9703194812392185e-07 7.510642816982456e-05 0.0001769610138520328 1.1633133614965233e-05 0.003757800910551575 0.13714322815040092 0.10338296901849119 0.4841353257152511 3.7866708873749927e-07 4.2361817283311897e-07
1 4.5324295496925067e-07 0.006684592096344048 3.907984213994838e-07 4.6084932949927187e-07 3.780377349947963e-07 1.019444820655703e-06 3.786953615143712e-07 0.0024504655962863803 4.574203834388361e-07 4.45673057556959e-07 4.219002748921031e-07 4.415781852418931e-05 4.451175247950062e-07 0.008697032820672633 1.1161861895737799e-06 4.402971752209813e-05 5.697669453987562e-07 0.004699789114710299 5.909940115858458e-07 0.008460574884020786 3.9703194812392185e-07 7.510642816982456e-05 0.0001769610138520328 1.1633133614965233e-05 0.003757800910551575 0.13714322815040092 0.10338296901849119 0.4841353257152511 3.7866708873749927e-07 4.2361817283311897e-07
2 4.5324295496925067e-07 0.006684592096344048 3.907984213994838e-07 4.6084932949927187e-07 3.780377349947963e-07 1.019444820655703e-06 3.786953615143712e-07 0.0024504655962863803 4.574203834388361e-07 4.45673057556959e-07 4.219002748921031e-07 4.415781852418931e-05 4.451175247950062e-07 0.008697032820672633 1.1161861895737799e-06 4.402971752209813e-05 5.697669453987562e-07 0.004699789114710299 5.909940115858458e-07 0.008460574884020786 3.9703194812392185e-07 7.510642816982456e-05 0.0001769610138520328 1.1633133614965233e-05 0.003757800910551575 0.13714322815040092 0.10338296901849119 0.4841353257152511 3.7866708873749927e-07 4.2361817283311897e-07
3 4.5324295496925067e-07 0.006684592096344048 3.907984213994838e-07 4.6084932949927187e-07 3.780377349947963e-07 1.019444820655703e-06 3.786953615143712e-07 0.0024504655962863803 4.574203834388361e-07 4.45673057556959e-07 4.219002748921031e-07 4.415781852418931e-05 4.451175247950062e-07 0.008697032820672633 1.1161861895737799e-06 4.402971752209813e-05 5.697669453987562e-07 0.004699789114710299 5.909940115858458e-07 0.008460574884020786 3.9703194812392185e-07 7.510642816982456e-05 0.0001769610138520328 1.1633133614965233e-05 0.003757800910551575 0.13714322815040092 0.10338296901849119 0.4841353257152511 3.7866708873749927e-07 4.2361817283311897e-07
4 4.5324295496925067e-07 0.006684592096344048 3.907984213994838e-07 4.6084932949927187e-07 3.780377349947963e-07 1.019444820655703e-06 3.786953615143712e-07 0.0024504655962863803 4.574203834388361e-07 4.45673057556959e-07 4.219002748921031e-07 4.415781852418931e-05 4.451175247950062e-07 0.008697032820672633 1.1161861895737799e-06 4.402971752209813e-05 5.697669453987562e-07 0.004699789114710299 5.909940115858458e-07 0.008460574884020786 3.9703194812392185e-07 7.510642816982456e-05 0.0001769610138520328 1.1633133614965233e-05 0.003757800910551575 0.13714322815040092 0.10338296901849119 0.4841353257152511 3.7866708873749927e-07 4.2361817283311897e-07
5 4.5324295496925067e-07 0.006684592096344048 3.907984213994838e-07 4.6084932949927187e-07 3.780377349947963e-07 1.019444820655703e-06 3.786953615143712e-07 0.0024504655962863803 4.574203834388361e-07 4.45673057556959e-07 4.219002748921031e-07 4.415781852418931e-05 4.451175247950062e-07 0.008697032820672633 1.1161861895737799e-06 4.402971752209813e-05 5.697669453987562e-07 0.004699789114710299 5.909940115858458e-07 0.008460574884020786 3.9703194812392185e-07 7.510642816982456e-05 0.0001769610138520328 1.1633133614965233e-05 0.003757800910551575 0.13714322815040092 0.10338296901849119 0.4841353257152511 3.7866708873749927e-07 4.2361817283311897e-07
6 4.5324295496925067e-07 0.006684592096344048 3.907984213994838e-07 4.6084932949927187e-07 3.780377349947963e-07 1.019444820655703e-06 3.786953615143712e-07 0.0024504655962863803 4.574203834388361e-07 4.45673057556959e-07 4.219002748921031e-07 4.415781852418931e-05 4.451175247950062e-07 0.008697032820672633 1.1161861895737799e-06 4.402971752209813e-05 5.697669453987562e-07 0.004699789114710299 5.909940115858458e-07 0.008460574884020786 3.9703194812392185e-07 7.510642816982456e-05 0.0001769610138520328 1.1633133614965233e-05 0.003757800910551575 0.13714322815040092 0.10338296901849119 0.4841353257152511 3.7866708873749927e-07 4.2361817283311897e-07
7 4.5324295496925067e-07 0.006684592096344048 3.907984213994838e-07 4.6084932949927187e-07 3.780377349947963e-07 1.019444820655703e-06 3.786953615143712e-07 0.0024504655962863803 4.574203834388361e-07 4.45673057556959e-07 4.219002748921031e-07 4.415781852418931e-05 4.451175247950062e-07 0.008697032820672633 1.1161861895737799e-06 4.402971752209813e-05 5.697669453987562e-07 0.004699789114710299 5.909940115858458e-07 0.008460574884020786 3.9703194812392185e-07 7.510642816982456e-05 0.0001769610138520328 1.1633133614965233e-05 0.003757800910551575 0.13714322815040092 0.10338296901849119 0.4841353257152511 3.7866708873749927e-07 4.2361817283311897e-07
8 4.5324295496925067e-07 0.006684592096344048 3.907984213994838e-07 4.6084932949927187e-07 3.780377349947963e-07 1.019444820655703e-06 3.786953615143712e-07 0.0024504655962863803 4.574203834388361e-07 4.45673057556959e-07 4.219002748921031e-07 4.415781852418931e-05 4.451175247950062e-07 0.008697032820672633 1.1161861895737799e-06 4.402971752209813e-05 5.697669453987562e-07 0.004699789114710299 5.909940115858458e-07 0.008460574884020786 3.9703194812392185e-07 7.510642816982456e-05 0.0001769610138520328 1.1633133614965233e-05 0.003757800910551575 0.13714322815040092 0.10338296901849119 0.4841353257152511 3.7866708873749927e-07 4.2361817283311897e-07
9 4.5324295496925067e-07 0.006684592096344048 3.907984213994838e-07 4.6084932949927187e-07 3.780377349947963e-07 1.019444820655703e-06 3.786953615143712e-07 0.0024504655962863803 4.574203834388361e-07 4.45673057556959e-07 4.219002748921031e-07 4.415781852418931e-05 4.451175247950062e-07 0.008697032820672633 1.1161861895737799e-06 4.402971752209813e-05 5.697669453987562e-07 0.004699789114710299 5.909940115858458e-07 0.008460574884020786 3.9703194812392185e-07 7.510642816982456e-05 0.0001769610138520328 1.1633133614965233e-05 0.003757800910551575 0.13714322815040092 0.10338296901849119 0.4841353257152511 3.7866708873749927e-07 4.2361817283311897e-07
10 4.5324295496925067e-07 0.006684592096344048 3.907984213994838e-07 4.6084932949927187e-07 3.780377349947963e-07 1.019444820655703e-06 3.786953615143712e-07 0.0024504655962863803 4.574203834388361e-07 4.45673057556959e-07 4.219002748921031e-07 4.415781852418931e-05 4.451175247950062e-07 0.008697032820672633 1.1161861895737799e-06 4.402971752209813e-05 5.697669453987562e-07 0.004699789114710299 5.909940115858458e-07 0.008460574884020786 3.9703194812392185e-07 7.510642816982456e-05 0.0001769610138520328 1.1633133614965233e-05 0.003757800910551575 0.13714322815040092 0.10338296901849119 0.4841353257152511 3.7866708873749927e-07 4.2361817283311897e-07
11 4.5324295496925067e-07 0.006684592096344048 3.907984213994838e-07 4.6084932949927187e-07 3.780377349947963e-07 1.019444820655703e-06 3.786953615143712e-07 0.0024504655962863803 4.574203834388361e-07 4.45673057556959e-07 4.219002748921031e-07 4.415781852418931e-05 4.451175247950062e-07 0.008697032820672633 1.1161861895737799e-06 4.402971752209813e-05 5.697669453987562e-07 0.004699789114710299 5.909940115858458e-07 0.008460574884020786 3.9703194812392185e-07 7.510642816982456e-05 0.0001769610138520328 1.1633133614965233e-05 0.003757800910551575 0.13714322815040092 0.10338296901849119 0.4841353257152511 3.7866708873749927e-07 4.2361817283311897e-07
12 9.744006907529478e-07 0.004440499754977478 1.0499433030065778e-06 1.0661883642923701e-06 9.403550775725191e-07 2.074815139372925e-06 9.794247815619368e-07 0.0053606391726005705 1.0491044044450941e-06 1.0526905401166899e-06 1.0221290904161668e-06 0.0024343702554447343 1.0012612506442855e-06 0.02677369966563151 6.949541274436414e-06 0.0008714859910443227 2.4708620076831624e-06 0.014687534999959572 1.7458954084006882e-06 0.041409762740462354 8.947302163249262e-07 0.00015794742650070975 0.0011405369401210803 2.807944868189435e-05 0.0759486998701121 0.4230240275408564 0.1406989745438872 0.12980470338534178 1.0576664680102912e-06 1.0172723238870005e-06
13 9.744006907529478e-07 0.004440499754977478 1.0499433030065778e-06 1.0661883642923701e-06 9.403550775725191e-07 2.074815139372925e-06 9.794247815619368e-07 0.0053606391726005705 1.0491044044450941e-06 1.0526905401166899e-06 1.0221290904161668e-06 0.0024343702554447343 1.0012612506442855e-06 0.02677369966563151 6.949541274436414e-06 0.0008714859910443227 2.4708620076831624e-06 0.014687534999959572 1.7458954084006882e-06 0.041409762740462354 8.947302163249262e-07 0.00015794742650070975 0.0011405369401210803 2.807944868189435e-05 0.0759486998701121 0.4230240275408564 0.1406989745438872 0.12980470338534178 1.0576664680102912e-06 1.0172723238870005e-06
14 9.744006907529478e-07 0.004440499754977478 1.0499433030065778e-06 1.0661883642923701e-06 9.403550775725191e-07 2.074815139372925e-06 9.794247815619368e-07 0.0053606391726005705 1.0491044044450941e-06 1.0526905401166899e-06 1.0221290904161668e-06 0.0024343702554447343 1.0012612506442855e-06 0.02677369966563151 6.949541274436414e-06 0.0008714859910443227 2.4708620076831624e-06 0.014687534999959572 1.7458954084006882e-06 0.041409762740462354 8.947302163249262e-07 0.00015794742650070975 0.0011405369401210803 2.807944868189435e-05 0.0759486998701121 0.4230240275408564 0.1406989745438872 0.12980470338534178 1.0576664680102912e-06 1.0172723238870005e-06
15 9.744006907529478e-07 0.004440499754977478 1.0499433030065778e-06 1.0661883642923701e-06 9.403550775725191e-07 2.074815139372925e-06 9.794247815619368e-07 0.0053606391726005705 1.0491044044450941e-06 1.0526905401166899e-06 1.0221290904161668e-06 0.0024343702554447343 1.0012612506442855e-06 0.02677369966563151 6.949541274436414e-06 0.0008714859910443227 2.4708620076831624e-06 0.014687534999959572 1.7458954084006882e-06 0.041409762740462354 8.947302163249262e-07 0.00015794742650070975 0.0011405369401210803 2.807944868189435e-05 0.0759486998701121 0.4230240275408564 0.1406989745438872 0.12980470338534178 1.0576664680102912e-06 1.0172723238870005e-06
16 9.744006907529478e-07 0.004440499754977478 1.0499433030065778e-06 1.0661883642923701e-06 9.403550775725191e-07 2.074815139372925e-06 9.794247815619368e-07 0.0053606391726005705 1.0491044044450941e-06 1.0526905401166899e-06 1.0221290904161668e-06 0.0024343702554447343 1.0012612506442855e-06 0.02677369966563151 6.949541274436414e-06 0.0008714859910443227 2.4708620076831624e-06 0.014687534999959572 1.7458954084006882e-06 0.041409762740462354 8.947302163249262e-07 0.00015794742650070975 0.0011405369401210803 2.807944868189435e-05 0.0759486998701121 0.4230240275408564 0.1406989745438872 0.12980470338534178 1.0576664680102912e-06 1.0172723238870005e-06
17 9.744006907529478e-07 0.004440499754977478 1.0499433030065778e-06 1.0661883642923701e-06 9.403550775725191e-07 2.074815139372925e-06 9.794247815619368e-07 0.0053606391726005705 1.0491044044450941e-06 1.0526905401166899e-06 1.0221290904161668e-06 0.0024343702554447343 1.0012612506442855e-06 0.02677369966563151 6.949541274436414e-06 0.0008714859910443227 2.4708620076831624e-06 0.014687534999959572 1.7458954084006882e-06 0.041409762740462354 8.947302163249262e-07 0.00015794742650070975 0.0011405369401210803 2.807944868189435e-05 0.0759486998701121 0.4230240275408564 0.1406989745438872 0.12980470338534178 1.0576664680102912e-06 1.0172723238870005e-06
18 9.744006907529478e-07 0.004440499754977478 1.0499433030065778e-06 1.0661883642923701e-06 9.403550775725191e-07 2.074815139372925e-06 9.794247815619368e-07 0.0053606391726005705 1.0491044044450941e-06 1.0526905401166899e-06 1.0221290904161668e-06 0.0024343702554447343 1.0012612506442855e-06 0.02677369966563151 6.949541274436414e-06 0.0008714859910443227 2.4708620076831624e-06 0.014687534999959572 1.7458954084006882e-06 0.041409762740462354 8.947302163249262e-07 0.00015794742650070975 0.0011405369401210803 2.807944868189435e-05 0.0759486998701121 0.4230240275408564 0.1406989745438872 0.12980470338534178 1.0576664680102912e-06 1.0172723238870005e-06
19 9.744006907529478e-07 0.004440499754977478 1.0499433030065778e-06 1.0661883642923701e-06 9.403550775725191e-07 2.074815139372925e-06 9.794247815619368e-07 0.0053606391726005705 1.0491044044450941e-06 1.0526905401166899e-06 1.0221290904161668e-06 0.0024343702554447343 1.0012612506442855e-06 0.02677369966563151 6.949541274436414e-06 0.0008714859910443227 2.4708620076831624e-06 0.014687534999959572 1.7458954084006882e-06 0.041409762740462354 8.947302163249262e-07 0.00015794742650070975 0.0011405369401210803 2.807944868189435e-05 0.0759486998701121 0.4230240275408564 0.1406989745438872 0.12980470338534178 1.0576664680102912e-06 1.0172723238870005e-06
20 9.744006907529478e-07 0.004440499754977478 1.0499433030065778e-06 1.0661883642923701e-06 9.403550775725191e-07 2.074815139372925e-06 9.794247815619368e-07 0.0053606391726005705 1.0491044044450941e-06 1.0526905401166899e-06 1.0221290904161668e-06 0.0024343702554447343 1.0012612506442855e-06 0.02677369966563151 6.949541274436414e-06 0.0008714859910443227 2.4708620076831624e-06 0.014687534999959572 1.7458954084006882e-06 0.041409762740462354 8.947302163249262e-07 0.00015794742650070975 0.0011405369401210803 2.807944868189435e-05 0.0759486998701121 0.4230240275408564 0.1406989745438872 0.12980470338534178 1.0576664680102912e-06 1.0172723238870005e-06
21 9.744006907529478e-07 0.004440499754977478 1.0499433030065778e-06 1.0661883642923701e-06 9.403550775725191e-07 2.074815139372925e-06 9.794247815619368e-07 0.0053606391726005705 1.0491044044450941e-06 1.0526905401166899e-06 1.0221290904161668e-06 0.0024343702554447343 1.0012612506442855e-06 0.02677369966563151 6.949541274436414e-06 0.0008714859910443227 2.4708620076831624e-06 0.014687534999959572 1.7458954084006882e-06 0.041409762740462354 8.947302163249262e-07 0.00015794742650070975 0.0011405369401210803 2.807944868189435e-05 0.0759486998701121 0.4230240275408564 0.1406989745438872 0.12980470338534178 1.0576664680102912e-06 1.0172723238870005e-06
22 6.780796460173624e-07 5.941077571749052e-07 6.640682187243543e-07 5.822781853458636e-07 5.813282965000382e-07 1.594908971069654e-06 6.124212438061275e-07 0.003324774022752809 6.50373449663374e-07 5.832968681630726e-07 6.133923046479296e-07 0.1923976285243935 7.046126867766883e-07 0.3995124460618888 8.90669474079314e-06 0.06230537354275019 1.5484155484656074e-06 0.028635704251090383 1.2197352190497252e-06 0.08248643823943896 5.945756443224803e-07 0.00010778526525381736 0.0005214940929479363 4.87375649268567e-05 0.0068310533416008744 0.09378822123608495 0.03094030921003869 0.010386483246749489 6.227953751767516e-07 6.120246486740725e-07
23 6.780796460173624e-07 5.941077571749052e-07 6.640682187243543e-07 5.822781853458636e-07 5.813282965000382e-07 1.594908971069654e-06 6.124212438061275e-07 0.003324774022752809 6.50373449663374e-07 5.832968681630726e-07 6.133923046479296e-07 0.1923976285243935 7.046126867766883e-07 0.3995124460618888 8.90669474079314e-06 0.06230537354275019 1.5484155484656074e-06 0.028635704251090383 1.2197352190497252e-06 0.08248643823943896 5.945756443224803e-07 0.00010778526525381736 0.0005214940929479363 4.87375649268567e-05 0.0068310533416008744 0.09378822123608495 0.03094030921003869 0.010386483246749489 6.227953751767516e-07 6.120246486740725e-07
24 6.780796460173624e-07 5.941077571749052e-07 6.640682187243543e-07 5.822781853458636e-07 5.813282965000382e-07 1.594908971069654e-06 6.124212438061275e-07 0.003324774022752809 6.50373449663374e-07 5.832968681630726e-07 6.133923046479296e-07 0.1923976285243935 7.046126867766883e-07 0.3995124460618888 8.90669474079314e-06 0.06230537354275019 1.5484155484656074e-06 0.028635704251090383 1.2197352190497252e-06 0.08248643823943896 5.945756443224803e-07 0.00010778526525381736 0.0005214940929479363 4.87375649268567e-05 0.0068310533416008744 0.09378822123608495 0.03094030921003869 0.010386483246749489 6.227953751767516e-07 6.120246486740725e-07
25 6.780796460173624e-07 5.941077571749052e-07 6.640682187243543e-07 5.822781853458636e-07 5.813282965000382e-07 1.594908971069654e-06 6.124212438061275e-07 0.003324774022752809 6.50373449663374e-07 5.832968681630726e-07 6.133923046479296e-07 0.1923976285243935 7.046126867766883e-07 0.3995124460618888 8.90669474079314e-06 0.06230537354275019 1.5484155484656074e-06 0.028635704251090383 1.2197352190497252e-06 0.08248643823943896 5.945756443224803e-07 0.00010778526525381736 0.0005214940929479363 4.87375649268567e-05 0.0068310533416008744 0.09378822123608495 0.03094030921003869 0.010386483246749489 6.227953751767516e-07 6.120246486740725e-07
26 6.780796460173624e-07 5.941077571749052e-07 6.640682187243543e-07 5.822781853458636e-07 5.813282965000382e-07 1.594908971069654e-06 6.124212438061275e-07 0.003324774022752809 6.50373449663374e-07 5.832968681630726e-07 6.133923046479296e-07 0.1923976285243935 7.046126867766883e-07 0.3995124460618888 8.90669474079314e-06 0.06230537354275019 1.5484155484656074e-06 0.028635704251090383 1.2197352190497252e-06 0.08248643823943896 5.945756443224803e-07 0.00010778526525381736 0.0005214940929479363 4.87375649268567e-05 0.0068310533416008744 0.09378822123608495 0.03094030921003869 0.010386483246749489 6.227953751767516e-07 6.120246486740725e-07
27 6.780796460173624e-07 5.941077571749052e-07 6.640682187243543e-07 5.822781853458636e-07 5.813282965000382e-07 1.594908971069654e-06 6.124212438061275e-07 0.003324774022752809 6.50373449663374e-07 5.832968681630726e-07 6.133923046479296e-07 0.1923976285243935 7.046126867766883e-07 0.3995124460618888 8.90669474079314e-06 0.06230537354275019 1.5484155484656074e-06 0.028635704251090383 1.2197352190497252e-06 0.08248643823943896 5.945756443224803e-07 0.00010778526525381736 0.0005214940929479363 4.87375649268567e-05 0.0068310533416008744 0.09378822123608495 0.03094030921003869 0.010386483246749489 6.227953751767516e-07 6.120246486740725e-07
28 6.780796460173624e-07 5.941077571749052e-07 6.640682187243543e-07 5.822781853458636e-07 5.813282965000382e-07 1.594908971069654e-06 6.124212438061275e-07 0.003324774022752809 6.50373449663374e-07 5.832968681630726e-07 6.133923046479296e-07 0.1923976285243935 7.046126867766883e-07 0.3995124460618888 8.90669474079314e-06 0.06230537354275019 1.5484155484656074e-06 0.028635704251090383 1.2197352190497252e-06 0.08248643823943896 5.945756443224803e-07 0.00010778526525381736 0.0005214940929479363 4.87375649268567e-05 0.0068310533416008744 0.09378822123608495 0.03094030921003869 0.010386483246749489 6.227953751767516e-07 6.120246486740725e-07
29 6.780796460173624e-07 5.941077571749052e-07 6.640682187243543e-07 5.822781853458636e-07 5.813282965000382e-07 1.594908971069654e-06 6.124212438061275e-07 0.003324774022752809 6.50373449663374e-07 5.832968681630726e-07 6.133923046479296e-07 0.1923976285243935 7.046126867766883e-07 0.3995124460618888 8.90669474079314e-06 0.06230537354275019 1.5484155484656074e-06 0.028635704251090383 1.2197352190497252e-06 0.08248643823943896 5.945756443224803e-07 0.00010778526525381736 0.0005214940929479363 4.87375649268567e-05 0.0068310533416008744 0.09378822123608495 0.03094030921003869 0.010386483246749489 6.227953751767516e-07 6.120246486740725e-07
30 6.780796460173624e-07 5.941077571749052e-07 6.640682187243543e-07 5.822781853458636e-07 5.813282965000382e-07 1.594908971069654e-06 6.124212438061275e-07 0.003324774022752809 6.50373449663374e-07 5.832968681630726e-07 6.133923046479296e-07 0.1923976285243935 7.046126867766883e-07 0.3995124460618888 8.90669474079314e-06 0.06230537354275019 1.5484155484656074e-06 0.028635704251090383 1.2197352190497252e-06 0.08248643823943896 5.945756443224803e-07 0.00010778526525381736 0.0005214940929479363 4.87375649268567e-05 0.0068310533416008744 0.09378822123608495 0.03094030921003869 0.010386483246749489 6.227953751767516e-07 6.120246486740725e-07
31 6.780796460173624e-07 5.941077571749052e-07 6.640682187243543e-07 5.822781853458636e-07 5.813282965000382e-07 1.594908971069654e-06 6.124212438061275e-07 0.003324774022752809 6.50373449663374e-07 5.832968681630726e-07 6.133923046479296e-07 0.1923976285243935 7.046126867766883e-07 0.3995124460618888 8.90669474079314e-06 0.06230537354275019 1.5484155484656074e-06 0.028635704251090383 1.2197352190497252e-06 0.08248643823943896 5.945756443224803e-07 0.00010778526525381736 0.0005214940929479363 4.87375649268567e-05 0.0068310533416008744 0.09378822123608495 0.03094030921003869 0.010386483246749489 6.227953751767516e-07 6.120246486740725e-07
32 3.1019231289358717e-07 3.513354784133471e-07 3.3345075998453065e-07 2.4956704281048093e-07 3.510262417645821e-07 7.871320428380454e-06 2.8696945589402053e-07 0.49558990411997433 3.4365850023645243e-07 1.1538491855648768e-06 3.368249921393656e-07 0.019695962456470373 3.346519448469224e-07 0.2629470063996492 3.4939128881712335e-05 4.931281394586394e-05 1.9376733203390684e-05 0.014784182034757246 2.060750443915587e-05 0.007590901731811828 3.5768297421121243e-07 3.0201607544420088e-05 2.1379851879727773e-05 2.933063030206042e-05 0.00025340004425888896 0.005053281191230662 0.00823748451064539 0.004429718545238809 3.281041434833923e-07 3.7019611285496064e-07
33 3.1019231289358717e-07 3.513354784133471e-07 3.3345075998453065e-07 2.4956704281048093e-07 3.510262417645821e-07 7.871320428380454e-06 2.8696945589402053e-07 0.49558990411997433 3.4365850023645243e-07 1.1538491855648768e-06 3.368249921393656e-07 0.019695962456470373 3.346519448469224e-07 0.2629470063996492 3.4939128881712335e-05 4.931281394586394e-05 1.9376733203390684e-05 0.014784182034757246 2.060750443915587e-05 0.007590901731811828 3.5768297421121243e-07 3.0201607544420088e-05 2.1379851879727773e-05 2.933063030206042e-05 0.00025340004425888896 0.005053281191230662 0.00823748451064539 0.004429718545238809 3.281041434833923e-07 3.7019611285496064e-07
34 3.1019231289358717e-07 3.513354784133471e-07 3.3345075998453065e-07 2.4956704281048093e-07 3.510262417645821e-07 7.871320428380454e-06 2.8696945589402053e-07 0.49558990411997433 3.4365850023645243e-07 1.1538491855648768e-06 3.368249921393656e-07 0.019695962456470373 3.346519448469224e-07 0.2629470063996492 3.4939128881712335e-05 4.931281394586394e-05 1.9376733203390684e-05 0.014784182034757246 2.060750443915587e-05 0.007590901731811828 3.5768297421121243e-07 3.0201607544420088e-05 2.1379851879727773e-05 2.933063030206042e-05 0.00025340004425888896 0.005053281191230662 0.00823748451064539 0.004429718545238809 3.281041434833923e-07 3.7019611285496064e-07
35 3.1019231289358717e-07 3.513354784133471e-07 3.3345075998453065e-07 2.4956704281048093e-07 3.510262417645821e-07 7.871320428380454e-06 2.8696945589402053e-07 0.49558990411997433 3.4365850023645243e-07 1.1538491855648768e-06 3.368249921393656e-07 0.019695962456470373 3.346519448469224e-07 0.2629470063996492 3.4939128881712335e-05 4.931281394586394e-05 1.9376733203390684e-05 0.014784182034757246 2.060750443915587e-05 0.007590901731811828 3.5768297421121243e-07 3.0201607544420088e-05 2.1379851879727773e-05 2.933063030206042e-05 0.00025340004425888896 0.005053281191230662 0.00823748451064539 0.004429718545238809 3.281041434833923e-07 3.7019611285496064e-07
36 3.1019231289358717e-07 3.513354784133471e-07 3.3345075998453065e-07 2.4956704281048093e-07 3.510262417645821e-07 7.871320428380454e-06 2.8696945589402053e-07 0.49558990411997433 3.4365850023645243e-07 1.1538491855648768e-06 3.368249921393656e-07 0.019695962456470373 3.346519448469224e-07 0.2629470063996492 3.4939128881712335e-05 4.931281394586394e-05 1.9376733203390684e-05 0.014784182034757246 2.060750443915587e-05 0.007590901731811828 3.5768297421121243e-07 3.0201607544420088e-05 2.1379851879727773e-05 2.933063030206042e-05 0.00025340004425888896 0.005053281191230662 0.00823748451064539 0.004429718545238809 3.281041434833923e-07 3.7019611285496064e-07
37 3.1019231289358717e-07 3.513354784133471e-07 3.3345075998453065e-07 2.4956704281048093e-07 3.510262417645821e-07 7.871320428380454e-06 2.8696945589402053e-07 0.49558990411997433 3.4365850023645243e-07 1.1538491855648768e-06 3.368249921393656e-07 0.019695962456470373 3.346519448469224e-07 0.2629470063996492 3.4939128881712335e-05 4.931281394586394e-05 1.9376733203390684e-05 0.014784182034757246 2.060750443915587e-05 0.007590901731811828 3.5768297421121243e-07 3.0201607544420088e-05 2.1379851879727773e-05 2.933063030206042e-05 0.00025340004425888896 0.005053281191230662 0.00823748451064539 0.004429718545238809 3.281041434833923e-07 3.7019611285496064e-07
38 3.1019231289358717e-07 3.513354784133471e-07 3.3345075998453065e-07 2.4956704281048093e-07 3.510262417645821e-07 7.871320428380454e-06 2.8696945589402053e-07 0.49558990411997433 3.4365850023645243e-07 1.1538491855648768e-06 3.368249921393656e-07 0.019695962456470373 3.346519448469224e-07 0.2629470063996492 3.4939128881712335e-05 4.931281394586394e-05 1.9376733203390684e-05 0.014784182034757246 2.060750443915587e-05 0.007590901731811828 3.5768297421121243e-07 3.0201607544420088e-05 2.1379851879727773e-05 2.933063030206042e-05 0.00025340004425888896 0.005053281191230662 0.00823748451064539 0.004429718545238809 3.281041434833923e-07 3.7019611285496064e-07
39 3.1019231289358717e-07 3.513354784133471e-07 3.3345075998453065e-07 2.4956704281048093e-07 3.510262417645821e-07 7.871320428380454e-06 2.8696945589402053e-07 0.49558990411997433 3.4365850023645243e-07 1.1538491855648768e-06 3.368249921393656e-07 0.019695962456470373 3.346519448469224e-07 0.2629470063996492 3.4939128881712335e-05 4.931281394586394e-05 1.9376733203390684e-05 0.014784182034757246 2.060750443915587e-05 0.007590901731811828 3.5768297421121243e-07 3.0201607544420088e-05 2.1379851879727773e-05 2.933063030206042e-05 0.00025340004425888896 0.005053281191230662 0.00823748451064539 0.004429718545238809 3.281041434833923e-07 3.7019611285496064e-07
40 3.1019231289358717e-07 3.513354784133471e-07 3.3345075998453065e-07 2.4956704281048093e-07 3.510262417645821e-07 7.871320428380454e-06 2.8696945589402053e-07 0.49558990411997433 3.4365850023645243e-07 1.1538491855648768e-06 3.368249921393656e-07 0.019695962456470373 3.346519448469224e-07 0.2629470063996492 3.4939128881712335e-05 4.931281394586394e-05 1.9376733203390684e-05 0.014784182034757246 2.060750443915587e-05 0.007590901731811828 3.5768297421121243e-07 3.0201607544420088e-05 2.1379851879727773e-05 2.933063030206042e-05 0.00025340004425888896 0.005053281191230662 0.00823748451064539 0.004429718545238809 3.281041434833923e-07 3.7019611285496064e-07
41 3.1019231289358717e-07 3.513354784133471e-07 3.3345075998453065e-07 2.4956704281048093e-07 3.510262417645821e-07 7.871320428380454e-06 2.8696945589402053e-07 0.49558990411997433 3.4365850023645243e-07 1.1538491855648768e-06 3.368249921393656e-07 0.019695962456470373 3.346519448469224e-07 0.2629470063996492 3.4939128881712335e-05 4.931281394586394e-05 1.9376733203390684e-05 0.014784182034757246 2.060750443915587e-05 0.007590901731811828 3.5768297421121243e-07 3.0201607544420088e-05 2.1379851879727773e-05 2.933063030206042e-05 0.00025340004425888896 0.005053281191230662 0.00823748451064539 0.004429718545238809 3.281041434833923e-07 3.7019611285496064e-07
42 3.1019231289358717e-07 3.513354784133471e-07 3.3345075998453065e-07 2.4956704281048093e-07 3.510262417645821e-07 7.871320428380454e-06 2.8696945589402053e-07 0.49558990411997433 3.4365850023645243e-07 1.1538491855648768e-06 3.368249921393656e-07 0.019695962456470373 3.346519448469224e-07 0.2629470063996492 3.4939128881712335e-05 4.931281394586394e-05 1.9376733203390684e-05 0.014784182034757246 2.060750443915587e-05 0.007590901731811828 3.5768297421121243e-07 3.0201607544420088e-05 2.1379851879727773e-05 2.933063030206042e-05 0.00025340004425888896 0.005053281191230662 0.00823748451064539 0.004429718545238809 3.281041434833923e-07 3.7019611285496064e-07
43 3.1019231289358717e-07 3.513354784133471e-07 3.3345075998453065e-07 2.4956704281048093e-07 3.510262417645821e-07 7.871320428380454e-06 2.8696945589402053e-07 0.49558990411997433 3.4365850023645243e-07 1.1538491855648768e-06 3.368249921393656e-07 0.019695962456470373 3.346519448469224e-07 0.2629470063996492 3.4939128881712335e-05 4.931281394586394e-05 1.9376733203390684e-05 0.014784182034757246 2.060750443915587e-05 0.007590901731811828 3.5768297421121243e-07 3.0201607544420088e-05 2.1379851879727773e-05 2.933063030206042e-05 0.00025340004425888896 0.005053281191230662 0.00823748451064539 0.004429718545238809 3.281041434833923e-07 3.7019611285496064e-07
44 3.1019231289358717e-07 3.513354784133471e-07 3.3345075998453065e-07 2.4956704281048093e-07 3.510262417645821e-07 7.871320428380454e-06 2.8696945589402053e-07 0.49558990411997433 3.4365850023645243e-07 1.1538491855648768e-06 3.368249921393656e-07 0.019695962456470373 3.346519448469224e-07 0.2629470063996492 3.4939128881712335e-05 4.931281394586394e-05 1.9376733203390684e-05 0.014784182034757246 2.060750443915587e-05 0.007590901731811828 3.5768297421121243e-07 3.0201607544420088e-05 2.1379851879727773e-05 2.933063030206042e-05 0.00025340004425888896 0.005053281191230662 0.00823748451064539 0.004429718545238809 3.281041434833923e-07 3.7019611285496064e-07
45 9.67295097501952e-07 9.563892575177389e-07 9.326965939107712e-07 9.654923573361925e-07 9.273754447041173e-07 0.0689713464053159 8.932814031611411e-07 0.4596928805725924 9.561834648906698e-07 0.04906878629844192 0.00039604276206479266 0.17562191932801394 9.375324182090986e-07 0.00011334312926818654 0.00014365870377946197 0.00011108593255758195 3.162298492527839e-05 0.0028983292029315664 7.5885351050022235e-06 0.0007489306831586585 1.2107714505518675e-06 1.307530235280589e-05 1.6546699359759877e-06 9.341949745669651e-06 2.82270487909202e-05 0.003902733656008457 0.0005901591602046652 0.0014748890320041843 9.250984513877306e-07 9.250618862131395e-07
46 9.67295097501952e-07 9.563892575177389e-07 9.326965939107712e-07 9.654923573361925e-07 9.273754447041173e-07 0.0689713464053159 8.932814031611411e-07 0.4596928805725924 9.561834648906698e-07 0.04906878629844192 0.00039604276206479266 0.17562191932801394 9.375324182090986e-07 0.00011334312926818654 0.00014365870377946197 0.00011108593255758195 3.162298492527839e-05 0.0028983292029315664 7.5885351050022235e-06 0.0007489306831586585 1.2107714505518675e-06 1.307530235280589e-05 1.6546699359759877e-06 9.341949745669651e-06 2.82270487909202e-05 0.003902733656008457 0.0005901591602046652 0.0014748890320041843 9.250984513877306e-07 9.250618862131395e-07
47 9.67295097501952e-07 9.563892575177389e-07 9.326965939107712e-07 9.654923573361925e-07 9.273754447041173e-07 0.0689713464053159 8.932814031611411e-07 0.4596928805725924 9.561834648906698e-07 0.04906878629844192 0.00039604276206479266 0.17562191932801394 9.375324182090986e-07 0.00011334312926818654 0.00014365870377946197 0.00011108593255758195 3.162298492527839e-05 0.0028983292029315664 7.5885351050022235e-06 0.0007489306831586585 1.2107714505518675e-06 1.307530235280589e-05 1.6546699359759877e-06 9.341949745669651e-06 2.82270487909202e-05 0.003902733656008457 0.0005901591602046652 0.0014748890320041843 9.250984513877306e-07 9.250618862131395e-07
48 9.67295097501952e-07 9.563892575177389e-07 9.326965939107712e-07 9.654923573361925e-07 9.273754447041173e-07 0.0689713464053159 8.932814031611411e-07 0.4596928805725924 9.561834648906698e-07 0.04906878629844192 0.00039604276206479266 0.17562191932801394 9.375324182090986e-07 0.00011334312926818654 0.00014365870377946197 0.00011108593255758195 3.162298492527839e-05 0.0028983292029315664 7.5885351050022235e-06 0.0007489306831586585 1.2107714505518675e-06 1.307530235280589e-05 1.6546699359759877e-06 9.341949745669651e-06 2.82270487909202e-05 0.003902733656008457 0.0005901591602046652 0.0014748890320041843 9.250984513877306e-07 9.250618862131395e-07
49 9.67295097501952e-07 9.563892575177389e-07 9.326965939107712e-07 9.654923573361925e-07 9.273754447041173e-07 0.0689713464053159 8.932814031611411e-07 0.4596928805725924 9.561834648906698e-07 0.04906878629844192 0.00039604276206479266 0.17562191932801394 9.375324182090986e-07 0.00011334312926818654 0.00014365870377946197 0.00011108593255758195 3.162298492527839e-05 0.0028983292029315664 7.5885351050022235e-06 0.0007489306831586585 1.2107714505518675e-06 1.307530235280589e-05 1.6546699359759877e-06 9.341949745669651e-06 2.82270487909202e-05 0.003902733656008457 0.0005901591602046652 0.0014748890320041843 9.250984513877306e-07 9.250618862131395e-07
50 9.67295097501952e-07 9.563892575177389e-07 9.326965939107712e-07 9.654923573361925e-07 9.273754447041173e-07 0.0689713464053159 8.932814031611411e-07 0.4596928805725924 9.561834648906698e-07 0.04906878629844192 0.00039604276206479266 0.17562191932801394 9.375324182090986e-07 0.00011334312926818654 0.00014365870377946197 0.00011108593255758195 3.162298492527839e-05 0.0028983292029315664 7.5885351050022235e-06 0.0007489306831586585 1.2107714505518675e-06 1.307530235280589e-05 1.6546699359759877e-06 9.341949745669651e-06 2.82270487909202e-05 0.003902733656008457 0.0005901591602046652 0.0014748890320041843 9.250984513877306e-07 9.250618862131395e-07
51 9.67295097501952e-07 9.563892575177389e-07 9.326965939107712e-07 9.654923573361925e-07 9.273754447041173e-07 0.0689713464053159 8.932814031611411e-07 0.4596928805725924 9.561834648906698e-07 0.04906878629844192 0.00039604276206479266 0.17562191932801394 9.375324182090986e-07 0.00011334312926818654 0.00014365870377946197 0.00011108593255758195 3.162298492527839e-05 0.0028983292029315664 7.5885351050022235e-06 0.0007489306831586585 1.2107714505518675e-06 1.307530235280589e-05 1.6546699359759877e-06 9.341949745669651e-06 2.82270487909202e-05 0.003902733656008457 0.0005901591602046652 0.0014748890320041843 9.250984513877306e-07 9.250618862131395e-07
52 9.67295097501952e-07 9.563892575177389e-07 9.326965939107712e-07 9.654923573361925e-07 9.273754447041173e-07 0.0689713464053159 8.932814031611411e-07 0.4596928805725924 9.561834648906698e-07 0.04906878629844192 0.00039604276206479266 0.17562191932801394 9.375324182090986e-07 0.00011334312926818654 0.00014365870377946197 0.00011108593255758195 3.162298492527839e-05 0.0028983292029315664 7.5885351050022235e-06 0.0007489306831586585 1.2107714505518675e-06 1.307530235280589e-05 1.6546699359759877e-06 9.341949745669651e-06 2.82270487909202e-05 0.003902733656008457 0.0005901591602046652 0.0014748890320041843 9.250984513877306e-07 9.250618862131395e-07
53 9.67295097501952e-07 9.563892575177389e-07 9.326965939107712e-07 9.654923573361925e-07 9.273754447041173e-07 0.0689713464053159 8.932814031611411e-07 0.4596928805725924 9.561834648906698e-07 0.04906878629844192 0.00039604276206479266 0.17562191932801394 9.375324182090986e-07 0.00011334312926818654 0.00014365870377946197 0.00011108593255758195 3.162298492527839e-05 0.0028983292029315664 7.5885351050022235e-06 0.0007489306831586585 1.2107714505518675e-06 1.307530235280589e-05 1.6546699359759877e-06 9.341949745669651e-06 2.82270487909202e-05 0.003902733656008457 0.0005901591602046652 0.0014748890320041843 9.250984513877306e-07 9.250618862131395e-07
54 9.67295097501952e-07 9.563892575177389e-07 9.326965939107712e-07 9.654923573361925e-07 9.273754447041173e-07 0.0689713464053159 8.932814031611411e-07 0.4596928805725924 9.561834648906698e-07 0.04906878629844192 0.00039604276206479266 0.17562191932801394 9.375324182090986e-07 0.00011334312926818654 0.00014365870377946197 0.00011108593255758195 3.162298492527839e-05 0.0028983292029315664 7.5885351050022235e-06 0.0007489306831586585 1.2107714505518675e-06 1.307530235280589e-05 1.6546699359759877e-06 9.341949745669651e-06 2.82270487909202e-05 0.003902733656008457 0.0005901591602046652 0.0014748890320041843 9.250984513877306e-07 9.250618862131395e-07
55 9.67295097501952e-07 9.563892575177389e-07 9.326965939107712e-07 9.654923573361925e-07 9.273754447041173e-07 0.0689713464053159 8.932814031611411e-07 0.4596928805725924 9.561834648906698e-07 0.04906878629844192 0.00039604276206479266 0.17562191932801394 9.375324182090986e-07 0.00011334312926818654 0.00014365870377946197 0.00011108593255758195 3.162298492527839e-05 0.0028983292029315664 7.5885351050022235e-06 0.0007489306831586585 1.2107714505518675e-06 1.307530235280589e-05 1.6546699359759877e-06 9.341949745669651e-06 2.82270487909202e-05 0.003902733656008457 0.0005901591602046652 0.0014748890320041843 9.250984513877306e-07 9.250618862131395e-07
56 9.67295097501952e-07 9.563892575177389e-07 9.326965939107712e-07 9.654923573361925e-07 9.273754447041173e-07 0.0689713464053159 8.932814031611411e-07 0.4596928805725924 9.561834648906698e-07 0.04906878629844192 0.00039604276206479266 0.17562191932801394 9.375324182090986e-07 0.00011334312926818654 0.00014365870377946197 0.00011108593255758195 3.162298492527839e-05 0.0028983292029315664 7.5885351050022235e-06 0.0007489306831586585 1.2107714505518675e-06 1.307530235280589e-05 1.6546699359759877e-06 9.341949745669651e-06 2.82270487909202e-05 0.003902733656008457 0.0005901591602046652 0.0014748890320041843 9.250984513877306e-07 9.250618862131395e-07
57 9.67295097501952e-07 9.563892575177389e-07 9.326965939107712e-07 9.654923573361925e-07 9.273754447041173e-07 0.0689713464053159 8.932814031611411e-07 0.4596928805725924 9.561834648906698e-07 0.04906878629844192 0.00039604276206479266 0.17562191932801394 9.375324182090986e-07 0.00011334312926818654 0.00014365870377946197 0.00011108593255758195 3.162298492527839e-05 0.0028983292029315664 7.5885351050022235e-06 0.0007489306831586585 1.2107714505518675e-06 1.307530235280589e-05 1.6546699359759877e-06 9.341949745669651e-06 2.82270487909202e-05 0.003902733656008457 0.0005901591602046652 0.0014748890320041843 9.250984513877306e-07 9.250618862131395e-07
58 9.67295097501952e-07 9.563892575177389e-07 9.326965939107712e-07 9.654923573361925e-07 9.273754447041173e-07 0.0689713464053159 8.932814031611411e-07 0.4596928805725924 9.561834648906698e-07 0.04906878629844192 0.00039604276206479266 0.17562191932801394 9.375324182090986e-07 0.00011334312926818654 0.00014365870377946197 0.00011108593255758195 3.162298492527839e-05 0.0028983292029315664 7.5885351050022235e-06 0.0007489306831586585 1.2107714505518675e-06 1.307530235280589e-05 1.6546699359759877e-06 9.341949745669651e-06 2.82270487909202e-05 0.003902733656008457 0.0005901591602046652 0.0014748890320041843 9.250984513877306e-07 9.250618862131395e-07
59 9.67295097501952e-07 9.563892575177389e-07 9.326965939107712e-07 9.654923573361925e-07 9.273754447041173e-07 0.0689713464053159 8.932814031611411e-07 0.4596928805725924 9.561834648906698e-07 0.04906878629844192 0.00039604276206479266 0.17562191932801394 9.375324182090986e-07 0.00011334312926818654 0.00014365870377946197 0.00011108593255758195 3.162298492527839e-05 0.0028983292029315664 7.5885351050022235e-06 0.0007489306831586585 1.2107714505518675e-06 1.307530235280589e-05 1.6546699359759877e-06 9.341949745669651e-06 2.82270487909202e-05 0.003902733656008457 0.0005901591602046652 0.0014748890320041843 9.250984513877306e-07 9.250618862131395e-07
60 9.67295097501952e-07 9.563892575177389e-07 9.326965939107712e-07 9.654923573361925e-07 9.273754447041173e-07 0.0689713464053159 8.932814031611411e-07 0.4596928805725924 9.561834648906698e-07 0.04906878629844192 0.00039604276206479266 0.17562191932801394 9.375324182090986e-07 0.00011334312926818654 0.00014365870377946197 0.00011108593255758195 3.162298492527839e-05 0.0028983292029315664 7.5885351050022235e-06 0.0007489306831586585 1.2107714505518675e-06 1.307530235280589e-05 1.6546699359759877e-06 9.341949745669651e-06 2.82270487909202e-05 0.003902733656008457 0.0005901591602046652 0.0014748890320041843 9.250984513877306e-07 9.250618862131395e-07
61 9.67295097501952e-07 9.563892575177389e-07 9.326965939107712e-07 9.654923573361925e-07 9.273754447041173e-07 0.0689713464053159 8.932814031611411e-07 0.4596928805725924 9.561834648906698e-07 0.04906878629844192 0.00039604276206479266 0.17562191932801394 9.375324182090986e-07 0.00011334312926818654 0.00014365870377946197 0.00011108593255758195 3.162298492527839e-05 0.0028983292029315664 7.5885351050022235e-06 0.0007489306831586585 1.2107714505518675e-06 1.307530235280589e-05 1.6546699359759877e-06 9.341949745669651e-06 2.82270487909202e-05 0.003902733656008457 0.0005901591602046652 0.0014748890320041843 9.250984513877306e-07 9.250618862131395e-07
62 9.67295097501952e-07 9.563892575177389e-07 9.326965939107712e-07 9.654923573361925e-07 9.273754447041173e-07 0.0689713464053159 8.932814031611411e-07 0.4596928805725924 9.561834648906698e-07 0.04906878629844192 0.00039604276206479266 0.17562191932801394 9.375324182090986e-07 0.00011334312926818654 0.00014365870377946197 0.00011108593255758195 3.162298492527839e-05 0.0028983292029315664 7.5885351050022235e-06 0.0007489306831586585 1.2107714505518675e-06 1.307530235280589e-05 1.6546699359759877e-06 9.341949745669651e-06 2.82270487909202e-05 0.003902733656008457 0.0005901591602046652 0.0014748890320041843 9.250984513877306e-07 9.250618862131395e-07
63 9.67295097501952e-07 9.563892575177389e-07 9.326965939107712e-07 9.654923573361925e-07 9.273754447041173e-07 0.0689713464053159 8.932814031611411e-07 0.4596928805725924 9.561834648906698e-07 0.04906878629844192 0.00039604276206479266 0.17562191932801394 9.375324182090986e-07 0.00011334312926818654 0.00014365870377946197 0.00011108593255758195 3.162298492527839e-05 0.0028983292029315664 7.5885351050022235e-06 0.0007489306831586585 1.2107714505518675e-06 1.307530235280589e-05 1.6546699359759877e-06 9.341949745669651e-06 2.82270487909202e-05 0.003902733656008457 0.0005901591602046652 0.0014748890320041843 9.250984513877306e-07 9.250618862131395e-07
64 9.67295097501952e-07 9.563892575177389e-07 9.326965939107712e-07 9.654923573361925e-07 9.273754447041173e-07 0.0689713464053159 8.932814031611411e-07 0.4596928805725924 9.561834648906698e-07 0.04906878629844192 0.00039604276206479266 0.17562191932801394 9.375324182090986e-07 0.00011334312926818654 0.00014365870377946197 0.00011108593255758195 3.162298492527839e-05 0.0028983292029315664 7.5885351050022235e-06 0.0007489306831586585 1.2107714505518675e-06 1.307530235280589e-05 1.6546699359759877e-06 9.341949745669651e-06 2.82270487909202e-05 0.003902733656008457 0.0005901591602046652 0.0014748890320041843 9.250984513877306e-07 9.250618862131395e-07
65 9.67295097501952e-07 9.563892575177389e-07 9.326965939107712e-07 9.654923573361925e-07 9.273754447041173e-07 0.0689713464053159 8.932814031611411e-07 0.4596928805725924 9.561834648906698e-07 0.04906878629844192 0.00039604276206479266 0.17562191932801394 9.375324182090986e-07 0.00011334312926818654 0.00014365870377946197 0.00011108593255758195 3.162298492527839e-05 0.0028983292029315664 7.5885351050022235e-06 0.0007489306831586585 1.2107714505518675e-06 1.307530235280589e-05 1.6546699359759877e-06 9.341949745669651e-06 2.82270487909202e-05 0.003902733656008457 0.0005901591602046652 0.0014748890320041843 9.250984513877306e-07 9.250618862131395e-07
66 9.67295097501952e-07 9.563892575177389e-07 9.326965939107712e-07 9.654923573361925e-07 9.273754447041173e-07 0.0689713464053159 8.932814031611411e-07 0.4596928805725924 9.561834648906698e-07 0.04906878629844192 0.00039604276206479266 0.17562191932801394 9.375324182090986e-07 0.00011334312926818654 0.00014365870377946197 0.00011108593255758195 3.162298492527839e-05 0.0028983292029315664 7.5885351050022235e-06 0.0007489306831586585 1.2107714505518675e-06 1.307530235280589e-05 1.6546699359759877e-06 9.341949745669651e-06 2.82270487909202e-05 0.003902733656008457 0.0005901591602046652 0.0014748890320041843 9.250984513877306e-07 9.250618862131395e-07
67 9.67295097501952e-07 9.563892575177389e-07 9.326965939107712e-07 9.654923573361925e-07 9.273754447041173e-07 0.0689713464053159 8.932814031611411e-07 0.4596928805725924 9.561834648906698e-07 0.04906878629844192 0.00039604276206479266 0.17562191932801394 9.375324182090986e-07 0.00011334312926818654 0.00014365870377946197 0.00011108593255758195 3.162298492527839e-05 0.0028983292029315664 7.5885351050022235e-06 0.0007489306831586585 1.2107714505518675e-06 1.307530235280589e-05 1.6546699359759877e-06 9.341949745669651e-06 2.82270487909202e-05 0.003902733656008457 0.0005901591602046652 0.0014748890320041843 9.250984513877306e-07 9.250618862131395e-07
68 9.647347045864413e-07 9.80467367092474e-07 9.430443715555854e-07 1.049585997743226e-06 9.121791617475084e-07 0.06867156925296033 9.795366261574518e-07 0.4595049094969299 9.932506739477907e-07 0.04991049546734566 0.0004034012218682524 0.1790436871631536 9.294875969538306e-07 0.00011933397488730853 0.00014073055026006144 0.00012077906758115685 3.280205773769705e-05 0.0029670596581407374 7.67484070530546e-06 0.0008291242791402088 1.1392215720433788e-06 1.300474637382345e-05 1.7546392172610792e-06 9.79942169892176e-06 2.785819440829936e-05 0.003567025181257086 0.0005912107794812636 0.0015948161631764333 9.80423231089017e-07 9.844823434136814e-07
69 9.647347045864413e-07 9.80467367092474e-07 9.430443715555854e-07 1.049585997743226e-06 9.121791617475084e-07 0.06867156925296033 9.795366261574518e-07 0.4595049094969299 9.932506739477907e-07 0.04991049546734566 0.0004034012218682524 0.1790436871631536 9.294875969538306e-07 0.00011933397488730853 0.00014073055026006144 0.00012077906758115685 3.280205773769705e-05 0.0029670596581407374 7.67484070530546e-06 0.0008291242791402088 1.1392215720433788e-06 1.300474637382345e-05 1.7546392172610792e-06 9.79942169892176e-06 2.785819440829936e-05 0.003567025181257086 0.0005912107794812636 0.0015948161631764333 9.80423231089017e-07 9.844823434136814e-07
70 9.647347045864413e-07 9.80467367092474e-07 9.430443715555854e-07 1.049585997743226e-06 9.121791617475084e-07 0.06867156925296033 9.795366261574518e-07 0.4595049094969299 9.932506739477907e-07 0.04991049546734566 0.0004034012218682524 0.1790436871631536 9.294875969538306e-07 0.00011933397488730853 0.00014073055026006144 0.00012077906758115685 3.280205773769705e-05 0.0029670596581407374 7.67484070530546e-06 0.0008291242791402088 1.1392215720433788e-06 1.300474637382345e-05 1.7546392172610792e-06 9.79942169892176e-06 2.785819440829936e-05 0.003567025181257086 0.0005912107794812636 0.0015948161631764333 9.80423231089017e-07 9.844823434136814e-07
71 9.647347045864413e-07 9.80467367092474e-07 9.430443715555854e-07 1.049585997743226e-06 9.121791617475084e-07 0.06867156925296033 9.795366261574518e-07 0.4595049094969299 9.932506739477907e-07 0.04991049546734566 0.0004034012218682524 0.1790436871631536 9.294875969538306e-07 0.00011933397488730853 0.00014073055026006144 0.00012077906758115685 3.280205773769705e-05 0.0029670596581407374 7.67484070530546e-06 0.0008291242791402088 1.1392215720433788e-06 1.300474637382345e-05 1.7546392172610792e-06 9.79942169892176e-06 2.785819440829936e-05 0.003567025181257086 0.0005912107794812636 0.0015948161631764333 9.80423231089017e-07 9.844823434136814e-07
72 9.647347045864413e-07 9.80467367092474e-07 9.430443715555854e-07 1.049585997743226e-06 9.121791617475084e-07 0.06867156925296033 9.795366261574518e-07 0.4595049094969299 9.932506739477907e-07 0.04991049546734566 0.0004034012218682524 0.1790436871631536 9.294875969538306e-07 0.00011933397488730853 0.00014073055026006144 0.00012077906758115685 3.280205773769705e-05 0.0029670596581407374 7.67484070530546e-06 0.0008291242791402088 1.1392215720433788e-06 1.300474637382345e-05 1.7546392172610792e-06 9.79942169892176e-06 2.785819440829936e-05 0.003567025181257086 0.0005912107794812636 0.0015948161631764333 9.80423231089017e-07 9.844823434136814e-07
73 9.647347045864413e-07 9.80467367092474e-07 9.430443715555854e-07 1.049585997743226e-06 9.121791617475084e-07 0.06867156925296033 9.795366261574518e-07 0.4595049094969299 9.932506739477907e-07 0.04991049546734566 0.0004034012218682524 0.1790436871631536 9.294875969538306e-07 0.00011933397488730853 0.00014073055026006144 0.00012077906758115685 3.280205773769705e-05 0.0029670596581407374 7.67484070530546e-06 0.0008291242791402088 1.1392215720433788e-06 1.300474637382345e-05 1.7546392172610792e-06 9.79942169892176e-06 2.785819440829936e-05 0.003567025181257086 0.0005912107794812636 0.0015948161631764333 9.80423231089017e-07 9.844823434136814e-07
74 9.647347045864413e-07 9.80467367092474e-07 9.430443715555854e-07 1.049585997743226e-06 9.121791617475084e-07 0.06867156925296033 9.795366261574518e-07 0.4595049094969299 9.932506739477907e-07 0.04991049546734566 0.0004034012218682524 0.1790436871631536 9.294875969538306e-07 0.00011933397488730853 0.00014073055026006144 0.00012077906758115685 3.280205773769705e-05 0.0029670596581407374 7.67484070530546e-06 0.0008291242791402088 1.1392215720433788e-06 1.300474637382345e-05 1.7546392172610792e-06 9.79942169892176e-06 2.785819440829936e-05 0.003567025181257086 0.0005912107794812636 0.0015948161631764333 9.80423231089017e-07 9.844823434136814e-07
75 9.647347045864413e-07 9.80467367092474e-07 9.430443715555854e-07 1.049585997743226e-06 9.121791617475084e-07 0.06867156925296033 9.795366261574518e-07 0.4595049094969299 9.932506739477907e-07 0.04991049546734566 0.0004034012218682524 0.1790436871631536 9.294875969538306e-07 0.00011933397488730853 0.00014073055026006144 0.00012077906758115685 3.280205773769705e-05 0.0029670596581407374 7.67484070530546e-06 0.0008291242791402088 1.1392215720433788e-06 1.300474637382345e-05 1.7546392172610792e-06 9.79942169892176e-06 2.785819440829936e-05 0.003567025181257086 0.0005912107794812636 0.0015948161631764333 9.80423231089017e-07 9.844823434136814e-07
76 9.647347045864413e-07 9.80467367092474e-07 9.430443715555854e-07 1.049585997743226e-06 9.121791617475084e-07 0.06867156925296033 9.795366261574518e-07 0.4595049094969299 9.932506739477907e-07 0.04991049546734566 0.0004034012218682524 0.1790436871631536 9.294875969538306e-07 0.00011933397488730853 0.00014073055026006144 0.00012077906758115685 3.280205773769705e-05 0.0029670596581407374 7.67484070530546e-06 0.0008291242791402088 1.1392215720433788e-06 1.300474637382345e-05 1.7546392172610792e-06 9.79942169892176e-06 2.785819440829936e-05 0.003567025181257086 0.0005912107794812636 0.0015948161631764333 9.80423231089017e-07 9.844823434136814e-07
77 9.647347045864413e-07 9.80467367092474e-07 9.430443715555854e-07 1.049585997743226e-06 9.121791617475084e-07 0.06867156925296033 9.795366261574518e-07 0.4595049094969299 9.932506739477907e-07 0.04991049546734566 0.0004034012218682524 0.1790436871631536 9.294875969538306e-07 0.00011933397488730853 0.00014073055026006144 0.00012077906758115685 3.280205773769705e-05 0.0029670596581407374 7.67484070530546e-06 0.0008291242791402088 1.1392215720433788e-06 1.300474637382345e-05 1.7546392172610792e-06 9.79942169892176e-06 2.785819440829936e-05 0.003567025181257086 0.0005912107794812636 0.0015948161631764333 9.80423231089017e-07 9.844823434136814e-07
78 9.647347045864413e-07 9.80467367092474e-07 9.430443715555854e-07 1.049585997743226e-06 9.121791617475084e-07 0.06867156925296033 9.795366261574518e-07 0.4595049094969299 9.932506739477907e-07 0.04991049546734566 0.0004034012218682524 0.1790436871631536 9.294875969538306e-07 0.00011933397488730853 0.00014073055026006144 0.00012077906758115685 3.280205773769705e-05 0.0029670596581407374 7.67484070530546e-06 0.0008291242791402088 1.1392215720433788e-06 1.300474637382345e-05 1.7546392172610792e-06 9.79942169892176e-06 2.785819440829936e-05 0.003567025181257086 0.0005912107794812636 0.0015948161631764333 9.80423231089017e-07 9.844823434136814e-07
79 9.647347045864413e-07 9.80467367092474e-07 9.430443715555854e-07 1.049585997743226e-06 9.121791617475084e-07 0.06867156925296033 9.795366261574518e-07 0.4595049094969299 9.932506739477907e-07 0.04991049546734566 0.0004034012218682524 0.1790436871631536 9.294875969538306e-07 0.00011933397488730853 0.00014073055026006144 0.00012077906758115685 3.280205773769705e-05 0.0029670596581407374 7.67484070530546e-06 0.0008291242791402088 1.1392215720433788e-06 1.300474637382345e-05 1.7546392172610792e-06 9.79942169892176e-06 2.785819440829936e-05 0.003567025181257086 0.0005912107794812636 0.0015948161631764333 9.80423231089017e-07 9.844823434136814e-07
80 9.647347045864413e-07 9.80467367092474e-07 9.430443715555854e-07 1.049585997743226e-06 9.121791617475084e-07 0.06867156925296033 9.795366261574518e-07 0.4595049094969299 9.932506739477907e-07 0.04991049546734566 0.0004034012218682524 0.1790436871631536 9.294875969538306e-07 0.00011933397488730853 0.00014073055026006144 0.00012077906758115685 3.280205773769705e-05 0.0029670596581407374 7.67484070530546e-06 0.0008291242791402088 1.1392215720433788e-06 1.300474637382345e-05 1.7546392172610792e-06 9.79942169892176e-06 2.785819440829936e-05 0.003567025181257086 0.0005912107794812636 0.0015948161631764333 9.80423231089017e-07 9.844823434136814e-07
81 9.647347045864413e-07 9.80467367092474e-07 9.430443715555854e-07 1.049585997743226e-06 9.121791617475084e-07 0.06867156925296033 9.795366261574518e-07 0.4595049094969299 9.932506739477907e-07 0.04991049546734566 0.0004034012218682524 0.1790436871631536 9.294875969538306e-07 0.00011933397488730853 0.00014073055026006144 0.00012077906758115685 3.280205773769705e-05 0.0029670596581407374 7.67484070530546e-06 0.0008291242791402088 1.1392215720433788e-06 1.300474637382345e-05 1.7546392172610792e-06 9.79942169892176e-06 2.785819440829936e-05 0.003567025181257086 0.0005912107794812636 0.0015948161631764333 9.80423231089017e-07 9.844823434136814e-07
82 9.647347045864413e-07 9.80467367092474e-07 9.430443715555854e-07 1.049585997743226e-06 9.121791617475084e-07 0.06867156925296033 9.795366261574518e-07 0.4595049094969299 9.932506739477907e-07 0.04991049546734566 0.0004034012218682524 0.1790436871631536 9.294875969538306e-07 0.00011933397488730853 0.00014073055026006144 0.00012077906758115685 3.280205773769705e-05 0.0029670596581407374 7.67484070530546e-06 0.0008291242791402088 1.1392215720433788e-06 1.300474637382345e-05 1.7546392172610792e-06 9.79942169892176e-06 2.785819440829936e-05 0.003567025181257086 0.0005912107794812636 0.0015948161631764333 9.80423231089017e-07 9.844823434136814e-07
83 9.647347045864413e-07 9.80467367092474e-07 9.430443715555854e-07 1.049585997743226e-06 9.121791617475084e-07 0.06867156925296033 9.795366261574518e-07 0.4595049094969299 9.932506739477907e-07 0.04991049546734566 0.0004034012218682524 0.1790436871631536 9.294875969538306e-07 0.00011933397488730853 0.00014073055026006144 0.00012077906758115685 3.280205773769705e-05 0.0029670596581407374 7.67484070530546e-06 0.0008291242791402088 1.1392215720433788e-06 1.300474637382345e-05 1.7546392172610792e-06 9.79942169892176e-06 2.785819440829936e-05 0.003567025181257086 0.0005912107794812636 0.0015948161631764333 9.80423231089017e-07 9.844823434136814e-07
84 9.647347045864413e-07 9.80467367092474e-07 9.430443715555854e-07 1.049585997743226e-06 9.121791617475084e-07 0.06867156925296033 9.795366261574518e-07 0.4595049094969299 9.932506739477907e-07 0.04991049546734566 0.0004034012218682524 0.1790436871631536 9.294875969538306e-07 0.00011933397488730853 0.00014073055026006144 0.00012077906758115685 3.280205773769705e-05 0.0029670596581407374 7.67484070530546e-06 0.0008291242791402088 1.1392215720433788e-06 1.300474637382345e-05 1.7546392172610792e-06 9.79942169892176e-06 2.785819440829936e-05 0.003567025181257086 0.0005912107794812636 0.0015948161631764333 9.80423231089017e-07 9.844823434136814e-07
85 9.647347045864413e-07 9.80467367092474e-07 9.430443715555854e-07 1.049585997743226e-06 9.121791617475084e-07 0.06867156925296033 9.795366261574518e-07 0.4595049094969299 9.932506739477907e-07 0.04991049546734566 0.0004034012218682524 0.1790436871631536 9.294875969538306e-07 0.00011933397488730853 0.00014073055026006144 0.00012077906758115685 3.280205773769705e-05 0.0029670596581407374 7.67484070530546e-06 0.0008291242791402088 1.1392215720433788e-06 1.300474637382345e-05 1.7546392172610792e-06 9.79942169892176e-06 2.785819440829936e-05 0.003567025181257086 0.0005912107794812636 0.0015948161631764333 9.80423231089017e-07 9.844823434136814e-07
86 9.647347045864413e-07 9.80467367092474e-07 9.430443715555854e-07 1.049585997743226e-06 9.121791617475084e-07 0.06867156925296033 9.795366261574518e-07 0.4595049094969299 9.932506739477907e-07 0.04991049546734566 0.0004034012218682524 0.1790436871631536 9.294875969538306e-07 0.00011933397488730853 0.00014073055026006144 0.00012077906758115685 3.280205773769705e-05 0.0029670596581407374 7.67484070530546e-06 0.0008291242791402088 1.1392215720433788e-06 1.300474637382345e-05 1.7546392172610792e-06 9.79942169892176e-06 2.785819440829936e-05 0.003567025181257086 0.0005912107794812636 0.0015948161631764333 9.80423231089017e-07 9.844823434136814e-07
87 9.647347045864413e-07 9.80467367092474e-07 9.430443715555854e-07 1.049585997743226e-06 9.121791617475084e-07 0.06867156925296033 9.795366261574518e-07 0.4595049094969299 9.932506739477907e-07 0.04991049546734566 0.0004034012218682524 0.1790436871631536 9.294875969538306e-07 0.00011933397488730853 0.00014073055026006144 0.00012077906758115685 3.280205773769705e-05 0.0029670596581407374 7.67484070530546e-06 0.0008291242791402088 1.1392215720433788e-06 1.300474637382345e-05 1.7546392172610792e-06 9.79942169892176e-06 2.785819440829936e-05 0.003567025181257086 0.0005912107794812636 0.0015948161631764333 9.80423231089017e-07 9.844823434136814e-07
88 9.647347045864413e-07 9.80467367092474e-07 9.430443715555854e-07 1.049585997743226e-06 9.121791617475084e-07 0.06867156925296033 9.795366261574518e-07 0.4595049094969299 9.932506739477907e-07 0.04991049546734566 0.0004034012218682524 0.1790436871631536 9.294875969538306e-07 0.00011933397488730853 0.00014073055026006144 0.00012077906758115685 3.280205773769705e-05 0.0029670596581407374 7.67484070530546e-06 0.0008291242791402088 1.1392215720433788e-06 1.300474637382345e-05 1.7546392172610792e-06 9.79942169892176e-06 2.785819440829936e-05 0.003567025181257086 0.0005912107794812636 0.0015948161631764333 9.80423231089017e-07 9.844823434136814e-07
89 9.647347045864413e-07 9.80467367092474e-07 9.430443715555854e-07 1.049585997743226e-06 9.121791617475084e-07 0.06867156925296033 9.795366261574518e-07 0.4595049094969299 9.932506739477907e-07 0.04991049546734566 0.0004034012218682524 0.1790436871631536 9.294875969538306e-07 0.00011933397488730853 0.00014073055026006144 0.00012077906758115685 3.280205773769705e-05 0.0029670596581407374 7.67484070530546e-06 0.0008291242791402088 1.1392215720433788e-06 1.300474637382345e-05 1.7546392172610792e-06 9.79942169892176e-06 2.785819440829936e-05 0.003567025181257086 0.0005912107794812636 0.0015948161631764333 9.80423231089017e-07 9.844823434136814e-07
90 9.647347045864413e-07 9.80467367092474e-07 9.430443715555854e-07 1.049585997743226e-06 9.121791617475084e-07 0.06867156925296033 9.795366261574518e-07 0.4595049094969299 9.932506739477907e-07 0.04991049546734566 0.0004034012218682524 0.1790436871631536 9.294875969538306e-07 0.00011933397488730853 0.00014073055026006144 0.00012077906758115685 3.280205773769705e-05 0.0029670596581407374 7.67484070530546e-06 0.0008291242791402088 1.1392215720433788e-06 1.300474637382345e-05 1.7546392172610792e-06 9.79942169892176e-06 2.785819440829936e-05 0.003567025181257086 0.0005912107794812636 0.0015948161631764333 9.80423231089017e-07 9.844823434136814e-07
91 9.647347045864413e-07 9.80467367092474e-07 9.430443715555854e-07 1.049585997743226e-06 9.121791617475084e-07 0.06867156925296033 9.795366261574518e-07 0.4595049094969299 9.932506739477907e-07 0.04991049546734566 0.0004034012218682524 0.1790436871631536 9.294875969538306e-07 0.00011933397488730853 0.00014073055026006144 0.00012077906758115685 3.280205773769705e-05 0.0029670596581407374 7.67484070530546e-06 0.0008291242791402088 1.1392215720433788e-06 1.300474637382345e-05 1.7546392172610792e-06 9.79942169892176e-06 2.785819440829936e-05 0.003567025181257086 0.0005912107794812636 0.0015948161631764333 9.80423231089017e-07 9.844823434136814e-07
92 9.647347045864413e-07 9.80467367092474e-07 9.430443715555854e-07 1.049585997743226e-06 9.121791617475084e-07 0.06867156925296033 9.795366261574518e-07 0.4595049094969299 9.932506739477907e-07 0.04991049546734566 0.0004034012218682524 0.1790436871631536 9.294875969538306e-07 0.00011933397488730853 0.00014073055026006144 0.00012077906758115685 3.280205773769705e-05 0.0029670596581407374 7.67484070530546e-06 0.0008291242791402088 1.1392215720433788e-06 1.300474637382345e-05 1.7546392172610792e-06 9.79942169892176e-06 2.785819440829936e-05 0.003567025181257086 0.0005912107794812636 0.0015948161631764333 9.80423231089017e-07 9.844823434136814e-07
93 9.647347045864413e-07 9.80467367092474e-07 9.430443715555854e-07 1.049585997743226e-06 9.121791617475084e-07 0.06867156925296033 9.795366261574518e-07 0.4595049094969299 9.932506739477907e-07 0.04991049546734566 0.0004034012218682524 0.1790436871631536 9.294875969538306e-07 0.00011933397488730853 0.00014073055026006144 0.00012077906758115685 3.280205773769705e-05 0.0029670596581407374 7.67484070530546e-06 0.0008291242791402088 1.1392215720433788e-06 1.300474637382345e-05 1.7546392172610792e-06 9.79942169892176e-06 2.785819440829936e-05 0.003567025181257086 0.0005912107794812636 0.0015948161631764333 9.80423231089017e-07 9.844823434136814e-07
94 9.647347045864413e-07 9.80467367092474e-07 9.430443715555854e-07 1.049585997743226e-06 9.121791617475084e-07 0.06867156925296033 9.795366261574518e-07 0.4595049094969299 9.932506739477907e-07 0.04991049546734566 0.0004034012218682524 0.1790436871631536 9.294875969538306e-07 0.00011933397488730853 0.00014073055026006144 0.00012077906758115685 3.280205773769705e-05 0.0029670596581407374 7.67484070530546e-06 0.0008291242791402088 1.1392215720433788e-06 1.300474637382345e-05 1.7546392172610792e-06 9.79942169892176e-06 2.785819440829936e-05 0.003567025181257086 0.0005912107794812636 0.0015948161631764333 9.80423231089017e-07 9.844823434136814e-07
95 9.647347045864413e-07 9.80467367092474e-07 9.430443715555854e-07 1.049585997743226e-06 9.121791617475084e-07 0.06867156925296033 9.795366261574518e-07 0.4595049094969299 9.932506739477907e-07 0.04991049546734566 0.0004034012218682524 0.1790436871631536 9.294875969538306e-07 0.00011933397488730853 0.00014073055026006144 0.00012077906758115685 3.280205773769705e-05 0.0029670596581407374 7.67484070530546e-06 0.0008291242791402088 1.1392215720433788e-06 1.300474637382345e-05 1.7546392172610792e-06 9.79942169892176e-06 2.785819440829936e-05 0.003567025181257086 0.0005912107794812636 0.0015948161631764333 9.80423231089017e-07 9.844823434136814e-07
96 9.647347045864413e-07 9.80467367092474e-07 9.430443715555854e-07 1.049585997743226e-06 9.121791617475084e-07 0.06867156925296033 9.795366261574518e-07 0.4595049094969299 9.932506739477907e-07 0.04991049546734566 0.0004034012218682524 0.1790436871631536 9.294875969538306e-07 0.00011933397488730853 0.00014073055026006144 0.00012077906758115685 3.280205773769705e-05 0.0029670596581407374 7.67484070530546e-06 0.0008291242791402088 1.1392215720433788e-06 1.300474637382345e-05 1.7546392172610792e-06 9.79942169892176e-06 2.785819440829936e-05 0.003567025181257086 0.0005912107794812636 0.0015948161631764333 9.80423231089017e-07 9.844823434136814e-07
97 9.647347045864413e-07 9.80467367092474e-07 9.430443715555854e-07 1.049585997743226e-06 9.121791617475084e-07 0.06867156925296033 9.795366261574518e-07 0.4595049094969299 9.932506739477907e-07 0.04991049546734566 0.0004034012218682524 0.1790436871631536 9.294875969538306e-07 0.00011933397488730853 0.00014073055026006144 0.00012077906758115685 3.280205773769705e-05 0.0029670596581407374 7.67484070530546e-06 0.0008291242791402088 1.1392215720433788e-06 1.300474637382345e-05 1.7546392172610792e-06 9.79942169892176e-06 2.785819440829936e-05 0.003567025181257086 0.0005912107794812636 0.0015948161631764333 9.80423231089017e-07 9.844823434136814e-07
98 9.647347045864413e-07 9.80467367092474e-07 9.430443715555854e-07 1.049585997743226e-06 9.121791617475084e-07 0.06867156925296033 9.795366261574518e-07 0.4595049094969299 9.932506739477907e-07 0.04991049546734566 0.0004034012218682524 0.1790436871631536 9.294875969538306e-07 0.00011933397488730853 0.00014073055026006144 0.00012077906758115685 3.280205773769705e-05 0.0029670596581407374 7.67484070530546e-06 0.0008291242791402088 1.1392215720433788e-06 1.300474637382345e-05 1.7546392172610792e-06 9.79942169892176e-06 2.785819440829936e-05 0.003567025181257086 0.0005912107794812636 0.0015948161631764333 9.80423231089017e-07 9.844823434136814e-07
99 9.647347045864413e-07 9.80467367092474e-07 9.430443715555854e-07 1.049585997743226e-06 9.121791617475084e-07 0.06867156925296033 9.795366261574518e-07 0.4595049094969299 9.932506739477907e-07 0.04991049546734566 0.0004034012218682524 0.1790436871631536 9.294875969538306e-07 0.00011933397488730853 0.00014073055026006144 0.00012077906758115685 3.280205773769705e-05 0.0029670596581407374 7.67484070530546e-06 0.0008291242791402088 1.1392215720433788e-06 1.300474637382345e-05 1.7546392172610792e-06 9.79942169892176e-06 2.785819440829936e-05 0.003567025181257086 0.0005912107794812636 0.0015948161631764333 9.80423231089017e-07 9.844823434136814e-07
100 9.647347045864413e-07 9.80467367092474e-07 9.430443715555854e-07 1.049585997743226e-06 9.121791617475084e-07 0.06867156925296033 9.795366261574518e-07 0.4595049094969299 9.932506739477907e-07 0.04991049546734566 0.0004034012218682524 0.1790436871631536 9.294875969538306e-07 0.00011933397488730853 0.00014073055026006144 0.00012077906758115685 3.280205773769705e-05 0.0029670596581407374 7.67484070530546e-06 0.0008291242791402088 1.1392215720433788e-06 1.300474637382345e-05 1.7546392172610792e-06 9.79942169892176e-06 2.785819440829936e-05 0.003567025181257086 0.0005912107794812636 0.0015948161631764333 9.80423231089017e-07 9.844823434136814e-07
101 9.647347045864413e-07 9.80467367092474e-07 9.430443715555854e-07 1.049585997743226e-06 9.121791617475084e-07 0.06867156925296033 9.795366261574518e-07 0.4595049094969299 9.932506739477907e-07 0.04991049546734566 0.0004034012218682524 0.1790436871631536 9.294875969538306e-07 0.00011933397488730853 0.00014073055026006144 0.00012077906758115685 3.280205773769705e-05 0.0029670596581407374 7.67484070530546e-06 0.0008291242791402088 1.1392215720433788e-06 1.300474637382345e-05 1.7546392172610792e-06 9.79942169892176e-06 2.785819440829936e-05 0.003567025181257086 0.0005912107794812636 0.0015948161631764333 9.80423231089017e-07 9.844823434136814e-07
102 9.647347045864413e-07 9.80467367092474e-07 9.430443715555854e-07 1.049585997743226e-06 9.121791617475084e-07 0.06867156925296033 9.795366261574518e-07 0.4595049094969299 9.932506739477907e-07 0.04991049546734566 0.0004034012218682524 0.1790436871631536 9.294875969538306e-07 0.00011933397488730853 0.00014073055026006144 0.00012077906758115685 3.280205773769705e-05 0.0029670596581407374 7.67484070530546e-06 0.0008291242791402088 1.1392215720433788e-06 1.300474637382345e-05 1.7546392172610792e-06 9.79942169892176e-06 2.785819440829936e-05 0.003567025181257086 0.0005912107794812636 0.0015948161631764333 9.80423231089017e-07 9.844823434136814e-07
103 9.647347045864413e-07 9.80467367092474e-07 9.430443715555854e-07 1.049585997743226e-06 9.121791617475084e-07 0.06867156925296033 9.795366261574518e-07 0.4595049094969299 9.932506739477907e-07 0.04991049546734566 0.0004034012218682524 0.1790436871631536 9.294875969538306e-07 0.00011933397488730853 0.00014073055026006144 0.00012077906758115685 3.280205773769705e-05 0.0029670596581407374 7.67484070530546e-06 0.0008291242791402088 1.1392215720433788e-06 1.300474637382345e-05 1.7546392172610792e-06 9.79942169892176e-06 2.785819440829936e-05 0.003567025181257086 0.0005912107794812636 0.0015948161631764333 9.80423231089017e-07 9.844823434136814e-07
104 9.647347045864413e-07 9.80467367092474e-07 9.430443715555854e-07 1.049585997743226e-06 9.121791617475084e-07 0.06867156925296033 9.795366261574518e-07 0.4595049094969299 9.932506739477907e-07 0.04991049546734566 0.0004034012218682524 0.1790436871631536 9.294875969538306e-07 0.00011933397488730853 0.00014073055026006144 0.00012077906758115685 3.280205773769705e-05 0.0029670596581407374 7.67484070530546e-06 0.0008291242791402088 1.1392215720433788e-06 1.300474637382345e-05 1.7546392172610792e-06 9.79942169892176e-06 2.785819440829936e-05 0.003567025181257086 0.0005912107794812636 0.0015948161631764333 9.80423231089017e-07 9.844823434136814e-07
105 9.647347045864413e-07 9.80467367092474e-07 9.430443715555854e-07 1.049585997743226e-06 9.121791617475084e-07 0.06867156925296033 9.795366261574518e-07 0.4595049094969299 9.932506739477907e-07 0.04991049546734566 0.0004034012218682524 0.1790436871631536 9.294875969538306e-07 0.00011933397488730853 0.00014073055026006144 0.00012077906758115685 3.280205773769705e-05 0.0029670596581407374 7.67484070530546e-06 0.0008291242791402088 1.1392215720433788e-06 1.300474637382345e-05 1.7546392172610792e-06 9.79942169892176e-06 2.785819440829936e-05 0.003567025181257086 0.0005912107794812636 0.0015948161631764333 9.80423231089017e-07 9.844823434136814e-07
106 9.647347045864413e-07 9.80467367092474e-07 9.430443715555854e-07 1.049585997743226e-06 9.121791617475084e-07 0.06867156925296033 9.795366261574518e-07 0.4595049094969299 9.932506739477907e-07 0.04991049546734566 0.0004034012218682524 0.1790436871631536 9.294875969538306e-07 0.00011933397488730853 0.00014073055026006144 0.00012077906758115685 3.280205773769705e-05 0.0029670596581407374 7.67484070530546e-06 0.0008291242791402088 1.1392215720433788e-06 1.300474637382345e-05 1.7546392172610792e-06 9.79942169892176e-06 2.785819440829936e-05 0.003567025181257086 0.0005912107794812636 0.0015948161631764333 9.80423231089017e-07 9.844823434136814e-07
107 9.647347045864413e-07 9.80467367092474e-07 9.430443715555854e-07 1.049585997743226e-06 9.121791617475084e-07 0.06867156925296033 9.795366261574518e-07 0.4595049094969299 9.932506739477907e-07 0.04991049546734566 0.0004034012218682524 0.1790436871631536 9.294875969538306e-07 0.00011933397488730853 0.00014073055026006144 0.00012077906758115685 3.280205773769705e-05 0.0029670596581407374 7.67484070530546e-06 0.0008291242791402088 1.1392215720433788e-06 1.300474637382345e-05 1.7546392172610792e-06 9.79942169892176e-06 2.785819440829936e-05 0.003567025181257086 0.0005912107794812636 0.0015948161631764333 9.80423231089017e-07 9.844823434136814e-07
108 9.647347045864413e-07 9.80467367092474e-07 9.430443715555854e-07 1.049585997743226e-06 9.121791617475084e-07 0.06867156925296033 9.795366261574518e-07 0.4595049094969299 9.932506739477907e-07 0.04991049546734566 0.0004034012218682524 0.1790436871631536 9.294875969538306e-07 0.00011933397488730853 0.00014073055026006144 0.00012077906758115685 3.280205773769705e-05 0.0029670596581407374 7.67484070530546e-06 0.0008291242791402088 1.1392215720433788e-06 1.300474637382345e-05 1.7546392172610792e-06 9.79942169892176e-06 2.785819440829936e-05 0.003567025181257086 0.0005912107794812636 0.0015948161631764333 9.80423231089017e-07 9.844823434136814e-07
