# index Z=1 - Z=30
0 6.390029918276081e-07 0.01084478883034988 6.357125763889603e-07 6.693416207240355e-07 6.409683792167832e-07 1.5875432121923056e-06 6.718457189270457e-07 0.0036900912488696327 6.607727840176081e-07 6.842489474569202e-07 6.646036078509926e-07 7.563298197114663e-05 6.600629002794294e-07 0.021531992786761538 1.848528508650395e-06 7.19914185544427e-05 8.526042811096613e-07 0.006866350208649403 9.571340508054546e-07 0.01401572298375689 6.373262702272452e-07 0.00012252114860922825 0.00027442587908792134 1.9042423245131774e-05 0.005425030444396186 0.23651097546008626 0.1435614953721852 0.28406335691771434 6.277017421987485e-07 6.561883603625804e-07
1 6.390029918276081e-07 0.01084478883034988 6.357125763889603e-07 6.693416207240355e-07 6.409683792167832e-07 1.5875432121923056e-06 6.718457189270457e-07 0.0036900912488696327 6.607727840176081e-07 6.842489474569202e-07 6.646036078509926e-07 7.563298197114663e-05 6.600629002794294e-07 0.021531992786761538 1.848528508650395e-06 7.19914185544427e-05 8.526042811096613e-07 0.006866350208649403 9.571340508054546e-07 0.01401572298375689 6.373262702272452e-07 0.00012252114860922825 0.00027442587908792134 1.9042423245131774e-05 0.005425030444396186 0.23651097546008626 0.1435614953721852 0.28406335691771434 6.277017421987485e-07 6.561883603625804e-07
2 6.390029918276081e-07 0.01084478883034988 6.357125763889603e-07 6.693416207240355e-07 6.409683792167832e-07 1.5875432121923056e-06 6.718457189270457e-07 0.0036900912488696327 6.607727840176081e-07 6.842489474569202e-07 6.646036078509926e-07 7.563298197114663e-05 6.600629002794294e-07 0.021531992786761538 1.848528508650395e-06 7.19914185544427e-05 8.526042811096613e-07 0.006866350208649403 9.571340508054546e-07 0.01401572298375689 6.373262702272452e-07 0.00012252114860922825 0.00027442587908792134 1.9042423245131774e-05 0.005425030444396186 0.23651097546008626 0.1435614953721852 0.28406335691771434 6.277017421987485e-07 6.561883603625804e-07
3 6.390029918276081e-07 0.01084478883034988 6.357125763889603e-07 6.693416207240355e-07 6.409683792167832e-07 1.5875432121923056e-06 6.718457189270457e-07 0.0036900912488696327 6.607727840176081e-07 6.842489474569202e-07 6.646036078509926e-07 7.563298197114663e-05 6.600629002794294e-07 0.021531992786761538 1.848528508650395e-06 7.19914185544427e-05 8.526042811096613e-07 0.006866350208649403 9.571340508054546e-07 0.01401572298375689 6.373262702272452e-07 0.00012252114860922825 0.00027442587908792134 1.9042423245131774e-05 0.005425030444396186 0.23651097546008626 0.1435614953721852 0.28406335691771434 6.277017421987485e-07 6.561883603625804e-07
4 6.390029918276081e-07 0.01084478883034988 6.357125763889603e-07 6.693416207240355e-07 6.409683792167832e-07 1.5875432121923056e-06 6.718457189270457e-07 0.0036900912488696327 6.607727840176081e-07 6.842489474569202e-07 6.646036078509926e-07 7.563298197114663e-05 6.600629002794294e-07 0.021531992786761538 1.848528508650395e-06 7.19914185544427e-05 8.526042811096613e-07 0.006866350208649403 9.571340508054546e-07 0.01401572298375689 6.373262702272452e-07 0.00012252114860922825 0.00027442587908792134 1.9042423245131774e-05 0.005425030444396186 0.23651097546008626 0.1435614953721852 0.28406335691771434 6.277017421987485e-07 6.561883603625804e-07
5 6.390029918276081e-07 0.01084478883034988 6.357125763889603e-07 6.693416207240355e-07 6.409683792167832e-07 1.5875432121923056e-06 6.718457189270457e-07 0.0036900912488696327 6.607727840176081e-07 6.842489474569202e-07 6.646036078509926e-07 7.563298197114663e-05 6.600629002794294e-07 0.021531992786761538 1.848528508650395e-06 7.19914185544427e-05 8.526042811096613e-07 0.006866350208649403 9.571340508054546e-07 0.01401572298375689 6.373262702272452e-07 0.00012252114860922825 0.00027442587908792134 1.9042423245131774e-05 0.005425030444396186 0.23651097546008626 0.1435614953721852 0.28406335691771434 6.277017421987485e-07 6.561883603625804e-07
6 6.390029918276081e-07 0.01084478883034988 6.357125763889603e-07 6.693416207240355e-07 6.409683792167832e-07 1.5875432121923056e-06 6.718457189270457e-07 0.0036900912488696327 6.607727840176081e-07 6.842489474569202e-07 6.646036078509926e-07 7.563298197114663e-05 6.600629002794294e-07 0.021531992786761538 1.848528508650395e-06 7.19914185544427e-05 8.526042811096613e-07 0.006866350208649403 9.571340508054546e-07 0.01401572298375689 6.373262702272452e-07 0.00012252114860922825 0.00027442587908792134 1.9042423245131774e-05 0.005425030444396186 0.23651097546008626 0.1435614953721852 0.28406335691771434 6.277017421987485e-07 6.561883603625804e-07
7 6.390029918276081e-07 0.01084478883034988 6.357125763889603e-07 6.693416207240355e-07 6.409683792167832e-07 1.5875432121923056e-06 6.718457189270457e-07 0.0036900912488696327 6.607727840176081e-07 6.842489474569202e-07 6.646036078509926e-07 7.563298197114663e-05 6.600629002794294e-07 0.021531992786761538 1.848528508650395e-06 7.19914185544427e-05 8.526042811096613e-07 0.006866350208649403 9.571340508054546e-07 0.01401572298375689 6.373262702272452e-07 0.00012252114860922825 0.00027442587908792134 1.9042423245131774e-05 0.005425030444396186 0.23651097546008626 0.1435614953721852 0.28406335691771434 6.277017421987485e-07 6.561883603625804e-07
8 6.390029918276081e-07 0.01084478883034988 6.357125763889603e-07 6.693416207240355e-07 6.409683792167832e-07 1.5875432121923056e-06 6.718457189270457e-07 0.0036900912488696327 6.607727840176081e-07 6.842489474569202e-07 6.646036078509926e-07 7.563298197114663e-05 6.600629002794294e-07 0.021531992786761538 1.848528508650395e-06 7.19914185544427e-05 8.526042811096613e-07 0.006866350208649403 9.571340508054546e-07 0.01401572298375689 6.373262702272452e-07 0.00012252114860922825 0.00027442587908792134 1.9042423245131774e-05 0.005425030444396186 0.23651097546008626 0.1435614953721852 0.28406335691771434 6.277017421987485e-07 6.561883603625804e-07
9 6.390029918276081e-07 0.01084478883034988 6.357125763889603e-07 6.693416207240355e-07 6.409683792167832e-07 1.5875432121923056e-06 6.718457189270457e-07 0.0036900912488696327 6.607727840176081e-07 6.842489474569202e-07 6.646036078509926e-07 7.563298197114663e-05 6.600629002794294e-07 0.021531992786761538 1.848528508650395e-06 7.19914185544427e-05 8.526042811096613e-07 0.006866350208649403 9.571340508054546e-07 0.01401572298375689 6.373262702272452e-07 0.00012252114860922825 0.00027442587908792134 1.9042423245131774e-05 0.005425030444396186 0.23651097546008626 0.1435614953721852 0.28406335691771434 6.277017421987485e-07 6.561883603625804e-07
10 6.390029918276081e-07 0.01084478883034988 6.357125763889603e-07 6.693416207240355e-07 6.409683792167832e-07 1.5875432121923056e-06 6.718457189270457e-07 0.0036900912488696327 6.607727840176081e-07 6.842489474569202e-07 6.646036078509926e-07 7.563298197114663e-05 6.600629002794294e-07 0.021531992786761538 1.848528508650395e-06 7.19914185544427e-05 8.526042811096613e-07 0.006866350208649403 9.571340508054546e-07 0.01401572298375689 6.373262702272452e-07 0.00012252114860922825 0.00027442587908792134 1.9042423245131774e-05 0.005425030444396186 0.23651097546008626 0.1435614953721852 0.28406335691771434 6.277017421987485e-07 6.561883603625804e-07
11 6.390029918276081e-07 0.01084478883034988 6.357125763889603e-07 6.693416207240355e-07 6.409683792167832e-07 1.5875432121923056e-06 6.718457189270457e-07 0.0036900912488696327 6.607727840176081e-07 6.842489474569202e-07 6.646036078509926e-07 7.563298197114663e-05 6.600629002794294e-07 0.021531992786761538 1.848528508650395e-06 7.19914185544427e-05 8.526042811096613e-07 0.006866350208649403 9.571340508054546e-07 0.01401572298375689 6.373262702272452e-07 0.00012252114860922825 0.00027442587908792134 1.9042423245131774e-05 0.005425030444396186 0.23651097546008626 0.1435614953721852 0.28406335691771434 6.277017421987485e-07 6.561883603625804e-07
12 7.964479140370365e-07 0.0037698947999991643 8.01109291142205e-07 8.585279611165757e-07 8.571932960949449e-07 1.7164025086902988e-06 7.89531360007272e-07 0.004398929734589685 8.332419411182247e-07 8.247525401575952e-07 7.855952014129986e-07 0.0020545556758260657 8.201102539513994e-07 0.03791790279141269 5.790929015329739e-06 0.0007002732457570543 2.2780912975894387e-06 0.012332878504237744 1.4882702774949502e-06 0.017667267120864635 8.779118835354316e-07 0.00012211428794171492 0.0007048664848294156 2.3231738717593367e-05 0.029515521031671037 0.290784977097845 0.27662530682680875 0.14936433416931694 8.284372544095786e-07 7.880131942208569e-07
13 7.964479140370365e-07 0.0037698947999991643 8.01109291142205e-07 8.585279611165757e-07 8.571932960949449e-07 1.7164025086902988e-06 7.89531360007272e-07 0.004398929734589685 8.332419411182247e-07 8.247525401575952e-07 7.855952014129986e-07 0.0020545556758260657 8.201102539513994e-07 0.03791790279141269 5.790929015329739e-06 0.0007002732457570543 2.2780912975894387e-06 0.012332878504237744 1.4882702774949502e-06 0.017667267120864635 8.779118835354316e-07 0.00012211428794171492 0.0007048664848294156 2.3231738717593367e-05 0.029515521031671037 0.290784977097845 0.27662530682680875 0.14936433416931694 8.284372544095786e-07 7.880131942208569e-07
14 7.964479140370365e-07 0.0037698947999991643 8.01109291142205e-07 8.585279611165757e-07 8.571932960949449e-07 1.7164025086902988e-06 7.89531360007272e-07 0.004398929734589685 8.332419411182247e-07 8.247525401575952e-07 7.855952014129986e-07 0.0020545556758260657 8.201102539513994e-07 0.03791790279141269 5.790929015329739e-06 0.0007002732457570543 2.2780912975894387e-06 0.012332878504237744 1.4882702774949502e-06 0.017667267120864635 8.779118835354316e-07 0.00012211428794171492 0.0007048664848294156 2.3231738717593367e-05 0.029515521031671037 0.290784977097845 0.27662530682680875 0.14936433416931694 8.284372544095786e-07 7.880131942208569e-07
15 7.964479140370365e-07 0.0037698947999991643 8.01109291142205e-07 8.585279611165757e-07 8.571932960949449e-07 1.7164025086902988e-06 7.89531360007272e-07 0.004398929734589685 8.332419411182247e-07 8.247525401575952e-07 7.855952014129986e-07 0.0020545556758260657 8.201102539513994e-07 0.03791790279141269 5.790929015329739e-06 0.0007002732457570543 2.2780912975894387e-06 0.012332878504237744 1.4882702774949502e-06 0.017667267120864635 8.779118835354316e-07 0.00012211428794171492 0.0007048664848294156 2.3231738717593367e-05 0.029515521031671037 0.290784977097845 0.27662530682680875 0.14936433416931694 8.284372544095786e-07 7.880131942208569e-07
16 7.964479140370365e-07 0.0037698947999991643 8.01109291142205e-07 8.585279611165757e-07 8.571932960949449e-07 1.7164025086902988e-06 7.89531360007272e-07 0.004398929734589685 8.332419411182247e-07 8.247525401575952e-07 7.855952014129986e-07 0.0020545556758260657 8.201102539513994e-07 0.03791790279141269 5.790929015329739e-06 0.0007002732457570543 2.2780912975894387e-06 0.012332878504237744 1.4882702774949502e-06 0.017667267120864635 8.779118835354316e-07 0.00012211428794171492 0.0007048664848294156 2.3231738717593367e-05 0.029515521031671037 0.290784977097845 0.27662530682680875 0.14936433416931694 8.284372544095786e-07 7.880131942208569e-07
17 7.964479140370365e-07 0.0037698947999991643 8.01109291142205e-07 8.585279611165757e-07 8.571932960949449e-07 1.7164025086902988e-06 7.89531360007272e-07 0.004398929734589685 8.332419411182247e-07 8.247525401575952e-07 7.855952014129986e-07 0.0020545556758260657 8.201102539513994e-07 0.03791790279141269 5.790929015329739e-06 0.0007002732457570543 2.2780912975894387e-06 0.012332878504237744 1.4882702774949502e-06 0.017667267120864635 8.779118835354316e-07 0.00012211428794171492 0.0007048664848294156 2.3231738717593367e-05 0.029515521031671037 0.290784977097845 0.27662530682680875 0.14936433416931694 8.284372544095786e-07 7.880131942208569e-07
18 7.964479140370365e-07 0.0037698947999991643 8.01109291142205e-07 8.585279611165757e-07 8.571932960949449e-07 1.7164025086902988e-06 7.89531360007272e-07 0.004398929734589685 8.332419411182247e-07 8.247525401575952e-07 7.855952014129986e-07 0.0020545556758260657 8.201102539513994e-07 0.03791790279141269 5.790929015329739e-06 0.0007002732457570543 2.2780912975894387e-06 0.012332878504237744 1.4882702774949502e-06 0.017667267120864635 8.779118835354316e-07 0.00012211428794171492 0.0007048664848294156 2.3231738717593367e-05 0.029515521031671037 0.290784977097845 0.27662530682680875 0.14936433416931694 8.284372544095786e-07 7.880131942208569e-07
19 7.964479140370365e-07 0.0037698947999991643 8.01109291142205e-07 8.585279611165757e-07 8.571932960949449e-07 1.7164025086902988e-06 7.89531360007272e-07 0.004398929734589685 8.332419411182247e-07 8.247525401575952e-07 7.855952014129986e-07 0.0020545556758260657 8.201102539513994e-07 0.03791790279141269 5.790929015329739e-06 0.0007002732457570543 2.2780912975894387e-06 0.012332878504237744 1.4882702774949502e-06 0.017667267120864635 8.779118835354316e-07 0.00012211428794171492 0.0007048664848294156 2.3231738717593367e-05 0.029515521031671037 0.290784977097845 0.27662530682680875 0.14936433416931694 8.284372544095786e-07 7.880131942208569e-07
20 7.964479140370365e-07 0.0037698947999991643 8.01109291142205e-07 8.585279611165757e-07 8.571932960949449e-07 1.7164025086902988e-06 7.89531360007272e-07 0.004398929734589685 8.332419411182247e-07 8.247525401575952e-07 7.855952014129986e-07 0.0020545556758260657 8.201102539513994e-07 0.03791790279141269 5.790929015329739e-06 0.0007002732457570543 2.2780912975894387e-06 0.012332878504237744 1.4882702774949502e-06 0.017667267120864635 8.779118835354316e-07 0.00012211428794171492 0.0007048664848294156 2.3231738717593367e-05 0.029515521031671037 0.290784977097845 0.27662530682680875 0.14936433416931694 8.284372544095786e-07 7.880131942208569e-07
21 7.964479140370365e-07 0.0037698947999991643 8.01109291142205e-07 8.585279611165757e-07 8.571932960949449e-07 1.7164025086902988e-06 7.89531360007272e-07 0.004398929734589685 8.332419411182247e-07 8.247525401575952e-07 7.855952014129986e-07 0.0020545556758260657 8.201102539513994e-07 0.03791790279141269 5.790929015329739e-06 0.0007002732457570543 2.2780912975894387e-06 0.012332878504237744 1.4882702774949502e-06 0.017667267120864635 8.779118835354316e-07 0.00012211428794171492 0.0007048664848294156 2.3231738717593367e-05 0.029515521031671037 0.290784977097845 0.27662530682680875 0.14936433416931694 8.284372544095786e-07 7.880131942208569e-07
22 4.540358935025292e-07 4.4169359089736013e-07 4.3688489657583667e-07 4.403774315600098e-07 4.772398348077681e-07 1.2170062712524077e-06 4.195780381378116e-07 0.002099527754757492 4.519797132233211e-07 4.471891291746939e-07 4.346428824493681e-07 0.07907710929396856 4.5575451917962585e-07 0.538502767570043 6.337361673572125e-06 0.12024975623766267 1.1865315982918126e-06 0.017876490475579897 8.481366747813517e-07 0.040644988117443374 3.466431798251236e-07 7.351709215386263e-05 0.0003413514047988608 3.1957505206498495e-05 0.0032542572954491885 0.07217642018369713 0.05875660281243742 0.007694449255143156 4.17194828938121e-07 3.959323285181189e-07
23 4.540358935025292e-07 4.4169359089736013e-07 4.3688489657583667e-07 4.403774315600098e-07 4.772398348077681e-07 1.2170062712524077e-06 4.195780381378116e-07 0.002099527754757492 4.519797132233211e-07 4.471891291746939e-07 4.346428824493681e-07 0.07907710929396856 4.5575451917962585e-07 0.538502767570043 6.337361673572125e-06 0.12024975623766267 1.1865315982918126e-06 0.017876490475579897 8.481366747813517e-07 0.040644988117443374 3.466431798251236e-07 7.351709215386263e-05 0.0003413514047988608 3.1957505206498495e-05 0.0032542572954491885 0.07217642018369713 0.05875660281243742 0.007694449255143156 4.17194828938121e-07 3.959323285181189e-07
24 4.540358935025292e-07 4.4169359089736013e-07 4.3688489657583667e-07 4.403774315600098e-07 4.772398348077681e-07 1.2170062712524077e-06 4.195780381378116e-07 0.002099527754757492 4.519797132233211e-07 4.471891291746939e-07 4.346428824493681e-07 0.07907710929396856 4.5575451917962585e-07 0.538502767570043 6.337361673572125e-06 0.12024975623766267 1.1865315982918126e-06 0.017876490475579897 8.481366747813517e-07 0.040644988117443374 3.466431798251236e-07 7.351709215386263e-05 0.0003413514047988608 3.1957505206498495e-05 0.0032542572954491885 0.07217642018369713 0.05875660281243742 0.007694449255143156 4.17194828938121e-07 3.959323285181189e-07
25 4.540358935025292e-07 4.4169359089736013e-07 4.3688489657583667e-07 4.403774315600098e-07 4.772398348077681e-07 1.2170062712524077e-06 4.195780381378116e-07 0.002099527754757492 4.519797132233211e-07 4.471891291746939e-07 4.346428824493681e-07 0.07907710929396856 4.5575451917962585e-07 0.538502767570043 6.337361673572125e-06 0.12024975623766267 1.1865315982918126e-06 0.017876490475579897 8.481366747813517e-07 0.040644988117443374 3.466431798251236e-07 7.351709215386263e-05 0.0003413514047988608 3.1957505206498495e-05 0.0032542572954491885 0.07217642018369713 0.05875660281243742 0.007694449255143156 4.17194828938121e-07 3.959323285181189e-07
26 4.540358935025292e-07 4.4169359089736013e-07 4.3688489657583667e-07 4.403774315600098e-07 4.772398348077681e-07 1.2170062712524077e-06 4.195780381378116e-07 0.002099527754757492 4.519797132233211e-07 4.471891291746939e-07 4.346428824493681e-07 0.07907710929396856 4.5575451917962585e-07 0.538502767570043 6.337361673572125e-06 0.12024975623766267 1.1865315982918126e-06 0.017876490475579897 8.481366747813517e-07 0.040644988117443374 3.466431798251236e-07 7.351709215386263e-05 0.0003413514047988608 3.1957505206498495e-05 0.0032542572954491885 0.07217642018369713 0.05875660281243742 0.007694449255143156 4.17194828938121e-07 3.959323285181189e-07
27 4.540358935025292e-07 4.4169359089736013e-07 4.3688489657583667e-07 4.403774315600098e-07 4.772398348077681e-07 1.2170062712524077e-06 4.195780381378116e-07 0.002099527754757492 4.519797132233211e-07 4.471891291746939e-07 4.346428824493681e-07 0.07907710929396856 4.5575451917962585e-07 0.538502767570043 6.337361673572125e-06 0.12024975623766267 1.1865315982918126e-06 0.017876490475579897 8.481366747813517e-07 0.040644988117443374 3.466431798251236e-07 7.351709215386263e-05 0.0003413514047988608 3.1957505206498495e-05 0.0032542572954491885 0.07217642018369713 0.05875660281243742 0.007694449255143156 4.17194828938121e-07 3.959323285181189e-07
28 4.540358935025292e-07 4.4169359089736013e-07 4.3688489657583667e-07 4.403774315600098e-07 4.772398348077681e-07 1.2170062712524077e-06 4.195780381378116e-07 0.002099527754757492 4.519797132233211e-07 4.471891291746939e-07 4.346428824493681e-07 0.07907710929396856 4.5575451917962585e-07 0.538502767570043 6.337361673572125e-06 0.12024975623766267 1.1865315982918126e-06 0.017876490475579897 8.481366747813517e-07 0.040644988117443374 3.466431798251236e-07 7.351709215386263e-05 0.0003413514047988608 3.1957505206498495e-05 0.0032542572954491885 0.07217642018369713 0.05875660281243742 0.007694449255143156 4.17194828938121e-07 3.959323285181189e-07
29 4.540358935025292e-07 4.4169359089736013e-07 4.3688489657583667e-07 4.403774315600098e-07 4.772398348077681e-07 1.2170062712524077e-06 4.195780381378116e-07 0.002099527754757492 4.519797132233211e-07 4.471891291746939e-07 4.346428824493681e-07 0.07907710929396856 4.5575451917962585e-07 0.538502767570043 6.337361673572125e-06 0.12024975623766267 1.1865315982918126e-06 0.017876490475579897 8.481366747813517e-07 0.040644988117443374 3.466431798251236e-07 7.351709215386263e-05 0.0003413514047988608 3.1957505206498495e-05 0.0032542572954491885 0.07217642018369713 0.05875660281243742 0.007694449255143156 4.17194828938121e-07 3.959323285181189e-07
30 4.540358935025292e-07 4.4169359089736013e-07 4.3688489657583667e-07 4.403774315600098e-07 4.772398348077681e-07 1.2170062712524077e-06 4.195780381378116e-07 0.002099527754757492 4.519797132233211e-07 4.471891291746939e-07 4.346428824493681e-07 0.07907710929396856 4.5575451917962585e-07 0.538502767570043 6.337361673572125e-06 0.12024975623766267 1.1865315982918126e-06 0.017876490475579897 8.481366747813517e-07 0.040644988117443374 3.466431798251236e-07 7.351709215386263e-05 0.0003413514047988608 3.1957505206498495e-05 0.0032542572954491885 0.07217642018369713 0.05875660281243742 0.007694449255143156 4.17194828938121e-07 3.959323285181189e-07
31 4.540358935025292e-07 4.4169359089736013e-07 4.3688489657583667e-07 4.403774315600098e-07 4.772398348077681e-07 1.2170062712524077e-06 4.195780381378116e-07 0.002099527754757492 4.519797132233211e-07 4.471891291746939e-07 4.346428824493681e-07 0.07907710929396856 4.5575451917962585e-07 0.538502767570043 6.337361673572125e-06 0.12024975623766267 1.1865315982918126e-06 0.017876490475579897 8.481366747813517e-07 0.040644988117443374 3.466431798251236e-07 7.351709215386263e-05 0.0003413514047988608 3.1957505206498495e-05 0.0032542572954491885 0.07217642018369713 0.05875660281243742 0.007694449255143156 4.17194828938121e-07 3.959323285181189e-07
32 3.918708747001953e-07 4.125024576465025e-07 3.8813692984556267e-07 3.119224892966803e-07 3.9792616282219955e-07 9.516337776084844e-06 3.4922292153117506e-07 0.26650515360013516 3.5224896655616835e-07 1.4808375930401487e-06 4.3858482810940737e-07 0.034992982218107684 4.129311334988353e-07 0.49359782015259973 4.011891773852614e-05 6.517101563144005e-05 2.2977655489640628e-05 0.0195963224824938 2.5171933537167715e-05 0.007067034371936564 3.941907807361369e-07 2.617192773279581e-05 2.8430903722944132e-05 3.2739522855654686e-05 0.00029006213245726944 0.01132146494134276 0.014810908482570601 0.006947344093899046 4.1870090185208237e-07 4.10529782687024e-07
33 3.918708747001953e-07 4.125024576465025e-07 3.8813692984556267e-07 3.119224892966803e-07 3.9792616282219955e-07 9.516337776084844e-06 3.4922292153117506e-07 0.26650515360013516 3.5224896655616835e-07 1.4808375930401487e-06 4.3858482810940737e-07 0.034992982218107684 4.129311334988353e-07 0.49359782015259973 4.011891773852614e-05 6.517101563144005e-05 2.2977655489640628e-05 0.0195963224824938 2.5171933537167715e-05 0.007067034371936564 3.941907807361369e-07 2.617192773279581e-05 2.8430903722944132e-05 3.2739522855654686e-05 0.00029006213245726944 0.01132146494134276 0.014810908482570601 0.006947344093899046 4.1870090185208237e-07 4.10529782687024e-07
34 3.918708747001953e-07 4.125024576465025e-07 3.8813692984556267e-07 3.119224892966803e-07 3.9792616282219955e-07 9.516337776084844e-06 3.4922292153117506e-07 0.26650515360013516 3.5224896655616835e-07 1.4808375930401487e-06 4.3858482810940737e-07 0.034992982218107684 4.129311334988353e-07 0.49359782015259973 4.011891773852614e-05 6.517101563144005e-05 2.2977655489640628e-05 0.0195963224824938 2.5171933537167715e-05 0.007067034371936564 3.941907807361369e-07 2.617192773279581e-05 2.8430903722944132e-05 3.2739522855654686e-05 0.00029006213245726944 0.01132146494134276 0.014810908482570601 0.006947344093899046 4.1870090185208237e-07 4.10529782687024e-07
35 3.918708747001953e-07 4.125024576465025e-07 3.8813692984556267e-07 3.119224892966803e-07 3.9792616282219955e-07 9.516337776084844e-06 3.4922292153117506e-07 0.26650515360013516 3.5224896655616835e-07 1.4808375930401487e-06 4.3858482810940737e-07 0.034992982218107684 4.129311334988353e-07 0.49359782015259973 4.011891773852614e-05 6.517101563144005e-05 2.2977655489640628e-05 0.0195963224824938 2.5171933537167715e-05 0.007067034371936564 3.941907807361369e-07 2.617192773279581e-05 2.8430903722944132e-05 3.2739522855654686e-05 0.00029006213245726944 0.01132146494134276 0.014810908482570601 0.006947344093899046 4.1870090185208237e-07 4.10529782687024e-07
36 3.918708747001953e-07 4.125024576465025e-07 3.8813692984556267e-07 3.119224892966803e-07 3.9792616282219955e-07 9.516337776084844e-06 3.4922292153117506e-07 0.26650515360013516 3.5224896655616835e-07 1.4808375930401487e-06 4.3858482810940737e-07 0.034992982218107684 4.129311334988353e-07 0.49359782015259973 4.011891773852614e-05 6.517101563144005e-05 2.2977655489640628e-05 0.0195963224824938 2.5171933537167715e-05 0.007067034371936564 3.941907807361369e-07 2.617192773279581e-05 2.8430903722944132e-05 3.2739522855654686e-05 0.00029006213245726944 0.01132146494134276 0.014810908482570601 0.006947344093899046 4.1870090185208237e-07 4.10529782687024e-07
37 3.918708747001953e-07 4.125024576465025e-07 3.8813692984556267e-07 3.119224892966803e-07 3.9792616282219955e-07 9.516337776084844e-06 3.4922292153117506e-07 0.26650515360013516 3.5224896655616835e-07 1.4808375930401487e-06 4.3858482810940737e-07 0.034992982218107684 4.129311334988353e-07 0.49359782015259973 4.011891773852614e-05 6.517101563144005e-05 2.2977655489640628e-05 0.0195963224824938 2.5171933537167715e-05 0.007067034371936564 3.941907807361369e-07 2.617192773279581e-05 2.8430903722944132e-05 3.2739522855654686e-05 0.00029006213245726944 0.01132146494134276 0.014810908482570601 0.006947344093899046 4.1870090185208237e-07 4.10529782687024e-07
38 3.918708747001953e-07 4.125024576465025e-07 3.8813692984556267e-07 3.119224892966803e-07 3.9792616282219955e-07 9.516337776084844e-06 3.4922292153117506e-07 0.26650515360013516 3.5224896655616835e-07 1.4808375930401487e-06 4.3858482810940737e-07 0.034992982218107684 4.129311334988353e-07 0.49359782015259973 4.011891773852614e-05 6.517101563144005e-05 2.2977655489640628e-05 0.0195963224824938 2.5171933537167715e-05 0.007067034371936564 3.941907807361369e-07 2.617192773279581e-05 2.8430903722944132e-05 3.2739522855654686e-05 0.00029006213245726944 0.01132146494134276 0.014810908482570601 0.006947344093899046 4.1870090185208237e-07 4.10529782687024e-07
39 3.918708747001953e-07 4.125024576465025e-07 3.8813692984556267e-07 3.119224892966803e-07 3.9792616282219955e-07 9.516337776084844e-06 3.4922292153117506e-07 0.26650515360013516 3.5224896655616835e-07 1.4808375930401487e-06 4.3858482810940737e-07 0.034992982218107684 4.129311334988353e-07 0.49359782015259973 4.011891773852614e-05 6.517101563144005e-05 2.2977655489640628e-05 0.0195963224824938 2.5171933537167715e-05 0.007067034371936564 3.941907807361369e-07 2.617192773279581e-05 2.8430903722944132e-05 3.2739522855654686e-05 0.00029006213245726944 0.01132146494134276 0.014810908482570601 0.006947344093899046 4.1870090185208237e-07 4.10529782687024e-07
40 3.918708747001953e-07 4.125024576465025e-07 3.8813692984556267e-07 3.119224892966803e-07 3.9792616282219955e-07 9.516337776084844e-06 3.4922292153117506e-07 0.26650515360013516 3.5224896655616835e-07 1.4808375930401487e-06 4.3858482810940737e-07 0.034992982218107684 4.129311334988353e-07 0.49359782015259973 4.011891773852614e-05 6.517101563144005e-05 2.2977655489640628e-05 0.0195963224824938 2.5171933537167715e-05 0.007067034371936564 3.941907807361369e-07 2.617192773279581e-05 2.8430903722944132e-05 3.2739522855654686e-05 0.00029006213245726944 0.01132146494134276 0.014810908482570601 0.006947344093899046 4.1870090185208237e-07 4.10529782687024e-07
41 3.918708747001953e-07 4.125024576465025e-07 3.8813692984556267e-07 3.119224892966803e-07 3.9792616282219955e-07 9.516337776084844e-06 3.4922292153117506e-07 0.26650515360013516 3.5224896655616835e-07 1.4808375930401487e-06 4.3858482810940737e-07 0.034992982218107684 4.129311334988353e-07 0.49359782015259973 4.011891773852614e-05 6.517101563144005e-05 2.2977655489640628e-05 0.0195963224824938 2.5171933537167715e-05 0.007067034371936564 3.941907807361369e-07 2.617192773279581e-05 2.8430903722944132e-05 3.2739522855654686e-05 0.00029006213245726944 0.01132146494134276 0.014810908482570601 0.006947344093899046 4.1870090185208237e-07 4.10529782687024e-07
42 3.918708747001953e-07 4.125024576465025e-07 3.8813692984556267e-07 3.119224892966803e-07 3.9792616282219955e-07 9.516337776084844e-06 3.4922292153117506e-07 0.26650515360013516 3.5224896655616835e-07 1.4808375930401487e-06 4.3858482810940737e-07 0.034992982218107684 4.129311334988353e-07 0.49359782015259973 4.011891773852614e-05 6.517101563144005e-05 2.2977655489640628e-05 0.0195963224824938 2.5171933537167715e-05 0.007067034371936564 3.941907807361369e-07 2.617192773279581e-05 2.8430903722944132e-05 3.2739522855654686e-05 0.00029006213245726944 0.01132146494134276 0.014810908482570601 0.006947344093899046 4.1870090185208237e-07 4.10529782687024e-07
43 3.918708747001953e-07 4.125024576465025e-07 3.8813692984556267e-07 3.119224892966803e-07 3.9792616282219955e-07 9.516337776084844e-06 3.4922292153117506e-07 0.26650515360013516 3.5224896655616835e-07 1.4808375930401487e-06 4.3858482810940737e-07 0.034992982218107684 4.129311334988353e-07 0.49359782015259973 4.011891773852614e-05 6.517101563144005e-05 2.2977655489640628e-05 0.0195963224824938 2.5171933537167715e-05 0.007067034371936564 3.941907807361369e-07 2.617192773279581e-05 2.8430903722944132e-05 3.2739522855654686e-05 0.00029006213245726944 0.01132146494134276 0.014810908482570601 0.006947344093899046 4.1870090185208237e-07 4.10529782687024e-07
44 3.918708747001953e-07 4.125024576465025e-07 3.8813692984556267e-07 3.119224892966803e-07 3.9792616282219955e-07 9.516337776084844e-06 3.4922292153117506e-07 0.26650515360013516 3.5224896655616835e-07 1.4808375930401487e-06 4.3858482810940737e-07 0.034992982218107684 4.129311334988353e-07 0.49359782015259973 4.011891773852614e-05 6.517101563144005e-05 2.2977655489640628e-05 0.0195963224824938 2.5171933537167715e-05 0.007067034371936564 3.941907807361369e-07 2.617192773279581e-05 2.8430903722944132e-05 3.2739522855654686e-05 0.00029006213245726944 0.01132146494134276 0.014810908482570601 0.006947344093899046 4.1870090185208237e-07 4.10529782687024e-07
45 1.250836062224213e-06 1.256331949757434e-06 1.2163423501143778e-06 1.0806729160684103e-06 1.146583806108937e-06 0.08056424732065366 1.1629557810421358e-06 0.40295003056112505 1.226654422642653e-06 0.05601912424529732 0.0005041695789487247 0.22578404371637129 1.2136556389033648e-06 0.00013954341550114914 0.00018687896945796475 0.00014551518495942116 3.902405864355973e-05 0.0037000228227628065 1.0140495339109636e-05 0.0015047471571127352 1.3722207814207008e-06 1.8285361788988733e-05 2.0979976640451685e-06 1.2291418152301872e-05 3.6127583775071816e-05 0.004419157589230244 0.0008221134891850051 0.0022943546665366407 1.2316139676418235e-06 1.1967039298908325e-06
46 1.250836062224213e-06 1.256331949757434e-06 1.2163423501143778e-06 1.0806729160684103e-06 1.146583806108937e-06 0.08056424732065366 1.1629557810421358e-06 0.40295003056112505 1.226654422642653e-06 0.05601912424529732 0.0005041695789487247 0.22578404371637129 1.2136556389033648e-06 0.00013954341550114914 0.00018687896945796475 0.00014551518495942116 3.902405864355973e-05 0.0037000228227628065 1.0140495339109636e-05 0.0015047471571127352 1.3722207814207008e-06 1.8285361788988733e-05 2.0979976640451685e-06 1.2291418152301872e-05 3.6127583775071816e-05 0.004419157589230244 0.0008221134891850051 0.0022943546665366407 1.2316139676418235e-06 1.1967039298908325e-06
47 1.250836062224213e-06 1.256331949757434e-06 1.2163423501143778e-06 1.0806729160684103e-06 1.146583806108937e-06 0.08056424732065366 1.1629557810421358e-06 0.40295003056112505 1.226654422642653e-06 0.05601912424529732 0.0005041695789487247 0.22578404371637129 1.2136556389033648e-06 0.00013954341550114914 0.00018687896945796475 0.00014551518495942116 3.902405864355973e-05 0.0037000228227628065 1.0140495339109636e-05 0.0015047471571127352 1.3722207814207008e-06 1.8285361788988733e-05 2.0979976640451685e-06 1.2291418152301872e-05 3.6127583775071816e-05 0.004419157589230244 0.0008221134891850051 0.0022943546665366407 1.2316139676418235e-06 1.1967039298908325e-06
48 1.250836062224213e-06 1.256331949757434e-06 1.2163423501143778e-06 1.0806729160684103e-06 1.146583806108937e-06 0.08056424732065366 1.1629557810421358e-06 0.40295003056112505 1.226654422642653e-06 0.05601912424529732 0.0005041695789487247 0.22578404371637129 1.2136556389033648e-06 0.00013954341550114914 0.00018687896945796475 0.00014551518495942116 3.902405864355973e-05 0.0037000228227628065 1.0140495339109636e-05 0.0015047471571127352 1.3722207814207008e-06 1.8285361788988733e-05 2.0979976640451685e-06 1.2291418152301872e-05 3.6127583775071816e-05 0.004419157589230244 0.0008221134891850051 0.0022943546665366407 1.2316139676418235e-06 1.1967039298908325e-06
49 1.250836062224213e-06 1.256331949757434e-06 1.2163423501143778e-06 1.0806729160684103e-06 1.146583806108937e-06 0.08056424732065366 1.1629557810421358e-06 0.40295003056112505 1.226654422642653e-06 0.05601912424529732 0.0005041695789487247 0.22578404371637129 1.2136556389033648e-06 0.00013954341550114914 0.00018687896945796475 0.00014551518495942116 3.902405864355973e-05 0.0037000228227628065 1.0140495339109636e-05 0.0015047471571127352 1.3722207814207008e-06 1.8285361788988733e-05 2.0979976640451685e-06 1.2291418152301872e-05 3.6127583775071816e-05 0.004419157589230244 0.0008221134891850051 0.0022943546665366407 1.2316139676418235e-06 1.1967039298908325e-06
50 1.250836062224213e-06 1.256331949757434e-06 1.2163423501143778e-06 1.0806729160684103e-06 1.146583806108937e-06 0.08056424732065366 1.1629557810421358e-06 0.40295003056112505 1.226654422642653e-06 0.05601912424529732 0.0005041695789487247 0.22578404371637129 1.2136556389033648e-06 0.00013954341550114914 0.00018687896945796475 0.00014551518495942116 3.902405864355973e-05 0.0037000228227628065 1.0140495339109636e-05 0.0015047471571127352 1.3722207814207008e-06 1.8285361788988733e-05 2.0979976640451685e-06 1.2291418152301872e-05 3.6127583775071816e-05 0.004419157589230244 0.0008221134891850051 0.0022943546665366407 1.2316139676418235e-06 1.1967039298908325e-06
51 1.250836062224213e-06 1.256331949757434e-06 1.2163423501143778e-06 1.0806729160684103e-06 1.146583806108937e-06 0.08056424732065366 1.1629557810421358e-06 0.40295003056112505 1.226654422642653e-06 0.05601912424529732 0.0005041695789487247 0.22578404371637129 1.2136556389033648e-06 0.00013954341550114914 0.00018687896945796475 0.00014551518495942116 3.902405864355973e-05 0.0037000228227628065 1.0140495339109636e-05 0.0015047471571127352 1.3722207814207008e-06 1.8285361788988733e-05 2.0979976640451685e-06 1.2291418152301872e-05 3.6127583775071816e-05 0.004419157589230244 0.0008221134891850051 0.0022943546665366407 1.2316139676418235e-06 1.1967039298908325e-06
52 1.250836062224213e-06 1.256331949757434e-06 1.2163423501143778e-06 1.0806729160684103e-06 1.146583806108937e-06 0.08056424732065366 1.1629557810421358e-06 0.40295003056112505 1.226654422642653e-06 0.05601912424529732 0.0005041695789487247 0.22578404371637129 1.2136556389033648e-06 0.00013954341550114914 0.00018687896945796475 0.00014551518495942116 3.902405864355973e-05 0.0037000228227628065 1.0140495339109636e-05 0.0015047471571127352 1.3722207814207008e-06 1.8285361788988733e-05 2.0979976640451685e-06 1.2291418152301872e-05 3.6127583775071816e-05 0.004419157589230244 0.0008221134891850051 0.0022943546665366407 1.2316139676418235e-06 1.1967039298908325e-06
53 1.250836062224213e-06 1.256331949757434e-06 1.2163423501143778e-06 1.0806729160684103e-06 1.146583806108937e-06 0.08056424732065366 1.1629557810421358e-06 0.40295003056112505 1.226654422642653e-06 0.05601912424529732 0.0005041695789487247 0.22578404371637129 1.2136556389033648e-06 0.00013954341550114914 0.00018687896945796475 0.00014551518495942116 3.902405864355973e-05 0.0037000228227628065 1.0140495339109636e-05 0.0015047471571127352 1.3722207814207008e-06 1.8285361788988733e-05 2.0979976640451685e-06 1.2291418152301872e-05 3.6127583775071816e-05 0.004419157589230244 0.0008221134891850051 0.0022943546665366407 1.2316139676418235e-06 1.1967039298908325e-06
54 1.250836062224213e-06 1.256331949757434e-06 1.2163423501143778e-06 1.0806729160684103e-06 1.146583806108937e-06 0.08056424732065366 1.1629557810421358e-06 0.40295003056112505 1.226654422642653e-06 0.05601912424529732 0.0005041695789487247 0.22578404371637129 1.2136556389033648e-06 0.00013954341550114914 0.00018687896945796475 0.00014551518495942116 3.902405864355973e-05 0.0037000228227628065 1.0140495339109636e-05 0.0015047471571127352 1.3722207814207008e-06 1.8285361788988733e-05 2.0979976640451685e-06 1.2291418152301872e-05 3.6127583775071816e-05 0.004419157589230244 0.0008221134891850051 0.0022943546665366407 1.2316139676418235e-06 1.1967039298908325e-06
55 1.250836062224213e-06 1.256331949757434e-06 1.2163423501143778e-06 1.0806729160684103e-06 1.146583806108937e-06 0.08056424732065366 1.1629557810421358e-06 0.40295003056112505 1.226654422642653e-06 0.05601912424529732 0.0005041695789487247 0.22578404371637129 1.2136556389033648e-06 0.00013954341550114914 0.00018687896945796475 0.00014551518495942116 3.902405864355973e-05 0.0037000228227628065 1.0140495339109636e-05 0.0015047471571127352 1.3722207814207008e-06 1.8285361788988733e-05 2.0979976640451685e-06 1.2291418152301872e-05 3.6127583775071816e-05 0.004419157589230244 0.0008221134891850051 0.0022943546665366407 1.2316139676418235e-06 1.1967039298908325e-06
56 1.250836062224213e-06 1.256331949757434e-06 1.2163423501143778e-06 1.0806729160684103e-06 1.146583806108937e-06 0.08056424732065366 1.1629557810421358e-06 0.40295003056112505 1.226654422642653e-06 0.05601912424529732 0.0005041695789487247 0.22578404371637129 1.2136556389033648e-06 0.00013954341550114914 0.00018687896945796475 0.00014551518495942116 3.902405864355973e-05 0.0037000228227628065 1.0140495339109636e-05 0.0015047471571127352 1.3722207814207008e-06 1.8285361788988733e-05 2.0979976640451685e-06 1.2291418152301872e-05 3.6127583775071816e-05 0.004419157589230244 0.0008221134891850051 0.0022943546665366407 1.2316139676418235e-06 1.1967039298908325e-06
57 1.250836062224213e-06 1.256331949757434e-06 1.2163423501143778e-06 1.0806729160684103e-06 1.146583806108937e-06 0.08056424732065366 1.1629557810421358e-06 0.40295003056112505 1.226654422642653e-06 0.05601912424529732 0.0005041695789487247 0.22578404371637129 1.2136556389033648e-06 0.00013954341550114914 0.00018687896945796475 0.00014551518495942116 3.902405864355973e-05 0.0037000228227628065 1.0140495339109636e-05 0.0015047471571127352 1.3722207814207008e-06 1.8285361788988733e-05 2.0979976640451685e-06 1.2291418152301872e-05 3.6127583775071816e-05 0.004419157589230244 0.0008221134891850051 0.0022943546665366407 1.2316139676418235e-06 1.1967039298908325e-06
58 1.250836062224213e-06 1.256331949757434e-06 1.2163423501143778e-06 1.0806729160684103e-06 1.146583806108937e-06 0.08056424732065366 1.1629557810421358e-06 0.40295003056112505 1.226654422642653e-06 0.05601912424529732 0.0005041695789487247 0.22578404371637129 1.2136556389033648e-06 0.00013954341550114914 0.00018687896945796475 0.00014551518495942116 3.902405864355973e-05 0.0037000228227628065 1.0140495339109636e-05 0.0015047471571127352 1.3722207814207008e-06 1.8285361788988733e-05 2.0979976640451685e-06 1.2291418152301872e-05 3.6127583775071816e-05 0.004419157589230244 0.0008221134891850051 0.0022943546665366407 1.2316139676418235e-06 1.1967039298908325e-06
59 1.250836062224213e-06 1.256331949757434e-06 1.2163423501143778e-06 1.0806729160684103e-06 1.146583806108937e-06 0.08056424732065366 1.1629557810421358e-06 0.40295003056112505 1.226654422642653e-06 0.05601912424529732 0.0005041695789487247 0.22578404371637129 1.2136556389033648e-06 0.00013954341550114914 0.00018687896945796475 0.00014551518495942116 3.902405864355973e-05 0.0037000228227628065 1.0140495339109636e-05 0.0015047471571127352 1.3722207814207008e-06 1.8285361788988733e-05 2.0979976640451685e-06 1.2291418152301872e-05 3.6127583775071816e-05 0.004419157589230244 0.0008221134891850051 0.0022943546665366407 1.2316139676418235e-06 1.1967039298908325e-06
60 1.250836062224213e-06 1.256331949757434e-06 1.2163423501143778e-06 1.0806729160684103e-06 1.146583806108937e-06 0.08056424732065366 1.1629557810421358e-06 0.40295003056112505 1.226654422642653e-06 0.05601912424529732 0.0005041695789487247 0.22578404371637129 1.2136556389033648e-06 0.00013954341550114914 0.00018687896945796475 0.00014551518495942116 3.902405864355973e-05 0.0037000228227628065 1.0140495339109636e-05 0.0015047471571127352 1.3722207814207008e-06 1.8285361788988733e-05 2.0979976640451685e-06 1.2291418152301872e-05 3.6127583775071816e-05 0.004419157589230244 0.0008221134891850051 0.0022943546665366407 1.2316139676418235e-06 1.1967039298908325e-06
61 1.250836062224213e-06 1.256331949757434e-06 1.2163423501143778e-06 1.0806729160684103e-06 1.146583806108937e-06 0.08056424732065366 1.1629557810421358e-06 0.40295003056112505 1.226654422642653e-06 0.05601912424529732 0.0005041695789487247 0.22578404371637129 1.2136556389033648e-06 0.00013954341550114914 0.00018687896945796475 0.00014551518495942116 3.902405864355973e-05 0.0037000228227628065 1.0140495339109636e-05 0.0015047471571127352 1.3722207814207008e-06 1.8285361788988733e-05 2.0979976640451685e-06 1.2291418152301872e-05 3.6127583775071816e-05 0.004419157589230244 0.0008221134891850051 0.0022943546665366407 1.2316139676418235e-06 1.1967039298908325e-06
62 1.250836062224213e-06 1.256331949757434e-06 1.2163423501143778e-06 1.0806729160684103e-06 1.146583806108937e-06 0.08056424732065366 1.1629557810421358e-06 0.40295003056112505 1.226654422642653e-06 0.05601912424529732 0.0005041695789487247 0.22578404371637129 1.2136556389033648e-06 0.00013954341550114914 0.00018687896945796475 0.00014551518495942116 3.902405864355973e-05 0.0037000228227628065 1.0140495339109636e-05 0.0015047471571127352 1.3722207814207008e-06 1.8285361788988733e-05 2.0979976640451685e-06 1.2291418152301872e-05 3.6127583775071816e-05 0.004419157589230244 0.0008221134891850051 0.0022943546665366407 1.2316139676418235e-06 1.1967039298908325e-06
63 1.250836062224213e-06 1.256331949757434e-06 1.2163423501143778e-06 1.0806729160684103e-06 1.146583806108937e-06 0.08056424732065366 1.1629557810421358e-06 0.40295003056112505 1.226654422642653e-06 0.05601912424529732 0.0005041695789487247 0.22578404371637129 1.2136556389033648e-06 0.00013954341550114914 0.00018687896945796475 0.00014551518495942116 3.902405864355973e-05 0.0037000228227628065 1.0140495339109636e-05 0.0015047471571127352 1.3722207814207008e-06 1.8285361788988733e-05 2.0979976640451685e-06 1.2291418152301872e-05 3.6127583775071816e-05 0.004419157589230244 0.0008221134891850051 0.0022943546665366407 1.2316139676418235e-06 1.1967039298908325e-06
64 1.250836062224213e-06 1.256331949757434e-06 1.2163423501143778e-06 1.0806729160684103e-06 1.146583806108937e-06 0.08056424732065366 1.1629557810421358e-06 0.40295003056112505 1.226654422642653e-06 0.05601912424529732 0.0005041695789487247 0.22578404371637129 1.2136556389033648e-06 0.00013954341550114914 0.00018687896945796475 0.00014551518495942116 3.902405864355973e-05 0.0037000228227628065 1.0140495339109636e-05 0.0015047471571127352 1.3722207814207008e-06 1.8285361788988733e-05 2.0979976640451685e-06 1.2291418152301872e-05 3.6127583775071816e-05 0.004419157589230244 0.0008221134891850051 0.0022943546665366407 1.2316139676418235e-06 1.1967039298908325e-06
65 1.250836062224213e-06 1.256331949757434e-06 1.2163423501143778e-06 1.0806729160684103e-06 1.146583806108937e-06 0.08056424732065366 1.1629557810421358e-06 0.40295003056112505 1.226654422642653e-06 0.05601912424529732 0.0005041695789487247 0.22578404371637129 1.2136556389033648e-06 0.00013954341550114914 0.00018687896945796475 0.00014551518495942116 3.902405864355973e-05 0.0037000228227628065 1.0140495339109636e-05 0.0015047471571127352 1.3722207814207008e-06 1.8285361788988733e-05 2.0979976640451685e-06 1.2291418152301872e-05 3.6127583775071816e-05 0.004419157589230244 0.0008221134891850051 0.0022943546665366407 1.2316139676418235e-06 1.1967039298908325e-06
66 1.250836062224213e-06 1.256331949757434e-06 1.2163423501143778e-06 1.0806729160684103e-06 1.146583806108937e-06 0.08056424732065366 1.1629557810421358e-06 0.40295003056112505 1.226654422642653e-06 0.05601912424529732 0.0005041695789487247 0.22578404371637129 1.2136556389033648e-06 0.00013954341550114914 0.00018687896945796475 0.00014551518495942116 3.902405864355973e-05 0.0037000228227628065 1.0140495339109636e-05 0.0015047471571127352 1.3722207814207008e-06 1.8285361788988733e-05 2.0979976640451685e-06 1.2291418152301872e-05 3.6127583775071816e-05 0.004419157589230244 0.0008221134891850051 0.0022943546665366407 1.2316139676418235e-06 1.1967039298908325e-06
67 1.250836062224213e-06 1.256331949757434e-06 1.2163423501143778e-06 1.0806729160684103e-06 1.146583806108937e-06 0.08056424732065366 1.1629557810421358e-06 0.40295003056112505 1.226654422642653e-06 0.05601912424529732 0.0005041695789487247 0.22578404371637129 1.2136556389033648e-06 0.00013954341550114914 0.00018687896945796475 0.00014551518495942116 3.902405864355973e-05 0.0037000228227628065 1.0140495339109636e-05 0.0015047471571127352 1.3722207814207008e-06 1.8285361788988733e-05 2.0979976640451685e-06 1.2291418152301872e-05 3.6127583775071816e-05 0.004419157589230244 0.0008221134891850051 0.0022943546665366407 1.2316139676418235e-06 1.1967039298908325e-06
68 9.189283103285465e-07 9.244273044575943e-07 9.218315854584587e-07 9.939445044794795e-07 9.271504455132375e-07 0.06479959825078128 9.65542181920469e-07 0.4684862561027423 9.036541250238961e-07 0.05049605398799447 0.00038826522463183705 0.18191646963859676 8.837513098532376e-07 0.00011382188578776178 0.00013505674875579181 0.00011426263721123657 3.196147039678084e-05 0.0029725556076188367 7.694026857580985e-06 0.0006489240508195872 1.1101972383332839e-06 1.2948368247807133e-05 1.6366412577803232e-06 9.440990217033943e-06 2.7509106839095388e-05 0.003393590513808508 0.0005581253622591432 0.0015285677307139553 9.458576627771829e-07 9.481097568916613e-07
69 9.189283103285465e-07 9.244273044575943e-07 9.218315854584587e-07 9.939445044794795e-07 9.271504455132375e-07 0.06479959825078128 9.65542181920469e-07 0.4684862561027423 9.036541250238961e-07 0.05049605398799447 0.00038826522463183705 0.18191646963859676 8.837513098532376e-07 0.00011382188578776178 0.00013505674875579181 0.00011426263721123657 3.196147039678084e-05 0.0029725556076188367 7.694026857580985e-06 0.0006489240508195872 1.1101972383332839e-06 1.2948368247807133e-05 1.6366412577803232e-06 9.440990217033943e-06 2.7509106839095388e-05 0.003393590513808508 0.0005581253622591432 0.0015285677307139553 9.458576627771829e-07 9.481097568916613e-07
70 9.189283103285465e-07 9.244273044575943e-07 9.218315854584587e-07 9.939445044794795e-07 9.271504455132375e-07 0.06479959825078128 9.65542181920469e-07 0.4684862561027423 9.036541250238961e-07 0.05049605398799447 0.00038826522463183705 0.18191646963859676 8.837513098532376e-07 0.00011382188578776178 0.00013505674875579181 0.00011426263721123657 3.196147039678084e-05 0.0029725556076188367 7.694026857580985e-06 0.0006489240508195872 1.1101972383332839e-06 1.2948368247807133e-05 1.6366412577803232e-06 9.440990217033943e-06 2.7509106839095388e-05 0.003393590513808508 0.0005581253622591432 0.0015285677307139553 9.458576627771829e-07 9.481097568916613e-07
71 9.189283103285465e-07 9.244273044575943e-07 9.218315854584587e-07 9.939445044794795e-07 9.271504455132375e-07 0.06479959825078128 9.65542181920469e-07 0.4684862561027423 9.036541250238961e-07 0.05049605398799447 0.00038826522463183705 0.18191646963859676 8.837513098532376e-07 0.00011382188578776178 0.00013505674875579181 0.00011426263721123657 3.196147039678084e-05 0.0029725556076188367 7.694026857580985e-06 0.0006489240508195872 1.1101972383332839e-06 1.2948368247807133e-05 1.6366412577803232e-06 9.440990217033943e-06 2.7509106839095388e-05 0.003393590513808508 0.0005581253622591432 0.0015285677307139553 9.458576627771829e-07 9.481097568916613e-07
72 9.189283103285465e-07 9.244273044575943e-07 9.218315854584587e-07 9.939445044794795e-07 9.271504455132375e-07 0.06479959825078128 9.65542181920469e-07 0.4684862561027423 9.036541250238961e-07 0.05049605398799447 0.00038826522463183705 0.18191646963859676 8.837513098532376e-07 0.00011382188578776178 0.00013505674875579181 0.00011426263721123657 3.196147039678084e-05 0.0029725556076188367 7.694026857580985e-06 0.0006489240508195872 1.1101972383332839e-06 1.2948368247807133e-05 1.6366412577803232e-06 9.440990217033943e-06 2.7509106839095388e-05 0.003393590513808508 0.0005581253622591432 0.0015285677307139553 9.458576627771829e-07 9.481097568916613e-07
73 9.189283103285465e-07 9.244273044575943e-07 9.218315854584587e-07 9.939445044794795e-07 9.271504455132375e-07 0.06479959825078128 9.65542181920469e-07 0.4684862561027423 9.036541250238961e-07 0.05049605398799447 0.00038826522463183705 0.18191646963859676 8.837513098532376e-07 0.00011382188578776178 0.00013505674875579181 0.00011426263721123657 3.196147039678084e-05 0.0029725556076188367 7.694026857580985e-06 0.0006489240508195872 1.1101972383332839e-06 1.2948368247807133e-05 1.6366412577803232e-06 9.440990217033943e-06 2.7509106839095388e-05 0.003393590513808508 0.0005581253622591432 0.0015285677307139553 9.458576627771829e-07 9.481097568916613e-07
74 9.189283103285465e-07 9.244273044575943e-07 9.218315854584587e-07 9.939445044794795e-07 9.271504455132375e-07 0.06479959825078128 9.65542181920469e-07 0.4684862561027423 9.036541250238961e-07 0.05049605398799447 0.00038826522463183705 0.18191646963859676 8.837513098532376e-07 0.00011382188578776178 0.00013505674875579181 0.00011426263721123657 3.196147039678084e-05 0.0029725556076188367 7.694026857580985e-06 0.0006489240508195872 1.1101972383332839e-06 1.2948368247807133e-05 1.6366412577803232e-06 9.440990217033943e-06 2.7509106839095388e-05 0.003393590513808508 0.0005581253622591432 0.0015285677307139553 9.458576627771829e-07 9.481097568916613e-07
75 9.189283103285465e-07 9.244273044575943e-07 9.218315854584587e-07 9.939445044794795e-07 9.271504455132375e-07 0.06479959825078128 9.65542181920469e-07 0.4684862561027423 9.036541250238961e-07 0.05049605398799447 0.00038826522463183705 0.18191646963859676 8.837513098532376e-07 0.00011382188578776178 0.00013505674875579181 0.00011426263721123657 3.196147039678084e-05 0.0029725556076188367 7.694026857580985e-06 0.0006489240508195872 1.1101972383332839e-06 1.2948368247807133e-05 1.6366412577803232e-06 9.440990217033943e-06 2.7509106839095388e-05 0.003393590513808508 0.0005581253622591432 0.0015285677307139553 9.458576627771829e-07 9.481097568916613e-07
76 9.189283103285465e-07 9.244273044575943e-07 9.218315854584587e-07 9.939445044794795e-07 9.271504455132375e-07 0.06479959825078128 9.65542181920469e-07 0.4684862561027423 9.036541250238961e-07 0.05049605398799447 0.00038826522463183705 0.18191646963859676 8.837513098532376e-07 0.00011382188578776178 0.00013505674875579181 0.00011426263721123657 3.196147039678084e-05 0.0029725556076188367 7.694026857580985e-06 0.0006489240508195872 1.1101972383332839e-06 1.2948368247807133e-05 1.6366412577803232e-06 9.440990217033943e-06 2.7509106839095388e-05 0.003393590513808508 0.0005581253622591432 0.0015285677307139553 9.458576627771829e-07 9.481097568916613e-07
77 9.189283103285465e-07 9.244273044575943e-07 9.218315854584587e-07 9.939445044794795e-07 9.271504455132375e-07 0.06479959825078128 9.65542181920469e-07 0.4684862561027423 9.036541250238961e-07 0.05049605398799447 0.00038826522463183705 0.18191646963859676 8.837513098532376e-07 0.00011382188578776178 0.00013505674875579181 0.00011426263721123657 3.196147039678084e-05 0.0029725556076188367 7.694026857580985e-06 0.0006489240508195872 1.1101972383332839e-06 1.2948368247807133e-05 1.6366412577803232e-06 9.440990217033943e-06 2.7509106839095388e-05 0.003393590513808508 0.0005581253622591432 0.0015285677307139553 9.458576627771829e-07 9.481097568916613e-07
78 9.189283103285465e-07 9.244273044575943e-07 9.218315854584587e-07 9.939445044794795e-07 9.271504455132375e-07 0.06479959825078128 9.65542181920469e-07 0.4684862561027423 9.036541250238961e-07 0.05049605398799447 0.00038826522463183705 0.18191646963859676 8.837513098532376e-07 0.00011382188578776178 0.00013505674875579181 0.00011426263721123657 3.196147039678084e-05 0.0029725556076188367 7.694026857580985e-06 0.0006489240508195872 1.1101972383332839e-06 1.2948368247807133e-05 1.6366412577803232e-06 9.440990217033943e-06 2.7509106839095388e-05 0.003393590513808508 0.0005581253622591432 0.0015285677307139553 9.458576627771829e-07 9.481097568916613e-07
79 9.189283103285465e-07 9.244273044575943e-07 9.218315854584587e-07 9.939445044794795e-07 9.271504455132375e-07 0.06479959825078128 9.65542181920469e-07 0.4684862561027423 9.036541250238961e-07 0.05049605398799447 0.00038826522463183705 0.18191646963859676 8.837513098532376e-07 0.00011382188578776178 0.00013505674875579181 0.00011426263721123657 3.196147039678084e-05 0.0029725556076188367 7.694026857580985e-06 0.0006489240508195872 1.1101972383332839e-06 1.2948368247807133e-05 1.6366412577803232e-06 9.440990217033943e-06 2.7509106839095388e-05 0.003393590513808508 0.0005581253622591432 0.0015285677307139553 9.458576627771829e-07 9.481097568916613e-07
80 9.189283103285465e-07 9.244273044575943e-07 9.218315854584587e-07 9.939445044794795e-07 9.271504455132375e-07 0.06479959825078128 9.65542181920469e-07 0.4684862561027423 9.036541250238961e-07 0.05049605398799447 0.00038826522463183705 0.18191646963859676 8.837513098532376e-07 0.00011382188578776178 0.00013505674875579181 0.00011426263721123657 3.196147039678084e-05 0.0029725556076188367 7.694026857580985e-06 0.0006489240508195872 1.1101972383332839e-06 1.2948368247807133e-05 1.6366412577803232e-06 9.440990217033943e-06 2.7509106839095388e-05 0.003393590513808508 0.0005581253622591432 0.0015285677307139553 9.458576627771829e-07 9.481097568916613e-07
81 9.189283103285465e-07 9.244273044575943e-07 9.218315854584587e-07 9.939445044794795e-07 9.271504455132375e-07 0.06479959825078128 9.65542181920469e-07 0.4684862561027423 9.036541250238961e-07 0.05049605398799447 0.00038826522463183705 0.18191646963859676 8.837513098532376e-07 0.00011382188578776178 0.00013505674875579181 0.00011426263721123657 3.196147039678084e-05 0.0029725556076188367 7.694026857580985e-06 0.0006489240508195872 1.1101972383332839e-06 1.2948368247807133e-05 1.6366412577803232e-06 9.440990217033943e-06 2.7509106839095388e-05 0.003393590513808508 0.0005581253622591432 0.0015285677307139553 9.458576627771829e-07 9.481097568916613e-07
82 9.189283103285465e-07 9.244273044575943e-07 9.218315854584587e-07 9.939445044794795e-07 9.271504455132375e-07 0.06479959825078128 9.65542181920469e-07 0.4684862561027423 9.036541250238961e-07 0.05049605398799447 0.00038826522463183705 0.18191646963859676 8.837513098532376e-07 0.00011382188578776178 0.00013505674875579181 0.00011426263721123657 3.196147039678084e-05 0.0029725556076188367 7.694026857580985e-06 0.0006489240508195872 1.1101972383332839e-06 1.2948368247807133e-05 1.6366412577803232e-06 9.440990217033943e-06 2.7509106839095388e-05 0.003393590513808508 0.0005581253622591432 0.0015285677307139553 9.458576627771829e-07 9.481097568916613e-07
83 9.189283103285465e-07 9.244273044575943e-07 9.218315854584587e-07 9.939445044794795e-07 9.271504455132375e-07 0.06479959825078128 9.65542181920469e-07 0.4684862561027423 9.036541250238961e-07 0.05049605398799447 0.00038826522463183705 0.18191646963859676 8.837513098532376e-07 0.00011382188578776178 0.00013505674875579181 0.00011426263721123657 3.196147039678084e-05 0.0029725556076188367 7.694026857580985e-06 0.0006489240508195872 1.1101972383332839e-06 1.2948368247807133e-05 1.6366412577803232e-06 9.440990217033943e-06 2.7509106839095388e-05 0.003393590513808508 0.0005581253622591432 0.0015285677307139553 9.458576627771829e-07 9.481097568916613e-07
84 9.189283103285465e-07 9.244273044575943e-07 9.218315854584587e-07 9.939445044794795e-07 9.271504455132375e-07 0.06479959825078128 9.65542181920469e-07 0.4684862561027423 9.036541250238961e-07 0.05049605398799447 0.00038826522463183705 0.18191646963859676 8.837513098532376e-07 0.00011382188578776178 0.00013505674875579181 0.00011426263721123657 3.196147039678084e-05 0.0029725556076188367 7.694026857580985e-06 0.0006489240508195872 1.1101972383332839e-06 1.2948368247807133e-05 1.6366412577803232e-06 9.440990217033943e-06 2.7509106839095388e-05 0.003393590513808508 0.0005581253622591432 0.0015285677307139553 9.458576627771829e-07 9.481097568916613e-07
85 9.189283103285465e-07 9.244273044575943e-07 9.218315854584587e-07 9.939445044794795e-07 9.271504455132375e-07 0.06479959825078128 9.65542181920469e-07 0.4684862561027423 9.036541250238961e-07 0.05049605398799447 0.00038826522463183705 0.18191646963859676 8.837513098532376e-07 0.00011382188578776178 0.00013505674875579181 0.00011426263721123657 3.196147039678084e-05 0.0029725556076188367 7.694026857580985e-06 0.0006489240508195872 1.1101972383332839e-06 1.2948368247807133e-05 1.6366412577803232e-06 9.440990217033943e-06 2.7509106839095388e-05 0.003393590513808508 0.0005581253622591432 0.0015285677307139553 9.458576627771829e-07 9.481097568916613e-07
86 9.189283103285465e-07 9.244273044575943e-07 9.218315854584587e-07 9.939445044794795e-07 9.271504455132375e-07 0.06479959825078128 9.65542181920469e-07 0.4684862561027423 9.036541250238961e-07 0.05049605398799447 0.00038826522463183705 0.18191646963859676 8.837513098532376e-07 0.00011382188578776178 0.00013505674875579181 0.00011426263721123657 3.196147039678084e-05 0.0029725556076188367 7.694026857580985e-06 0.0006489240508195872 1.1101972383332839e-06 1.2948368247807133e-05 1.6366412577803232e-06 9.440990217033943e-06 2.7509106839095388e-05 0.003393590513808508 0.0005581253622591432 0.0015285677307139553 9.458576627771829e-07 9.481097568916613e-07
87 9.189283103285465e-07 9.244273044575943e-07 9.218315854584587e-07 9.939445044794795e-07 9.271504455132375e-07 0.06479959825078128 9.65542181920469e-07 0.4684862561027423 9.036541250238961e-07 0.05049605398799447 0.00038826522463183705 0.18191646963859676 8.837513098532376e-07 0.00011382188578776178 0.00013505674875579181 0.00011426263721123657 3.196147039678084e-05 0.0029725556076188367 7.694026857580985e-06 0.0006489240508195872 1.1101972383332839e-06 1.2948368247807133e-05 1.6366412577803232e-06 9.440990217033943e-06 2.7509106839095388e-05 0.003393590513808508 0.0005581253622591432 0.0015285677307139553 9.458576627771829e-07 9.481097568916613e-07
88 9.189283103285465e-07 9.244273044575943e-07 9.218315854584587e-07 9.939445044794795e-07 9.271504455132375e-07 0.06479959825078128 9.65542181920469e-07 0.4684862561027423 9.036541250238961e-07 0.05049605398799447 0.00038826522463183705 0.18191646963859676 8.837513098532376e-07 0.00011382188578776178 0.00013505674875579181 0.00011426263721123657 3.196147039678084e-05 0.0029725556076188367 7.694026857580985e-06 0.0006489240508195872 1.1101972383332839e-06 1.2948368247807133e-05 1.6366412577803232e-06 9.440990217033943e-06 2.7509106839095388e-05 0.003393590513808508 0.0005581253622591432 0.0015285677307139553 9.458576627771829e-07 9.481097568916613e-07
89 9.189283103285465e-07 9.244273044575943e-07 9.218315854584587e-07 9.939445044794795e-07 9.271504455132375e-07 0.06479959825078128 9.65542181920469e-07 0.4684862561027423 9.036541250238961e-07 0.05049605398799447 0.00038826522463183705 0.18191646963859676 8.837513098532376e-07 0.00011382188578776178 0.00013505674875579181 0.00011426263721123657 3.196147039678084e-05 0.0029725556076188367 7.694026857580985e-06 0.0006489240508195872 1.1101972383332839e-06 1.2948368247807133e-05 1.6366412577803232e-06 9.440990217033943e-06 2.7509106839095388e-05 0.003393590513808508 0.0005581253622591432 0.0015285677307139553 9.458576627771829e-07 9.481097568916613e-07
90 9.189283103285465e-07 9.244273044575943e-07 9.218315854584587e-07 9.939445044794795e-07 9.271504455132375e-07 0.06479959825078128 9.65542181920469e-07 0.4684862561027423 9.036541250238961e-07 0.05049605398799447 0.00038826522463183705 0.18191646963859676 8.837513098532376e-07 0.00011382188578776178 0.00013505674875579181 0.00011426263721123657 3.196147039678084e-05 0.0029725556076188367 7.694026857580985e-06 0.0006489240508195872 1.1101972383332839e-06 1.2948368247807133e-05 1.6366412577803232e-06 9.440990217033943e-06 2.7509106839095388e-05 0.003393590513808508 0.0005581253622591432 0.0015285677307139553 9.458576627771829e-07 9.481097568916613e-07
91 9.189283103285465e-07 9.244273044575943e-07 9.218315854584587e-07 9.939445044794795e-07 9.271504455132375e-07 0.06479959825078128 9.65542181920469e-07 0.4684862561027423 9.036541250238961e-07 0.05049605398799447 0.00038826522463183705 0.18191646963859676 8.837513098532376e-07 0.00011382188578776178 0.00013505674875579181 0.00011426263721123657 3.196147039678084e-05 0.0029725556076188367 7.694026857580985e-06 0.0006489240508195872 1.1101972383332839e-06 1.2948368247807133e-05 1.6366412577803232e-06 9.440990217033943e-06 2.7509106839095388e-05 0.003393590513808508 0.0005581253622591432 0.0015285677307139553 9.458576627771829e-07 9.481097568916613e-07
92 9.189283103285465e-07 9.244273044575943e-07 9.218315854584587e-07 9.939445044794795e-07 9.271504455132375e-07 0.06479959825078128 9.65542181920469e-07 0.4684862561027423 9.036541250238961e-07 0.05049605398799447 0.00038826522463183705 0.18191646963859676 8.837513098532376e-07 0.00011382188578776178 0.00013505674875579181 0.00011426263721123657 3.196147039678084e-05 0.0029725556076188367 7.694026857580985e-06 0.0006489240508195872 1.1101972383332839e-06 1.2948368247807133e-05 1.6366412577803232e-06 9.440990217033943e-06 2.7509106839095388e-05 0.003393590513808508 0.0005581253622591432 0.0015285677307139553 9.458576627771829e-07 9.481097568916613e-07
93 9.189283103285465e-07 9.244273044575943e-07 9.218315854584587e-07 9.939445044794795e-07 9.271504455132375e-07 0.06479959825078128 9.65542181920469e-07 0.4684862561027423 9.036541250238961e-07 0.05049605398799447 0.00038826522463183705 0.18191646963859676 8.837513098532376e-07 0.00011382188578776178 0.00013505674875579181 0.00011426263721123657 3.196147039678084e-05 0.0029725556076188367 7.694026857580985e-06 0.0006489240508195872 1.1101972383332839e-06 1.2948368247807133e-05 1.6366412577803232e-06 9.440990217033943e-06 2.7509106839095388e-05 0.003393590513808508 0.0005581253622591432 0.0015285677307139553 9.458576627771829e-07 9.481097568916613e-07
94 9.189283103285465e-07 9.244273044575943e-07 9.218315854584587e-07 9.939445044794795e-07 9.271504455132375e-07 0.06479959825078128 9.65542181920469e-07 0.4684862561027423 9.036541250238961e-07 0.05049605398799447 0.00038826522463183705 0.18191646963859676 8.837513098532376e-07 0.00011382188578776178 0.00013505674875579181 0.00011426263721123657 3.196147039678084e-05 0.0029725556076188367 7.694026857580985e-06 0.0006489240508195872 1.1101972383332839e-06 1.2948368247807133e-05 1.6366412577803232e-06 9.440990217033943e-06 2.7509106839095388e-05 0.003393590513808508 0.0005581253622591432 0.0015285677307139553 9.458576627771829e-07 9.481097568916613e-07
95 9.189283103285465e-07 9.244273044575943e-07 9.218315854584587e-07 9.939445044794795e-07 9.271504455132375e-07 0.06479959825078128 9.65542181920469e-07 0.4684862561027423 9.036541250238961e-07 0.05049605398799447 0.00038826522463183705 0.18191646963859676 8.837513098532376e-07 0.00011382188578776178 0.00013505674875579181 0.00011426263721123657 3.196147039678084e-05 0.0029725556076188367 7.694026857580985e-06 0.0006489240508195872 1.1101972383332839e-06 1.2948368247807133e-05 1.6366412577803232e-06 9.440990217033943e-06 2.7509106839095388e-05 0.003393590513808508 0.0005581253622591432 0.0015285677307139553 9.458576627771829e-07 9.481097568916613e-07
96 9.189283103285465e-07 9.244273044575943e-07 9.218315854584587e-07 9.939445044794795e-07 9.271504455132375e-07 0.06479959825078128 9.65542181920469e-07 0.4684862561027423 9.036541250238961e-07 0.05049605398799447 0.00038826522463183705 0.18191646963859676 8.837513098532376e-07 0.00011382188578776178 0.00013505674875579181 0.00011426263721123657 3.196147039678084e-05 0.0029725556076188367 7.694026857580985e-06 0.0006489240508195872 1.1101972383332839e-06 1.2948368247807133e-05 1.6366412577803232e-06 9.440990217033943e-06 2.7509106839095388e-05 0.003393590513808508 0.0005581253622591432 0.0015285677307139553 9.458576627771829e-07 9.481097568916613e-07
97 9.189283103285465e-07 9.244273044575943e-07 9.218315854584587e-07 9.939445044794795e-07 9.271504455132375e-07 0.06479959825078128 9.65542181920469e-07 0.4684862561027423 9.036541250238961e-07 0.05049605398799447 0.00038826522463183705 0.18191646963859676 8.837513098532376e-07 0.00011382188578776178 0.00013505674875579181 0.00011426263721123657 3.196147039678084e-05 0.0029725556076188367 7.694026857580985e-06 0.0006489240508195872 1.1101972383332839e-06 1.2948368247807133e-05 1.6366412577803232e-06 9.440990217033943e-06 2.7509106839095388e-05 0.003393590513808508 0.0005581253622591432 0.0015285677307139553 9.458576627771829e-07 9.481097568916613e-07
98 9.189283103285465e-07 9.244273044575943e-07 9.218315854584587e-07 9.939445044794795e-07 9.271504455132375e-07 0.06479959825078128 9.65542181920469e-07 0.4684862561027423 9.036541250238961e-07 0.05049605398799447 0.00038826522463183705 0.18191646963859676 8.837513098532376e-07 0.00011382188578776178 0.00013505674875579181 0.00011426263721123657 3.196147039678084e-05 0.0029725556076188367 7.694026857580985e-06 0.0006489240508195872 1.1101972383332839e-06 1.2948368247807133e-05 1.6366412577803232e-06 9.440990217033943e-06 2.7509106839095388e-05 0.003393590513808508 0.0005581253622591432 0.0015285677307139553 9.458576627771829e-07 9.481097568916613e-07
99 9.189283103285465e-07 9.244273044575943e-07 9.218315854584587e-07 9.939445044794795e-07 9.271504455132375e-07 0.06479959825078128 9.65542181920469e-07 0.4684862561027423 9.036541250238961e-07 0.05049605398799447 0.00038826522463183705 0.18191646963859676 8.837513098532376e-07 0.00011382188578776178 0.00013505674875579181 0.00011426263721123657 3.196147039678084e-05 0.0029725556076188367 7.694026857580985e-06 0.0006489240508195872 1.1101972383332839e-06 1.2948368247807133e-05 1.6366412577803232e-06 9.440990217033943e-06 2.7509106839095388e-05 0.003393590513808508 0.0005581253622591432 0.0015285677307139553 9.458576627771829e-07 9.481097568916613e-07
100 9.189283103285465e-07 9.244273044575943e-07 9.218315854584587e-07 9.939445044794795e-07 9.271504455132375e-07 0.06479959825078128 9.65542181920469e-07 0.4684862561027423 9.036541250238961e-07 0.05049605398799447 0.00038826522463183705 0.18191646963859676 8.837513098532376e-07 0.00011382188578776178 0.00013505674875579181 0.00011426263721123657 3.196147039678084e-05 0.0029725556076188367 7.694026857580985e-06 0.0006489240508195872 1.1101972383332839e-06 1.2948368247807133e-05 1.6366412577803232e-06 9.440990217033943e-06 2.7509106839095388e-05 0.003393590513808508 0.0005581253622591432 0.0015285677307139553 9.458576627771829e-07 9.481097568916613e-07
101 9.189283103285465e-07 9.244273044575943e-07 9.218315854584587e-07 9.939445044794795e-07 9.271504455132375e-07 0.06479959825078128 9.65542181920469e-07 0.4684862561027423 9.036541250238961e-07 0.05049605398799447 0.00038826522463183705 0.18191646963859676 8.837513098532376e-07 0.00011382188578776178 0.00013505674875579181 0.00011426263721123657 3.196147039678084e-05 0.0029725556076188367 7.694026857580985e-06 0.0006489240508195872 1.1101972383332839e-06 1.2948368247807133e-05 1.6366412577803232e-06 9.440990217033943e-06 2.7509106839095388e-05 0.003393590513808508 0.0005581253622591432 0.0015285677307139553 9.458576627771829e-07 9.481097568916613e-07
102 9.189283103285465e-07 9.244273044575943e-07 9.218315854584587e-07 9.939445044794795e-07 9.271504455132375e-07 0.06479959825078128 9.65542181920469e-07 0.4684862561027423 9.036541250238961e-07 0.05049605398799447 0.00038826522463183705 0.18191646963859676 8.837513098532376e-07 0.00011382188578776178 0.00013505674875579181 0.00011426263721123657 3.196147039678084e-05 0.0029725556076188367 7.694026857580985e-06 0.0006489240508195872 1.1101972383332839e-06 1.2948368247807133e-05 1.6366412577803232e-06 9.440990217033943e-06 2.7509106839095388e-05 0.003393590513808508 0.0005581253622591432 0.0015285677307139553 9.458576627771829e-07 9.481097568916613e-07
103 9.189283103285465e-07 9.244273044575943e-07 9.218315854584587e-07 9.939445044794795e-07 9.271504455132375e-07 0.06479959825078128 9.65542181920469e-07 0.4684862561027423 9.036541250238961e-07 0.05049605398799447 0.00038826522463183705 0.18191646963859676 8.837513098532376e-07 0.00011382188578776178 0.00013505674875579181 0.00011426263721123657 3.196147039678084e-05 0.0029725556076188367 7.694026857580985e-06 0.0006489240508195872 1.1101972383332839e-06 1.2948368247807133e-05 1.6366412577803232e-06 9.440990217033943e-06 2.7509106839095388e-05 0.003393590513808508 0.0005581253622591432 0.0015285677307139553 9.458576627771829e-07 9.481097568916613e-07
104 9.189283103285465e-07 9.244273044575943e-07 9.218315854584587e-07 9.939445044794795e-07 9.271504455132375e-07 0.06479959825078128 9.65542181920469e-07 0.4684862561027423 9.036541250238961e-07 0.05049605398799447 0.00038826522463183705 0.18191646963859676 8.837513098532376e-07 0.00011382188578776178 0.00013505674875579181 0.00011426263721123657 3.196147039678084e-05 0.0029725556076188367 7.694026857580985e-06 0.0006489240508195872 1.1101972383332839e-06 1.2948368247807133e-05 1.6366412577803232e-06 9.440990217033943e-06 2.7509106839095388e-05 0.003393590513808508 0.0005581253622591432 0.0015285677307139553 9.458576627771829e-07 9.481097568916613e-07
105 9.189283103285465e-07 9.244273044575943e-07 9.218315854584587e-07 9.939445044794795e-07 9.271504455132375e-07 0.06479959825078128 9.65542181920469e-07 0.4684862561027423 9.036541250238961e-07 0.05049605398799447 0.00038826522463183705 0.18191646963859676 8.837513098532376e-07 0.00011382188578776178 0.00013505674875579181 0.00011426263721123657 3.196147039678084e-05 0.0029725556076188367 7.694026857580985e-06 0.0006489240508195872 1.1101972383332839e-06 1.2948368247807133e-05 1.6366412577803232e-06 9.440990217033943e-06 2.7509106839095388e-05 0.003393590513808508 0.0005581253622591432 0.0015285677307139553 9.458576627771829e-07 9.481097568916613e-07
106 9.189283103285465e-07 9.244273044575943e-07 9.218315854584587e-07 9.939445044794795e-07 9.271504455132375e-07 0.06479959825078128 9.65542181920469e-07 0.4684862561027423 9.036541250238961e-07 0.05049605398799447 0.00038826522463183705 0.18191646963859676 8.837513098532376e-07 0.00011382188578776178 0.00013505674875579181 0.00011426263721123657 3.196147039678084e-05 0.0029725556076188367 7.694026857580985e-06 0.0006489240508195872 1.1101972383332839e-06 1.2948368247807133e-05 1.6366412577803232e-06 9.440990217033943e-06 2.7509106839095388e-05 0.003393590513808508 0.0005581253622591432 0.0015285677307139553 9.458576627771829e-07 9.481097568916613e-07
107 9.189283103285465e-07 9.244273044575943e-07 9.218315854584587e-07 9.939445044794795e-07 9.271504455132375e-07 0.06479959825078128 9.65542181920469e-07 0.4684862561027423 9.036541250238961e-07 0.05049605398799447 0.00038826522463183705 0.18191646963859676 8.837513098532376e-07 0.00011382188578776178 0.00013505674875579181 0.00011426263721123657 3.196147039678084e-05 0.0029725556076188367 7.694026857580985e-06 0.0006489240508195872 1.1101972383332839e-06 1.2948368247807133e-05 1.6366412577803232e-06 9.440990217033943e-06 2.7509106839095388e-05 0.003393590513808508 0.0005581253622591432 0.0015285677307139553 9.458576627771829e-07 9.481097568916613e-07
108 9.189283103285465e-07 9.244273044575943e-07 9.218315854584587e-07 9.939445044794795e-07 9.271504455132375e-07 0.06479959825078128 9.65542181920469e-07 0.4684862561027423 9.036541250238961e-07 0.05049605398799447 0.00038826522463183705 0.18191646963859676 8.837513098532376e-07 0.00011382188578776178 0.00013505674875579181 0.00011426263721123657 3.196147039678084e-05 0.0029725556076188367 7.694026857580985e-06 0.0006489240508195872 1.1101972383332839e-06 1.2948368247807133e-05 1.6366412577803232e-06 9.440990217033943e-06 2.7509106839095388e-05 0.003393590513808508 0.0005581253622591432 0.0015285677307139553 9.458576627771829e-07 9.481097568916613e-07
