# index Z=1 - Z=30
0 3.693394752737917e-07 0.005335688834231977 3.2943614255592106e-07 4.019197318789754e-07 2.9947679872753535e-07 8.818689521778471e-07 3.3621349622008377e-07 0.00208410759128271 4.0468906313693727e-07 3.7860306701636285e-07 3.6202114708036536e-07 3.890260601644599e-05 3.864356109171154e-07 0.007140267233439237 9.55567401834371e-07 3.766067995946334e-05 4.840234784125798e-07 0.0038615398494773463 4.883612617476339e-07 0.007758719624650209 3.247976603281113e-07 5.938860147155829e-05 0.00014991139853978103 9.321703746403337e-06 0.0037185226888688896 0.0774529080268521 0.08484090999526664 0.6440233637470316 3.187791961539687e-07 3.5385260972753465e-07
1 3.693394752737917e-07 0.005335688834231977 3.2943614255592106e-07 4.019197318789754e-07 2.9947679872753535e-07 8.818689521778471e-07 3.3621349622008377e-07 0.00208410759128271 4.0468906313693727e-07 3.7860306701636285e-07 3.6202114708036536e-07 3.890260601644599e-05 3.864356109171154e-07 0.007140267233439237 9.55567401834371e-07 3.766067995946334e-05 4.840234784125798e-07 0.0038615398494773463 4.883612617476339e-07 0.007758719624650209 3.247976603281113e-07 5.938860147155829e-05 0.00014991139853978103 9.321703746403337e-06 0.0037185226888688896 0.0774529080268521 0.08484090999526664 0.6440233637470316 3.187791961539687e-07 3.5385260972753465e-07
2 3.693394752737917e-07 0.005335688834231977 3.2943614255592106e-07 4.019197318789754e-07 2.9947679872753535e-07 8.818689521778471e-07 3.3621349622008377e-07 0.00208410759128271 4.0468906313693727e-07 3.7860306701636285e-07 3.6202114708036536e-07 3.890260601644599e-05 3.864356109171154e-07 0.007140267233439237 9.55567401834371e-07 3.766067995946334e-05 4.840234784125798e-07 0.0038615398494773463 4.883612617476339e-07 0.007758719624650209 3.247976603281113e-07 5.938860147155829e-05 0.00014991139853978103 9.321703746403337e-06 0.0037185226888688896 0.0774529080268521 0.08484090999526664 0.6440233637470316 3.187791961539687e-07 3.5385260972753465e-07
3 3.693394752737917e-07 0.005335688834231977 3.2943614255592106e-07 4.019197318789754e-07 2.9947679872753535e-07 8.818689521778471e-07 3.3621349622008377e-07 0.00208410759128271 4.0468906313693727e-07 3.7860306701636285e-07 3.6202114708036536e-07 3.890260601644599e-05 3.864356109171154e-07 0.007140267233439237 9.55567401834371e-07 3.766067995946334e-05 4.840234784125798e-07 0.0038615398494773463 4.883612617476339e-07 0.007758719624650209 3.247976603281113e-07 5.938860147155829e-05 0.00014991139853978103 9.321703746403337e-06 0.0037185226888688896 0.0774529080268521 0.08484090999526664 0.6440233637470316 3.187791961539687e-07 3.5385260972753465e-07
4 3.693394752737917e-07 0.005335688834231977 3.2943614255592106e-07 4.019197318789754e-07 2.9947679872753535e-07 8.818689521778471e-07 3.3621349622008377e-07 0.00208410759128271 4.0468906313693727e-07 3.7860306701636285e-07 3.6202114708036536e-07 3.890260601644599e-05 3.864356109171154e-07 0.007140267233439237 9.55567401834371e-07 3.766067995946334e-05 4.840234784125798e-07 0.0038615398494773463 4.883612617476339e-07 0.007758719624650209 3.247976603281113e-07 5.938860147155829e-05 0.00014991139853978103 9.321703746403337e-06 0.0037185226888688896 0.0774529080268521 0.08484090999526664 0.6440233637470316 3.187791961539687e-07 3.5385260972753465e-07
5 3.693394752737917e-07 0.005335688834231977 3.2943614255592106e-07 4.019197318789754e-07 2.9947679872753535e-07 8.818689521778471e-07 3.3621349622008377e-07 0.00208410759128271 4.0468906313693727e-07 3.7860306701636285e-07 3.6202114708036536e-07 3.890260601644599e-05 3.864356109171154e-07 0.007140267233439237 9.55567401834371e-07 3.766067995946334e-05 4.840234784125798e-07 0.0038615398494773463 4.883612617476339e-07 0.007758719624650209 3.247976603281113e-07 5.938860147155829e-05 0.00014991139853978103 9.321703746403337e-06 0.0037185226888688896 0.0774529080268521 0.08484090999526664 0.6440233637470316 3.187791961539687e-07 3.5385260972753465e-07
6 3.693394752737917e-07 0.005335688834231977 3.2943614255592106e-07 4.019197318789754e-07 2.9947679872753535e-07 8.818689521778471e-07 3.3621349622008377e-07 0.00208410759128271 4.0468906313693727e-07 3.7860306701636285e-07 3.6202114708036536e-07 3.890260601644599e-05 3.864356109171154e-07 0.007140267233439237 9.55567401834371e-07 3.766067995946334e-05 4.840234784125798e-07 0.0038615398494773463 4.883612617476339e-07 0.007758719624650209 3.247976603281113e-07 5.938860147155829e-05 0.00014991139853978103 9.321703746403337e-06 0.0037185226888688896 0.0774529080268521 0.08484090999526664 0.6440233637470316 3.187791961539687e-07 3.5385260972753465e-07
7 3.693394752737917e-07 0.005335688834231977 3.2943614255592106e-07 4.019197318789754e-07 2.9947679872753535e-07 8.818689521778471e-07 3.3621349622008377e-07 0.00208410759128271 4.0468906313693727e-07 3.7860306701636285e-07 3.6202114708036536e-07 3.890260601644599e-05 3.864356109171154e-07 0.007140267233439237 9.55567401834371e-07 3.766067995946334e-05 4.840234784125798e-07 0.0038615398494773463 4.883612617476339e-07 0.007758719624650209 3.247976603281113e-07 5.938860147155829e-05 0.00014991139853978103 9.321703746403337e-06 0.0037185226888688896 0.0774529080268521 0.08484090999526664 0.6440233637470316 3.187791961539687e-07 3.5385260972753465e-07
8 3.693394752737917e-07 0.005335688834231977 3.2943614255592106e-07 4.019197318789754e-07 2.9947679872753535e-07 8.818689521778471e-07 3.3621349622008377e-07 0.00208410759128271 4.0468906313693727e-07 3.7860306701636285e-07 3.6202114708036536e-07 3.890260601644599e-05 3.864356109171154e-07 0.007140267233439237 9.55567401834371e-07 3.766067995946334e-05 4.840234784125798e-07 0.0038615398494773463 4.883612617476339e-07 0.007758719624650209 3.247976603281113e-07 5.938860147155829e-05 0.00014991139853978103 9.321703746403337e-06 0.0037185226888688896 0.0774529080268521 0.08484090999526664 0.6440233637470316 3.187791961539687e-07 3.5385260972753465e-07
9 3.693394752737917e-07 0.005335688834231977 3.2943614255592106e-07 4.019197318789754e-07 2.9947679872753535e-07 8.818689521778471e-07 3.3621349622008377e-07 0.00208410759128271 4.0468906313693727e-07 3.7860306701636285e-07 3.6202114708036536e-07 3.890260601644599e-05 3.864356109171154e-07 0.007140267233439237 9.55567401834371e-07 3.766067995946334e-05 4.840234784125798e-07 0.0038615398494773463 4.883612617476339e-07 0.007758719624650209 3.247976603281113e-07 5.938860147155829e-05 0.00014991139853978103 9.321703746403337e-06 0.0037185226888688896 0.0774529080268521 0.08484090999526664 0.6440233637470316 3.187791961539687e-07 3.5385260972753465e-07
10 3.693394752737917e-07 0.005335688834231977 3.2943614255592106e-07 4.019197318789754e-07 2.9947679872753535e-07 8.818689521778471e-07 3.3621349622008377e-07 0.00208410759128271 4.0468906313693727e-07 3.7860306701636285e-07 3.6202114708036536e-07 3.890260601644599e-05 3.864356109171154e-07 0.007140267233439237 9.55567401834371e-07 3.766067995946334e-05 4.840234784125798e-07 0.0038615398494773463 4.883612617476339e-07 0.007758719624650209 3.247976603281113e-07 5.938860147155829e-05 0.00014991139853978103 9.321703746403337e-06 0.0037185226888688896 0.0774529080268521 0.08484090999526664 0.6440233637470316 3.187791961539687e-07 3.5385260972753465e-07
11 3.693394752737917e-07 0.005335688834231977 3.2943614255592106e-07 4.019197318789754e-07 2.9947679872753535e-07 8.818689521778471e-07 3.3621349622008377e-07 0.00208410759128271 4.0468906313693727e-07 3.7860306701636285e-07 3.6202114708036536e-07 3.890260601644599e-05 3.864356109171154e-07 0.007140267233439237 9.55567401834371e-07 3.766067995946334e-05 4.840234784125798e-07 0.0038615398494773463 4.883612617476339e-07 0.007758719624650209 3.247976603281113e-07 5.938860147155829e-05 0.00014991139853978103 9.321703746403337e-06 0.0037185226888688896 0.0774529080268521 0.08484090999526664 0.6440233637470316 3.187791961539687e-07 3.5385260972753465e-07
12 9.23371311300979e-07 0.004152279790757339 8.878321738213717e-07 1.0428614733811372e-06 8.55406012341524e-07 1.911941457474686e-06 9.560501433108877e-07 0.005338234900200753 9.622138389609297e-07 1.0172209467530861e-06 9.955390940160769e-07 0.002620502340942451 8.747521015076216e-07 0.022157547472954606 6.79738936705354e-06 0.0007849507093206997 2.69450534657777e-06 0.015202643024854513 1.7145679497118708e-06 0.03148829580378137 9.061698058066513e-07 0.00017039253247533707 0.00090873539237179 2.853341394261306e-05 0.05519758965602172 0.2409917827758576 0.15778324012152153 0.3398536214335041 9.610830240456682e-07 9.664097536187073e-07
13 9.23371311300979e-07 0.004152279790757339 8.878321738213717e-07 1.0428614733811372e-06 8.55406012341524e-07 1.911941457474686e-06 9.560501433108877e-07 0.005338234900200753 9.622138389609297e-07 1.0172209467530861e-06 9.955390940160769e-07 0.002620502340942451 8.747521015076216e-07 0.022157547472954606 6.79738936705354e-06 0.0007849507093206997 2.69450534657777e-06 0.015202643024854513 1.7145679497118708e-06 0.03148829580378137 9.061698058066513e-07 0.00017039253247533707 0.00090873539237179 2.853341394261306e-05 0.05519758965602172 0.2409917827758576 0.15778324012152153 0.3398536214335041 9.610830240456682e-07 9.664097536187073e-07
14 9.23371311300979e-07 0.004152279790757339 8.878321738213717e-07 1.0428614733811372e-06 8.55406012341524e-07 1.911941457474686e-06 9.560501433108877e-07 0.005338234900200753 9.622138389609297e-07 1.0172209467530861e-06 9.955390940160769e-07 0.002620502340942451 8.747521015076216e-07 0.022157547472954606 6.79738936705354e-06 0.0007849507093206997 2.69450534657777e-06 0.015202643024854513 1.7145679497118708e-06 0.03148829580378137 9.061698058066513e-07 0.00017039253247533707 0.00090873539237179 2.853341394261306e-05 0.05519758965602172 0.2409917827758576 0.15778324012152153 0.3398536214335041 9.610830240456682e-07 9.664097536187073e-07
15 9.23371311300979e-07 0.004152279790757339 8.878321738213717e-07 1.0428614733811372e-06 8.55406012341524e-07 1.911941457474686e-06 9.560501433108877e-07 0.005338234900200753 9.622138389609297e-07 1.0172209467530861e-06 9.955390940160769e-07 0.002620502340942451 8.747521015076216e-07 0.022157547472954606 6.79738936705354e-06 0.0007849507093206997 2.69450534657777e-06 0.015202643024854513 1.7145679497118708e-06 0.03148829580378137 9.061698058066513e-07 0.00017039253247533707 0.00090873539237179 2.853341394261306e-05 0.05519758965602172 0.2409917827758576 0.15778324012152153 0.3398536214335041 9.610830240456682e-07 9.664097536187073e-07
16 9.23371311300979e-07 0.004152279790757339 8.878321738213717e-07 1.0428614733811372e-06 8.55406012341524e-07 1.911941457474686e-06 9.560501433108877e-07 0.005338234900200753 9.622138389609297e-07 1.0172209467530861e-06 9.955390940160769e-07 0.002620502340942451 8.747521015076216e-07 0.022157547472954606 6.79738936705354e-06 0.0007849507093206997 2.69450534657777e-06 0.015202643024854513 1.7145679497118708e-06 0.03148829580378137 9.061698058066513e-07 0.00017039253247533707 0.00090873539237179 2.853341394261306e-05 0.05519758965602172 0.2409917827758576 0.15778324012152153 0.3398536214335041 9.610830240456682e-07 9.664097536187073e-07
17 9.23371311300979e-07 0.004152279790757339 8.878321738213717e-07 1.0428614733811372e-06 8.55406012341524e-07 1.911941457474686e-06 9.560501433108877e-07 0.005338234900200753 9.622138389609297e-07 1.0172209467530861e-06 9.955390940160769e-07 0.002620502340942451 8.747521015076216e-07 0.022157547472954606 6.79738936705354e-06 0.0007849507093206997 2.69450534657777e-06 0.015202643024854513 1.7145679497118708e-06 0.03148829580378137 9.061698058066513e-07 0.00017039253247533707 0.00090873539237179 2.853341394261306e-05 0.05519758965602172 0.2409917827758576 0.15778324012152153 0.3398536214335041 9.610830240456682e-07 9.664097536187073e-07
18 9.23371311300979e-07 0.004152279790757339 8.878321738213717e-07 1.0428614733811372e-06 8.55406012341524e-07 1.911941457474686e-06 9.560501433108877e-07 0.005338234900200753 9.622138389609297e-07 1.0172209467530861e-06 9.955390940160769e-07 0.002620502340942451 8.747521015076216e-07 0.022157547472954606 6.79738936705354e-06 0.0007849507093206997 2.69450534657777e-06 0.015202643024854513 1.7145679497118708e-06 0.03148829580378137 9.061698058066513e-07 0.00017039253247533707 0.00090873539237179 2.853341394261306e-05 0.05519758965602172 0.2409917827758576 0.15778324012152153 0.3398536214335041 9.610830240456682e-07 9.664097536187073e-07
19 9.23371311300979e-07 0.004152279790757339 8.878321738213717e-07 1.0428614733811372e-06 8.55406012341524e-07 1.911941457474686e-06 9.560501433108877e-07 0.005338234900200753 9.622138389609297e-07 1.0172209467530861e-06 9.955390940160769e-07 0.002620502340942451 8.747521015076216e-07 0.022157547472954606 6.79738936705354e-06 0.0007849507093206997 2.69450534657777e-06 0.015202643024854513 1.7145679497118708e-06 0.03148829580378137 9.061698058066513e-07 0.00017039253247533707 0.00090873539237179 2.853341394261306e-05 0.05519758965602172 0.2409917827758576 0.15778324012152153 0.3398536214335041 9.610830240456682e-07 9.664097536187073e-07
20 9.23371311300979e-07 0.004152279790757339 8.878321738213717e-07 1.0428614733811372e-06 8.55406012341524e-07 1.911941457474686e-06 9.560501433108877e-07 0.005338234900200753 9.622138389609297e-07 1.0172209467530861e-06 9.955390940160769e-07 0.002620502340942451 8.747521015076216e-07 0.022157547472954606 6.79738936705354e-06 0.0007849507093206997 2.69450534657777e-06 0.015202643024854513 1.7145679497118708e-06 0.03148829580378137 9.061698058066513e-07 0.00017039253247533707 0.00090873539237179 2.853341394261306e-05 0.05519758965602172 0.2409917827758576 0.15778324012152153 0.3398536214335041 9.610830240456682e-07 9.664097536187073e-07
21 9.23371311300979e-07 0.004152279790757339 8.878321738213717e-07 1.0428614733811372e-06 8.55406012341524e-07 1.911941457474686e-06 9.560501433108877e-07 0.005338234900200753 9.622138389609297e-07 1.0172209467530861e-06 9.955390940160769e-07 0.002620502340942451 8.747521015076216e-07 0.022157547472954606 6.79738936705354e-06 0.0007849507093206997 2.69450534657777e-06 0.015202643024854513 1.7145679497118708e-06 0.03148829580378137 9.061698058066513e-07 0.00017039253247533707 0.00090873539237179 2.853341394261306e-05 0.05519758965602172 0.2409917827758576 0.15778324012152153 0.3398536214335041 9.610830240456682e-07 9.664097536187073e-07
22 9.275393925195204e-07 8.200724360610253e-07 8.86296240294414e-07 7.745645853032591e-07 8.083109615362172e-07 2.4359036099555727e-06 8.76554783655319e-07 0.004895253972302182 8.050506977328073e-07 8.57785491679564e-07 8.099491538458239e-07 0.13610118276225378 8.963722897593635e-07 0.2693382847137901 1.1614283634923033e-05 0.07540665854914752 2.0134253292021706e-06 0.06757299800211981 1.7536993271276915e-06 0.16831161773665054 8.560279887471989e-07 0.00013642175813393935 0.0010301129698270955 6.434475691548715e-05 0.009896936937729426 0.04291033667972039 0.05851660859663414 0.02150051978689625 8.28105320787503e-07 8.710689020474463e-07
23 9.275393925195204e-07 8.200724360610253e-07 8.86296240294414e-07 7.745645853032591e-07 8.083109615362172e-07 2.4359036099555727e-06 8.76554783655319e-07 0.004895253972302182 8.050506977328073e-07 8.57785491679564e-07 8.099491538458239e-07 0.13610118276225378 8.963722897593635e-07 0.2693382847137901 1.1614283634923033e-05 0.07540665854914752 2.0134253292021706e-06 0.06757299800211981 1.7536993271276915e-06 0.16831161773665054 8.560279887471989e-07 0.00013642175813393935 0.0010301129698270955 6.434475691548715e-05 0.009896936937729426 0.04291033667972039 0.05851660859663414 0.02150051978689625 8.28105320787503e-07 8.710689020474463e-07
24 9.275393925195204e-07 8.200724360610253e-07 8.86296240294414e-07 7.745645853032591e-07 8.083109615362172e-07 2.4359036099555727e-06 8.76554783655319e-07 0.004895253972302182 8.050506977328073e-07 8.57785491679564e-07 8.099491538458239e-07 0.13610118276225378 8.963722897593635e-07 0.2693382847137901 1.1614283634923033e-05 0.07540665854914752 2.0134253292021706e-06 0.06757299800211981 1.7536993271276915e-06 0.16831161773665054 8.560279887471989e-07 0.00013642175813393935 0.0010301129698270955 6.434475691548715e-05 0.009896936937729426 0.04291033667972039 0.05851660859663414 0.02150051978689625 8.28105320787503e-07 8.710689020474463e-07
25 9.275393925195204e-07 8.200724360610253e-07 8.86296240294414e-07 7.745645853032591e-07 8.083109615362172e-07 2.4359036099555727e-06 8.76554783655319e-07 0.004895253972302182 8.050506977328073e-07 8.57785491679564e-07 8.099491538458239e-07 0.13610118276225378 8.963722897593635e-07 0.2693382847137901 1.1614283634923033e-05 0.07540665854914752 2.0134253292021706e-06 0.06757299800211981 1.7536993271276915e-06 0.16831161773665054 8.560279887471989e-07 0.00013642175813393935 0.0010301129698270955 6.434475691548715e-05 0.009896936937729426 0.04291033667972039 0.05851660859663414 0.02150051978689625 8.28105320787503e-07 8.710689020474463e-07
26 9.275393925195204e-07 8.200724360610253e-07 8.86296240294414e-07 7.745645853032591e-07 8.083109615362172e-07 2.4359036099555727e-06 8.76554783655319e-07 0.004895253972302182 8.050506977328073e-07 8.57785491679564e-07 8.099491538458239e-07 0.13610118276225378 8.963722897593635e-07 0.2693382847137901 1.1614283634923033e-05 0.07540665854914752 2.0134253292021706e-06 0.06757299800211981 1.7536993271276915e-06 0.16831161773665054 8.560279887471989e-07 0.00013642175813393935 0.0010301129698270955 6.434475691548715e-05 0.009896936937729426 0.04291033667972039 0.05851660859663414 0.02150051978689625 8.28105320787503e-07 8.710689020474463e-07
27 9.275393925195204e-07 8.200724360610253e-07 8.86296240294414e-07 7.745645853032591e-07 8.083109615362172e-07 2.4359036099555727e-06 8.76554783655319e-07 0.004895253972302182 8.050506977328073e-07 8.57785491679564e-07 8.099491538458239e-07 0.13610118276225378 8.963722897593635e-07 0.2693382847137901 1.1614283634923033e-05 0.07540665854914752 2.0134253292021706e-06 0.06757299800211981 1.7536993271276915e-06 0.16831161773665054 8.560279887471989e-07 0.00013642175813393935 0.0010301129698270955 6.434475691548715e-05 0.009896936937729426 0.04291033667972039 0.05851660859663414 0.02150051978689625 8.28105320787503e-07 8.710689020474463e-07
28 9.275393925195204e-07 8.200724360610253e-07 8.86296240294414e-07 7.745645853032591e-07 8.083109615362172e-07 2.4359036099555727e-06 8.76554783655319e-07 0.004895253972302182 8.050506977328073e-07 8.57785491679564e-07 8.099491538458239e-07 0.13610118276225378 8.963722897593635e-07 0.2693382847137901 1.1614283634923033e-05 0.07540665854914752 2.0134253292021706e-06 0.06757299800211981 1.7536993271276915e-06 0.16831161773665054 8.560279887471989e-07 0.00013642175813393935 0.0010301129698270955 6.434475691548715e-05 0.009896936937729426 0.04291033667972039 0.05851660859663414 0.02150051978689625 8.28105320787503e-07 8.710689020474463e-07
29 9.275393925195204e-07 8.200724360610253e-07 8.86296240294414e-07 7.745645853032591e-07 8.083109615362172e-07 2.4359036099555727e-06 8.76554783655319e-07 0.004895253972302182 8.050506977328073e-07 8.57785491679564e-07 8.099491538458239e-07 0.13610118276225378 8.963722897593635e-07 0.2693382847137901 1.1614283634923033e-05 0.07540665854914752 2.0134253292021706e-06 0.06757299800211981 1.7536993271276915e-06 0.16831161773665054 8.560279887471989e-07 0.00013642175813393935 0.0010301129698270955 6.434475691548715e-05 0.009896936937729426 0.04291033667972039 0.05851660859663414 0.02150051978689625 8.28105320787503e-07 8.710689020474463e-07
30 9.275393925195204e-07 8.200724360610253e-07 8.86296240294414e-07 7.745645853032591e-07 8.083109615362172e-07 2.4359036099555727e-06 8.76554783655319e-07 0.004895253972302182 8.050506977328073e-07 8.57785491679564e-07 8.099491538458239e-07 0.13610118276225378 8.963722897593635e-07 0.2693382847137901 1.1614283634923033e-05 0.07540665854914752 2.0134253292021706e-06 0.06757299800211981 1.7536993271276915e-06 0.16831161773665054 8.560279887471989e-07 0.00013642175813393935 0.0010301129698270955 6.434475691548715e-05 0.009896936937729426 0.04291033667972039 0.05851660859663414 0.02150051978689625 8.28105320787503e-07 8.710689020474463e-07
31 9.275393925195204e-07 8.200724360610253e-07 8.86296240294414e-07 7.745645853032591e-07 8.083109615362172e-07 2.4359036099555727e-06 8.76554783655319e-07 0.004895253972302182 8.050506977328073e-07 8.57785491679564e-07 8.099491538458239e-07 0.13610118276225378 8.963722897593635e-07 0.2693382847137901 1.1614283634923033e-05 0.07540665854914752 2.0134253292021706e-06 0.06757299800211981 1.7536993271276915e-06 0.16831161773665054 8.560279887471989e-07 0.00013642175813393935 0.0010301129698270955 6.434475691548715e-05 0.009896936937729426 0.04291033667972039 0.05851660859663414 0.02150051978689625 8.28105320787503e-07 8.710689020474463e-07
32 1.5529444125555198e-07 1.4569543670976226e-07 1.6463465697285195e-07 1.4125301002883664e-07 1.4327105116176777e-07 4.244990851058159e-06 1.289990889777046e-07 1.2078326974502163 1.7444851251349647e-07 5.841473455428073e-07 2.0362751443736587e-07 0.010401424570430529 1.5489817837554955e-07 0.061587521419484245 1.8547495505179863e-05 2.6758315071372547e-05 8.73875658069548e-06 0.007030474297630161 1.0124397464707761e-05 0.0012598073179354895 1.5481962516839795e-07 1.1515963447070215e-05 1.3375465884900621e-05 1.5774327019538465e-05 0.00018622628896362763 0.001257694155407423 0.0021761182219599494 0.0025486577056259346 1.217184001745972e-07 1.5433982127813267e-07
33 1.5529444125555198e-07 1.4569543670976226e-07 1.6463465697285195e-07 1.4125301002883664e-07 1.4327105116176777e-07 4.244990851058159e-06 1.289990889777046e-07 1.2078326974502163 1.7444851251349647e-07 5.841473455428073e-07 2.0362751443736587e-07 0.010401424570430529 1.5489817837554955e-07 0.061587521419484245 1.8547495505179863e-05 2.6758315071372547e-05 8.73875658069548e-06 0.007030474297630161 1.0124397464707761e-05 0.0012598073179354895 1.5481962516839795e-07 1.1515963447070215e-05 1.3375465884900621e-05 1.5774327019538465e-05 0.00018622628896362763 0.001257694155407423 0.0021761182219599494 0.0025486577056259346 1.217184001745972e-07 1.5433982127813267e-07
34 1.5529444125555198e-07 1.4569543670976226e-07 1.6463465697285195e-07 1.4125301002883664e-07 1.4327105116176777e-07 4.244990851058159e-06 1.289990889777046e-07 1.2078326974502163 1.7444851251349647e-07 5.841473455428073e-07 2.0362751443736587e-07 0.010401424570430529 1.5489817837554955e-07 0.061587521419484245 1.8547495505179863e-05 2.6758315071372547e-05 8.73875658069548e-06 0.007030474297630161 1.0124397464707761e-05 0.0012598073179354895 1.5481962516839795e-07 1.1515963447070215e-05 1.3375465884900621e-05 1.5774327019538465e-05 0.00018622628896362763 0.001257694155407423 0.0021761182219599494 0.0025486577056259346 1.217184001745972e-07 1.5433982127813267e-07
35 1.5529444125555198e-07 1.4569543670976226e-07 1.6463465697285195e-07 1.4125301002883664e-07 1.4327105116176777e-07 4.244990851058159e-06 1.289990889777046e-07 1.2078326974502163 1.7444851251349647e-07 5.841473455428073e-07 2.0362751443736587e-07 0.010401424570430529 1.5489817837554955e-07 0.061587521419484245 1.8547495505179863e-05 2.6758315071372547e-05 8.73875658069548e-06 0.007030474297630161 1.0124397464707761e-05 0.0012598073179354895 1.5481962516839795e-07 1.1515963447070215e-05 1.3375465884900621e-05 1.5774327019538465e-05 0.00018622628896362763 0.001257694155407423 0.0021761182219599494 0.0025486577056259346 1.217184001745972e-07 1.5433982127813267e-07
36 1.5529444125555198e-07 1.4569543670976226e-07 1.6463465697285195e-07 1.4125301002883664e-07 1.4327105116176777e-07 4.244990851058159e-06 1.289990889777046e-07 1.2078326974502163 1.7444851251349647e-07 5.841473455428073e-07 2.0362751443736587e-07 0.010401424570430529 1.5489817837554955e-07 0.061587521419484245 1.8547495505179863e-05 2.6758315071372547e-05 8.73875658069548e-06 0.007030474297630161 1.0124397464707761e-05 0.0012598073179354895 1.5481962516839795e-07 1.1515963447070215e-05 1.3375465884900621e-05 1.5774327019538465e-05 0.00018622628896362763 0.001257694155407423 0.0021761182219599494 0.0025486577056259346 1.217184001745972e-07 1.5433982127813267e-07
37 1.5529444125555198e-07 1.4569543670976226e-07 1.6463465697285195e-07 1.4125301002883664e-07 1.4327105116176777e-07 4.244990851058159e-06 1.289990889777046e-07 1.2078326974502163 1.7444851251349647e-07 5.841473455428073e-07 2.0362751443736587e-07 0.010401424570430529 1.5489817837554955e-07 0.061587521419484245 1.8547495505179863e-05 2.6758315071372547e-05 8.73875658069548e-06 0.007030474297630161 1.0124397464707761e-05 0.0012598073179354895 1.5481962516839795e-07 1.1515963447070215e-05 1.3375465884900621e-05 1.5774327019538465e-05 0.00018622628896362763 0.001257694155407423 0.0021761182219599494 0.0025486577056259346 1.217184001745972e-07 1.5433982127813267e-07
38 1.5529444125555198e-07 1.4569543670976226e-07 1.6463465697285195e-07 1.4125301002883664e-07 1.4327105116176777e-07 4.244990851058159e-06 1.289990889777046e-07 1.2078326974502163 1.7444851251349647e-07 5.841473455428073e-07 2.0362751443736587e-07 0.010401424570430529 1.5489817837554955e-07 0.061587521419484245 1.8547495505179863e-05 2.6758315071372547e-05 8.73875658069548e-06 0.007030474297630161 1.0124397464707761e-05 0.0012598073179354895 1.5481962516839795e-07 1.1515963447070215e-05 1.3375465884900621e-05 1.5774327019538465e-05 0.00018622628896362763 0.001257694155407423 0.0021761182219599494 0.0025486577056259346 1.217184001745972e-07 1.5433982127813267e-07
39 1.5529444125555198e-07 1.4569543670976226e-07 1.6463465697285195e-07 1.4125301002883664e-07 1.4327105116176777e-07 4.244990851058159e-06 1.289990889777046e-07 1.2078326974502163 1.7444851251349647e-07 5.841473455428073e-07 2.0362751443736587e-07 0.010401424570430529 1.5489817837554955e-07 0.061587521419484245 1.8547495505179863e-05 2.6758315071372547e-05 8.73875658069548e-06 0.007030474297630161 1.0124397464707761e-05 0.0012598073179354895 1.5481962516839795e-07 1.1515963447070215e-05 1.3375465884900621e-05 1.5774327019538465e-05 0.00018622628896362763 0.001257694155407423 0.0021761182219599494 0.0025486577056259346 1.217184001745972e-07 1.5433982127813267e-07
40 1.5529444125555198e-07 1.4569543670976226e-07 1.6463465697285195e-07 1.4125301002883664e-07 1.4327105116176777e-07 4.244990851058159e-06 1.289990889777046e-07 1.2078326974502163 1.7444851251349647e-07 5.841473455428073e-07 2.0362751443736587e-07 0.010401424570430529 1.5489817837554955e-07 0.061587521419484245 1.8547495505179863e-05 2.6758315071372547e-05 8.73875658069548e-06 0.007030474297630161 1.0124397464707761e-05 0.0012598073179354895 1.5481962516839795e-07 1.1515963447070215e-05 1.3375465884900621e-05 1.5774327019538465e-05 0.00018622628896362763 0.001257694155407423 0.0021761182219599494 0.0025486577056259346 1.217184001745972e-07 1.5433982127813267e-07
41 1.5529444125555198e-07 1.4569543670976226e-07 1.6463465697285195e-07 1.4125301002883664e-07 1.4327105116176777e-07 4.244990851058159e-06 1.289990889777046e-07 1.2078326974502163 1.7444851251349647e-07 5.841473455428073e-07 2.0362751443736587e-07 0.010401424570430529 1.5489817837554955e-07 0.061587521419484245 1.8547495505179863e-05 2.6758315071372547e-05 8.73875658069548e-06 0.007030474297630161 1.0124397464707761e-05 0.0012598073179354895 1.5481962516839795e-07 1.1515963447070215e-05 1.3375465884900621e-05 1.5774327019538465e-05 0.00018622628896362763 0.001257694155407423 0.0021761182219599494 0.0025486577056259346 1.217184001745972e-07 1.5433982127813267e-07
42 1.5529444125555198e-07 1.4569543670976226e-07 1.6463465697285195e-07 1.4125301002883664e-07 1.4327105116176777e-07 4.244990851058159e-06 1.289990889777046e-07 1.2078326974502163 1.7444851251349647e-07 5.841473455428073e-07 2.0362751443736587e-07 0.010401424570430529 1.5489817837554955e-07 0.061587521419484245 1.8547495505179863e-05 2.6758315071372547e-05 8.73875658069548e-06 0.007030474297630161 1.0124397464707761e-05 0.0012598073179354895 1.5481962516839795e-07 1.1515963447070215e-05 1.3375465884900621e-05 1.5774327019538465e-05 0.00018622628896362763 0.001257694155407423 0.0021761182219599494 0.0025486577056259346 1.217184001745972e-07 1.5433982127813267e-07
43 1.5529444125555198e-07 1.4569543670976226e-07 1.6463465697285195e-07 1.4125301002883664e-07 1.4327105116176777e-07 4.244990851058159e-06 1.289990889777046e-07 1.2078326974502163 1.7444851251349647e-07 5.841473455428073e-07 2.0362751443736587e-07 0.010401424570430529 1.5489817837554955e-07 0.061587521419484245 1.8547495505179863e-05 2.6758315071372547e-05 8.73875658069548e-06 0.007030474297630161 1.0124397464707761e-05 0.0012598073179354895 1.5481962516839795e-07 1.1515963447070215e-05 1.3375465884900621e-05 1.5774327019538465e-05 0.00018622628896362763 0.001257694155407423 0.0021761182219599494 0.0025486577056259346 1.217184001745972e-07 1.5433982127813267e-07
44 1.5529444125555198e-07 1.4569543670976226e-07 1.6463465697285195e-07 1.4125301002883664e-07 1.4327105116176777e-07 4.244990851058159e-06 1.289990889777046e-07 1.2078326974502163 1.7444851251349647e-07 5.841473455428073e-07 2.0362751443736587e-07 0.010401424570430529 1.5489817837554955e-07 0.061587521419484245 1.8547495505179863e-05 2.6758315071372547e-05 8.73875658069548e-06 0.007030474297630161 1.0124397464707761e-05 0.0012598073179354895 1.5481962516839795e-07 1.1515963447070215e-05 1.3375465884900621e-05 1.5774327019538465e-05 0.00018622628896362763 0.001257694155407423 0.0021761182219599494 0.0025486577056259346 1.217184001745972e-07 1.5433982127813267e-07
45 3.7926958891360563e-07 3.826547106494907e-07 3.9666594038833973e-07 3.927776148240902e-07 3.688564124685658e-07 0.03593655065776782 3.9606580916904286e-07 0.751755310310395 3.5402942837505247e-07 0.02224019158298549 0.000168935613881505 0.07563460130451032 3.5629074603960035e-07 5.001376246390596e-05 5.4794336922360675e-05 4.2747186460007207e-05 1.2500411362274414e-05 0.0011390464710389471 2.8841742545459685e-06 8.567219034204359e-05 5.560347430503828e-07 4.4029765864911084e-06 6.662716184621798e-07 3.5989056695192643e-06 1.146110557020549e-05 0.0010592086011082782 0.0002198511560684963 0.000672737401563203 3.391148986203614e-07 3.859772253767091e-07
46 3.7926958891360563e-07 3.826547106494907e-07 3.9666594038833973e-07 3.927776148240902e-07 3.688564124685658e-07 0.03593655065776782 3.9606580916904286e-07 0.751755310310395 3.5402942837505247e-07 0.02224019158298549 0.000168935613881505 0.07563460130451032 3.5629074603960035e-07 5.001376246390596e-05 5.4794336922360675e-05 4.2747186460007207e-05 1.2500411362274414e-05 0.0011390464710389471 2.8841742545459685e-06 8.567219034204359e-05 5.560347430503828e-07 4.4029765864911084e-06 6.662716184621798e-07 3.5989056695192643e-06 1.146110557020549e-05 0.0010592086011082782 0.0002198511560684963 0.000672737401563203 3.391148986203614e-07 3.859772253767091e-07
47 3.7926958891360563e-07 3.826547106494907e-07 3.9666594038833973e-07 3.927776148240902e-07 3.688564124685658e-07 0.03593655065776782 3.9606580916904286e-07 0.751755310310395 3.5402942837505247e-07 0.02224019158298549 0.000168935613881505 0.07563460130451032 3.5629074603960035e-07 5.001376246390596e-05 5.4794336922360675e-05 4.2747186460007207e-05 1.2500411362274414e-05 0.0011390464710389471 2.8841742545459685e-06 8.567219034204359e-05 5.560347430503828e-07 4.4029765864911084e-06 6.662716184621798e-07 3.5989056695192643e-06 1.146110557020549e-05 0.0010592086011082782 0.0002198511560684963 0.000672737401563203 3.391148986203614e-07 3.859772253767091e-07
48 3.7926958891360563e-07 3.826547106494907e-07 3.9666594038833973e-07 3.927776148240902e-07 3.688564124685658e-07 0.03593655065776782 3.9606580916904286e-07 0.751755310310395 3.5402942837505247e-07 0.02224019158298549 0.000168935613881505 0.07563460130451032 3.5629074603960035e-07 5.001376246390596e-05 5.4794336922360675e-05 4.2747186460007207e-05 1.2500411362274414e-05 0.0011390464710389471 2.8841742545459685e-06 8.567219034204359e-05 5.560347430503828e-07 4.4029765864911084e-06 6.662716184621798e-07 3.5989056695192643e-06 1.146110557020549e-05 0.0010592086011082782 0.0002198511560684963 0.000672737401563203 3.391148986203614e-07 3.859772253767091e-07
49 3.7926958891360563e-07 3.826547106494907e-07 3.9666594038833973e-07 3.927776148240902e-07 3.688564124685658e-07 0.03593655065776782 3.9606580916904286e-07 0.751755310310395 3.5402942837505247e-07 0.02224019158298549 0.000168935613881505 0.07563460130451032 3.5629074603960035e-07 5.001376246390596e-05 5.4794336922360675e-05 4.2747186460007207e-05 1.2500411362274414e-05 0.0011390464710389471 2.8841742545459685e-06 8.567219034204359e-05 5.560347430503828e-07 4.4029765864911084e-06 6.662716184621798e-07 3.5989056695192643e-06 1.146110557020549e-05 0.0010592086011082782 0.0002198511560684963 0.000672737401563203 3.391148986203614e-07 3.859772253767091e-07
50 3.7926958891360563e-07 3.826547106494907e-07 3.9666594038833973e-07 3.927776148240902e-07 3.688564124685658e-07 0.03593655065776782 3.9606580916904286e-07 0.751755310310395 3.5402942837505247e-07 0.02224019158298549 0.000168935613881505 0.07563460130451032 3.5629074603960035e-07 5.001376246390596e-05 5.4794336922360675e-05 4.2747186460007207e-05 1.2500411362274414e-05 0.0011390464710389471 2.8841742545459685e-06 8.567219034204359e-05 5.560347430503828e-07 4.4029765864911084e-06 6.662716184621798e-07 3.5989056695192643e-06 1.146110557020549e-05 0.0010592086011082782 0.0002198511560684963 0.000672737401563203 3.391148986203614e-07 3.859772253767091e-07
51 3.7926958891360563e-07 3.826547106494907e-07 3.9666594038833973e-07 3.927776148240902e-07 3.688564124685658e-07 0.03593655065776782 3.9606580916904286e-07 0.751755310310395 3.5402942837505247e-07 0.02224019158298549 0.000168935613881505 0.07563460130451032 3.5629074603960035e-07 5.001376246390596e-05 5.4794336922360675e-05 4.2747186460007207e-05 1.2500411362274414e-05 0.0011390464710389471 2.8841742545459685e-06 8.567219034204359e-05 5.560347430503828e-07 4.4029765864911084e-06 6.662716184621798e-07 3.5989056695192643e-06 1.146110557020549e-05 0.0010592086011082782 0.0002198511560684963 0.000672737401563203 3.391148986203614e-07 3.859772253767091e-07
52 3.7926958891360563e-07 3.826547106494907e-07 3.9666594038833973e-07 3.927776148240902e-07 3.688564124685658e-07 0.03593655065776782 3.9606580916904286e-07 0.751755310310395 3.5402942837505247e-07 0.02224019158298549 0.000168935613881505 0.07563460130451032 3.5629074603960035e-07 5.001376246390596e-05 5.4794336922360675e-05 4.2747186460007207e-05 1.2500411362274414e-05 0.0011390464710389471 2.8841742545459685e-06 8.567219034204359e-05 5.560347430503828e-07 4.4029765864911084e-06 6.662716184621798e-07 3.5989056695192643e-06 1.146110557020549e-05 0.0010592086011082782 0.0002198511560684963 0.000672737401563203 3.391148986203614e-07 3.859772253767091e-07
53 3.7926958891360563e-07 3.826547106494907e-07 3.9666594038833973e-07 3.927776148240902e-07 3.688564124685658e-07 0.03593655065776782 3.9606580916904286e-07 0.751755310310395 3.5402942837505247e-07 0.02224019158298549 0.000168935613881505 0.07563460130451032 3.5629074603960035e-07 5.001376246390596e-05 5.4794336922360675e-05 4.2747186460007207e-05 1.2500411362274414e-05 0.0011390464710389471 2.8841742545459685e-06 8.567219034204359e-05 5.560347430503828e-07 4.4029765864911084e-06 6.662716184621798e-07 3.5989056695192643e-06 1.146110557020549e-05 0.0010592086011082782 0.0002198511560684963 0.000672737401563203 3.391148986203614e-07 3.859772253767091e-07
54 3.7926958891360563e-07 3.826547106494907e-07 3.9666594038833973e-07 3.927776148240902e-07 3.688564124685658e-07 0.03593655065776782 3.9606580916904286e-07 0.751755310310395 3.5402942837505247e-07 0.02224019158298549 0.000168935613881505 0.07563460130451032 3.5629074603960035e-07 5.001376246390596e-05 5.4794336922360675e-05 4.2747186460007207e-05 1.2500411362274414e-05 0.0011390464710389471 2.8841742545459685e-06 8.567219034204359e-05 5.560347430503828e-07 4.4029765864911084e-06 6.662716184621798e-07 3.5989056695192643e-06 1.146110557020549e-05 0.0010592086011082782 0.0002198511560684963 0.000672737401563203 3.391148986203614e-07 3.859772253767091e-07
55 3.7926958891360563e-07 3.826547106494907e-07 3.9666594038833973e-07 3.927776148240902e-07 3.688564124685658e-07 0.03593655065776782 3.9606580916904286e-07 0.751755310310395 3.5402942837505247e-07 0.02224019158298549 0.000168935613881505 0.07563460130451032 3.5629074603960035e-07 5.001376246390596e-05 5.4794336922360675e-05 4.2747186460007207e-05 1.2500411362274414e-05 0.0011390464710389471 2.8841742545459685e-06 8.567219034204359e-05 5.560347430503828e-07 4.4029765864911084e-06 6.662716184621798e-07 3.5989056695192643e-06 1.146110557020549e-05 0.0010592086011082782 0.0002198511560684963 0.000672737401563203 3.391148986203614e-07 3.859772253767091e-07
56 3.7926958891360563e-07 3.826547106494907e-07 3.9666594038833973e-07 3.927776148240902e-07 3.688564124685658e-07 0.03593655065776782 3.9606580916904286e-07 0.751755310310395 3.5402942837505247e-07 0.02224019158298549 0.000168935613881505 0.07563460130451032 3.5629074603960035e-07 5.001376246390596e-05 5.4794336922360675e-05 4.2747186460007207e-05 1.2500411362274414e-05 0.0011390464710389471 2.8841742545459685e-06 8.567219034204359e-05 5.560347430503828e-07 4.4029765864911084e-06 6.662716184621798e-07 3.5989056695192643e-06 1.146110557020549e-05 0.0010592086011082782 0.0002198511560684963 0.000672737401563203 3.391148986203614e-07 3.859772253767091e-07
57 3.7926958891360563e-07 3.826547106494907e-07 3.9666594038833973e-07 3.927776148240902e-07 3.688564124685658e-07 0.03593655065776782 3.9606580916904286e-07 0.751755310310395 3.5402942837505247e-07 0.02224019158298549 0.000168935613881505 0.07563460130451032 3.5629074603960035e-07 5.001376246390596e-05 5.4794336922360675e-05 4.2747186460007207e-05 1.2500411362274414e-05 0.0011390464710389471 2.8841742545459685e-06 8.567219034204359e-05 5.560347430503828e-07 4.4029765864911084e-06 6.662716184621798e-07 3.5989056695192643e-06 1.146110557020549e-05 0.0010592086011082782 0.0002198511560684963 0.000672737401563203 3.391148986203614e-07 3.859772253767091e-07
58 3.7926958891360563e-07 3.826547106494907e-07 3.9666594038833973e-07 3.927776148240902e-07 3.688564124685658e-07 0.03593655065776782 3.9606580916904286e-07 0.751755310310395 3.5402942837505247e-07 0.02224019158298549 0.000168935613881505 0.07563460130451032 3.5629074603960035e-07 5.001376246390596e-05 5.4794336922360675e-05 4.2747186460007207e-05 1.2500411362274414e-05 0.0011390464710389471 2.8841742545459685e-06 8.567219034204359e-05 5.560347430503828e-07 4.4029765864911084e-06 6.662716184621798e-07 3.5989056695192643e-06 1.146110557020549e-05 0.0010592086011082782 0.0002198511560684963 0.000672737401563203 3.391148986203614e-07 3.859772253767091e-07
59 3.7926958891360563e-07 3.826547106494907e-07 3.9666594038833973e-07 3.927776148240902e-07 3.688564124685658e-07 0.03593655065776782 3.9606580916904286e-07 0.751755310310395 3.5402942837505247e-07 0.02224019158298549 0.000168935613881505 0.07563460130451032 3.5629074603960035e-07 5.001376246390596e-05 5.4794336922360675e-05 4.2747186460007207e-05 1.2500411362274414e-05 0.0011390464710389471 2.8841742545459685e-06 8.567219034204359e-05 5.560347430503828e-07 4.4029765864911084e-06 6.662716184621798e-07 3.5989056695192643e-06 1.146110557020549e-05 0.0010592086011082782 0.0002198511560684963 0.000672737401563203 3.391148986203614e-07 3.859772253767091e-07
60 3.7926958891360563e-07 3.826547106494907e-07 3.9666594038833973e-07 3.927776148240902e-07 3.688564124685658e-07 0.03593655065776782 3.9606580916904286e-07 0.751755310310395 3.5402942837505247e-07 0.02224019158298549 0.000168935613881505 0.07563460130451032 3.5629074603960035e-07 5.001376246390596e-05 5.4794336922360675e-05 4.2747186460007207e-05 1.2500411362274414e-05 0.0011390464710389471 2.8841742545459685e-06 8.567219034204359e-05 5.560347430503828e-07 4.4029765864911084e-06 6.662716184621798e-07 3.5989056695192643e-06 1.146110557020549e-05 0.0010592086011082782 0.0002198511560684963 0.000672737401563203 3.391148986203614e-07 3.859772253767091e-07
61 3.7926958891360563e-07 3.826547106494907e-07 3.9666594038833973e-07 3.927776148240902e-07 3.688564124685658e-07 0.03593655065776782 3.9606580916904286e-07 0.751755310310395 3.5402942837505247e-07 0.02224019158298549 0.000168935613881505 0.07563460130451032 3.5629074603960035e-07 5.001376246390596e-05 5.4794336922360675e-05 4.2747186460007207e-05 1.2500411362274414e-05 0.0011390464710389471 2.8841742545459685e-06 8.567219034204359e-05 5.560347430503828e-07 4.4029765864911084e-06 6.662716184621798e-07 3.5989056695192643e-06 1.146110557020549e-05 0.0010592086011082782 0.0002198511560684963 0.000672737401563203 3.391148986203614e-07 3.859772253767091e-07
62 3.7926958891360563e-07 3.826547106494907e-07 3.9666594038833973e-07 3.927776148240902e-07 3.688564124685658e-07 0.03593655065776782 3.9606580916904286e-07 0.751755310310395 3.5402942837505247e-07 0.02224019158298549 0.000168935613881505 0.07563460130451032 3.5629074603960035e-07 5.001376246390596e-05 5.4794336922360675e-05 4.2747186460007207e-05 1.2500411362274414e-05 0.0011390464710389471 2.8841742545459685e-06 8.567219034204359e-05 5.560347430503828e-07 4.4029765864911084e-06 6.662716184621798e-07 3.5989056695192643e-06 1.146110557020549e-05 0.0010592086011082782 0.0002198511560684963 0.000672737401563203 3.391148986203614e-07 3.859772253767091e-07
63 3.7926958891360563e-07 3.826547106494907e-07 3.9666594038833973e-07 3.927776148240902e-07 3.688564124685658e-07 0.03593655065776782 3.9606580916904286e-07 0.751755310310395 3.5402942837505247e-07 0.02224019158298549 0.000168935613881505 0.07563460130451032 3.5629074603960035e-07 5.001376246390596e-05 5.4794336922360675e-05 4.2747186460007207e-05 1.2500411362274414e-05 0.0011390464710389471 2.8841742545459685e-06 8.567219034204359e-05 5.560347430503828e-07 4.4029765864911084e-06 6.662716184621798e-07 3.5989056695192643e-06 1.146110557020549e-05 0.0010592086011082782 0.0002198511560684963 0.000672737401563203 3.391148986203614e-07 3.859772253767091e-07
64 3.7926958891360563e-07 3.826547106494907e-07 3.9666594038833973e-07 3.927776148240902e-07 3.688564124685658e-07 0.03593655065776782 3.9606580916904286e-07 0.751755310310395 3.5402942837505247e-07 0.02224019158298549 0.000168935613881505 0.07563460130451032 3.5629074603960035e-07 5.001376246390596e-05 5.4794336922360675e-05 4.2747186460007207e-05 1.2500411362274414e-05 0.0011390464710389471 2.8841742545459685e-06 8.567219034204359e-05 5.560347430503828e-07 4.4029765864911084e-06 6.662716184621798e-07 3.5989056695192643e-06 1.146110557020549e-05 0.0010592086011082782 0.0002198511560684963 0.000672737401563203 3.391148986203614e-07 3.859772253767091e-07
65 3.7926958891360563e-07 3.826547106494907e-07 3.9666594038833973e-07 3.927776148240902e-07 3.688564124685658e-07 0.03593655065776782 3.9606580916904286e-07 0.751755310310395 3.5402942837505247e-07 0.02224019158298549 0.000168935613881505 0.07563460130451032 3.5629074603960035e-07 5.001376246390596e-05 5.4794336922360675e-05 4.2747186460007207e-05 1.2500411362274414e-05 0.0011390464710389471 2.8841742545459685e-06 8.567219034204359e-05 5.560347430503828e-07 4.4029765864911084e-06 6.662716184621798e-07 3.5989056695192643e-06 1.146110557020549e-05 0.0010592086011082782 0.0002198511560684963 0.000672737401563203 3.391148986203614e-07 3.859772253767091e-07
66 3.7926958891360563e-07 3.826547106494907e-07 3.9666594038833973e-07 3.927776148240902e-07 3.688564124685658e-07 0.03593655065776782 3.9606580916904286e-07 0.751755310310395 3.5402942837505247e-07 0.02224019158298549 0.000168935613881505 0.07563460130451032 3.5629074603960035e-07 5.001376246390596e-05 5.4794336922360675e-05 4.2747186460007207e-05 1.2500411362274414e-05 0.0011390464710389471 2.8841742545459685e-06 8.567219034204359e-05 5.560347430503828e-07 4.4029765864911084e-06 6.662716184621798e-07 3.5989056695192643e-06 1.146110557020549e-05 0.0010592086011082782 0.0002198511560684963 0.000672737401563203 3.391148986203614e-07 3.859772253767091e-07
67 3.7926958891360563e-07 3.826547106494907e-07 3.9666594038833973e-07 3.927776148240902e-07 3.688564124685658e-07 0.03593655065776782 3.9606580916904286e-07 0.751755310310395 3.5402942837505247e-07 0.02224019158298549 0.000168935613881505 0.07563460130451032 3.5629074603960035e-07 5.001376246390596e-05 5.4794336922360675e-05 4.2747186460007207e-05 1.2500411362274414e-05 0.0011390464710389471 2.8841742545459685e-06 8.567219034204359e-05 5.560347430503828e-07 4.4029765864911084e-06 6.662716184621798e-07 3.5989056695192643e-06 1.146110557020549e-05 0.0010592086011082782 0.0002198511560684963 0.000672737401563203 3.391148986203614e-07 3.859772253767091e-07
68 8.035176880342161e-07 8.133158703357952e-07 8.0975886808608e-07 8.338230828076943e-07 7.989133451892667e-07 0.058958695624308374 8.137964391425499e-07 0.4826848813337908 8.071890639619727e-07 0.04292111530425742 0.0003326815257737499 0.1799618867369573 7.910819816477478e-07 9.496339415110495e-05 0.0001226176396414494 0.00010092721586387557 2.6785357876199407e-05 0.0025209009190588264 6.7756315769520135e-06 0.0005399596618352615 9.55596779129933e-07 1.1489075711732105e-05 1.422920378511962e-06 8.131122948333823e-06 2.398791410405185e-05 0.002991458670300504 0.0005031385274707766 0.0013427038439600802 8.172984877498863e-07 8.122235886479857e-07
69 8.035176880342161e-07 8.133158703357952e-07 8.0975886808608e-07 8.338230828076943e-07 7.989133451892667e-07 0.058958695624308374 8.137964391425499e-07 0.4826848813337908 8.071890639619727e-07 0.04292111530425742 0.0003326815257737499 0.1799618867369573 7.910819816477478e-07 9.496339415110495e-05 0.0001226176396414494 0.00010092721586387557 2.6785357876199407e-05 0.0025209009190588264 6.7756315769520135e-06 0.0005399596618352615 9.55596779129933e-07 1.1489075711732105e-05 1.422920378511962e-06 8.131122948333823e-06 2.398791410405185e-05 0.002991458670300504 0.0005031385274707766 0.0013427038439600802 8.172984877498863e-07 8.122235886479857e-07
70 8.035176880342161e-07 8.133158703357952e-07 8.0975886808608e-07 8.338230828076943e-07 7.989133451892667e-07 0.058958695624308374 8.137964391425499e-07 0.4826848813337908 8.071890639619727e-07 0.04292111530425742 0.0003326815257737499 0.1799618867369573 7.910819816477478e-07 9.496339415110495e-05 0.0001226176396414494 0.00010092721586387557 2.6785357876199407e-05 0.0025209009190588264 6.7756315769520135e-06 0.0005399596618352615 9.55596779129933e-07 1.1489075711732105e-05 1.422920378511962e-06 8.131122948333823e-06 2.398791410405185e-05 0.002991458670300504 0.0005031385274707766 0.0013427038439600802 8.172984877498863e-07 8.122235886479857e-07
71 8.035176880342161e-07 8.133158703357952e-07 8.0975886808608e-07 8.338230828076943e-07 7.989133451892667e-07 0.058958695624308374 8.137964391425499e-07 0.4826848813337908 8.071890639619727e-07 0.04292111530425742 0.0003326815257737499 0.1799618867369573 7.910819816477478e-07 9.496339415110495e-05 0.0001226176396414494 0.00010092721586387557 2.6785357876199407e-05 0.0025209009190588264 6.7756315769520135e-06 0.0005399596618352615 9.55596779129933e-07 1.1489075711732105e-05 1.422920378511962e-06 8.131122948333823e-06 2.398791410405185e-05 0.002991458670300504 0.0005031385274707766 0.0013427038439600802 8.172984877498863e-07 8.122235886479857e-07
72 8.035176880342161e-07 8.133158703357952e-07 8.0975886808608e-07 8.338230828076943e-07 7.989133451892667e-07 0.058958695624308374 8.137964391425499e-07 0.4826848813337908 8.071890639619727e-07 0.04292111530425742 0.0003326815257737499 0.1799618867369573 7.910819816477478e-07 9.496339415110495e-05 0.0001226176396414494 0.00010092721586387557 2.6785357876199407e-05 0.0025209009190588264 6.7756315769520135e-06 0.0005399596618352615 9.55596779129933e-07 1.1489075711732105e-05 1.422920378511962e-06 8.131122948333823e-06 2.398791410405185e-05 0.002991458670300504 0.0005031385274707766 0.0013427038439600802 8.172984877498863e-07 8.122235886479857e-07
73 8.035176880342161e-07 8.133158703357952e-07 8.0975886808608e-07 8.338230828076943e-07 7.989133451892667e-07 0.058958695624308374 8.137964391425499e-07 0.4826848813337908 8.071890639619727e-07 0.04292111530425742 0.0003326815257737499 0.1799618867369573 7.910819816477478e-07 9.496339415110495e-05 0.0001226176396414494 0.00010092721586387557 2.6785357876199407e-05 0.0025209009190588264 6.7756315769520135e-06 0.0005399596618352615 9.55596779129933e-07 1.1489075711732105e-05 1.422920378511962e-06 8.131122948333823e-06 2.398791410405185e-05 0.002991458670300504 0.0005031385274707766 0.0013427038439600802 8.172984877498863e-07 8.122235886479857e-07
74 8.035176880342161e-07 8.133158703357952e-07 8.0975886808608e-07 8.338230828076943e-07 7.989133451892667e-07 0.058958695624308374 8.137964391425499e-07 0.4826848813337908 8.071890639619727e-07 0.04292111530425742 0.0003326815257737499 0.1799618867369573 7.910819816477478e-07 9.496339415110495e-05 0.0001226176396414494 0.00010092721586387557 2.6785357876199407e-05 0.0025209009190588264 6.7756315769520135e-06 0.0005399596618352615 9.55596779129933e-07 1.1489075711732105e-05 1.422920378511962e-06 8.131122948333823e-06 2.398791410405185e-05 0.002991458670300504 0.0005031385274707766 0.0013427038439600802 8.172984877498863e-07 8.122235886479857e-07
75 8.035176880342161e-07 8.133158703357952e-07 8.0975886808608e-07 8.338230828076943e-07 7.989133451892667e-07 0.058958695624308374 8.137964391425499e-07 0.4826848813337908 8.071890639619727e-07 0.04292111530425742 0.0003326815257737499 0.1799618867369573 7.910819816477478e-07 9.496339415110495e-05 0.0001226176396414494 0.00010092721586387557 2.6785357876199407e-05 0.0025209009190588264 6.7756315769520135e-06 0.0005399596618352615 9.55596779129933e-07 1.1489075711732105e-05 1.422920378511962e-06 8.131122948333823e-06 2.398791410405185e-05 0.002991458670300504 0.0005031385274707766 0.0013427038439600802 8.172984877498863e-07 8.122235886479857e-07
76 8.035176880342161e-07 8.133158703357952e-07 8.0975886808608e-07 8.338230828076943e-07 7.989133451892667e-07 0.058958695624308374 8.137964391425499e-07 0.4826848813337908 8.071890639619727e-07 0.04292111530425742 0.0003326815257737499 0.1799618867369573 7.910819816477478e-07 9.496339415110495e-05 0.0001226176396414494 0.00010092721586387557 2.6785357876199407e-05 0.0025209009190588264 6.7756315769520135e-06 0.0005399596618352615 9.55596779129933e-07 1.1489075711732105e-05 1.422920378511962e-06 8.131122948333823e-06 2.398791410405185e-05 0.002991458670300504 0.0005031385274707766 0.0013427038439600802 8.172984877498863e-07 8.122235886479857e-07
77 8.035176880342161e-07 8.133158703357952e-07 8.0975886808608e-07 8.338230828076943e-07 7.989133451892667e-07 0.058958695624308374 8.137964391425499e-07 0.4826848813337908 8.071890639619727e-07 0.04292111530425742 0.0003326815257737499 0.1799618867369573 7.910819816477478e-07 9.496339415110495e-05 0.0001226176396414494 0.00010092721586387557 2.6785357876199407e-05 0.0025209009190588264 6.7756315769520135e-06 0.0005399596618352615 9.55596779129933e-07 1.1489075711732105e-05 1.422920378511962e-06 8.131122948333823e-06 2.398791410405185e-05 0.002991458670300504 0.0005031385274707766 0.0013427038439600802 8.172984877498863e-07 8.122235886479857e-07
78 8.035176880342161e-07 8.133158703357952e-07 8.0975886808608e-07 8.338230828076943e-07 7.989133451892667e-07 0.058958695624308374 8.137964391425499e-07 0.4826848813337908 8.071890639619727e-07 0.04292111530425742 0.0003326815257737499 0.1799618867369573 7.910819816477478e-07 9.496339415110495e-05 0.0001226176396414494 0.00010092721586387557 2.6785357876199407e-05 0.0025209009190588264 6.7756315769520135e-06 0.0005399596618352615 9.55596779129933e-07 1.1489075711732105e-05 1.422920378511962e-06 8.131122948333823e-06 2.398791410405185e-05 0.002991458670300504 0.0005031385274707766 0.0013427038439600802 8.172984877498863e-07 8.122235886479857e-07
79 8.035176880342161e-07 8.133158703357952e-07 8.0975886808608e-07 8.338230828076943e-07 7.989133451892667e-07 0.058958695624308374 8.137964391425499e-07 0.4826848813337908 8.071890639619727e-07 0.04292111530425742 0.0003326815257737499 0.1799618867369573 7.910819816477478e-07 9.496339415110495e-05 0.0001226176396414494 0.00010092721586387557 2.6785357876199407e-05 0.0025209009190588264 6.7756315769520135e-06 0.0005399596618352615 9.55596779129933e-07 1.1489075711732105e-05 1.422920378511962e-06 8.131122948333823e-06 2.398791410405185e-05 0.002991458670300504 0.0005031385274707766 0.0013427038439600802 8.172984877498863e-07 8.122235886479857e-07
80 8.035176880342161e-07 8.133158703357952e-07 8.0975886808608e-07 8.338230828076943e-07 7.989133451892667e-07 0.058958695624308374 8.137964391425499e-07 0.4826848813337908 8.071890639619727e-07 0.04292111530425742 0.0003326815257737499 0.1799618867369573 7.910819816477478e-07 9.496339415110495e-05 0.0001226176396414494 0.00010092721586387557 2.6785357876199407e-05 0.0025209009190588264 6.7756315769520135e-06 0.0005399596618352615 9.55596779129933e-07 1.1489075711732105e-05 1.422920378511962e-06 8.131122948333823e-06 2.398791410405185e-05 0.002991458670300504 0.0005031385274707766 0.0013427038439600802 8.172984877498863e-07 8.122235886479857e-07
81 8.035176880342161e-07 8.133158703357952e-07 8.0975886808608e-07 8.338230828076943e-07 7.989133451892667e-07 0.058958695624308374 8.137964391425499e-07 0.4826848813337908 8.071890639619727e-07 0.04292111530425742 0.0003326815257737499 0.1799618867369573 7.910819816477478e-07 9.496339415110495e-05 0.0001226176396414494 0.00010092721586387557 2.6785357876199407e-05 0.0025209009190588264 6.7756315769520135e-06 0.0005399596618352615 9.55596779129933e-07 1.1489075711732105e-05 1.422920378511962e-06 8.131122948333823e-06 2.398791410405185e-05 0.002991458670300504 0.0005031385274707766 0.0013427038439600802 8.172984877498863e-07 8.122235886479857e-07
82 8.035176880342161e-07 8.133158703357952e-07 8.0975886808608e-07 8.338230828076943e-07 7.989133451892667e-07 0.058958695624308374 8.137964391425499e-07 0.4826848813337908 8.071890639619727e-07 0.04292111530425742 0.0003326815257737499 0.1799618867369573 7.910819816477478e-07 9.496339415110495e-05 0.0001226176396414494 0.00010092721586387557 2.6785357876199407e-05 0.0025209009190588264 6.7756315769520135e-06 0.0005399596618352615 9.55596779129933e-07 1.1489075711732105e-05 1.422920378511962e-06 8.131122948333823e-06 2.398791410405185e-05 0.002991458670300504 0.0005031385274707766 0.0013427038439600802 8.172984877498863e-07 8.122235886479857e-07
83 8.035176880342161e-07 8.133158703357952e-07 8.0975886808608e-07 8.338230828076943e-07 7.989133451892667e-07 0.058958695624308374 8.137964391425499e-07 0.4826848813337908 8.071890639619727e-07 0.04292111530425742 0.0003326815257737499 0.1799618867369573 7.910819816477478e-07 9.496339415110495e-05 0.0001226176396414494 0.00010092721586387557 2.6785357876199407e-05 0.0025209009190588264 6.7756315769520135e-06 0.0005399596618352615 9.55596779129933e-07 1.1489075711732105e-05 1.422920378511962e-06 8.131122948333823e-06 2.398791410405185e-05 0.002991458670300504 0.0005031385274707766 0.0013427038439600802 8.172984877498863e-07 8.122235886479857e-07
84 8.035176880342161e-07 8.133158703357952e-07 8.0975886808608e-07 8.338230828076943e-07 7.989133451892667e-07 0.058958695624308374 8.137964391425499e-07 0.4826848813337908 8.071890639619727e-07 0.04292111530425742 0.0003326815257737499 0.1799618867369573 7.910819816477478e-07 9.496339415110495e-05 0.0001226176396414494 0.00010092721586387557 2.6785357876199407e-05 0.0025209009190588264 6.7756315769520135e-06 0.0005399596618352615 9.55596779129933e-07 1.1489075711732105e-05 1.422920378511962e-06 8.131122948333823e-06 2.398791410405185e-05 0.002991458670300504 0.0005031385274707766 0.0013427038439600802 8.172984877498863e-07 8.122235886479857e-07
85 8.035176880342161e-07 8.133158703357952e-07 8.0975886808608e-07 8.338230828076943e-07 7.989133451892667e-07 0.058958695624308374 8.137964391425499e-07 0.4826848813337908 8.071890639619727e-07 0.04292111530425742 0.0003326815257737499 0.1799618867369573 7.910819816477478e-07 9.496339415110495e-05 0.0001226176396414494 0.00010092721586387557 2.6785357876199407e-05 0.0025209009190588264 6.7756315769520135e-06 0.0005399596618352615 9.55596779129933e-07 1.1489075711732105e-05 1.422920378511962e-06 8.131122948333823e-06 2.398791410405185e-05 0.002991458670300504 0.0005031385274707766 0.0013427038439600802 8.172984877498863e-07 8.122235886479857e-07
86 8.035176880342161e-07 8.133158703357952e-07 8.0975886808608e-07 8.338230828076943e-07 7.989133451892667e-07 0.058958695624308374 8.137964391425499e-07 0.4826848813337908 8.071890639619727e-07 0.04292111530425742 0.0003326815257737499 0.1799618867369573 7.910819816477478e-07 9.496339415110495e-05 0.0001226176396414494 0.00010092721586387557 2.6785357876199407e-05 0.0025209009190588264 6.7756315769520135e-06 0.0005399596618352615 9.55596779129933e-07 1.1489075711732105e-05 1.422920378511962e-06 8.131122948333823e-06 2.398791410405185e-05 0.002991458670300504 0.0005031385274707766 0.0013427038439600802 8.172984877498863e-07 8.122235886479857e-07
87 8.035176880342161e-07 8.133158703357952e-07 8.0975886808608e-07 8.338230828076943e-07 7.989133451892667e-07 0.058958695624308374 8.137964391425499e-07 0.4826848813337908 8.071890639619727e-07 0.04292111530425742 0.0003326815257737499 0.1799618867369573 7.910819816477478e-07 9.496339415110495e-05 0.0001226176396414494 0.00010092721586387557 2.6785357876199407e-05 0.0025209009190588264 6.7756315769520135e-06 0.0005399596618352615 9.55596779129933e-07 1.1489075711732105e-05 1.422920378511962e-06 8.131122948333823e-06 2.398791410405185e-05 0.002991458670300504 0.0005031385274707766 0.0013427038439600802 8.172984877498863e-07 8.122235886479857e-07
88 8.035176880342161e-07 8.133158703357952e-07 8.0975886808608e-07 8.338230828076943e-07 7.989133451892667e-07 0.058958695624308374 8.137964391425499e-07 0.4826848813337908 8.071890639619727e-07 0.04292111530425742 0.0003326815257737499 0.1799618867369573 7.910819816477478e-07 9.496339415110495e-05 0.0001226176396414494 0.00010092721586387557 2.6785357876199407e-05 0.0025209009190588264 6.7756315769520135e-06 0.0005399596618352615 9.55596779129933e-07 1.1489075711732105e-05 1.422920378511962e-06 8.131122948333823e-06 2.398791410405185e-05 0.002991458670300504 0.0005031385274707766 0.0013427038439600802 8.172984877498863e-07 8.122235886479857e-07
89 8.035176880342161e-07 8.133158703357952e-07 8.0975886808608e-07 8.338230828076943e-07 7.989133451892667e-07 0.058958695624308374 8.137964391425499e-07 0.4826848813337908 8.071890639619727e-07 0.04292111530425742 0.0003326815257737499 0.1799618867369573 7.910819816477478e-07 9.496339415110495e-05 0.0001226176396414494 0.00010092721586387557 2.6785357876199407e-05 0.0025209009190588264 6.7756315769520135e-06 0.0005399596618352615 9.55596779129933e-07 1.1489075711732105e-05 1.422920378511962e-06 8.131122948333823e-06 2.398791410405185e-05 0.002991458670300504 0.0005031385274707766 0.0013427038439600802 8.172984877498863e-07 8.122235886479857e-07
90 8.035176880342161e-07 8.133158703357952e-07 8.0975886808608e-07 8.338230828076943e-07 7.989133451892667e-07 0.058958695624308374 8.137964391425499e-07 0.4826848813337908 8.071890639619727e-07 0.04292111530425742 0.0003326815257737499 0.1799618867369573 7.910819816477478e-07 9.496339415110495e-05 0.0001226176396414494 0.00010092721586387557 2.6785357876199407e-05 0.0025209009190588264 6.7756315769520135e-06 0.0005399596618352615 9.55596779129933e-07 1.1489075711732105e-05 1.422920378511962e-06 8.131122948333823e-06 2.398791410405185e-05 0.002991458670300504 0.0005031385274707766 0.0013427038439600802 8.172984877498863e-07 8.122235886479857e-07
91 8.035176880342161e-07 8.133158703357952e-07 8.0975886808608e-07 8.338230828076943e-07 7.989133451892667e-07 0.058958695624308374 8.137964391425499e-07 0.4826848813337908 8.071890639619727e-07 0.04292111530425742 0.0003326815257737499 0.1799618867369573 7.910819816477478e-07 9.496339415110495e-05 0.0001226176396414494 0.00010092721586387557 2.6785357876199407e-05 0.0025209009190588264 6.7756315769520135e-06 0.0005399596618352615 9.55596779129933e-07 1.1489075711732105e-05 1.422920378511962e-06 8.131122948333823e-06 2.398791410405185e-05 0.002991458670300504 0.0005031385274707766 0.0013427038439600802 8.172984877498863e-07 8.122235886479857e-07
92 8.035176880342161e-07 8.133158703357952e-07 8.0975886808608e-07 8.338230828076943e-07 7.989133451892667e-07 0.058958695624308374 8.137964391425499e-07 0.4826848813337908 8.071890639619727e-07 0.04292111530425742 0.0003326815257737499 0.1799618867369573 7.910819816477478e-07 9.496339415110495e-05 0.0001226176396414494 0.00010092721586387557 2.6785357876199407e-05 0.0025209009190588264 6.7756315769520135e-06 0.0005399596618352615 9.55596779129933e-07 1.1489075711732105e-05 1.422920378511962e-06 8.131122948333823e-06 2.398791410405185e-05 0.002991458670300504 0.0005031385274707766 0.0013427038439600802 8.172984877498863e-07 8.122235886479857e-07
93 8.035176880342161e-07 8.133158703357952e-07 8.0975886808608e-07 8.338230828076943e-07 7.989133451892667e-07 0.058958695624308374 8.137964391425499e-07 0.4826848813337908 8.071890639619727e-07 0.04292111530425742 0.0003326815257737499 0.1799618867369573 7.910819816477478e-07 9.496339415110495e-05 0.0001226176396414494 0.00010092721586387557 2.6785357876199407e-05 0.0025209009190588264 6.7756315769520135e-06 0.0005399596618352615 9.55596779129933e-07 1.1489075711732105e-05 1.422920378511962e-06 8.131122948333823e-06 2.398791410405185e-05 0.002991458670300504 0.0005031385274707766 0.0013427038439600802 8.172984877498863e-07 8.122235886479857e-07
94 8.035176880342161e-07 8.133158703357952e-07 8.0975886808608e-07 8.338230828076943e-07 7.989133451892667e-07 0.058958695624308374 8.137964391425499e-07 0.4826848813337908 8.071890639619727e-07 0.04292111530425742 0.0003326815257737499 0.1799618867369573 7.910819816477478e-07 9.496339415110495e-05 0.0001226176396414494 0.00010092721586387557 2.6785357876199407e-05 0.0025209009190588264 6.7756315769520135e-06 0.0005399596618352615 9.55596779129933e-07 1.1489075711732105e-05 1.422920378511962e-06 8.131122948333823e-06 2.398791410405185e-05 0.002991458670300504 0.0005031385274707766 0.0013427038439600802 8.172984877498863e-07 8.122235886479857e-07
95 8.035176880342161e-07 8.133158703357952e-07 8.0975886808608e-07 8.338230828076943e-07 7.989133451892667e-07 0.058958695624308374 8.137964391425499e-07 0.4826848813337908 8.071890639619727e-07 0.04292111530425742 0.0003326815257737499 0.1799618867369573 7.910819816477478e-07 9.496339415110495e-05 0.0001226176396414494 0.00010092721586387557 2.6785357876199407e-05 0.0025209009190588264 6.7756315769520135e-06 0.0005399596618352615 9.55596779129933e-07 1.1489075711732105e-05 1.422920378511962e-06 8.131122948333823e-06 2.398791410405185e-05 0.002991458670300504 0.0005031385274707766 0.0013427038439600802 8.172984877498863e-07 8.122235886479857e-07
96 8.035176880342161e-07 8.133158703357952e-07 8.0975886808608e-07 8.338230828076943e-07 7.989133451892667e-07 0.058958695624308374 8.137964391425499e-07 0.4826848813337908 8.071890639619727e-07 0.04292111530425742 0.0003326815257737499 0.1799618867369573 7.910819816477478e-07 9.496339415110495e-05 0.0001226176396414494 0.00010092721586387557 2.6785357876199407e-05 0.0025209009190588264 6.7756315769520135e-06 0.0005399596618352615 9.55596779129933e-07 1.1489075711732105e-05 1.422920378511962e-06 8.131122948333823e-06 2.398791410405185e-05 0.002991458670300504 0.0005031385274707766 0.0013427038439600802 8.172984877498863e-07 8.122235886479857e-07
97 8.035176880342161e-07 8.133158703357952e-07 8.0975886808608e-07 8.338230828076943e-07 7.989133451892667e-07 0.058958695624308374 8.137964391425499e-07 0.4826848813337908 8.071890639619727e-07 0.04292111530425742 0.0003326815257737499 0.1799618867369573 7.910819816477478e-07 9.496339415110495e-05 0.0001226176396414494 0.00010092721586387557 2.6785357876199407e-05 0.0025209009190588264 6.7756315769520135e-06 0.0005399596618352615 9.55596779129933e-07 1.1489075711732105e-05 1.422920378511962e-06 8.131122948333823e-06 2.398791410405185e-05 0.002991458670300504 0.0005031385274707766 0.0013427038439600802 8.172984877498863e-07 8.122235886479857e-07
98 8.035176880342161e-07 8.133158703357952e-07 8.0975886808608e-07 8.338230828076943e-07 7.989133451892667e-07 0.058958695624308374 8.137964391425499e-07 0.4826848813337908 8.071890639619727e-07 0.04292111530425742 0.0003326815257737499 0.1799618867369573 7.910819816477478e-07 9.496339415110495e-05 0.0001226176396414494 0.00010092721586387557 2.6785357876199407e-05 0.0025209009190588264 6.7756315769520135e-06 0.0005399596618352615 9.55596779129933e-07 1.1489075711732105e-05 1.422920378511962e-06 8.131122948333823e-06 2.398791410405185e-05 0.002991458670300504 0.0005031385274707766 0.0013427038439600802 8.172984877498863e-07 8.122235886479857e-07
99 8.035176880342161e-07 8.133158703357952e-07 8.0975886808608e-07 8.338230828076943e-07 7.989133451892667e-07 0.058958695624308374 8.137964391425499e-07 0.4826848813337908 8.071890639619727e-07 0.04292111530425742 0.0003326815257737499 0.1799618867369573 7.910819816477478e-07 9.496339415110495e-05 0.0001226176396414494 0.00010092721586387557 2.6785357876199407e-05 0.0025209009190588264 6.7756315769520135e-06 0.0005399596618352615 9.55596779129933e-07 1.1489075711732105e-05 1.422920378511962e-06 8.131122948333823e-06 2.398791410405185e-05 0.002991458670300504 0.0005031385274707766 0.0013427038439600802 8.172984877498863e-07 8.122235886479857e-07
100 8.035176880342161e-07 8.133158703357952e-07 8.0975886808608e-07 8.338230828076943e-07 7.989133451892667e-07 0.058958695624308374 8.137964391425499e-07 0.4826848813337908 8.071890639619727e-07 0.04292111530425742 0.0003326815257737499 0.1799618867369573 7.910819816477478e-07 9.496339415110495e-05 0.0001226176396414494 0.00010092721586387557 2.6785357876199407e-05 0.0025209009190588264 6.7756315769520135e-06 0.0005399596618352615 9.55596779129933e-07 1.1489075711732105e-05 1.422920378511962e-06 8.131122948333823e-06 2.398791410405185e-05 0.002991458670300504 0.0005031385274707766 0.0013427038439600802 8.172984877498863e-07 8.122235886479857e-07
101 8.035176880342161e-07 8.133158703357952e-07 8.0975886808608e-07 8.338230828076943e-07 7.989133451892667e-07 0.058958695624308374 8.137964391425499e-07 0.4826848813337908 8.071890639619727e-07 0.04292111530425742 0.0003326815257737499 0.1799618867369573 7.910819816477478e-07 9.496339415110495e-05 0.0001226176396414494 0.00010092721586387557 2.6785357876199407e-05 0.0025209009190588264 6.7756315769520135e-06 0.0005399596618352615 9.55596779129933e-07 1.1489075711732105e-05 1.422920378511962e-06 8.131122948333823e-06 2.398791410405185e-05 0.002991458670300504 0.0005031385274707766 0.0013427038439600802 8.172984877498863e-07 8.122235886479857e-07
102 8.035176880342161e-07 8.133158703357952e-07 8.0975886808608e-07 8.338230828076943e-07 7.989133451892667e-07 0.058958695624308374 8.137964391425499e-07 0.4826848813337908 8.071890639619727e-07 0.04292111530425742 0.0003326815257737499 0.1799618867369573 7.910819816477478e-07 9.496339415110495e-05 0.0001226176396414494 0.00010092721586387557 2.6785357876199407e-05 0.0025209009190588264 6.7756315769520135e-06 0.0005399596618352615 9.55596779129933e-07 1.1489075711732105e-05 1.422920378511962e-06 8.131122948333823e-06 2.398791410405185e-05 0.002991458670300504 0.0005031385274707766 0.0013427038439600802 8.172984877498863e-07 8.122235886479857e-07
103 8.035176880342161e-07 8.133158703357952e-07 8.0975886808608e-07 8.338230828076943e-07 7.989133451892667e-07 0.058958695624308374 8.137964391425499e-07 0.4826848813337908 8.071890639619727e-07 0.04292111530425742 0.0003326815257737499 0.1799618867369573 7.910819816477478e-07 9.496339415110495e-05 0.0001226176396414494 0.00010092721586387557 2.6785357876199407e-05 0.0025209009190588264 6.7756315769520135e-06 0.0005399596618352615 9.55596779129933e-07 1.1489075711732105e-05 1.422920378511962e-06 8.131122948333823e-06 2.398791410405185e-05 0.002991458670300504 0.0005031385274707766 0.0013427038439600802 8.172984877498863e-07 8.122235886479857e-07
104 8.035176880342161e-07 8.133158703357952e-07 8.0975886808608e-07 8.338230828076943e-07 7.989133451892667e-07 0.058958695624308374 8.137964391425499e-07 0.4826848813337908 8.071890639619727e-07 0.04292111530425742 0.0003326815257737499 0.1799618867369573 7.910819816477478e-07 9.496339415110495e-05 0.0001226176396414494 0.00010092721586387557 2.6785357876199407e-05 0.0025209009190588264 6.7756315769520135e-06 0.0005399596618352615 9.55596779129933e-07 1.1489075711732105e-05 1.422920378511962e-06 8.131122948333823e-06 2.398791410405185e-05 0.002991458670300504 0.0005031385274707766 0.0013427038439600802 8.172984877498863e-07 8.122235886479857e-07
105 8.035176880342161e-07 8.133158703357952e-07 8.0975886808608e-07 8.338230828076943e-07 7.989133451892667e-07 0.058958695624308374 8.137964391425499e-07 0.4826848813337908 8.071890639619727e-07 0.04292111530425742 0.0003326815257737499 0.1799618867369573 7.910819816477478e-07 9.496339415110495e-05 0.0001226176396414494 0.00010092721586387557 2.6785357876199407e-05 0.0025209009190588264 6.7756315769520135e-06 0.0005399596618352615 9.55596779129933e-07 1.1489075711732105e-05 1.422920378511962e-06 8.131122948333823e-06 2.398791410405185e-05 0.002991458670300504 0.0005031385274707766 0.0013427038439600802 8.172984877498863e-07 8.122235886479857e-07
106 8.035176880342161e-07 8.133158703357952e-07 8.0975886808608e-07 8.338230828076943e-07 7.989133451892667e-07 0.058958695624308374 8.137964391425499e-07 0.4826848813337908 8.071890639619727e-07 0.04292111530425742 0.0003326815257737499 0.1799618867369573 7.910819816477478e-07 9.496339415110495e-05 0.0001226176396414494 0.00010092721586387557 2.6785357876199407e-05 0.0025209009190588264 6.7756315769520135e-06 0.0005399596618352615 9.55596779129933e-07 1.1489075711732105e-05 1.422920378511962e-06 8.131122948333823e-06 2.398791410405185e-05 0.002991458670300504 0.0005031385274707766 0.0013427038439600802 8.172984877498863e-07 8.122235886479857e-07
107 8.035176880342161e-07 8.133158703357952e-07 8.0975886808608e-07 8.338230828076943e-07 7.989133451892667e-07 0.058958695624308374 8.137964391425499e-07 0.4826848813337908 8.071890639619727e-07 0.04292111530425742 0.0003326815257737499 0.1799618867369573 7.910819816477478e-07 9.496339415110495e-05 0.0001226176396414494 0.00010092721586387557 2.6785357876199407e-05 0.0025209009190588264 6.7756315769520135e-06 0.0005399596618352615 9.55596779129933e-07 1.1489075711732105e-05 1.422920378511962e-06 8.131122948333823e-06 2.398791410405185e-05 0.002991458670300504 0.0005031385274707766 0.0013427038439600802 8.172984877498863e-07 8.122235886479857e-07
108 8.035176880342161e-07 8.133158703357952e-07 8.0975886808608e-07 8.338230828076943e-07 7.989133451892667e-07 0.058958695624308374 8.137964391425499e-07 0.4826848813337908 8.071890639619727e-07 0.04292111530425742 0.0003326815257737499 0.1799618867369573 7.910819816477478e-07 9.496339415110495e-05 0.0001226176396414494 0.00010092721586387557 2.6785357876199407e-05 0.0025209009190588264 6.7756315769520135e-06 0.0005399596618352615 9.55596779129933e-07 1.1489075711732105e-05 1.422920378511962e-06 8.131122948333823e-06 2.398791410405185e-05 0.002991458670300504 0.0005031385274707766 0.0013427038439600802 8.172984877498863e-07 8.122235886479857e-07
