# index Z=1 - Z=30
0 6.882309869313505e-07 0.011562774920391245 6.958252908548202e-07 7.077218034529794e-07 7.056384994482405e-07 1.6232425384194614e-06 7.505581251277335e-07 0.004155225968436631 6.936383838495404e-07 7.648770882663444e-07 6.96833719786824e-07 8.073087179021693e-05 7.203126753504029e-07 0.023764445577267528 1.9665499712279398e-06 7.819147207966258e-05 9.152258989590739e-07 0.0075988862044596124 1.024729290096249e-06 0.015340479610105857 6.870539381126246e-07 0.00012751359441930119 0.00028609172650661727 2.0186780574854597e-05 0.006734195095475316 0.23526411338054073 0.16160085032895946 0.24795616287399735 6.732051216169333e-07 6.961278955015499e-07
1 6.882309869313505e-07 0.011562774920391245 6.958252908548202e-07 7.077218034529794e-07 7.056384994482405e-07 1.6232425384194614e-06 7.505581251277335e-07 0.004155225968436631 6.936383838495404e-07 7.648770882663444e-07 6.96833719786824e-07 8.073087179021693e-05 7.203126753504029e-07 0.023764445577267528 1.9665499712279398e-06 7.819147207966258e-05 9.152258989590739e-07 0.0075988862044596124 1.024729290096249e-06 0.015340479610105857 6.870539381126246e-07 0.00012751359441930119 0.00028609172650661727 2.0186780574854597e-05 0.006734195095475316 0.23526411338054073 0.16160085032895946 0.24795616287399735 6.732051216169333e-07 6.961278955015499e-07
2 6.882309869313505e-07 0.011562774920391245 6.958252908548202e-07 7.077218034529794e-07 7.056384994482405e-07 1.6232425384194614e-06 7.505581251277335e-07 0.004155225968436631 6.936383838495404e-07 7.648770882663444e-07 6.96833719786824e-07 8.073087179021693e-05 7.203126753504029e-07 0.023764445577267528 1.9665499712279398e-06 7.819147207966258e-05 9.152258989590739e-07 0.0075988862044596124 1.024729290096249e-06 0.015340479610105857 6.870539381126246e-07 0.00012751359441930119 0.00028609172650661727 2.0186780574854597e-05 0.006734195095475316 0.23526411338054073 0.16160085032895946 0.24795616287399735 6.732051216169333e-07 6.961278955015499e-07
3 6.882309869313505e-07 0.011562774920391245 6.958252908548202e-07 7.077218034529794e-07 7.056384994482405e-07 1.6232425384194614e-06 7.505581251277335e-07 0.004155225968436631 6.936383838495404e-07 7.648770882663444e-07 6.96833719786824e-07 8.073087179021693e-05 7.203126753504029e-07 0.023764445577267528 1.9665499712279398e-06 7.819147207966258e-05 9.152258989590739e-07 0.0075988862044596124 1.024729290096249e-06 0.015340479610105857 6.870539381126246e-07 0.00012751359441930119 0.00028609172650661727 2.0186780574854597e-05 0.006734195095475316 0.23526411338054073 0.16160085032895946 0.24795616287399735 6.732051216169333e-07 6.961278955015499e-07
4 6.882309869313505e-07 0.011562774920391245 6.958252908548202e-07 7.077218034529794e-07 7.056384994482405e-07 1.6232425384194614e-06 7.505581251277335e-07 0.004155225968436631 6.936383838495404e-07 7.648770882663444e-07 6.96833719786824e-07 8.073087179021693e-05 7.203126753504029e-07 0.023764445577267528 1.9665499712279398e-06 7.819147207966258e-05 9.152258989590739e-07 0.0075988862044596124 1.024729290096249e-06 0.015340479610105857 6.870539381126246e-07 0.00012751359441930119 0.00028609172650661727 2.0186780574854597e-05 0.006734195095475316 0.23526411338054073 0.16160085032895946 0.24795616287399735 6.732051216169333e-07 6.961278955015499e-07
5 6.882309869313505e-07 0.011562774920391245 6.958252908548202e-07 7.077218034529794e-07 7.056384994482405e-07 1.6232425384194614e-06 7.505581251277335e-07 0.004155225968436631 6.936383838495404e-07 7.648770882663444e-07 6.96833719786824e-07 8.073087179021693e-05 7.203126753504029e-07 0.023764445577267528 1.9665499712279398e-06 7.819147207966258e-05 9.152258989590739e-07 0.0075988862044596124 1.024729290096249e-06 0.015340479610105857 6.870539381126246e-07 0.00012751359441930119 0.00028609172650661727 2.0186780574854597e-05 0.006734195095475316 0.23526411338054073 0.16160085032895946 0.24795616287399735 6.732051216169333e-07 6.961278955015499e-07
6 6.882309869313505e-07 0.011562774920391245 6.958252908548202e-07 7.077218034529794e-07 7.056384994482405e-07 1.6232425384194614e-06 7.505581251277335e-07 0.004155225968436631 6.936383838495404e-07 7.648770882663444e-07 6.96833719786824e-07 8.073087179021693e-05 7.203126753504029e-07 0.023764445577267528 1.9665499712279398e-06 7.819147207966258e-05 9.152258989590739e-07 0.0075988862044596124 1.024729290096249e-06 0.015340479610105857 6.870539381126246e-07 0.00012751359441930119 0.00028609172650661727 2.0186780574854597e-05 0.006734195095475316 0.23526411338054073 0.16160085032895946 0.24795616287399735 6.732051216169333e-07 6.961278955015499e-07
7 6.882309869313505e-07 0.011562774920391245 6.958252908548202e-07 7.077218034529794e-07 7.056384994482405e-07 1.6232425384194614e-06 7.505581251277335e-07 0.004155225968436631 6.936383838495404e-07 7.648770882663444e-07 6.96833719786824e-07 8.073087179021693e-05 7.203126753504029e-07 0.023764445577267528 1.9665499712279398e-06 7.819147207966258e-05 9.152258989590739e-07 0.0075988862044596124 1.024729290096249e-06 0.015340479610105857 6.870539381126246e-07 0.00012751359441930119 0.00028609172650661727 2.0186780574854597e-05 0.006734195095475316 0.23526411338054073 0.16160085032895946 0.24795616287399735 6.732051216169333e-07 6.961278955015499e-07
8 6.882309869313505e-07 0.011562774920391245 6.958252908548202e-07 7.077218034529794e-07 7.056384994482405e-07 1.6232425384194614e-06 7.505581251277335e-07 0.004155225968436631 6.936383838495404e-07 7.648770882663444e-07 6.96833719786824e-07 8.073087179021693e-05 7.203126753504029e-07 0.023764445577267528 1.9665499712279398e-06 7.819147207966258e-05 9.152258989590739e-07 0.0075988862044596124 1.024729290096249e-06 0.015340479610105857 6.870539381126246e-07 0.00012751359441930119 0.00028609172650661727 2.0186780574854597e-05 0.006734195095475316 0.23526411338054073 0.16160085032895946 0.24795616287399735 6.732051216169333e-07 6.961278955015499e-07
9 6.882309869313505e-07 0.011562774920391245 6.958252908548202e-07 7.077218034529794e-07 7.056384994482405e-07 1.6232425384194614e-06 7.505581251277335e-07 0.004155225968436631 6.936383838495404e-07 7.648770882663444e-07 6.96833719786824e-07 8.073087179021693e-05 7.203126753504029e-07 0.023764445577267528 1.9665499712279398e-06 7.819147207966258e-05 9.152258989590739e-07 0.0075988862044596124 1.024729290096249e-06 0.015340479610105857 6.870539381126246e-07 0.00012751359441930119 0.00028609172650661727 2.0186780574854597e-05 0.006734195095475316 0.23526411338054073 0.16160085032895946 0.24795616287399735 6.732051216169333e-07 6.961278955015499e-07
10 6.882309869313505e-07 0.011562774920391245 6.958252908548202e-07 7.077218034529794e-07 7.056384994482405e-07 1.6232425384194614e-06 7.505581251277335e-07 0.004155225968436631 6.936383838495404e-07 7.648770882663444e-07 6.96833719786824e-07 8.073087179021693e-05 7.203126753504029e-07 0.023764445577267528 1.9665499712279398e-06 7.819147207966258e-05 9.152258989590739e-07 0.0075988862044596124 1.024729290096249e-06 0.015340479610105857 6.870539381126246e-07 0.00012751359441930119 0.00028609172650661727 2.0186780574854597e-05 0.006734195095475316 0.23526411338054073 0.16160085032895946 0.24795616287399735 6.732051216169333e-07 6.961278955015499e-07
11 6.882309869313505e-07 0.011562774920391245 6.958252908548202e-07 7.077218034529794e-07 7.056384994482405e-07 1.6232425384194614e-06 7.505581251277335e-07 0.004155225968436631 6.936383838495404e-07 7.648770882663444e-07 6.96833719786824e-07 8.073087179021693e-05 7.203126753504029e-07 0.023764445577267528 1.9665499712279398e-06 7.819147207966258e-05 9.152258989590739e-07 0.0075988862044596124 1.024729290096249e-06 0.015340479610105857 6.870539381126246e-07 0.00012751359441930119 0.00028609172650661727 2.0186780574854597e-05 0.006734195095475316 0.23526411338054073 0.16160085032895946 0.24795616287399735 6.732051216169333e-07 6.961278955015499e-07
12 5.482689417214472e-07 0.002624333255494155 6.121751901321894e-07 5.734289240291681e-07 5.77276675309212e-07 1.1156152406707603e-06 6.201267544598603e-07 0.0033382807171749157 5.733464522358688e-07 6.131801954229698e-07 5.858912612465216e-07 0.0014482176483552624 5.673448568297454e-07 0.013436631748161445 4.319701139773334e-06 0.0004942257631688755 1.5147160601842925e-06 0.009933319230710337 1.0990671009765621e-06 0.015875436479563604 5.40637124713342e-07 7.985564153700746e-05 0.0005133298607980144 1.5351035507755833e-05 0.013685153134249185 0.1443351048649085 0.1467600922122582 0.38685670946843576 6.323273170965783e-07 5.465655922215883e-07
13 5.482689417214472e-07 0.002624333255494155 6.121751901321894e-07 5.734289240291681e-07 5.77276675309212e-07 1.1156152406707603e-06 6.201267544598603e-07 0.0033382807171749157 5.733464522358688e-07 6.131801954229698e-07 5.858912612465216e-07 0.0014482176483552624 5.673448568297454e-07 0.013436631748161445 4.319701139773334e-06 0.0004942257631688755 1.5147160601842925e-06 0.009933319230710337 1.0990671009765621e-06 0.015875436479563604 5.40637124713342e-07 7.985564153700746e-05 0.0005133298607980144 1.5351035507755833e-05 0.013685153134249185 0.1443351048649085 0.1467600922122582 0.38685670946843576 6.323273170965783e-07 5.465655922215883e-07
14 5.482689417214472e-07 0.002624333255494155 6.121751901321894e-07 5.734289240291681e-07 5.77276675309212e-07 1.1156152406707603e-06 6.201267544598603e-07 0.0033382807171749157 5.733464522358688e-07 6.131801954229698e-07 5.858912612465216e-07 0.0014482176483552624 5.673448568297454e-07 0.013436631748161445 4.319701139773334e-06 0.0004942257631688755 1.5147160601842925e-06 0.009933319230710337 1.0990671009765621e-06 0.015875436479563604 5.40637124713342e-07 7.985564153700746e-05 0.0005133298607980144 1.5351035507755833e-05 0.013685153134249185 0.1443351048649085 0.1467600922122582 0.38685670946843576 6.323273170965783e-07 5.465655922215883e-07
15 5.482689417214472e-07 0.002624333255494155 6.121751901321894e-07 5.734289240291681e-07 5.77276675309212e-07 1.1156152406707603e-06 6.201267544598603e-07 0.0033382807171749157 5.733464522358688e-07 6.131801954229698e-07 5.858912612465216e-07 0.0014482176483552624 5.673448568297454e-07 0.013436631748161445 4.319701139773334e-06 0.0004942257631688755 1.5147160601842925e-06 0.009933319230710337 1.0990671009765621e-06 0.015875436479563604 5.40637124713342e-07 7.985564153700746e-05 0.0005133298607980144 1.5351035507755833e-05 0.013685153134249185 0.1443351048649085 0.1467600922122582 0.38685670946843576 6.323273170965783e-07 5.465655922215883e-07
16 5.482689417214472e-07 0.002624333255494155 6.121751901321894e-07 5.734289240291681e-07 5.77276675309212e-07 1.1156152406707603e-06 6.201267544598603e-07 0.0033382807171749157 5.733464522358688e-07 6.131801954229698e-07 5.858912612465216e-07 0.0014482176483552624 5.673448568297454e-07 0.013436631748161445 4.319701139773334e-06 0.0004942257631688755 1.5147160601842925e-06 0.009933319230710337 1.0990671009765621e-06 0.015875436479563604 5.40637124713342e-07 7.985564153700746e-05 0.0005133298607980144 1.5351035507755833e-05 0.013685153134249185 0.1443351048649085 0.1467600922122582 0.38685670946843576 6.323273170965783e-07 5.465655922215883e-07
17 5.482689417214472e-07 0.002624333255494155 6.121751901321894e-07 5.734289240291681e-07 5.77276675309212e-07 1.1156152406707603e-06 6.201267544598603e-07 0.0033382807171749157 5.733464522358688e-07 6.131801954229698e-07 5.858912612465216e-07 0.0014482176483552624 5.673448568297454e-07 0.013436631748161445 4.319701139773334e-06 0.0004942257631688755 1.5147160601842925e-06 0.009933319230710337 1.0990671009765621e-06 0.015875436479563604 5.40637124713342e-07 7.985564153700746e-05 0.0005133298607980144 1.5351035507755833e-05 0.013685153134249185 0.1443351048649085 0.1467600922122582 0.38685670946843576 6.323273170965783e-07 5.465655922215883e-07
18 5.482689417214472e-07 0.002624333255494155 6.121751901321894e-07 5.734289240291681e-07 5.77276675309212e-07 1.1156152406707603e-06 6.201267544598603e-07 0.0033382807171749157 5.733464522358688e-07 6.131801954229698e-07 5.858912612465216e-07 0.0014482176483552624 5.673448568297454e-07 0.013436631748161445 4.319701139773334e-06 0.0004942257631688755 1.5147160601842925e-06 0.009933319230710337 1.0990671009765621e-06 0.015875436479563604 5.40637124713342e-07 7.985564153700746e-05 0.0005133298607980144 1.5351035507755833e-05 0.013685153134249185 0.1443351048649085 0.1467600922122582 0.38685670946843576 6.323273170965783e-07 5.465655922215883e-07
19 5.482689417214472e-07 0.002624333255494155 6.121751901321894e-07 5.734289240291681e-07 5.77276675309212e-07 1.1156152406707603e-06 6.201267544598603e-07 0.0033382807171749157 5.733464522358688e-07 6.131801954229698e-07 5.858912612465216e-07 0.0014482176483552624 5.673448568297454e-07 0.013436631748161445 4.319701139773334e-06 0.0004942257631688755 1.5147160601842925e-06 0.009933319230710337 1.0990671009765621e-06 0.015875436479563604 5.40637124713342e-07 7.985564153700746e-05 0.0005133298607980144 1.5351035507755833e-05 0.013685153134249185 0.1443351048649085 0.1467600922122582 0.38685670946843576 6.323273170965783e-07 5.465655922215883e-07
20 5.482689417214472e-07 0.002624333255494155 6.121751901321894e-07 5.734289240291681e-07 5.77276675309212e-07 1.1156152406707603e-06 6.201267544598603e-07 0.0033382807171749157 5.733464522358688e-07 6.131801954229698e-07 5.858912612465216e-07 0.0014482176483552624 5.673448568297454e-07 0.013436631748161445 4.319701139773334e-06 0.0004942257631688755 1.5147160601842925e-06 0.009933319230710337 1.0990671009765621e-06 0.015875436479563604 5.40637124713342e-07 7.985564153700746e-05 0.0005133298607980144 1.5351035507755833e-05 0.013685153134249185 0.1443351048649085 0.1467600922122582 0.38685670946843576 6.323273170965783e-07 5.465655922215883e-07
21 5.482689417214472e-07 0.002624333255494155 6.121751901321894e-07 5.734289240291681e-07 5.77276675309212e-07 1.1156152406707603e-06 6.201267544598603e-07 0.0033382807171749157 5.733464522358688e-07 6.131801954229698e-07 5.858912612465216e-07 0.0014482176483552624 5.673448568297454e-07 0.013436631748161445 4.319701139773334e-06 0.0004942257631688755 1.5147160601842925e-06 0.009933319230710337 1.0990671009765621e-06 0.015875436479563604 5.40637124713342e-07 7.985564153700746e-05 0.0005133298607980144 1.5351035507755833e-05 0.013685153134249185 0.1443351048649085 0.1467600922122582 0.38685670946843576 6.323273170965783e-07 5.465655922215883e-07
22 5.410807235077137e-07 6.072254855827297e-07 5.446217127629253e-07 5.731450442919913e-07 5.936109082988318e-07 1.6405615290761768e-06 6.673185399511807e-07 0.002958879450402686 5.110553750459393e-07 6.552265216072473e-07 5.246170897664161e-07 0.23195030606179334 6.171510115426275e-07 0.3113553485037617 7.778439992331913e-06 0.17281246067955153 1.3371148985431916e-06 0.018082388366599717 1.1566574655829694e-06 0.040029894734219515 4.812514967211737e-07 8.592427703656913e-05 0.00036888537031139033 4.227567266736093e-05 0.004414948016057537 0.05411674667212441 0.04102643799954661 0.025347441016927996 5.610431416288885e-07 6.077784382599846e-07
23 5.410807235077137e-07 6.072254855827297e-07 5.446217127629253e-07 5.731450442919913e-07 5.936109082988318e-07 1.6405615290761768e-06 6.673185399511807e-07 0.002958879450402686 5.110553750459393e-07 6.552265216072473e-07 5.246170897664161e-07 0.23195030606179334 6.171510115426275e-07 0.3113553485037617 7.778439992331913e-06 0.17281246067955153 1.3371148985431916e-06 0.018082388366599717 1.1566574655829694e-06 0.040029894734219515 4.812514967211737e-07 8.592427703656913e-05 0.00036888537031139033 4.227567266736093e-05 0.004414948016057537 0.05411674667212441 0.04102643799954661 0.025347441016927996 5.610431416288885e-07 6.077784382599846e-07
24 5.410807235077137e-07 6.072254855827297e-07 5.446217127629253e-07 5.731450442919913e-07 5.936109082988318e-07 1.6405615290761768e-06 6.673185399511807e-07 0.002958879450402686 5.110553750459393e-07 6.552265216072473e-07 5.246170897664161e-07 0.23195030606179334 6.171510115426275e-07 0.3113553485037617 7.778439992331913e-06 0.17281246067955153 1.3371148985431916e-06 0.018082388366599717 1.1566574655829694e-06 0.040029894734219515 4.812514967211737e-07 8.592427703656913e-05 0.00036888537031139033 4.227567266736093e-05 0.004414948016057537 0.05411674667212441 0.04102643799954661 0.025347441016927996 5.610431416288885e-07 6.077784382599846e-07
25 5.410807235077137e-07 6.072254855827297e-07 5.446217127629253e-07 5.731450442919913e-07 5.936109082988318e-07 1.6405615290761768e-06 6.673185399511807e-07 0.002958879450402686 5.110553750459393e-07 6.552265216072473e-07 5.246170897664161e-07 0.23195030606179334 6.171510115426275e-07 0.3113553485037617 7.778439992331913e-06 0.17281246067955153 1.3371148985431916e-06 0.018082388366599717 1.1566574655829694e-06 0.040029894734219515 4.812514967211737e-07 8.592427703656913e-05 0.00036888537031139033 4.227567266736093e-05 0.004414948016057537 0.05411674667212441 0.04102643799954661 0.025347441016927996 5.610431416288885e-07 6.077784382599846e-07
26 5.410807235077137e-07 6.072254855827297e-07 5.446217127629253e-07 5.731450442919913e-07 5.936109082988318e-07 1.6405615290761768e-06 6.673185399511807e-07 0.002958879450402686 5.110553750459393e-07 6.552265216072473e-07 5.246170897664161e-07 0.23195030606179334 6.171510115426275e-07 0.3113553485037617 7.778439992331913e-06 0.17281246067955153 1.3371148985431916e-06 0.018082388366599717 1.1566574655829694e-06 0.040029894734219515 4.812514967211737e-07 8.592427703656913e-05 0.00036888537031139033 4.227567266736093e-05 0.004414948016057537 0.05411674667212441 0.04102643799954661 0.025347441016927996 5.610431416288885e-07 6.077784382599846e-07
27 5.410807235077137e-07 6.072254855827297e-07 5.446217127629253e-07 5.731450442919913e-07 5.936109082988318e-07 1.6405615290761768e-06 6.673185399511807e-07 0.002958879450402686 5.110553750459393e-07 6.552265216072473e-07 5.246170897664161e-07 0.23195030606179334 6.171510115426275e-07 0.3113553485037617 7.778439992331913e-06 0.17281246067955153 1.3371148985431916e-06 0.018082388366599717 1.1566574655829694e-06 0.040029894734219515 4.812514967211737e-07 8.592427703656913e-05 0.00036888537031139033 4.227567266736093e-05 0.004414948016057537 0.05411674667212441 0.04102643799954661 0.025347441016927996 5.610431416288885e-07 6.077784382599846e-07
28 5.410807235077137e-07 6.072254855827297e-07 5.446217127629253e-07 5.731450442919913e-07 5.936109082988318e-07 1.6405615290761768e-06 6.673185399511807e-07 0.002958879450402686 5.110553750459393e-07 6.552265216072473e-07 5.246170897664161e-07 0.23195030606179334 6.171510115426275e-07 0.3113553485037617 7.778439992331913e-06 0.17281246067955153 1.3371148985431916e-06 0.018082388366599717 1.1566574655829694e-06 0.040029894734219515 4.812514967211737e-07 8.592427703656913e-05 0.00036888537031139033 4.227567266736093e-05 0.004414948016057537 0.05411674667212441 0.04102643799954661 0.025347441016927996 5.610431416288885e-07 6.077784382599846e-07
29 5.410807235077137e-07 6.072254855827297e-07 5.446217127629253e-07 5.731450442919913e-07 5.936109082988318e-07 1.6405615290761768e-06 6.673185399511807e-07 0.002958879450402686 5.110553750459393e-07 6.552265216072473e-07 5.246170897664161e-07 0.23195030606179334 6.171510115426275e-07 0.3113553485037617 7.778439992331913e-06 0.17281246067955153 1.3371148985431916e-06 0.018082388366599717 1.1566574655829694e-06 0.040029894734219515 4.812514967211737e-07 8.592427703656913e-05 0.00036888537031139033 4.227567266736093e-05 0.004414948016057537 0.05411674667212441 0.04102643799954661 0.025347441016927996 5.610431416288885e-07 6.077784382599846e-07
30 5.410807235077137e-07 6.072254855827297e-07 5.446217127629253e-07 5.731450442919913e-07 5.936109082988318e-07 1.6405615290761768e-06 6.673185399511807e-07 0.002958879450402686 5.110553750459393e-07 6.552265216072473e-07 5.246170897664161e-07 0.23195030606179334 6.171510115426275e-07 0.3113553485037617 7.778439992331913e-06 0.17281246067955153 1.3371148985431916e-06 0.018082388366599717 1.1566574655829694e-06 0.040029894734219515 4.812514967211737e-07 8.592427703656913e-05 0.00036888537031139033 4.227567266736093e-05 0.004414948016057537 0.05411674667212441 0.04102643799954661 0.025347441016927996 5.610431416288885e-07 6.077784382599846e-07
31 5.410807235077137e-07 6.072254855827297e-07 5.446217127629253e-07 5.731450442919913e-07 5.936109082988318e-07 1.6405615290761768e-06 6.673185399511807e-07 0.002958879450402686 5.110553750459393e-07 6.552265216072473e-07 5.246170897664161e-07 0.23195030606179334 6.171510115426275e-07 0.3113553485037617 7.778439992331913e-06 0.17281246067955153 1.3371148985431916e-06 0.018082388366599717 1.1566574655829694e-06 0.040029894734219515 4.812514967211737e-07 8.592427703656913e-05 0.00036888537031139033 4.227567266736093e-05 0.004414948016057537 0.05411674667212441 0.04102643799954661 0.025347441016927996 5.610431416288885e-07 6.077784382599846e-07
32 2.1757347752317498e-07 2.2656292691001065e-07 1.7011512607732754e-07 9.496850331425297e-08 1.8497507358932487e-07 4.266512973148928e-06 1.785220306638399e-07 0.7483231255833093 1.995743015622977e-07 6.510850651786236e-07 1.8474592151986865e-07 0.03858901470065638 1.6204699420980058e-07 0.10681848387023359 2.3996501739334506e-05 3.66044011462643e-05 1.196714441383491e-05 0.008368005662589948 1.0262256525671184e-05 0.002696494161315789 1.7682078788351533e-07 1.2839557948361328e-05 1.1118843268802072e-05 1.8039644304742088e-05 0.0001602959966449564 0.0076692937592780855 0.0042843110955118864 0.003552579333936177 1.7720366119678824e-07 2.0316390237598402e-07
33 2.1757347752317498e-07 2.2656292691001065e-07 1.7011512607732754e-07 9.496850331425297e-08 1.8497507358932487e-07 4.266512973148928e-06 1.785220306638399e-07 0.7483231255833093 1.995743015622977e-07 6.510850651786236e-07 1.8474592151986865e-07 0.03858901470065638 1.6204699420980058e-07 0.10681848387023359 2.3996501739334506e-05 3.66044011462643e-05 1.196714441383491e-05 0.008368005662589948 1.0262256525671184e-05 0.002696494161315789 1.7682078788351533e-07 1.2839557948361328e-05 1.1118843268802072e-05 1.8039644304742088e-05 0.0001602959966449564 0.0076692937592780855 0.0042843110955118864 0.003552579333936177 1.7720366119678824e-07 2.0316390237598402e-07
34 2.1757347752317498e-07 2.2656292691001065e-07 1.7011512607732754e-07 9.496850331425297e-08 1.8497507358932487e-07 4.266512973148928e-06 1.785220306638399e-07 0.7483231255833093 1.995743015622977e-07 6.510850651786236e-07 1.8474592151986865e-07 0.03858901470065638 1.6204699420980058e-07 0.10681848387023359 2.3996501739334506e-05 3.66044011462643e-05 1.196714441383491e-05 0.008368005662589948 1.0262256525671184e-05 0.002696494161315789 1.7682078788351533e-07 1.2839557948361328e-05 1.1118843268802072e-05 1.8039644304742088e-05 0.0001602959966449564 0.0076692937592780855 0.0042843110955118864 0.003552579333936177 1.7720366119678824e-07 2.0316390237598402e-07
35 2.1757347752317498e-07 2.2656292691001065e-07 1.7011512607732754e-07 9.496850331425297e-08 1.8497507358932487e-07 4.266512973148928e-06 1.785220306638399e-07 0.7483231255833093 1.995743015622977e-07 6.510850651786236e-07 1.8474592151986865e-07 0.03858901470065638 1.6204699420980058e-07 0.10681848387023359 2.3996501739334506e-05 3.66044011462643e-05 1.196714441383491e-05 0.008368005662589948 1.0262256525671184e-05 0.002696494161315789 1.7682078788351533e-07 1.2839557948361328e-05 1.1118843268802072e-05 1.8039644304742088e-05 0.0001602959966449564 0.0076692937592780855 0.0042843110955118864 0.003552579333936177 1.7720366119678824e-07 2.0316390237598402e-07
36 2.1757347752317498e-07 2.2656292691001065e-07 1.7011512607732754e-07 9.496850331425297e-08 1.8497507358932487e-07 4.266512973148928e-06 1.785220306638399e-07 0.7483231255833093 1.995743015622977e-07 6.510850651786236e-07 1.8474592151986865e-07 0.03858901470065638 1.6204699420980058e-07 0.10681848387023359 2.3996501739334506e-05 3.66044011462643e-05 1.196714441383491e-05 0.008368005662589948 1.0262256525671184e-05 0.002696494161315789 1.7682078788351533e-07 1.2839557948361328e-05 1.1118843268802072e-05 1.8039644304742088e-05 0.0001602959966449564 0.0076692937592780855 0.0042843110955118864 0.003552579333936177 1.7720366119678824e-07 2.0316390237598402e-07
37 2.1757347752317498e-07 2.2656292691001065e-07 1.7011512607732754e-07 9.496850331425297e-08 1.8497507358932487e-07 4.266512973148928e-06 1.785220306638399e-07 0.7483231255833093 1.995743015622977e-07 6.510850651786236e-07 1.8474592151986865e-07 0.03858901470065638 1.6204699420980058e-07 0.10681848387023359 2.3996501739334506e-05 3.66044011462643e-05 1.196714441383491e-05 0.008368005662589948 1.0262256525671184e-05 0.002696494161315789 1.7682078788351533e-07 1.2839557948361328e-05 1.1118843268802072e-05 1.8039644304742088e-05 0.0001602959966449564 0.0076692937592780855 0.0042843110955118864 0.003552579333936177 1.7720366119678824e-07 2.0316390237598402e-07
38 2.1757347752317498e-07 2.2656292691001065e-07 1.7011512607732754e-07 9.496850331425297e-08 1.8497507358932487e-07 4.266512973148928e-06 1.785220306638399e-07 0.7483231255833093 1.995743015622977e-07 6.510850651786236e-07 1.8474592151986865e-07 0.03858901470065638 1.6204699420980058e-07 0.10681848387023359 2.3996501739334506e-05 3.66044011462643e-05 1.196714441383491e-05 0.008368005662589948 1.0262256525671184e-05 0.002696494161315789 1.7682078788351533e-07 1.2839557948361328e-05 1.1118843268802072e-05 1.8039644304742088e-05 0.0001602959966449564 0.0076692937592780855 0.0042843110955118864 0.003552579333936177 1.7720366119678824e-07 2.0316390237598402e-07
39 2.1757347752317498e-07 2.2656292691001065e-07 1.7011512607732754e-07 9.496850331425297e-08 1.8497507358932487e-07 4.266512973148928e-06 1.785220306638399e-07 0.7483231255833093 1.995743015622977e-07 6.510850651786236e-07 1.8474592151986865e-07 0.03858901470065638 1.6204699420980058e-07 0.10681848387023359 2.3996501739334506e-05 3.66044011462643e-05 1.196714441383491e-05 0.008368005662589948 1.0262256525671184e-05 0.002696494161315789 1.7682078788351533e-07 1.2839557948361328e-05 1.1118843268802072e-05 1.8039644304742088e-05 0.0001602959966449564 0.0076692937592780855 0.0042843110955118864 0.003552579333936177 1.7720366119678824e-07 2.0316390237598402e-07
40 2.1757347752317498e-07 2.2656292691001065e-07 1.7011512607732754e-07 9.496850331425297e-08 1.8497507358932487e-07 4.266512973148928e-06 1.785220306638399e-07 0.7483231255833093 1.995743015622977e-07 6.510850651786236e-07 1.8474592151986865e-07 0.03858901470065638 1.6204699420980058e-07 0.10681848387023359 2.3996501739334506e-05 3.66044011462643e-05 1.196714441383491e-05 0.008368005662589948 1.0262256525671184e-05 0.002696494161315789 1.7682078788351533e-07 1.2839557948361328e-05 1.1118843268802072e-05 1.8039644304742088e-05 0.0001602959966449564 0.0076692937592780855 0.0042843110955118864 0.003552579333936177 1.7720366119678824e-07 2.0316390237598402e-07
41 2.1757347752317498e-07 2.2656292691001065e-07 1.7011512607732754e-07 9.496850331425297e-08 1.8497507358932487e-07 4.266512973148928e-06 1.785220306638399e-07 0.7483231255833093 1.995743015622977e-07 6.510850651786236e-07 1.8474592151986865e-07 0.03858901470065638 1.6204699420980058e-07 0.10681848387023359 2.3996501739334506e-05 3.66044011462643e-05 1.196714441383491e-05 0.008368005662589948 1.0262256525671184e-05 0.002696494161315789 1.7682078788351533e-07 1.2839557948361328e-05 1.1118843268802072e-05 1.8039644304742088e-05 0.0001602959966449564 0.0076692937592780855 0.0042843110955118864 0.003552579333936177 1.7720366119678824e-07 2.0316390237598402e-07
42 2.1757347752317498e-07 2.2656292691001065e-07 1.7011512607732754e-07 9.496850331425297e-08 1.8497507358932487e-07 4.266512973148928e-06 1.785220306638399e-07 0.7483231255833093 1.995743015622977e-07 6.510850651786236e-07 1.8474592151986865e-07 0.03858901470065638 1.6204699420980058e-07 0.10681848387023359 2.3996501739334506e-05 3.66044011462643e-05 1.196714441383491e-05 0.008368005662589948 1.0262256525671184e-05 0.002696494161315789 1.7682078788351533e-07 1.2839557948361328e-05 1.1118843268802072e-05 1.8039644304742088e-05 0.0001602959966449564 0.0076692937592780855 0.0042843110955118864 0.003552579333936177 1.7720366119678824e-07 2.0316390237598402e-07
43 2.1757347752317498e-07 2.2656292691001065e-07 1.7011512607732754e-07 9.496850331425297e-08 1.8497507358932487e-07 4.266512973148928e-06 1.785220306638399e-07 0.7483231255833093 1.995743015622977e-07 6.510850651786236e-07 1.8474592151986865e-07 0.03858901470065638 1.6204699420980058e-07 0.10681848387023359 2.3996501739334506e-05 3.66044011462643e-05 1.196714441383491e-05 0.008368005662589948 1.0262256525671184e-05 0.002696494161315789 1.7682078788351533e-07 1.2839557948361328e-05 1.1118843268802072e-05 1.8039644304742088e-05 0.0001602959966449564 0.0076692937592780855 0.0042843110955118864 0.003552579333936177 1.7720366119678824e-07 2.0316390237598402e-07
44 2.1757347752317498e-07 2.2656292691001065e-07 1.7011512607732754e-07 9.496850331425297e-08 1.8497507358932487e-07 4.266512973148928e-06 1.785220306638399e-07 0.7483231255833093 1.995743015622977e-07 6.510850651786236e-07 1.8474592151986865e-07 0.03858901470065638 1.6204699420980058e-07 0.10681848387023359 2.3996501739334506e-05 3.66044011462643e-05 1.196714441383491e-05 0.008368005662589948 1.0262256525671184e-05 0.002696494161315789 1.7682078788351533e-07 1.2839557948361328e-05 1.1118843268802072e-05 1.8039644304742088e-05 0.0001602959966449564 0.0076692937592780855 0.0042843110955118864 0.003552579333936177 1.7720366119678824e-07 2.0316390237598402e-07
45 2.2657014096649472e-06 1.7979709755979822e-06 2.4796184606363534e-06 6.892405177826787e-07 1.9865435362522e-06 0.1102076876480509 1.966217484149967e-06 0.5361415780963166 2.0459273015442797e-06 0.0944101354013972 0.0007998063678654304 0.10955884874157625 2.1901537597737988e-06 0.00024816911620647225 0.00034815134237641665 0.0002850404294232242 7.41966361799385e-05 0.006421415579143357 1.884661108959423e-05 0.005010992511631814 2.348705844822097e-06 2.7470020650544855e-05 4.3243563832239355e-06 1.8286164869090674e-05 6.336978986448775e-05 0.01893741700904322 0.0012464558463854722 0.004639416632187304 1.9633655884569423e-06 1.6238307882562644e-06
46 2.2657014096649472e-06 1.7979709755979822e-06 2.4796184606363534e-06 6.892405177826787e-07 1.9865435362522e-06 0.1102076876480509 1.966217484149967e-06 0.5361415780963166 2.0459273015442797e-06 0.0944101354013972 0.0007998063678654304 0.10955884874157625 2.1901537597737988e-06 0.00024816911620647225 0.00034815134237641665 0.0002850404294232242 7.41966361799385e-05 0.006421415579143357 1.884661108959423e-05 0.005010992511631814 2.348705844822097e-06 2.7470020650544855e-05 4.3243563832239355e-06 1.8286164869090674e-05 6.336978986448775e-05 0.01893741700904322 0.0012464558463854722 0.004639416632187304 1.9633655884569423e-06 1.6238307882562644e-06
47 2.2657014096649472e-06 1.7979709755979822e-06 2.4796184606363534e-06 6.892405177826787e-07 1.9865435362522e-06 0.1102076876480509 1.966217484149967e-06 0.5361415780963166 2.0459273015442797e-06 0.0944101354013972 0.0007998063678654304 0.10955884874157625 2.1901537597737988e-06 0.00024816911620647225 0.00034815134237641665 0.0002850404294232242 7.41966361799385e-05 0.006421415579143357 1.884661108959423e-05 0.005010992511631814 2.348705844822097e-06 2.7470020650544855e-05 4.3243563832239355e-06 1.8286164869090674e-05 6.336978986448775e-05 0.01893741700904322 0.0012464558463854722 0.004639416632187304 1.9633655884569423e-06 1.6238307882562644e-06
48 2.2657014096649472e-06 1.7979709755979822e-06 2.4796184606363534e-06 6.892405177826787e-07 1.9865435362522e-06 0.1102076876480509 1.966217484149967e-06 0.5361415780963166 2.0459273015442797e-06 0.0944101354013972 0.0007998063678654304 0.10955884874157625 2.1901537597737988e-06 0.00024816911620647225 0.00034815134237641665 0.0002850404294232242 7.41966361799385e-05 0.006421415579143357 1.884661108959423e-05 0.005010992511631814 2.348705844822097e-06 2.7470020650544855e-05 4.3243563832239355e-06 1.8286164869090674e-05 6.336978986448775e-05 0.01893741700904322 0.0012464558463854722 0.004639416632187304 1.9633655884569423e-06 1.6238307882562644e-06
49 2.2657014096649472e-06 1.7979709755979822e-06 2.4796184606363534e-06 6.892405177826787e-07 1.9865435362522e-06 0.1102076876480509 1.966217484149967e-06 0.5361415780963166 2.0459273015442797e-06 0.0944101354013972 0.0007998063678654304 0.10955884874157625 2.1901537597737988e-06 0.00024816911620647225 0.00034815134237641665 0.0002850404294232242 7.41966361799385e-05 0.006421415579143357 1.884661108959423e-05 0.005010992511631814 2.348705844822097e-06 2.7470020650544855e-05 4.3243563832239355e-06 1.8286164869090674e-05 6.336978986448775e-05 0.01893741700904322 0.0012464558463854722 0.004639416632187304 1.9633655884569423e-06 1.6238307882562644e-06
50 2.2657014096649472e-06 1.7979709755979822e-06 2.4796184606363534e-06 6.892405177826787e-07 1.9865435362522e-06 0.1102076876480509 1.966217484149967e-06 0.5361415780963166 2.0459273015442797e-06 0.0944101354013972 0.0007998063678654304 0.10955884874157625 2.1901537597737988e-06 0.00024816911620647225 0.00034815134237641665 0.0002850404294232242 7.41966361799385e-05 0.006421415579143357 1.884661108959423e-05 0.005010992511631814 2.348705844822097e-06 2.7470020650544855e-05 4.3243563832239355e-06 1.8286164869090674e-05 6.336978986448775e-05 0.01893741700904322 0.0012464558463854722 0.004639416632187304 1.9633655884569423e-06 1.6238307882562644e-06
51 2.2657014096649472e-06 1.7979709755979822e-06 2.4796184606363534e-06 6.892405177826787e-07 1.9865435362522e-06 0.1102076876480509 1.966217484149967e-06 0.5361415780963166 2.0459273015442797e-06 0.0944101354013972 0.0007998063678654304 0.10955884874157625 2.1901537597737988e-06 0.00024816911620647225 0.00034815134237641665 0.0002850404294232242 7.41966361799385e-05 0.006421415579143357 1.884661108959423e-05 0.005010992511631814 2.348705844822097e-06 2.7470020650544855e-05 4.3243563832239355e-06 1.8286164869090674e-05 6.336978986448775e-05 0.01893741700904322 0.0012464558463854722 0.004639416632187304 1.9633655884569423e-06 1.6238307882562644e-06
52 2.2657014096649472e-06 1.7979709755979822e-06 2.4796184606363534e-06 6.892405177826787e-07 1.9865435362522e-06 0.1102076876480509 1.966217484149967e-06 0.5361415780963166 2.0459273015442797e-06 0.0944101354013972 0.0007998063678654304 0.10955884874157625 2.1901537597737988e-06 0.00024816911620647225 0.00034815134237641665 0.0002850404294232242 7.41966361799385e-05 0.006421415579143357 1.884661108959423e-05 0.005010992511631814 2.348705844822097e-06 2.7470020650544855e-05 4.3243563832239355e-06 1.8286164869090674e-05 6.336978986448775e-05 0.01893741700904322 0.0012464558463854722 0.004639416632187304 1.9633655884569423e-06 1.6238307882562644e-06
53 2.2657014096649472e-06 1.7979709755979822e-06 2.4796184606363534e-06 6.892405177826787e-07 1.9865435362522e-06 0.1102076876480509 1.966217484149967e-06 0.5361415780963166 2.0459273015442797e-06 0.0944101354013972 0.0007998063678654304 0.10955884874157625 2.1901537597737988e-06 0.00024816911620647225 0.00034815134237641665 0.0002850404294232242 7.41966361799385e-05 0.006421415579143357 1.884661108959423e-05 0.005010992511631814 2.348705844822097e-06 2.7470020650544855e-05 4.3243563832239355e-06 1.8286164869090674e-05 6.336978986448775e-05 0.01893741700904322 0.0012464558463854722 0.004639416632187304 1.9633655884569423e-06 1.6238307882562644e-06
54 2.2657014096649472e-06 1.7979709755979822e-06 2.4796184606363534e-06 6.892405177826787e-07 1.9865435362522e-06 0.1102076876480509 1.966217484149967e-06 0.5361415780963166 2.0459273015442797e-06 0.0944101354013972 0.0007998063678654304 0.10955884874157625 2.1901537597737988e-06 0.00024816911620647225 0.00034815134237641665 0.0002850404294232242 7.41966361799385e-05 0.006421415579143357 1.884661108959423e-05 0.005010992511631814 2.348705844822097e-06 2.7470020650544855e-05 4.3243563832239355e-06 1.8286164869090674e-05 6.336978986448775e-05 0.01893741700904322 0.0012464558463854722 0.004639416632187304 1.9633655884569423e-06 1.6238307882562644e-06
55 2.2657014096649472e-06 1.7979709755979822e-06 2.4796184606363534e-06 6.892405177826787e-07 1.9865435362522e-06 0.1102076876480509 1.966217484149967e-06 0.5361415780963166 2.0459273015442797e-06 0.0944101354013972 0.0007998063678654304 0.10955884874157625 2.1901537597737988e-06 0.00024816911620647225 0.00034815134237641665 0.0002850404294232242 7.41966361799385e-05 0.006421415579143357 1.884661108959423e-05 0.005010992511631814 2.348705844822097e-06 2.7470020650544855e-05 4.3243563832239355e-06 1.8286164869090674e-05 6.336978986448775e-05 0.01893741700904322 0.0012464558463854722 0.004639416632187304 1.9633655884569423e-06 1.6238307882562644e-06
56 2.2657014096649472e-06 1.7979709755979822e-06 2.4796184606363534e-06 6.892405177826787e-07 1.9865435362522e-06 0.1102076876480509 1.966217484149967e-06 0.5361415780963166 2.0459273015442797e-06 0.0944101354013972 0.0007998063678654304 0.10955884874157625 2.1901537597737988e-06 0.00024816911620647225 0.00034815134237641665 0.0002850404294232242 7.41966361799385e-05 0.006421415579143357 1.884661108959423e-05 0.005010992511631814 2.348705844822097e-06 2.7470020650544855e-05 4.3243563832239355e-06 1.8286164869090674e-05 6.336978986448775e-05 0.01893741700904322 0.0012464558463854722 0.004639416632187304 1.9633655884569423e-06 1.6238307882562644e-06
57 2.2657014096649472e-06 1.7979709755979822e-06 2.4796184606363534e-06 6.892405177826787e-07 1.9865435362522e-06 0.1102076876480509 1.966217484149967e-06 0.5361415780963166 2.0459273015442797e-06 0.0944101354013972 0.0007998063678654304 0.10955884874157625 2.1901537597737988e-06 0.00024816911620647225 0.00034815134237641665 0.0002850404294232242 7.41966361799385e-05 0.006421415579143357 1.884661108959423e-05 0.005010992511631814 2.348705844822097e-06 2.7470020650544855e-05 4.3243563832239355e-06 1.8286164869090674e-05 6.336978986448775e-05 0.01893741700904322 0.0012464558463854722 0.004639416632187304 1.9633655884569423e-06 1.6238307882562644e-06
58 2.2657014096649472e-06 1.7979709755979822e-06 2.4796184606363534e-06 6.892405177826787e-07 1.9865435362522e-06 0.1102076876480509 1.966217484149967e-06 0.5361415780963166 2.0459273015442797e-06 0.0944101354013972 0.0007998063678654304 0.10955884874157625 2.1901537597737988e-06 0.00024816911620647225 0.00034815134237641665 0.0002850404294232242 7.41966361799385e-05 0.006421415579143357 1.884661108959423e-05 0.005010992511631814 2.348705844822097e-06 2.7470020650544855e-05 4.3243563832239355e-06 1.8286164869090674e-05 6.336978986448775e-05 0.01893741700904322 0.0012464558463854722 0.004639416632187304 1.9633655884569423e-06 1.6238307882562644e-06
59 2.2657014096649472e-06 1.7979709755979822e-06 2.4796184606363534e-06 6.892405177826787e-07 1.9865435362522e-06 0.1102076876480509 1.966217484149967e-06 0.5361415780963166 2.0459273015442797e-06 0.0944101354013972 0.0007998063678654304 0.10955884874157625 2.1901537597737988e-06 0.00024816911620647225 0.00034815134237641665 0.0002850404294232242 7.41966361799385e-05 0.006421415579143357 1.884661108959423e-05 0.005010992511631814 2.348705844822097e-06 2.7470020650544855e-05 4.3243563832239355e-06 1.8286164869090674e-05 6.336978986448775e-05 0.01893741700904322 0.0012464558463854722 0.004639416632187304 1.9633655884569423e-06 1.6238307882562644e-06
60 2.2657014096649472e-06 1.7979709755979822e-06 2.4796184606363534e-06 6.892405177826787e-07 1.9865435362522e-06 0.1102076876480509 1.966217484149967e-06 0.5361415780963166 2.0459273015442797e-06 0.0944101354013972 0.0007998063678654304 0.10955884874157625 2.1901537597737988e-06 0.00024816911620647225 0.00034815134237641665 0.0002850404294232242 7.41966361799385e-05 0.006421415579143357 1.884661108959423e-05 0.005010992511631814 2.348705844822097e-06 2.7470020650544855e-05 4.3243563832239355e-06 1.8286164869090674e-05 6.336978986448775e-05 0.01893741700904322 0.0012464558463854722 0.004639416632187304 1.9633655884569423e-06 1.6238307882562644e-06
61 2.2657014096649472e-06 1.7979709755979822e-06 2.4796184606363534e-06 6.892405177826787e-07 1.9865435362522e-06 0.1102076876480509 1.966217484149967e-06 0.5361415780963166 2.0459273015442797e-06 0.0944101354013972 0.0007998063678654304 0.10955884874157625 2.1901537597737988e-06 0.00024816911620647225 0.00034815134237641665 0.0002850404294232242 7.41966361799385e-05 0.006421415579143357 1.884661108959423e-05 0.005010992511631814 2.348705844822097e-06 2.7470020650544855e-05 4.3243563832239355e-06 1.8286164869090674e-05 6.336978986448775e-05 0.01893741700904322 0.0012464558463854722 0.004639416632187304 1.9633655884569423e-06 1.6238307882562644e-06
62 2.2657014096649472e-06 1.7979709755979822e-06 2.4796184606363534e-06 6.892405177826787e-07 1.9865435362522e-06 0.1102076876480509 1.966217484149967e-06 0.5361415780963166 2.0459273015442797e-06 0.0944101354013972 0.0007998063678654304 0.10955884874157625 2.1901537597737988e-06 0.00024816911620647225 0.00034815134237641665 0.0002850404294232242 7.41966361799385e-05 0.006421415579143357 1.884661108959423e-05 0.005010992511631814 2.348705844822097e-06 2.7470020650544855e-05 4.3243563832239355e-06 1.8286164869090674e-05 6.336978986448775e-05 0.01893741700904322 0.0012464558463854722 0.004639416632187304 1.9633655884569423e-06 1.6238307882562644e-06
63 2.2657014096649472e-06 1.7979709755979822e-06 2.4796184606363534e-06 6.892405177826787e-07 1.9865435362522e-06 0.1102076876480509 1.966217484149967e-06 0.5361415780963166 2.0459273015442797e-06 0.0944101354013972 0.0007998063678654304 0.10955884874157625 2.1901537597737988e-06 0.00024816911620647225 0.00034815134237641665 0.0002850404294232242 7.41966361799385e-05 0.006421415579143357 1.884661108959423e-05 0.005010992511631814 2.348705844822097e-06 2.7470020650544855e-05 4.3243563832239355e-06 1.8286164869090674e-05 6.336978986448775e-05 0.01893741700904322 0.0012464558463854722 0.004639416632187304 1.9633655884569423e-06 1.6238307882562644e-06
64 2.2657014096649472e-06 1.7979709755979822e-06 2.4796184606363534e-06 6.892405177826787e-07 1.9865435362522e-06 0.1102076876480509 1.966217484149967e-06 0.5361415780963166 2.0459273015442797e-06 0.0944101354013972 0.0007998063678654304 0.10955884874157625 2.1901537597737988e-06 0.00024816911620647225 0.00034815134237641665 0.0002850404294232242 7.41966361799385e-05 0.006421415579143357 1.884661108959423e-05 0.005010992511631814 2.348705844822097e-06 2.7470020650544855e-05 4.3243563832239355e-06 1.8286164869090674e-05 6.336978986448775e-05 0.01893741700904322 0.0012464558463854722 0.004639416632187304 1.9633655884569423e-06 1.6238307882562644e-06
65 2.2657014096649472e-06 1.7979709755979822e-06 2.4796184606363534e-06 6.892405177826787e-07 1.9865435362522e-06 0.1102076876480509 1.966217484149967e-06 0.5361415780963166 2.0459273015442797e-06 0.0944101354013972 0.0007998063678654304 0.10955884874157625 2.1901537597737988e-06 0.00024816911620647225 0.00034815134237641665 0.0002850404294232242 7.41966361799385e-05 0.006421415579143357 1.884661108959423e-05 0.005010992511631814 2.348705844822097e-06 2.7470020650544855e-05 4.3243563832239355e-06 1.8286164869090674e-05 6.336978986448775e-05 0.01893741700904322 0.0012464558463854722 0.004639416632187304 1.9633655884569423e-06 1.6238307882562644e-06
66 2.2657014096649472e-06 1.7979709755979822e-06 2.4796184606363534e-06 6.892405177826787e-07 1.9865435362522e-06 0.1102076876480509 1.966217484149967e-06 0.5361415780963166 2.0459273015442797e-06 0.0944101354013972 0.0007998063678654304 0.10955884874157625 2.1901537597737988e-06 0.00024816911620647225 0.00034815134237641665 0.0002850404294232242 7.41966361799385e-05 0.006421415579143357 1.884661108959423e-05 0.005010992511631814 2.348705844822097e-06 2.7470020650544855e-05 4.3243563832239355e-06 1.8286164869090674e-05 6.336978986448775e-05 0.01893741700904322 0.0012464558463854722 0.004639416632187304 1.9633655884569423e-06 1.6238307882562644e-06
67 2.2657014096649472e-06 1.7979709755979822e-06 2.4796184606363534e-06 6.892405177826787e-07 1.9865435362522e-06 0.1102076876480509 1.966217484149967e-06 0.5361415780963166 2.0459273015442797e-06 0.0944101354013972 0.0007998063678654304 0.10955884874157625 2.1901537597737988e-06 0.00024816911620647225 0.00034815134237641665 0.0002850404294232242 7.41966361799385e-05 0.006421415579143357 1.884661108959423e-05 0.005010992511631814 2.348705844822097e-06 2.7470020650544855e-05 4.3243563832239355e-06 1.8286164869090674e-05 6.336978986448775e-05 0.01893741700904322 0.0012464558463854722 0.004639416632187304 1.9633655884569423e-06 1.6238307882562644e-06
68 6.397934803140972e-07 5.792105401357848e-07 6.356916371600273e-07 9.61588611637473e-08 6.619985650071975e-07 0.04426028576035892 6.073008282785712e-07 0.4611906217743975 6.140661535783482e-07 0.03512754027313598 0.00023809392992263915 0.184733903446034 6.395251943945833e-07 6.782903731209084e-05 0.00010084585589638969 7.434178531511061e-05 1.9846098053980574e-05 0.0021817355047105583 5.3505487216222015e-06 0.0005309128899710184 6.879174641097976e-07 9.662357525834513e-06 1.1485342419280261e-06 6.2712722062886466e-06 2.0328863424116278e-05 0.0037274256293508734 0.00045580881574649524 0.0013271165619838307 6.125934056989546e-07 6.763612804380905e-07
69 6.397934803140972e-07 5.792105401357848e-07 6.356916371600273e-07 9.61588611637473e-08 6.619985650071975e-07 0.04426028576035892 6.073008282785712e-07 0.4611906217743975 6.140661535783482e-07 0.03512754027313598 0.00023809392992263915 0.184733903446034 6.395251943945833e-07 6.782903731209084e-05 0.00010084585589638969 7.434178531511061e-05 1.9846098053980574e-05 0.0021817355047105583 5.3505487216222015e-06 0.0005309128899710184 6.879174641097976e-07 9.662357525834513e-06 1.1485342419280261e-06 6.2712722062886466e-06 2.0328863424116278e-05 0.0037274256293508734 0.00045580881574649524 0.0013271165619838307 6.125934056989546e-07 6.763612804380905e-07
70 6.397934803140972e-07 5.792105401357848e-07 6.356916371600273e-07 9.61588611637473e-08 6.619985650071975e-07 0.04426028576035892 6.073008282785712e-07 0.4611906217743975 6.140661535783482e-07 0.03512754027313598 0.00023809392992263915 0.184733903446034 6.395251943945833e-07 6.782903731209084e-05 0.00010084585589638969 7.434178531511061e-05 1.9846098053980574e-05 0.0021817355047105583 5.3505487216222015e-06 0.0005309128899710184 6.879174641097976e-07 9.662357525834513e-06 1.1485342419280261e-06 6.2712722062886466e-06 2.0328863424116278e-05 0.0037274256293508734 0.00045580881574649524 0.0013271165619838307 6.125934056989546e-07 6.763612804380905e-07
71 6.397934803140972e-07 5.792105401357848e-07 6.356916371600273e-07 9.61588611637473e-08 6.619985650071975e-07 0.04426028576035892 6.073008282785712e-07 0.4611906217743975 6.140661535783482e-07 0.03512754027313598 0.00023809392992263915 0.184733903446034 6.395251943945833e-07 6.782903731209084e-05 0.00010084585589638969 7.434178531511061e-05 1.9846098053980574e-05 0.0021817355047105583 5.3505487216222015e-06 0.0005309128899710184 6.879174641097976e-07 9.662357525834513e-06 1.1485342419280261e-06 6.2712722062886466e-06 2.0328863424116278e-05 0.0037274256293508734 0.00045580881574649524 0.0013271165619838307 6.125934056989546e-07 6.763612804380905e-07
72 6.397934803140972e-07 5.792105401357848e-07 6.356916371600273e-07 9.61588611637473e-08 6.619985650071975e-07 0.04426028576035892 6.073008282785712e-07 0.4611906217743975 6.140661535783482e-07 0.03512754027313598 0.00023809392992263915 0.184733903446034 6.395251943945833e-07 6.782903731209084e-05 0.00010084585589638969 7.434178531511061e-05 1.9846098053980574e-05 0.0021817355047105583 5.3505487216222015e-06 0.0005309128899710184 6.879174641097976e-07 9.662357525834513e-06 1.1485342419280261e-06 6.2712722062886466e-06 2.0328863424116278e-05 0.0037274256293508734 0.00045580881574649524 0.0013271165619838307 6.125934056989546e-07 6.763612804380905e-07
73 6.397934803140972e-07 5.792105401357848e-07 6.356916371600273e-07 9.61588611637473e-08 6.619985650071975e-07 0.04426028576035892 6.073008282785712e-07 0.4611906217743975 6.140661535783482e-07 0.03512754027313598 0.00023809392992263915 0.184733903446034 6.395251943945833e-07 6.782903731209084e-05 0.00010084585589638969 7.434178531511061e-05 1.9846098053980574e-05 0.0021817355047105583 5.3505487216222015e-06 0.0005309128899710184 6.879174641097976e-07 9.662357525834513e-06 1.1485342419280261e-06 6.2712722062886466e-06 2.0328863424116278e-05 0.0037274256293508734 0.00045580881574649524 0.0013271165619838307 6.125934056989546e-07 6.763612804380905e-07
74 6.397934803140972e-07 5.792105401357848e-07 6.356916371600273e-07 9.61588611637473e-08 6.619985650071975e-07 0.04426028576035892 6.073008282785712e-07 0.4611906217743975 6.140661535783482e-07 0.03512754027313598 0.00023809392992263915 0.184733903446034 6.395251943945833e-07 6.782903731209084e-05 0.00010084585589638969 7.434178531511061e-05 1.9846098053980574e-05 0.0021817355047105583 5.3505487216222015e-06 0.0005309128899710184 6.879174641097976e-07 9.662357525834513e-06 1.1485342419280261e-06 6.2712722062886466e-06 2.0328863424116278e-05 0.0037274256293508734 0.00045580881574649524 0.0013271165619838307 6.125934056989546e-07 6.763612804380905e-07
75 6.397934803140972e-07 5.792105401357848e-07 6.356916371600273e-07 9.61588611637473e-08 6.619985650071975e-07 0.04426028576035892 6.073008282785712e-07 0.4611906217743975 6.140661535783482e-07 0.03512754027313598 0.00023809392992263915 0.184733903446034 6.395251943945833e-07 6.782903731209084e-05 0.00010084585589638969 7.434178531511061e-05 1.9846098053980574e-05 0.0021817355047105583 5.3505487216222015e-06 0.0005309128899710184 6.879174641097976e-07 9.662357525834513e-06 1.1485342419280261e-06 6.2712722062886466e-06 2.0328863424116278e-05 0.0037274256293508734 0.00045580881574649524 0.0013271165619838307 6.125934056989546e-07 6.763612804380905e-07
76 6.397934803140972e-07 5.792105401357848e-07 6.356916371600273e-07 9.61588611637473e-08 6.619985650071975e-07 0.04426028576035892 6.073008282785712e-07 0.4611906217743975 6.140661535783482e-07 0.03512754027313598 0.00023809392992263915 0.184733903446034 6.395251943945833e-07 6.782903731209084e-05 0.00010084585589638969 7.434178531511061e-05 1.9846098053980574e-05 0.0021817355047105583 5.3505487216222015e-06 0.0005309128899710184 6.879174641097976e-07 9.662357525834513e-06 1.1485342419280261e-06 6.2712722062886466e-06 2.0328863424116278e-05 0.0037274256293508734 0.00045580881574649524 0.0013271165619838307 6.125934056989546e-07 6.763612804380905e-07
77 6.397934803140972e-07 5.792105401357848e-07 6.356916371600273e-07 9.61588611637473e-08 6.619985650071975e-07 0.04426028576035892 6.073008282785712e-07 0.4611906217743975 6.140661535783482e-07 0.03512754027313598 0.00023809392992263915 0.184733903446034 6.395251943945833e-07 6.782903731209084e-05 0.00010084585589638969 7.434178531511061e-05 1.9846098053980574e-05 0.0021817355047105583 5.3505487216222015e-06 0.0005309128899710184 6.879174641097976e-07 9.662357525834513e-06 1.1485342419280261e-06 6.2712722062886466e-06 2.0328863424116278e-05 0.0037274256293508734 0.00045580881574649524 0.0013271165619838307 6.125934056989546e-07 6.763612804380905e-07
78 6.397934803140972e-07 5.792105401357848e-07 6.356916371600273e-07 9.61588611637473e-08 6.619985650071975e-07 0.04426028576035892 6.073008282785712e-07 0.4611906217743975 6.140661535783482e-07 0.03512754027313598 0.00023809392992263915 0.184733903446034 6.395251943945833e-07 6.782903731209084e-05 0.00010084585589638969 7.434178531511061e-05 1.9846098053980574e-05 0.0021817355047105583 5.3505487216222015e-06 0.0005309128899710184 6.879174641097976e-07 9.662357525834513e-06 1.1485342419280261e-06 6.2712722062886466e-06 2.0328863424116278e-05 0.0037274256293508734 0.00045580881574649524 0.0013271165619838307 6.125934056989546e-07 6.763612804380905e-07
79 6.397934803140972e-07 5.792105401357848e-07 6.356916371600273e-07 9.61588611637473e-08 6.619985650071975e-07 0.04426028576035892 6.073008282785712e-07 0.4611906217743975 6.140661535783482e-07 0.03512754027313598 0.00023809392992263915 0.184733903446034 6.395251943945833e-07 6.782903731209084e-05 0.00010084585589638969 7.434178531511061e-05 1.9846098053980574e-05 0.0021817355047105583 5.3505487216222015e-06 0.0005309128899710184 6.879174641097976e-07 9.662357525834513e-06 1.1485342419280261e-06 6.2712722062886466e-06 2.0328863424116278e-05 0.0037274256293508734 0.00045580881574649524 0.0013271165619838307 6.125934056989546e-07 6.763612804380905e-07
80 6.397934803140972e-07 5.792105401357848e-07 6.356916371600273e-07 9.61588611637473e-08 6.619985650071975e-07 0.04426028576035892 6.073008282785712e-07 0.4611906217743975 6.140661535783482e-07 0.03512754027313598 0.00023809392992263915 0.184733903446034 6.395251943945833e-07 6.782903731209084e-05 0.00010084585589638969 7.434178531511061e-05 1.9846098053980574e-05 0.0021817355047105583 5.3505487216222015e-06 0.0005309128899710184 6.879174641097976e-07 9.662357525834513e-06 1.1485342419280261e-06 6.2712722062886466e-06 2.0328863424116278e-05 0.0037274256293508734 0.00045580881574649524 0.0013271165619838307 6.125934056989546e-07 6.763612804380905e-07
81 6.397934803140972e-07 5.792105401357848e-07 6.356916371600273e-07 9.61588611637473e-08 6.619985650071975e-07 0.04426028576035892 6.073008282785712e-07 0.4611906217743975 6.140661535783482e-07 0.03512754027313598 0.00023809392992263915 0.184733903446034 6.395251943945833e-07 6.782903731209084e-05 0.00010084585589638969 7.434178531511061e-05 1.9846098053980574e-05 0.0021817355047105583 5.3505487216222015e-06 0.0005309128899710184 6.879174641097976e-07 9.662357525834513e-06 1.1485342419280261e-06 6.2712722062886466e-06 2.0328863424116278e-05 0.0037274256293508734 0.00045580881574649524 0.0013271165619838307 6.125934056989546e-07 6.763612804380905e-07
82 6.397934803140972e-07 5.792105401357848e-07 6.356916371600273e-07 9.61588611637473e-08 6.619985650071975e-07 0.04426028576035892 6.073008282785712e-07 0.4611906217743975 6.140661535783482e-07 0.03512754027313598 0.00023809392992263915 0.184733903446034 6.395251943945833e-07 6.782903731209084e-05 0.00010084585589638969 7.434178531511061e-05 1.9846098053980574e-05 0.0021817355047105583 5.3505487216222015e-06 0.0005309128899710184 6.879174641097976e-07 9.662357525834513e-06 1.1485342419280261e-06 6.2712722062886466e-06 2.0328863424116278e-05 0.0037274256293508734 0.00045580881574649524 0.0013271165619838307 6.125934056989546e-07 6.763612804380905e-07
83 6.397934803140972e-07 5.792105401357848e-07 6.356916371600273e-07 9.61588611637473e-08 6.619985650071975e-07 0.04426028576035892 6.073008282785712e-07 0.4611906217743975 6.140661535783482e-07 0.03512754027313598 0.00023809392992263915 0.184733903446034 6.395251943945833e-07 6.782903731209084e-05 0.00010084585589638969 7.434178531511061e-05 1.9846098053980574e-05 0.0021817355047105583 5.3505487216222015e-06 0.0005309128899710184 6.879174641097976e-07 9.662357525834513e-06 1.1485342419280261e-06 6.2712722062886466e-06 2.0328863424116278e-05 0.0037274256293508734 0.00045580881574649524 0.0013271165619838307 6.125934056989546e-07 6.763612804380905e-07
84 6.397934803140972e-07 5.792105401357848e-07 6.356916371600273e-07 9.61588611637473e-08 6.619985650071975e-07 0.04426028576035892 6.073008282785712e-07 0.4611906217743975 6.140661535783482e-07 0.03512754027313598 0.00023809392992263915 0.184733903446034 6.395251943945833e-07 6.782903731209084e-05 0.00010084585589638969 7.434178531511061e-05 1.9846098053980574e-05 0.0021817355047105583 5.3505487216222015e-06 0.0005309128899710184 6.879174641097976e-07 9.662357525834513e-06 1.1485342419280261e-06 6.2712722062886466e-06 2.0328863424116278e-05 0.0037274256293508734 0.00045580881574649524 0.0013271165619838307 6.125934056989546e-07 6.763612804380905e-07
85 6.397934803140972e-07 5.792105401357848e-07 6.356916371600273e-07 9.61588611637473e-08 6.619985650071975e-07 0.04426028576035892 6.073008282785712e-07 0.4611906217743975 6.140661535783482e-07 0.03512754027313598 0.00023809392992263915 0.184733903446034 6.395251943945833e-07 6.782903731209084e-05 0.00010084585589638969 7.434178531511061e-05 1.9846098053980574e-05 0.0021817355047105583 5.3505487216222015e-06 0.0005309128899710184 6.879174641097976e-07 9.662357525834513e-06 1.1485342419280261e-06 6.2712722062886466e-06 2.0328863424116278e-05 0.0037274256293508734 0.00045580881574649524 0.0013271165619838307 6.125934056989546e-07 6.763612804380905e-07
86 6.397934803140972e-07 5.792105401357848e-07 6.356916371600273e-07 9.61588611637473e-08 6.619985650071975e-07 0.04426028576035892 6.073008282785712e-07 0.4611906217743975 6.140661535783482e-07 0.03512754027313598 0.00023809392992263915 0.184733903446034 6.395251943945833e-07 6.782903731209084e-05 0.00010084585589638969 7.434178531511061e-05 1.9846098053980574e-05 0.0021817355047105583 5.3505487216222015e-06 0.0005309128899710184 6.879174641097976e-07 9.662357525834513e-06 1.1485342419280261e-06 6.2712722062886466e-06 2.0328863424116278e-05 0.0037274256293508734 0.00045580881574649524 0.0013271165619838307 6.125934056989546e-07 6.763612804380905e-07
87 6.397934803140972e-07 5.792105401357848e-07 6.356916371600273e-07 9.61588611637473e-08 6.619985650071975e-07 0.04426028576035892 6.073008282785712e-07 0.4611906217743975 6.140661535783482e-07 0.03512754027313598 0.00023809392992263915 0.184733903446034 6.395251943945833e-07 6.782903731209084e-05 0.00010084585589638969 7.434178531511061e-05 1.9846098053980574e-05 0.0021817355047105583 5.3505487216222015e-06 0.0005309128899710184 6.879174641097976e-07 9.662357525834513e-06 1.1485342419280261e-06 6.2712722062886466e-06 2.0328863424116278e-05 0.0037274256293508734 0.00045580881574649524 0.0013271165619838307 6.125934056989546e-07 6.763612804380905e-07
88 6.397934803140972e-07 5.792105401357848e-07 6.356916371600273e-07 9.61588611637473e-08 6.619985650071975e-07 0.04426028576035892 6.073008282785712e-07 0.4611906217743975 6.140661535783482e-07 0.03512754027313598 0.00023809392992263915 0.184733903446034 6.395251943945833e-07 6.782903731209084e-05 0.00010084585589638969 7.434178531511061e-05 1.9846098053980574e-05 0.0021817355047105583 5.3505487216222015e-06 0.0005309128899710184 6.879174641097976e-07 9.662357525834513e-06 1.1485342419280261e-06 6.2712722062886466e-06 2.0328863424116278e-05 0.0037274256293508734 0.00045580881574649524 0.0013271165619838307 6.125934056989546e-07 6.763612804380905e-07
89 6.397934803140972e-07 5.792105401357848e-07 6.356916371600273e-07 9.61588611637473e-08 6.619985650071975e-07 0.04426028576035892 6.073008282785712e-07 0.4611906217743975 6.140661535783482e-07 0.03512754027313598 0.00023809392992263915 0.184733903446034 6.395251943945833e-07 6.782903731209084e-05 0.00010084585589638969 7.434178531511061e-05 1.9846098053980574e-05 0.0021817355047105583 5.3505487216222015e-06 0.0005309128899710184 6.879174641097976e-07 9.662357525834513e-06 1.1485342419280261e-06 6.2712722062886466e-06 2.0328863424116278e-05 0.0037274256293508734 0.00045580881574649524 0.0013271165619838307 6.125934056989546e-07 6.763612804380905e-07
90 6.397934803140972e-07 5.792105401357848e-07 6.356916371600273e-07 9.61588611637473e-08 6.619985650071975e-07 0.04426028576035892 6.073008282785712e-07 0.4611906217743975 6.140661535783482e-07 0.03512754027313598 0.00023809392992263915 0.184733903446034 6.395251943945833e-07 6.782903731209084e-05 0.00010084585589638969 7.434178531511061e-05 1.9846098053980574e-05 0.0021817355047105583 5.3505487216222015e-06 0.0005309128899710184 6.879174641097976e-07 9.662357525834513e-06 1.1485342419280261e-06 6.2712722062886466e-06 2.0328863424116278e-05 0.0037274256293508734 0.00045580881574649524 0.0013271165619838307 6.125934056989546e-07 6.763612804380905e-07
91 6.397934803140972e-07 5.792105401357848e-07 6.356916371600273e-07 9.61588611637473e-08 6.619985650071975e-07 0.04426028576035892 6.073008282785712e-07 0.4611906217743975 6.140661535783482e-07 0.03512754027313598 0.00023809392992263915 0.184733903446034 6.395251943945833e-07 6.782903731209084e-05 0.00010084585589638969 7.434178531511061e-05 1.9846098053980574e-05 0.0021817355047105583 5.3505487216222015e-06 0.0005309128899710184 6.879174641097976e-07 9.662357525834513e-06 1.1485342419280261e-06 6.2712722062886466e-06 2.0328863424116278e-05 0.0037274256293508734 0.00045580881574649524 0.0013271165619838307 6.125934056989546e-07 6.763612804380905e-07
92 6.397934803140972e-07 5.792105401357848e-07 6.356916371600273e-07 9.61588611637473e-08 6.619985650071975e-07 0.04426028576035892 6.073008282785712e-07 0.4611906217743975 6.140661535783482e-07 0.03512754027313598 0.00023809392992263915 0.184733903446034 6.395251943945833e-07 6.782903731209084e-05 0.00010084585589638969 7.434178531511061e-05 1.9846098053980574e-05 0.0021817355047105583 5.3505487216222015e-06 0.0005309128899710184 6.879174641097976e-07 9.662357525834513e-06 1.1485342419280261e-06 6.2712722062886466e-06 2.0328863424116278e-05 0.0037274256293508734 0.00045580881574649524 0.0013271165619838307 6.125934056989546e-07 6.763612804380905e-07
93 6.397934803140972e-07 5.792105401357848e-07 6.356916371600273e-07 9.61588611637473e-08 6.619985650071975e-07 0.04426028576035892 6.073008282785712e-07 0.4611906217743975 6.140661535783482e-07 0.03512754027313598 0.00023809392992263915 0.184733903446034 6.395251943945833e-07 6.782903731209084e-05 0.00010084585589638969 7.434178531511061e-05 1.9846098053980574e-05 0.0021817355047105583 5.3505487216222015e-06 0.0005309128899710184 6.879174641097976e-07 9.662357525834513e-06 1.1485342419280261e-06 6.2712722062886466e-06 2.0328863424116278e-05 0.0037274256293508734 0.00045580881574649524 0.0013271165619838307 6.125934056989546e-07 6.763612804380905e-07
94 6.397934803140972e-07 5.792105401357848e-07 6.356916371600273e-07 9.61588611637473e-08 6.619985650071975e-07 0.04426028576035892 6.073008282785712e-07 0.4611906217743975 6.140661535783482e-07 0.03512754027313598 0.00023809392992263915 0.184733903446034 6.395251943945833e-07 6.782903731209084e-05 0.00010084585589638969 7.434178531511061e-05 1.9846098053980574e-05 0.0021817355047105583 5.3505487216222015e-06 0.0005309128899710184 6.879174641097976e-07 9.662357525834513e-06 1.1485342419280261e-06 6.2712722062886466e-06 2.0328863424116278e-05 0.0037274256293508734 0.00045580881574649524 0.0013271165619838307 6.125934056989546e-07 6.763612804380905e-07
95 6.397934803140972e-07 5.792105401357848e-07 6.356916371600273e-07 9.61588611637473e-08 6.619985650071975e-07 0.04426028576035892 6.073008282785712e-07 0.4611906217743975 6.140661535783482e-07 0.03512754027313598 0.00023809392992263915 0.184733903446034 6.395251943945833e-07 6.782903731209084e-05 0.00010084585589638969 7.434178531511061e-05 1.9846098053980574e-05 0.0021817355047105583 5.3505487216222015e-06 0.0005309128899710184 6.879174641097976e-07 9.662357525834513e-06 1.1485342419280261e-06 6.2712722062886466e-06 2.0328863424116278e-05 0.0037274256293508734 0.00045580881574649524 0.0013271165619838307 6.125934056989546e-07 6.763612804380905e-07
96 6.397934803140972e-07 5.792105401357848e-07 6.356916371600273e-07 9.61588611637473e-08 6.619985650071975e-07 0.04426028576035892 6.073008282785712e-07 0.4611906217743975 6.140661535783482e-07 0.03512754027313598 0.00023809392992263915 0.184733903446034 6.395251943945833e-07 6.782903731209084e-05 0.00010084585589638969 7.434178531511061e-05 1.9846098053980574e-05 0.0021817355047105583 5.3505487216222015e-06 0.0005309128899710184 6.879174641097976e-07 9.662357525834513e-06 1.1485342419280261e-06 6.2712722062886466e-06 2.0328863424116278e-05 0.0037274256293508734 0.00045580881574649524 0.0013271165619838307 6.125934056989546e-07 6.763612804380905e-07
97 6.397934803140972e-07 5.792105401357848e-07 6.356916371600273e-07 9.61588611637473e-08 6.619985650071975e-07 0.04426028576035892 6.073008282785712e-07 0.4611906217743975 6.140661535783482e-07 0.03512754027313598 0.00023809392992263915 0.184733903446034 6.395251943945833e-07 6.782903731209084e-05 0.00010084585589638969 7.434178531511061e-05 1.9846098053980574e-05 0.0021817355047105583 5.3505487216222015e-06 0.0005309128899710184 6.879174641097976e-07 9.662357525834513e-06 1.1485342419280261e-06 6.2712722062886466e-06 2.0328863424116278e-05 0.0037274256293508734 0.00045580881574649524 0.0013271165619838307 6.125934056989546e-07 6.763612804380905e-07
98 6.397934803140972e-07 5.792105401357848e-07 6.356916371600273e-07 9.61588611637473e-08 6.619985650071975e-07 0.04426028576035892 6.073008282785712e-07 0.4611906217743975 6.140661535783482e-07 0.03512754027313598 0.00023809392992263915 0.184733903446034 6.395251943945833e-07 6.782903731209084e-05 0.00010084585589638969 7.434178531511061e-05 1.9846098053980574e-05 0.0021817355047105583 5.3505487216222015e-06 0.0005309128899710184 6.879174641097976e-07 9.662357525834513e-06 1.1485342419280261e-06 6.2712722062886466e-06 2.0328863424116278e-05 0.0037274256293508734 0.00045580881574649524 0.0013271165619838307 6.125934056989546e-07 6.763612804380905e-07
99 6.397934803140972e-07 5.792105401357848e-07 6.356916371600273e-07 9.61588611637473e-08 6.619985650071975e-07 0.04426028576035892 6.073008282785712e-07 0.4611906217743975 6.140661535783482e-07 0.03512754027313598 0.00023809392992263915 0.184733903446034 6.395251943945833e-07 6.782903731209084e-05 0.00010084585589638969 7.434178531511061e-05 1.9846098053980574e-05 0.0021817355047105583 5.3505487216222015e-06 0.0005309128899710184 6.879174641097976e-07 9.662357525834513e-06 1.1485342419280261e-06 6.2712722062886466e-06 2.0328863424116278e-05 0.0037274256293508734 0.00045580881574649524 0.0013271165619838307 6.125934056989546e-07 6.763612804380905e-07
100 6.397934803140972e-07 5.792105401357848e-07 6.356916371600273e-07 9.61588611637473e-08 6.619985650071975e-07 0.04426028576035892 6.073008282785712e-07 0.4611906217743975 6.140661535783482e-07 0.03512754027313598 0.00023809392992263915 0.184733903446034 6.395251943945833e-07 6.782903731209084e-05 0.00010084585589638969 7.434178531511061e-05 1.9846098053980574e-05 0.0021817355047105583 5.3505487216222015e-06 0.0005309128899710184 6.879174641097976e-07 9.662357525834513e-06 1.1485342419280261e-06 6.2712722062886466e-06 2.0328863424116278e-05 0.0037274256293508734 0.00045580881574649524 0.0013271165619838307 6.125934056989546e-07 6.763612804380905e-07
101 6.397934803140972e-07 5.792105401357848e-07 6.356916371600273e-07 9.61588611637473e-08 6.619985650071975e-07 0.04426028576035892 6.073008282785712e-07 0.4611906217743975 6.140661535783482e-07 0.03512754027313598 0.00023809392992263915 0.184733903446034 6.395251943945833e-07 6.782903731209084e-05 0.00010084585589638969 7.434178531511061e-05 1.9846098053980574e-05 0.0021817355047105583 5.3505487216222015e-06 0.0005309128899710184 6.879174641097976e-07 9.662357525834513e-06 1.1485342419280261e-06 6.2712722062886466e-06 2.0328863424116278e-05 0.0037274256293508734 0.00045580881574649524 0.0013271165619838307 6.125934056989546e-07 6.763612804380905e-07
102 6.397934803140972e-07 5.792105401357848e-07 6.356916371600273e-07 9.61588611637473e-08 6.619985650071975e-07 0.04426028576035892 6.073008282785712e-07 0.4611906217743975 6.140661535783482e-07 0.03512754027313598 0.00023809392992263915 0.184733903446034 6.395251943945833e-07 6.782903731209084e-05 0.00010084585589638969 7.434178531511061e-05 1.9846098053980574e-05 0.0021817355047105583 5.3505487216222015e-06 0.0005309128899710184 6.879174641097976e-07 9.662357525834513e-06 1.1485342419280261e-06 6.2712722062886466e-06 2.0328863424116278e-05 0.0037274256293508734 0.00045580881574649524 0.0013271165619838307 6.125934056989546e-07 6.763612804380905e-07
103 6.397934803140972e-07 5.792105401357848e-07 6.356916371600273e-07 9.61588611637473e-08 6.619985650071975e-07 0.04426028576035892 6.073008282785712e-07 0.4611906217743975 6.140661535783482e-07 0.03512754027313598 0.00023809392992263915 0.184733903446034 6.395251943945833e-07 6.782903731209084e-05 0.00010084585589638969 7.434178531511061e-05 1.9846098053980574e-05 0.0021817355047105583 5.3505487216222015e-06 0.0005309128899710184 6.879174641097976e-07 9.662357525834513e-06 1.1485342419280261e-06 6.2712722062886466e-06 2.0328863424116278e-05 0.0037274256293508734 0.00045580881574649524 0.0013271165619838307 6.125934056989546e-07 6.763612804380905e-07
104 6.397934803140972e-07 5.792105401357848e-07 6.356916371600273e-07 9.61588611637473e-08 6.619985650071975e-07 0.04426028576035892 6.073008282785712e-07 0.4611906217743975 6.140661535783482e-07 0.03512754027313598 0.00023809392992263915 0.184733903446034 6.395251943945833e-07 6.782903731209084e-05 0.00010084585589638969 7.434178531511061e-05 1.9846098053980574e-05 0.0021817355047105583 5.3505487216222015e-06 0.0005309128899710184 6.879174641097976e-07 9.662357525834513e-06 1.1485342419280261e-06 6.2712722062886466e-06 2.0328863424116278e-05 0.0037274256293508734 0.00045580881574649524 0.0013271165619838307 6.125934056989546e-07 6.763612804380905e-07
105 6.397934803140972e-07 5.792105401357848e-07 6.356916371600273e-07 9.61588611637473e-08 6.619985650071975e-07 0.04426028576035892 6.073008282785712e-07 0.4611906217743975 6.140661535783482e-07 0.03512754027313598 0.00023809392992263915 0.184733903446034 6.395251943945833e-07 6.782903731209084e-05 0.00010084585589638969 7.434178531511061e-05 1.9846098053980574e-05 0.0021817355047105583 5.3505487216222015e-06 0.0005309128899710184 6.879174641097976e-07 9.662357525834513e-06 1.1485342419280261e-06 6.2712722062886466e-06 2.0328863424116278e-05 0.0037274256293508734 0.00045580881574649524 0.0013271165619838307 6.125934056989546e-07 6.763612804380905e-07
106 6.397934803140972e-07 5.792105401357848e-07 6.356916371600273e-07 9.61588611637473e-08 6.619985650071975e-07 0.04426028576035892 6.073008282785712e-07 0.4611906217743975 6.140661535783482e-07 0.03512754027313598 0.00023809392992263915 0.184733903446034 6.395251943945833e-07 6.782903731209084e-05 0.00010084585589638969 7.434178531511061e-05 1.9846098053980574e-05 0.0021817355047105583 5.3505487216222015e-06 0.0005309128899710184 6.879174641097976e-07 9.662357525834513e-06 1.1485342419280261e-06 6.2712722062886466e-06 2.0328863424116278e-05 0.0037274256293508734 0.00045580881574649524 0.0013271165619838307 6.125934056989546e-07 6.763612804380905e-07
107 6.397934803140972e-07 5.792105401357848e-07 6.356916371600273e-07 9.61588611637473e-08 6.619985650071975e-07 0.04426028576035892 6.073008282785712e-07 0.4611906217743975 6.140661535783482e-07 0.03512754027313598 0.00023809392992263915 0.184733903446034 6.395251943945833e-07 6.782903731209084e-05 0.00010084585589638969 7.434178531511061e-05 1.9846098053980574e-05 0.0021817355047105583 5.3505487216222015e-06 0.0005309128899710184 6.879174641097976e-07 9.662357525834513e-06 1.1485342419280261e-06 6.2712722062886466e-06 2.0328863424116278e-05 0.0037274256293508734 0.00045580881574649524 0.0013271165619838307 6.125934056989546e-07 6.763612804380905e-07
108 6.397934803140972e-07 5.792105401357848e-07 6.356916371600273e-07 9.61588611637473e-08 6.619985650071975e-07 0.04426028576035892 6.073008282785712e-07 0.4611906217743975 6.140661535783482e-07 0.03512754027313598 0.00023809392992263915 0.184733903446034 6.395251943945833e-07 6.782903731209084e-05 0.00010084585589638969 7.434178531511061e-05 1.9846098053980574e-05 0.0021817355047105583 5.3505487216222015e-06 0.0005309128899710184 6.879174641097976e-07 9.662357525834513e-06 1.1485342419280261e-06 6.2712722062886466e-06 2.0328863424116278e-05 0.0037274256293508734 0.00045580881574649524 0.0013271165619838307 6.125934056989546e-07 6.763612804380905e-07
