# index Z=1 - Z=30
0 6.144377606022964e-07 0.008929215273638736 6.021571062645687e-07 6.153282381731041e-07 6.134185708939878e-07 1.3816105083093454e-06 5.844456584259706e-07 0.003892973850350591 6.644985383584886e-07 5.701198819268401e-07 5.821305218295784e-07 6.671573680976536e-05 6.702645673494135e-07 0.008703346986049125 1.5245836048417756e-06 6.607314317630563e-05 7.585111469172291e-07 0.0070929435233163165 8.801481073812878e-07 0.015547831372244015 5.696218292637105e-07 0.00011014082329575503 0.00028165055251453487 1.5537920625790385e-05 0.005451427953558289 0.1550520846511765 0.09494765131569434 0.5400826187446895 5.818346682977608e-07 5.545160581649846e-07
1 6.144377606022964e-07 0.008929215273638736 6.021571062645687e-07 6.153282381731041e-07 6.134185708939878e-07 1.3816105083093454e-06 5.844456584259706e-07 0.003892973850350591 6.644985383584886e-07 5.701198819268401e-07 5.821305218295784e-07 6.671573680976536e-05 6.702645673494135e-07 0.008703346986049125 1.5245836048417756e-06 6.607314317630563e-05 7.585111469172291e-07 0.0070929435233163165 8.801481073812878e-07 0.015547831372244015 5.696218292637105e-07 0.00011014082329575503 0.00028165055251453487 1.5537920625790385e-05 0.005451427953558289 0.1550520846511765 0.09494765131569434 0.5400826187446895 5.818346682977608e-07 5.545160581649846e-07
2 6.144377606022964e-07 0.008929215273638736 6.021571062645687e-07 6.153282381731041e-07 6.134185708939878e-07 1.3816105083093454e-06 5.844456584259706e-07 0.003892973850350591 6.644985383584886e-07 5.701198819268401e-07 5.821305218295784e-07 6.671573680976536e-05 6.702645673494135e-07 0.008703346986049125 1.5245836048417756e-06 6.607314317630563e-05 7.585111469172291e-07 0.0070929435233163165 8.801481073812878e-07 0.015547831372244015 5.696218292637105e-07 0.00011014082329575503 0.00028165055251453487 1.5537920625790385e-05 0.005451427953558289 0.1550520846511765 0.09494765131569434 0.5400826187446895 5.818346682977608e-07 5.545160581649846e-07
3 6.144377606022964e-07 0.008929215273638736 6.021571062645687e-07 6.153282381731041e-07 6.134185708939878e-07 1.3816105083093454e-06 5.844456584259706e-07 0.003892973850350591 6.644985383584886e-07 5.701198819268401e-07 5.821305218295784e-07 6.671573680976536e-05 6.702645673494135e-07 0.008703346986049125 1.5245836048417756e-06 6.607314317630563e-05 7.585111469172291e-07 0.0070929435233163165 8.801481073812878e-07 0.015547831372244015 5.696218292637105e-07 0.00011014082329575503 0.00028165055251453487 1.5537920625790385e-05 0.005451427953558289 0.1550520846511765 0.09494765131569434 0.5400826187446895 5.818346682977608e-07 5.545160581649846e-07
4 6.144377606022964e-07 0.008929215273638736 6.021571062645687e-07 6.153282381731041e-07 6.134185708939878e-07 1.3816105083093454e-06 5.844456584259706e-07 0.003892973850350591 6.644985383584886e-07 5.701198819268401e-07 5.821305218295784e-07 6.671573680976536e-05 6.702645673494135e-07 0.008703346986049125 1.5245836048417756e-06 6.607314317630563e-05 7.585111469172291e-07 0.0070929435233163165 8.801481073812878e-07 0.015547831372244015 5.696218292637105e-07 0.00011014082329575503 0.00028165055251453487 1.5537920625790385e-05 0.005451427953558289 0.1550520846511765 0.09494765131569434 0.5400826187446895 5.818346682977608e-07 5.545160581649846e-07
5 6.144377606022964e-07 0.008929215273638736 6.021571062645687e-07 6.153282381731041e-07 6.134185708939878e-07 1.3816105083093454e-06 5.844456584259706e-07 0.003892973850350591 6.644985383584886e-07 5.701198819268401e-07 5.821305218295784e-07 6.671573680976536e-05 6.702645673494135e-07 0.008703346986049125 1.5245836048417756e-06 6.607314317630563e-05 7.585111469172291e-07 0.0070929435233163165 8.801481073812878e-07 0.015547831372244015 5.696218292637105e-07 0.00011014082329575503 0.00028165055251453487 1.5537920625790385e-05 0.005451427953558289 0.1550520846511765 0.09494765131569434 0.5400826187446895 5.818346682977608e-07 5.545160581649846e-07
6 6.144377606022964e-07 0.008929215273638736 6.021571062645687e-07 6.153282381731041e-07 6.134185708939878e-07 1.3816105083093454e-06 5.844456584259706e-07 0.003892973850350591 6.644985383584886e-07 5.701198819268401e-07 5.821305218295784e-07 6.671573680976536e-05 6.702645673494135e-07 0.008703346986049125 1.5245836048417756e-06 6.607314317630563e-05 7.585111469172291e-07 0.0070929435233163165 8.801481073812878e-07 0.015547831372244015 5.696218292637105e-07 0.00011014082329575503 0.00028165055251453487 1.5537920625790385e-05 0.005451427953558289 0.1550520846511765 0.09494765131569434 0.5400826187446895 5.818346682977608e-07 5.545160581649846e-07
7 6.144377606022964e-07 0.008929215273638736 6.021571062645687e-07 6.153282381731041e-07 6.134185708939878e-07 1.3816105083093454e-06 5.844456584259706e-07 0.003892973850350591 6.644985383584886e-07 5.701198819268401e-07 5.821305218295784e-07 6.671573680976536e-05 6.702645673494135e-07 0.008703346986049125 1.5245836048417756e-06 6.607314317630563e-05 7.585111469172291e-07 0.0070929435233163165 8.801481073812878e-07 0.015547831372244015 5.696218292637105e-07 0.00011014082329575503 0.00028165055251453487 1.5537920625790385e-05 0.005451427953558289 0.1550520846511765 0.09494765131569434 0.5400826187446895 5.818346682977608e-07 5.545160581649846e-07
8 6.144377606022964e-07 0.008929215273638736 6.021571062645687e-07 6.153282381731041e-07 6.134185708939878e-07 1.3816105083093454e-06 5.844456584259706e-07 0.003892973850350591 6.644985383584886e-07 5.701198819268401e-07 5.821305218295784e-07 6.671573680976536e-05 6.702645673494135e-07 0.008703346986049125 1.5245836048417756e-06 6.607314317630563e-05 7.585111469172291e-07 0.0070929435233163165 8.801481073812878e-07 0.015547831372244015 5.696218292637105e-07 0.00011014082329575503 0.00028165055251453487 1.5537920625790385e-05 0.005451427953558289 0.1550520846511765 0.09494765131569434 0.5400826187446895 5.818346682977608e-07 5.545160581649846e-07
9 6.144377606022964e-07 0.008929215273638736 6.021571062645687e-07 6.153282381731041e-07 6.134185708939878e-07 1.3816105083093454e-06 5.844456584259706e-07 0.003892973850350591 6.644985383584886e-07 5.701198819268401e-07 5.821305218295784e-07 6.671573680976536e-05 6.702645673494135e-07 0.008703346986049125 1.5245836048417756e-06 6.607314317630563e-05 7.585111469172291e-07 0.0070929435233163165 8.801481073812878e-07 0.015547831372244015 5.696218292637105e-07 0.00011014082329575503 0.00028165055251453487 1.5537920625790385e-05 0.005451427953558289 0.1550520846511765 0.09494765131569434 0.5400826187446895 5.818346682977608e-07 5.545160581649846e-07
10 6.144377606022964e-07 0.008929215273638736 6.021571062645687e-07 6.153282381731041e-07 6.134185708939878e-07 1.3816105083093454e-06 5.844456584259706e-07 0.003892973850350591 6.644985383584886e-07 5.701198819268401e-07 5.821305218295784e-07 6.671573680976536e-05 6.702645673494135e-07 0.008703346986049125 1.5245836048417756e-06 6.607314317630563e-05 7.585111469172291e-07 0.0070929435233163165 8.801481073812878e-07 0.015547831372244015 5.696218292637105e-07 0.00011014082329575503 0.00028165055251453487 1.5537920625790385e-05 0.005451427953558289 0.1550520846511765 0.09494765131569434 0.5400826187446895 5.818346682977608e-07 5.545160581649846e-07
11 6.144377606022964e-07 0.008929215273638736 6.021571062645687e-07 6.153282381731041e-07 6.134185708939878e-07 1.3816105083093454e-06 5.844456584259706e-07 0.003892973850350591 6.644985383584886e-07 5.701198819268401e-07 5.821305218295784e-07 6.671573680976536e-05 6.702645673494135e-07 0.008703346986049125 1.5245836048417756e-06 6.607314317630563e-05 7.585111469172291e-07 0.0070929435233163165 8.801481073812878e-07 0.015547831372244015 5.696218292637105e-07 0.00011014082329575503 0.00028165055251453487 1.5537920625790385e-05 0.005451427953558289 0.1550520846511765 0.09494765131569434 0.5400826187446895 5.818346682977608e-07 5.545160581649846e-07
12 8.710832481233529e-07 0.004102794704522551 9.277349458193429e-07 9.606863398586325e-07 8.688700556903485e-07 2.0020000353442866e-06 9.134409656324786e-07 0.0053193690106561374 9.924592518205387e-07 1.113157130972642e-06 9.603404299202462e-07 0.0024998540168214645 9.42815570780478e-07 0.03127750522075132 6.225875336782121e-06 0.0006727407254401685 2.225454836411802e-06 0.0137449354609451 1.4993246836451929e-06 0.039512935191044124 9.429501527480096e-07 0.00012423671622086341 0.0009939952516644231 2.1091786617486428e-05 0.08332476590426273 0.4702042714809632 0.10121943868743881 0.13174121094050384 1.1772946797532683e-06 8.699821569240717e-07
13 8.710832481233529e-07 0.004102794704522551 9.277349458193429e-07 9.606863398586325e-07 8.688700556903485e-07 2.0020000353442866e-06 9.134409656324786e-07 0.0053193690106561374 9.924592518205387e-07 1.113157130972642e-06 9.603404299202462e-07 0.0024998540168214645 9.42815570780478e-07 0.03127750522075132 6.225875336782121e-06 0.0006727407254401685 2.225454836411802e-06 0.0137449354609451 1.4993246836451929e-06 0.039512935191044124 9.429501527480096e-07 0.00012423671622086341 0.0009939952516644231 2.1091786617486428e-05 0.08332476590426273 0.4702042714809632 0.10121943868743881 0.13174121094050384 1.1772946797532683e-06 8.699821569240717e-07
14 8.710832481233529e-07 0.004102794704522551 9.277349458193429e-07 9.606863398586325e-07 8.688700556903485e-07 2.0020000353442866e-06 9.134409656324786e-07 0.0053193690106561374 9.924592518205387e-07 1.113157130972642e-06 9.603404299202462e-07 0.0024998540168214645 9.42815570780478e-07 0.03127750522075132 6.225875336782121e-06 0.0006727407254401685 2.225454836411802e-06 0.0137449354609451 1.4993246836451929e-06 0.039512935191044124 9.429501527480096e-07 0.00012423671622086341 0.0009939952516644231 2.1091786617486428e-05 0.08332476590426273 0.4702042714809632 0.10121943868743881 0.13174121094050384 1.1772946797532683e-06 8.699821569240717e-07
15 8.710832481233529e-07 0.004102794704522551 9.277349458193429e-07 9.606863398586325e-07 8.688700556903485e-07 2.0020000353442866e-06 9.134409656324786e-07 0.0053193690106561374 9.924592518205387e-07 1.113157130972642e-06 9.603404299202462e-07 0.0024998540168214645 9.42815570780478e-07 0.03127750522075132 6.225875336782121e-06 0.0006727407254401685 2.225454836411802e-06 0.0137449354609451 1.4993246836451929e-06 0.039512935191044124 9.429501527480096e-07 0.00012423671622086341 0.0009939952516644231 2.1091786617486428e-05 0.08332476590426273 0.4702042714809632 0.10121943868743881 0.13174121094050384 1.1772946797532683e-06 8.699821569240717e-07
16 8.710832481233529e-07 0.004102794704522551 9.277349458193429e-07 9.606863398586325e-07 8.688700556903485e-07 2.0020000353442866e-06 9.134409656324786e-07 0.0053193690106561374 9.924592518205387e-07 1.113157130972642e-06 9.603404299202462e-07 0.0024998540168214645 9.42815570780478e-07 0.03127750522075132 6.225875336782121e-06 0.0006727407254401685 2.225454836411802e-06 0.0137449354609451 1.4993246836451929e-06 0.039512935191044124 9.429501527480096e-07 0.00012423671622086341 0.0009939952516644231 2.1091786617486428e-05 0.08332476590426273 0.4702042714809632 0.10121943868743881 0.13174121094050384 1.1772946797532683e-06 8.699821569240717e-07
17 8.710832481233529e-07 0.004102794704522551 9.277349458193429e-07 9.606863398586325e-07 8.688700556903485e-07 2.0020000353442866e-06 9.134409656324786e-07 0.0053193690106561374 9.924592518205387e-07 1.113157130972642e-06 9.603404299202462e-07 0.0024998540168214645 9.42815570780478e-07 0.03127750522075132 6.225875336782121e-06 0.0006727407254401685 2.225454836411802e-06 0.0137449354609451 1.4993246836451929e-06 0.039512935191044124 9.429501527480096e-07 0.00012423671622086341 0.0009939952516644231 2.1091786617486428e-05 0.08332476590426273 0.4702042714809632 0.10121943868743881 0.13174121094050384 1.1772946797532683e-06 8.699821569240717e-07
18 8.710832481233529e-07 0.004102794704522551 9.277349458193429e-07 9.606863398586325e-07 8.688700556903485e-07 2.0020000353442866e-06 9.134409656324786e-07 0.0053193690106561374 9.924592518205387e-07 1.113157130972642e-06 9.603404299202462e-07 0.0024998540168214645 9.42815570780478e-07 0.03127750522075132 6.225875336782121e-06 0.0006727407254401685 2.225454836411802e-06 0.0137449354609451 1.4993246836451929e-06 0.039512935191044124 9.429501527480096e-07 0.00012423671622086341 0.0009939952516644231 2.1091786617486428e-05 0.08332476590426273 0.4702042714809632 0.10121943868743881 0.13174121094050384 1.1772946797532683e-06 8.699821569240717e-07
19 8.710832481233529e-07 0.004102794704522551 9.277349458193429e-07 9.606863398586325e-07 8.688700556903485e-07 2.0020000353442866e-06 9.134409656324786e-07 0.0053193690106561374 9.924592518205387e-07 1.113157130972642e-06 9.603404299202462e-07 0.0024998540168214645 9.42815570780478e-07 0.03127750522075132 6.225875336782121e-06 0.0006727407254401685 2.225454836411802e-06 0.0137449354609451 1.4993246836451929e-06 0.039512935191044124 9.429501527480096e-07 0.00012423671622086341 0.0009939952516644231 2.1091786617486428e-05 0.08332476590426273 0.4702042714809632 0.10121943868743881 0.13174121094050384 1.1772946797532683e-06 8.699821569240717e-07
20 8.710832481233529e-07 0.004102794704522551 9.277349458193429e-07 9.606863398586325e-07 8.688700556903485e-07 2.0020000353442866e-06 9.134409656324786e-07 0.0053193690106561374 9.924592518205387e-07 1.113157130972642e-06 9.603404299202462e-07 0.0024998540168214645 9.42815570780478e-07 0.03127750522075132 6.225875336782121e-06 0.0006727407254401685 2.225454836411802e-06 0.0137449354609451 1.4993246836451929e-06 0.039512935191044124 9.429501527480096e-07 0.00012423671622086341 0.0009939952516644231 2.1091786617486428e-05 0.08332476590426273 0.4702042714809632 0.10121943868743881 0.13174121094050384 1.1772946797532683e-06 8.699821569240717e-07
21 8.710832481233529e-07 0.004102794704522551 9.277349458193429e-07 9.606863398586325e-07 8.688700556903485e-07 2.0020000353442866e-06 9.134409656324786e-07 0.0053193690106561374 9.924592518205387e-07 1.113157130972642e-06 9.603404299202462e-07 0.0024998540168214645 9.42815570780478e-07 0.03127750522075132 6.225875336782121e-06 0.0006727407254401685 2.225454836411802e-06 0.0137449354609451 1.4993246836451929e-06 0.039512935191044124 9.429501527480096e-07 0.00012423671622086341 0.0009939952516644231 2.1091786617486428e-05 0.08332476590426273 0.4702042714809632 0.10121943868743881 0.13174121094050384 1.1772946797532683e-06 8.699821569240717e-07
22 5.192184914839305e-07 4.836856021369291e-07 5.006282383611919e-07 4.590933448592162e-07 4.338580882128927e-07 1.3515739873730705e-06 4.937305818182851e-07 0.002768395144396178 4.612310063899515e-07 5.291437669163037e-07 4.5791383772910124e-07 0.07424506243380437 4.4936361453437554e-07 0.6129838493698629 7.194542989572069e-06 0.01954991384666059 1.1132915810832994e-06 0.020088952707591284 8.822253420814677e-07 0.051460040906838284 4.924009887381546e-07 8.310555432783564e-05 0.0005983556817168729 3.6714204099280114e-05 0.004202313285145541 0.0998676738775743 0.07760308534070419 0.011873330674958788 4.6787184868814137e-07 4.827915822664355e-07
23 5.192184914839305e-07 4.836856021369291e-07 5.006282383611919e-07 4.590933448592162e-07 4.338580882128927e-07 1.3515739873730705e-06 4.937305818182851e-07 0.002768395144396178 4.612310063899515e-07 5.291437669163037e-07 4.5791383772910124e-07 0.07424506243380437 4.4936361453437554e-07 0.6129838493698629 7.194542989572069e-06 0.01954991384666059 1.1132915810832994e-06 0.020088952707591284 8.822253420814677e-07 0.051460040906838284 4.924009887381546e-07 8.310555432783564e-05 0.0005983556817168729 3.6714204099280114e-05 0.004202313285145541 0.0998676738775743 0.07760308534070419 0.011873330674958788 4.6787184868814137e-07 4.827915822664355e-07
24 5.192184914839305e-07 4.836856021369291e-07 5.006282383611919e-07 4.590933448592162e-07 4.338580882128927e-07 1.3515739873730705e-06 4.937305818182851e-07 0.002768395144396178 4.612310063899515e-07 5.291437669163037e-07 4.5791383772910124e-07 0.07424506243380437 4.4936361453437554e-07 0.6129838493698629 7.194542989572069e-06 0.01954991384666059 1.1132915810832994e-06 0.020088952707591284 8.822253420814677e-07 0.051460040906838284 4.924009887381546e-07 8.310555432783564e-05 0.0005983556817168729 3.6714204099280114e-05 0.004202313285145541 0.0998676738775743 0.07760308534070419 0.011873330674958788 4.6787184868814137e-07 4.827915822664355e-07
25 5.192184914839305e-07 4.836856021369291e-07 5.006282383611919e-07 4.590933448592162e-07 4.338580882128927e-07 1.3515739873730705e-06 4.937305818182851e-07 0.002768395144396178 4.612310063899515e-07 5.291437669163037e-07 4.5791383772910124e-07 0.07424506243380437 4.4936361453437554e-07 0.6129838493698629 7.194542989572069e-06 0.01954991384666059 1.1132915810832994e-06 0.020088952707591284 8.822253420814677e-07 0.051460040906838284 4.924009887381546e-07 8.310555432783564e-05 0.0005983556817168729 3.6714204099280114e-05 0.004202313285145541 0.0998676738775743 0.07760308534070419 0.011873330674958788 4.6787184868814137e-07 4.827915822664355e-07
26 5.192184914839305e-07 4.836856021369291e-07 5.006282383611919e-07 4.590933448592162e-07 4.338580882128927e-07 1.3515739873730705e-06 4.937305818182851e-07 0.002768395144396178 4.612310063899515e-07 5.291437669163037e-07 4.5791383772910124e-07 0.07424506243380437 4.4936361453437554e-07 0.6129838493698629 7.194542989572069e-06 0.01954991384666059 1.1132915810832994e-06 0.020088952707591284 8.822253420814677e-07 0.051460040906838284 4.924009887381546e-07 8.310555432783564e-05 0.0005983556817168729 3.6714204099280114e-05 0.004202313285145541 0.0998676738775743 0.07760308534070419 0.011873330674958788 4.6787184868814137e-07 4.827915822664355e-07
27 5.192184914839305e-07 4.836856021369291e-07 5.006282383611919e-07 4.590933448592162e-07 4.338580882128927e-07 1.3515739873730705e-06 4.937305818182851e-07 0.002768395144396178 4.612310063899515e-07 5.291437669163037e-07 4.5791383772910124e-07 0.07424506243380437 4.4936361453437554e-07 0.6129838493698629 7.194542989572069e-06 0.01954991384666059 1.1132915810832994e-06 0.020088952707591284 8.822253420814677e-07 0.051460040906838284 4.924009887381546e-07 8.310555432783564e-05 0.0005983556817168729 3.6714204099280114e-05 0.004202313285145541 0.0998676738775743 0.07760308534070419 0.011873330674958788 4.6787184868814137e-07 4.827915822664355e-07
28 5.192184914839305e-07 4.836856021369291e-07 5.006282383611919e-07 4.590933448592162e-07 4.338580882128927e-07 1.3515739873730705e-06 4.937305818182851e-07 0.002768395144396178 4.612310063899515e-07 5.291437669163037e-07 4.5791383772910124e-07 0.07424506243380437 4.4936361453437554e-07 0.6129838493698629 7.194542989572069e-06 0.01954991384666059 1.1132915810832994e-06 0.020088952707591284 8.822253420814677e-07 0.051460040906838284 4.924009887381546e-07 8.310555432783564e-05 0.0005983556817168729 3.6714204099280114e-05 0.004202313285145541 0.0998676738775743 0.07760308534070419 0.011873330674958788 4.6787184868814137e-07 4.827915822664355e-07
29 5.192184914839305e-07 4.836856021369291e-07 5.006282383611919e-07 4.590933448592162e-07 4.338580882128927e-07 1.3515739873730705e-06 4.937305818182851e-07 0.002768395144396178 4.612310063899515e-07 5.291437669163037e-07 4.5791383772910124e-07 0.07424506243380437 4.4936361453437554e-07 0.6129838493698629 7.194542989572069e-06 0.01954991384666059 1.1132915810832994e-06 0.020088952707591284 8.822253420814677e-07 0.051460040906838284 4.924009887381546e-07 8.310555432783564e-05 0.0005983556817168729 3.6714204099280114e-05 0.004202313285145541 0.0998676738775743 0.07760308534070419 0.011873330674958788 4.6787184868814137e-07 4.827915822664355e-07
30 5.192184914839305e-07 4.836856021369291e-07 5.006282383611919e-07 4.590933448592162e-07 4.338580882128927e-07 1.3515739873730705e-06 4.937305818182851e-07 0.002768395144396178 4.612310063899515e-07 5.291437669163037e-07 4.5791383772910124e-07 0.07424506243380437 4.4936361453437554e-07 0.6129838493698629 7.194542989572069e-06 0.01954991384666059 1.1132915810832994e-06 0.020088952707591284 8.822253420814677e-07 0.051460040906838284 4.924009887381546e-07 8.310555432783564e-05 0.0005983556817168729 3.6714204099280114e-05 0.004202313285145541 0.0998676738775743 0.07760308534070419 0.011873330674958788 4.6787184868814137e-07 4.827915822664355e-07
31 5.192184914839305e-07 4.836856021369291e-07 5.006282383611919e-07 4.590933448592162e-07 4.338580882128927e-07 1.3515739873730705e-06 4.937305818182851e-07 0.002768395144396178 4.612310063899515e-07 5.291437669163037e-07 4.5791383772910124e-07 0.07424506243380437 4.4936361453437554e-07 0.6129838493698629 7.194542989572069e-06 0.01954991384666059 1.1132915810832994e-06 0.020088952707591284 8.822253420814677e-07 0.051460040906838284 4.924009887381546e-07 8.310555432783564e-05 0.0005983556817168729 3.6714204099280114e-05 0.004202313285145541 0.0998676738775743 0.07760308534070419 0.011873330674958788 4.6787184868814137e-07 4.827915822664355e-07
32 5.917621432788052e-08 6.456541439665038e-08 9.940852933689448e-08 5.6282003493683067e-08 6.683113370371695e-08 2.6690182737184854e-06 5.1447442732799794e-08 0.16851721671775038 7.501338431742535e-08 2.141890158885109e-07 8.167826688672962e-08 0.004913138909233471 6.177855767443101e-08 0.39227202638644404 6.946192377539402e-06 1.029525572001746e-05 3.1008028291024647e-06 0.002605276000267595 3.901150655539753e-06 0.0005301026669450509 5.844848032455026e-08 3.863028309260058e-06 5.462764175882972e-06 6.030072749948208e-06 5.581596800178549e-05 0.0007603680918738795 0.001256567159452314 0.0013770059104715373 6.534785297167799e-08 5.093915706068581e-08
33 5.917621432788052e-08 6.456541439665038e-08 9.940852933689448e-08 5.6282003493683067e-08 6.683113370371695e-08 2.6690182737184854e-06 5.1447442732799794e-08 0.16851721671775038 7.501338431742535e-08 2.141890158885109e-07 8.167826688672962e-08 0.004913138909233471 6.177855767443101e-08 0.39227202638644404 6.946192377539402e-06 1.029525572001746e-05 3.1008028291024647e-06 0.002605276000267595 3.901150655539753e-06 0.0005301026669450509 5.844848032455026e-08 3.863028309260058e-06 5.462764175882972e-06 6.030072749948208e-06 5.581596800178549e-05 0.0007603680918738795 0.001256567159452314 0.0013770059104715373 6.534785297167799e-08 5.093915706068581e-08
34 5.917621432788052e-08 6.456541439665038e-08 9.940852933689448e-08 5.6282003493683067e-08 6.683113370371695e-08 2.6690182737184854e-06 5.1447442732799794e-08 0.16851721671775038 7.501338431742535e-08 2.141890158885109e-07 8.167826688672962e-08 0.004913138909233471 6.177855767443101e-08 0.39227202638644404 6.946192377539402e-06 1.029525572001746e-05 3.1008028291024647e-06 0.002605276000267595 3.901150655539753e-06 0.0005301026669450509 5.844848032455026e-08 3.863028309260058e-06 5.462764175882972e-06 6.030072749948208e-06 5.581596800178549e-05 0.0007603680918738795 0.001256567159452314 0.0013770059104715373 6.534785297167799e-08 5.093915706068581e-08
35 5.917621432788052e-08 6.456541439665038e-08 9.940852933689448e-08 5.6282003493683067e-08 6.683113370371695e-08 2.6690182737184854e-06 5.1447442732799794e-08 0.16851721671775038 7.501338431742535e-08 2.141890158885109e-07 8.167826688672962e-08 0.004913138909233471 6.177855767443101e-08 0.39227202638644404 6.946192377539402e-06 1.029525572001746e-05 3.1008028291024647e-06 0.002605276000267595 3.901150655539753e-06 0.0005301026669450509 5.844848032455026e-08 3.863028309260058e-06 5.462764175882972e-06 6.030072749948208e-06 5.581596800178549e-05 0.0007603680918738795 0.001256567159452314 0.0013770059104715373 6.534785297167799e-08 5.093915706068581e-08
36 5.917621432788052e-08 6.456541439665038e-08 9.940852933689448e-08 5.6282003493683067e-08 6.683113370371695e-08 2.6690182737184854e-06 5.1447442732799794e-08 0.16851721671775038 7.501338431742535e-08 2.141890158885109e-07 8.167826688672962e-08 0.004913138909233471 6.177855767443101e-08 0.39227202638644404 6.946192377539402e-06 1.029525572001746e-05 3.1008028291024647e-06 0.002605276000267595 3.901150655539753e-06 0.0005301026669450509 5.844848032455026e-08 3.863028309260058e-06 5.462764175882972e-06 6.030072749948208e-06 5.581596800178549e-05 0.0007603680918738795 0.001256567159452314 0.0013770059104715373 6.534785297167799e-08 5.093915706068581e-08
37 5.917621432788052e-08 6.456541439665038e-08 9.940852933689448e-08 5.6282003493683067e-08 6.683113370371695e-08 2.6690182737184854e-06 5.1447442732799794e-08 0.16851721671775038 7.501338431742535e-08 2.141890158885109e-07 8.167826688672962e-08 0.004913138909233471 6.177855767443101e-08 0.39227202638644404 6.946192377539402e-06 1.029525572001746e-05 3.1008028291024647e-06 0.002605276000267595 3.901150655539753e-06 0.0005301026669450509 5.844848032455026e-08 3.863028309260058e-06 5.462764175882972e-06 6.030072749948208e-06 5.581596800178549e-05 0.0007603680918738795 0.001256567159452314 0.0013770059104715373 6.534785297167799e-08 5.093915706068581e-08
38 5.917621432788052e-08 6.456541439665038e-08 9.940852933689448e-08 5.6282003493683067e-08 6.683113370371695e-08 2.6690182737184854e-06 5.1447442732799794e-08 0.16851721671775038 7.501338431742535e-08 2.141890158885109e-07 8.167826688672962e-08 0.004913138909233471 6.177855767443101e-08 0.39227202638644404 6.946192377539402e-06 1.029525572001746e-05 3.1008028291024647e-06 0.002605276000267595 3.901150655539753e-06 0.0005301026669450509 5.844848032455026e-08 3.863028309260058e-06 5.462764175882972e-06 6.030072749948208e-06 5.581596800178549e-05 0.0007603680918738795 0.001256567159452314 0.0013770059104715373 6.534785297167799e-08 5.093915706068581e-08
39 5.917621432788052e-08 6.456541439665038e-08 9.940852933689448e-08 5.6282003493683067e-08 6.683113370371695e-08 2.6690182737184854e-06 5.1447442732799794e-08 0.16851721671775038 7.501338431742535e-08 2.141890158885109e-07 8.167826688672962e-08 0.004913138909233471 6.177855767443101e-08 0.39227202638644404 6.946192377539402e-06 1.029525572001746e-05 3.1008028291024647e-06 0.002605276000267595 3.901150655539753e-06 0.0005301026669450509 5.844848032455026e-08 3.863028309260058e-06 5.462764175882972e-06 6.030072749948208e-06 5.581596800178549e-05 0.0007603680918738795 0.001256567159452314 0.0013770059104715373 6.534785297167799e-08 5.093915706068581e-08
40 5.917621432788052e-08 6.456541439665038e-08 9.940852933689448e-08 5.6282003493683067e-08 6.683113370371695e-08 2.6690182737184854e-06 5.1447442732799794e-08 0.16851721671775038 7.501338431742535e-08 2.141890158885109e-07 8.167826688672962e-08 0.004913138909233471 6.177855767443101e-08 0.39227202638644404 6.946192377539402e-06 1.029525572001746e-05 3.1008028291024647e-06 0.002605276000267595 3.901150655539753e-06 0.0005301026669450509 5.844848032455026e-08 3.863028309260058e-06 5.462764175882972e-06 6.030072749948208e-06 5.581596800178549e-05 0.0007603680918738795 0.001256567159452314 0.0013770059104715373 6.534785297167799e-08 5.093915706068581e-08
41 5.917621432788052e-08 6.456541439665038e-08 9.940852933689448e-08 5.6282003493683067e-08 6.683113370371695e-08 2.6690182737184854e-06 5.1447442732799794e-08 0.16851721671775038 7.501338431742535e-08 2.141890158885109e-07 8.167826688672962e-08 0.004913138909233471 6.177855767443101e-08 0.39227202638644404 6.946192377539402e-06 1.029525572001746e-05 3.1008028291024647e-06 0.002605276000267595 3.901150655539753e-06 0.0005301026669450509 5.844848032455026e-08 3.863028309260058e-06 5.462764175882972e-06 6.030072749948208e-06 5.581596800178549e-05 0.0007603680918738795 0.001256567159452314 0.0013770059104715373 6.534785297167799e-08 5.093915706068581e-08
42 5.917621432788052e-08 6.456541439665038e-08 9.940852933689448e-08 5.6282003493683067e-08 6.683113370371695e-08 2.6690182737184854e-06 5.1447442732799794e-08 0.16851721671775038 7.501338431742535e-08 2.141890158885109e-07 8.167826688672962e-08 0.004913138909233471 6.177855767443101e-08 0.39227202638644404 6.946192377539402e-06 1.029525572001746e-05 3.1008028291024647e-06 0.002605276000267595 3.901150655539753e-06 0.0005301026669450509 5.844848032455026e-08 3.863028309260058e-06 5.462764175882972e-06 6.030072749948208e-06 5.581596800178549e-05 0.0007603680918738795 0.001256567159452314 0.0013770059104715373 6.534785297167799e-08 5.093915706068581e-08
43 5.917621432788052e-08 6.456541439665038e-08 9.940852933689448e-08 5.6282003493683067e-08 6.683113370371695e-08 2.6690182737184854e-06 5.1447442732799794e-08 0.16851721671775038 7.501338431742535e-08 2.141890158885109e-07 8.167826688672962e-08 0.004913138909233471 6.177855767443101e-08 0.39227202638644404 6.946192377539402e-06 1.029525572001746e-05 3.1008028291024647e-06 0.002605276000267595 3.901150655539753e-06 0.0005301026669450509 5.844848032455026e-08 3.863028309260058e-06 5.462764175882972e-06 6.030072749948208e-06 5.581596800178549e-05 0.0007603680918738795 0.001256567159452314 0.0013770059104715373 6.534785297167799e-08 5.093915706068581e-08
44 5.917621432788052e-08 6.456541439665038e-08 9.940852933689448e-08 5.6282003493683067e-08 6.683113370371695e-08 2.6690182737184854e-06 5.1447442732799794e-08 0.16851721671775038 7.501338431742535e-08 2.141890158885109e-07 8.167826688672962e-08 0.004913138909233471 6.177855767443101e-08 0.39227202638644404 6.946192377539402e-06 1.029525572001746e-05 3.1008028291024647e-06 0.002605276000267595 3.901150655539753e-06 0.0005301026669450509 5.844848032455026e-08 3.863028309260058e-06 5.462764175882972e-06 6.030072749948208e-06 5.581596800178549e-05 0.0007603680918738795 0.001256567159452314 0.0013770059104715373 6.534785297167799e-08 5.093915706068581e-08
45 2.4733401300258803e-07 2.546218738805322e-07 2.710201106462788e-07 2.794547358187463e-07 2.576826207362069e-07 0.02331033875680312 2.7059402992981135e-07 0.6983247120405139 2.8604838168066424e-07 0.016313523732475545 0.00011263192102175168 0.10767106494458292 2.673118217013872e-07 2.9802009460827616e-05 3.8040854448842614e-05 2.9460957956800747e-05 9.815789572478705e-06 0.0008124180215900667 2.151998048531756e-06 5.983044402911162e-05 3.340781382775121e-07 3.1525570072902563e-06 4.377914742357024e-07 2.558608315817883e-06 7.785677076972767e-06 0.0006740904670671709 0.00017625257606437798 0.00045873056127828646 2.6359348811388437e-07 2.60131010038391e-07
46 2.4733401300258803e-07 2.546218738805322e-07 2.710201106462788e-07 2.794547358187463e-07 2.576826207362069e-07 0.02331033875680312 2.7059402992981135e-07 0.6983247120405139 2.8604838168066424e-07 0.016313523732475545 0.00011263192102175168 0.10767106494458292 2.673118217013872e-07 2.9802009460827616e-05 3.8040854448842614e-05 2.9460957956800747e-05 9.815789572478705e-06 0.0008124180215900667 2.151998048531756e-06 5.983044402911162e-05 3.340781382775121e-07 3.1525570072902563e-06 4.377914742357024e-07 2.558608315817883e-06 7.785677076972767e-06 0.0006740904670671709 0.00017625257606437798 0.00045873056127828646 2.6359348811388437e-07 2.60131010038391e-07
47 2.4733401300258803e-07 2.546218738805322e-07 2.710201106462788e-07 2.794547358187463e-07 2.576826207362069e-07 0.02331033875680312 2.7059402992981135e-07 0.6983247120405139 2.8604838168066424e-07 0.016313523732475545 0.00011263192102175168 0.10767106494458292 2.673118217013872e-07 2.9802009460827616e-05 3.8040854448842614e-05 2.9460957956800747e-05 9.815789572478705e-06 0.0008124180215900667 2.151998048531756e-06 5.983044402911162e-05 3.340781382775121e-07 3.1525570072902563e-06 4.377914742357024e-07 2.558608315817883e-06 7.785677076972767e-06 0.0006740904670671709 0.00017625257606437798 0.00045873056127828646 2.6359348811388437e-07 2.60131010038391e-07
48 2.4733401300258803e-07 2.546218738805322e-07 2.710201106462788e-07 2.794547358187463e-07 2.576826207362069e-07 0.02331033875680312 2.7059402992981135e-07 0.6983247120405139 2.8604838168066424e-07 0.016313523732475545 0.00011263192102175168 0.10767106494458292 2.673118217013872e-07 2.9802009460827616e-05 3.8040854448842614e-05 2.9460957956800747e-05 9.815789572478705e-06 0.0008124180215900667 2.151998048531756e-06 5.983044402911162e-05 3.340781382775121e-07 3.1525570072902563e-06 4.377914742357024e-07 2.558608315817883e-06 7.785677076972767e-06 0.0006740904670671709 0.00017625257606437798 0.00045873056127828646 2.6359348811388437e-07 2.60131010038391e-07
49 2.4733401300258803e-07 2.546218738805322e-07 2.710201106462788e-07 2.794547358187463e-07 2.576826207362069e-07 0.02331033875680312 2.7059402992981135e-07 0.6983247120405139 2.8604838168066424e-07 0.016313523732475545 0.00011263192102175168 0.10767106494458292 2.673118217013872e-07 2.9802009460827616e-05 3.8040854448842614e-05 2.9460957956800747e-05 9.815789572478705e-06 0.0008124180215900667 2.151998048531756e-06 5.983044402911162e-05 3.340781382775121e-07 3.1525570072902563e-06 4.377914742357024e-07 2.558608315817883e-06 7.785677076972767e-06 0.0006740904670671709 0.00017625257606437798 0.00045873056127828646 2.6359348811388437e-07 2.60131010038391e-07
50 2.4733401300258803e-07 2.546218738805322e-07 2.710201106462788e-07 2.794547358187463e-07 2.576826207362069e-07 0.02331033875680312 2.7059402992981135e-07 0.6983247120405139 2.8604838168066424e-07 0.016313523732475545 0.00011263192102175168 0.10767106494458292 2.673118217013872e-07 2.9802009460827616e-05 3.8040854448842614e-05 2.9460957956800747e-05 9.815789572478705e-06 0.0008124180215900667 2.151998048531756e-06 5.983044402911162e-05 3.340781382775121e-07 3.1525570072902563e-06 4.377914742357024e-07 2.558608315817883e-06 7.785677076972767e-06 0.0006740904670671709 0.00017625257606437798 0.00045873056127828646 2.6359348811388437e-07 2.60131010038391e-07
51 2.4733401300258803e-07 2.546218738805322e-07 2.710201106462788e-07 2.794547358187463e-07 2.576826207362069e-07 0.02331033875680312 2.7059402992981135e-07 0.6983247120405139 2.8604838168066424e-07 0.016313523732475545 0.00011263192102175168 0.10767106494458292 2.673118217013872e-07 2.9802009460827616e-05 3.8040854448842614e-05 2.9460957956800747e-05 9.815789572478705e-06 0.0008124180215900667 2.151998048531756e-06 5.983044402911162e-05 3.340781382775121e-07 3.1525570072902563e-06 4.377914742357024e-07 2.558608315817883e-06 7.785677076972767e-06 0.0006740904670671709 0.00017625257606437798 0.00045873056127828646 2.6359348811388437e-07 2.60131010038391e-07
52 2.4733401300258803e-07 2.546218738805322e-07 2.710201106462788e-07 2.794547358187463e-07 2.576826207362069e-07 0.02331033875680312 2.7059402992981135e-07 0.6983247120405139 2.8604838168066424e-07 0.016313523732475545 0.00011263192102175168 0.10767106494458292 2.673118217013872e-07 2.9802009460827616e-05 3.8040854448842614e-05 2.9460957956800747e-05 9.815789572478705e-06 0.0008124180215900667 2.151998048531756e-06 5.983044402911162e-05 3.340781382775121e-07 3.1525570072902563e-06 4.377914742357024e-07 2.558608315817883e-06 7.785677076972767e-06 0.0006740904670671709 0.00017625257606437798 0.00045873056127828646 2.6359348811388437e-07 2.60131010038391e-07
53 2.4733401300258803e-07 2.546218738805322e-07 2.710201106462788e-07 2.794547358187463e-07 2.576826207362069e-07 0.02331033875680312 2.7059402992981135e-07 0.6983247120405139 2.8604838168066424e-07 0.016313523732475545 0.00011263192102175168 0.10767106494458292 2.673118217013872e-07 2.9802009460827616e-05 3.8040854448842614e-05 2.9460957956800747e-05 9.815789572478705e-06 0.0008124180215900667 2.151998048531756e-06 5.983044402911162e-05 3.340781382775121e-07 3.1525570072902563e-06 4.377914742357024e-07 2.558608315817883e-06 7.785677076972767e-06 0.0006740904670671709 0.00017625257606437798 0.00045873056127828646 2.6359348811388437e-07 2.60131010038391e-07
54 2.4733401300258803e-07 2.546218738805322e-07 2.710201106462788e-07 2.794547358187463e-07 2.576826207362069e-07 0.02331033875680312 2.7059402992981135e-07 0.6983247120405139 2.8604838168066424e-07 0.016313523732475545 0.00011263192102175168 0.10767106494458292 2.673118217013872e-07 2.9802009460827616e-05 3.8040854448842614e-05 2.9460957956800747e-05 9.815789572478705e-06 0.0008124180215900667 2.151998048531756e-06 5.983044402911162e-05 3.340781382775121e-07 3.1525570072902563e-06 4.377914742357024e-07 2.558608315817883e-06 7.785677076972767e-06 0.0006740904670671709 0.00017625257606437798 0.00045873056127828646 2.6359348811388437e-07 2.60131010038391e-07
55 2.4733401300258803e-07 2.546218738805322e-07 2.710201106462788e-07 2.794547358187463e-07 2.576826207362069e-07 0.02331033875680312 2.7059402992981135e-07 0.6983247120405139 2.8604838168066424e-07 0.016313523732475545 0.00011263192102175168 0.10767106494458292 2.673118217013872e-07 2.9802009460827616e-05 3.8040854448842614e-05 2.9460957956800747e-05 9.815789572478705e-06 0.0008124180215900667 2.151998048531756e-06 5.983044402911162e-05 3.340781382775121e-07 3.1525570072902563e-06 4.377914742357024e-07 2.558608315817883e-06 7.785677076972767e-06 0.0006740904670671709 0.00017625257606437798 0.00045873056127828646 2.6359348811388437e-07 2.60131010038391e-07
56 2.4733401300258803e-07 2.546218738805322e-07 2.710201106462788e-07 2.794547358187463e-07 2.576826207362069e-07 0.02331033875680312 2.7059402992981135e-07 0.6983247120405139 2.8604838168066424e-07 0.016313523732475545 0.00011263192102175168 0.10767106494458292 2.673118217013872e-07 2.9802009460827616e-05 3.8040854448842614e-05 2.9460957956800747e-05 9.815789572478705e-06 0.0008124180215900667 2.151998048531756e-06 5.983044402911162e-05 3.340781382775121e-07 3.1525570072902563e-06 4.377914742357024e-07 2.558608315817883e-06 7.785677076972767e-06 0.0006740904670671709 0.00017625257606437798 0.00045873056127828646 2.6359348811388437e-07 2.60131010038391e-07
57 2.4733401300258803e-07 2.546218738805322e-07 2.710201106462788e-07 2.794547358187463e-07 2.576826207362069e-07 0.02331033875680312 2.7059402992981135e-07 0.6983247120405139 2.8604838168066424e-07 0.016313523732475545 0.00011263192102175168 0.10767106494458292 2.673118217013872e-07 2.9802009460827616e-05 3.8040854448842614e-05 2.9460957956800747e-05 9.815789572478705e-06 0.0008124180215900667 2.151998048531756e-06 5.983044402911162e-05 3.340781382775121e-07 3.1525570072902563e-06 4.377914742357024e-07 2.558608315817883e-06 7.785677076972767e-06 0.0006740904670671709 0.00017625257606437798 0.00045873056127828646 2.6359348811388437e-07 2.60131010038391e-07
58 2.4733401300258803e-07 2.546218738805322e-07 2.710201106462788e-07 2.794547358187463e-07 2.576826207362069e-07 0.02331033875680312 2.7059402992981135e-07 0.6983247120405139 2.8604838168066424e-07 0.016313523732475545 0.00011263192102175168 0.10767106494458292 2.673118217013872e-07 2.9802009460827616e-05 3.8040854448842614e-05 2.9460957956800747e-05 9.815789572478705e-06 0.0008124180215900667 2.151998048531756e-06 5.983044402911162e-05 3.340781382775121e-07 3.1525570072902563e-06 4.377914742357024e-07 2.558608315817883e-06 7.785677076972767e-06 0.0006740904670671709 0.00017625257606437798 0.00045873056127828646 2.6359348811388437e-07 2.60131010038391e-07
59 2.4733401300258803e-07 2.546218738805322e-07 2.710201106462788e-07 2.794547358187463e-07 2.576826207362069e-07 0.02331033875680312 2.7059402992981135e-07 0.6983247120405139 2.8604838168066424e-07 0.016313523732475545 0.00011263192102175168 0.10767106494458292 2.673118217013872e-07 2.9802009460827616e-05 3.8040854448842614e-05 2.9460957956800747e-05 9.815789572478705e-06 0.0008124180215900667 2.151998048531756e-06 5.983044402911162e-05 3.340781382775121e-07 3.1525570072902563e-06 4.377914742357024e-07 2.558608315817883e-06 7.785677076972767e-06 0.0006740904670671709 0.00017625257606437798 0.00045873056127828646 2.6359348811388437e-07 2.60131010038391e-07
60 2.4733401300258803e-07 2.546218738805322e-07 2.710201106462788e-07 2.794547358187463e-07 2.576826207362069e-07 0.02331033875680312 2.7059402992981135e-07 0.6983247120405139 2.8604838168066424e-07 0.016313523732475545 0.00011263192102175168 0.10767106494458292 2.673118217013872e-07 2.9802009460827616e-05 3.8040854448842614e-05 2.9460957956800747e-05 9.815789572478705e-06 0.0008124180215900667 2.151998048531756e-06 5.983044402911162e-05 3.340781382775121e-07 3.1525570072902563e-06 4.377914742357024e-07 2.558608315817883e-06 7.785677076972767e-06 0.0006740904670671709 0.00017625257606437798 0.00045873056127828646 2.6359348811388437e-07 2.60131010038391e-07
61 2.4733401300258803e-07 2.546218738805322e-07 2.710201106462788e-07 2.794547358187463e-07 2.576826207362069e-07 0.02331033875680312 2.7059402992981135e-07 0.6983247120405139 2.8604838168066424e-07 0.016313523732475545 0.00011263192102175168 0.10767106494458292 2.673118217013872e-07 2.9802009460827616e-05 3.8040854448842614e-05 2.9460957956800747e-05 9.815789572478705e-06 0.0008124180215900667 2.151998048531756e-06 5.983044402911162e-05 3.340781382775121e-07 3.1525570072902563e-06 4.377914742357024e-07 2.558608315817883e-06 7.785677076972767e-06 0.0006740904670671709 0.00017625257606437798 0.00045873056127828646 2.6359348811388437e-07 2.60131010038391e-07
62 2.4733401300258803e-07 2.546218738805322e-07 2.710201106462788e-07 2.794547358187463e-07 2.576826207362069e-07 0.02331033875680312 2.7059402992981135e-07 0.6983247120405139 2.8604838168066424e-07 0.016313523732475545 0.00011263192102175168 0.10767106494458292 2.673118217013872e-07 2.9802009460827616e-05 3.8040854448842614e-05 2.9460957956800747e-05 9.815789572478705e-06 0.0008124180215900667 2.151998048531756e-06 5.983044402911162e-05 3.340781382775121e-07 3.1525570072902563e-06 4.377914742357024e-07 2.558608315817883e-06 7.785677076972767e-06 0.0006740904670671709 0.00017625257606437798 0.00045873056127828646 2.6359348811388437e-07 2.60131010038391e-07
63 2.4733401300258803e-07 2.546218738805322e-07 2.710201106462788e-07 2.794547358187463e-07 2.576826207362069e-07 0.02331033875680312 2.7059402992981135e-07 0.6983247120405139 2.8604838168066424e-07 0.016313523732475545 0.00011263192102175168 0.10767106494458292 2.673118217013872e-07 2.9802009460827616e-05 3.8040854448842614e-05 2.9460957956800747e-05 9.815789572478705e-06 0.0008124180215900667 2.151998048531756e-06 5.983044402911162e-05 3.340781382775121e-07 3.1525570072902563e-06 4.377914742357024e-07 2.558608315817883e-06 7.785677076972767e-06 0.0006740904670671709 0.00017625257606437798 0.00045873056127828646 2.6359348811388437e-07 2.60131010038391e-07
64 2.4733401300258803e-07 2.546218738805322e-07 2.710201106462788e-07 2.794547358187463e-07 2.576826207362069e-07 0.02331033875680312 2.7059402992981135e-07 0.6983247120405139 2.8604838168066424e-07 0.016313523732475545 0.00011263192102175168 0.10767106494458292 2.673118217013872e-07 2.9802009460827616e-05 3.8040854448842614e-05 2.9460957956800747e-05 9.815789572478705e-06 0.0008124180215900667 2.151998048531756e-06 5.983044402911162e-05 3.340781382775121e-07 3.1525570072902563e-06 4.377914742357024e-07 2.558608315817883e-06 7.785677076972767e-06 0.0006740904670671709 0.00017625257606437798 0.00045873056127828646 2.6359348811388437e-07 2.60131010038391e-07
65 2.4733401300258803e-07 2.546218738805322e-07 2.710201106462788e-07 2.794547358187463e-07 2.576826207362069e-07 0.02331033875680312 2.7059402992981135e-07 0.6983247120405139 2.8604838168066424e-07 0.016313523732475545 0.00011263192102175168 0.10767106494458292 2.673118217013872e-07 2.9802009460827616e-05 3.8040854448842614e-05 2.9460957956800747e-05 9.815789572478705e-06 0.0008124180215900667 2.151998048531756e-06 5.983044402911162e-05 3.340781382775121e-07 3.1525570072902563e-06 4.377914742357024e-07 2.558608315817883e-06 7.785677076972767e-06 0.0006740904670671709 0.00017625257606437798 0.00045873056127828646 2.6359348811388437e-07 2.60131010038391e-07
66 2.4733401300258803e-07 2.546218738805322e-07 2.710201106462788e-07 2.794547358187463e-07 2.576826207362069e-07 0.02331033875680312 2.7059402992981135e-07 0.6983247120405139 2.8604838168066424e-07 0.016313523732475545 0.00011263192102175168 0.10767106494458292 2.673118217013872e-07 2.9802009460827616e-05 3.8040854448842614e-05 2.9460957956800747e-05 9.815789572478705e-06 0.0008124180215900667 2.151998048531756e-06 5.983044402911162e-05 3.340781382775121e-07 3.1525570072902563e-06 4.377914742357024e-07 2.558608315817883e-06 7.785677076972767e-06 0.0006740904670671709 0.00017625257606437798 0.00045873056127828646 2.6359348811388437e-07 2.60131010038391e-07
67 2.4733401300258803e-07 2.546218738805322e-07 2.710201106462788e-07 2.794547358187463e-07 2.576826207362069e-07 0.02331033875680312 2.7059402992981135e-07 0.6983247120405139 2.8604838168066424e-07 0.016313523732475545 0.00011263192102175168 0.10767106494458292 2.673118217013872e-07 2.9802009460827616e-05 3.8040854448842614e-05 2.9460957956800747e-05 9.815789572478705e-06 0.0008124180215900667 2.151998048531756e-06 5.983044402911162e-05 3.340781382775121e-07 3.1525570072902563e-06 4.377914742357024e-07 2.558608315817883e-06 7.785677076972767e-06 0.0006740904670671709 0.00017625257606437798 0.00045873056127828646 2.6359348811388437e-07 2.60131010038391e-07
68 1.2407511126041744e-06 1.2901452818181732e-06 1.2280100672806884e-06 1.5260406188195478e-06 1.2135743564975692e-06 0.08719954260272111 1.1502353858093927e-06 0.4000133118951401 1.1584469541847862e-06 0.059086992503665926 0.00046998742583142345 0.24017410723501362 1.1788533180185309e-06 0.00014454345018081254 0.00018347231766476473 0.00014983586780815055 4.1652567883716404e-05 0.004042596224478179 1.0798070935571626e-05 0.001171112852609424 1.3207294032212848e-06 1.722833262308493e-05 2.020649420364383e-06 1.1928026725645016e-05 3.577191063616631e-05 0.006619429635691563 0.0007288485286878156 0.00202814213961084 1.162022758608018e-06 1.2389773142548769e-06
69 1.2407511126041744e-06 1.2901452818181732e-06 1.2280100672806884e-06 1.5260406188195478e-06 1.2135743564975692e-06 0.08719954260272111 1.1502353858093927e-06 0.4000133118951401 1.1584469541847862e-06 0.059086992503665926 0.00046998742583142345 0.24017410723501362 1.1788533180185309e-06 0.00014454345018081254 0.00018347231766476473 0.00014983586780815055 4.1652567883716404e-05 0.004042596224478179 1.0798070935571626e-05 0.001171112852609424 1.3207294032212848e-06 1.722833262308493e-05 2.020649420364383e-06 1.1928026725645016e-05 3.577191063616631e-05 0.006619429635691563 0.0007288485286878156 0.00202814213961084 1.162022758608018e-06 1.2389773142548769e-06
70 1.2407511126041744e-06 1.2901452818181732e-06 1.2280100672806884e-06 1.5260406188195478e-06 1.2135743564975692e-06 0.08719954260272111 1.1502353858093927e-06 0.4000133118951401 1.1584469541847862e-06 0.059086992503665926 0.00046998742583142345 0.24017410723501362 1.1788533180185309e-06 0.00014454345018081254 0.00018347231766476473 0.00014983586780815055 4.1652567883716404e-05 0.004042596224478179 1.0798070935571626e-05 0.001171112852609424 1.3207294032212848e-06 1.722833262308493e-05 2.020649420364383e-06 1.1928026725645016e-05 3.577191063616631e-05 0.006619429635691563 0.0007288485286878156 0.00202814213961084 1.162022758608018e-06 1.2389773142548769e-06
71 1.2407511126041744e-06 1.2901452818181732e-06 1.2280100672806884e-06 1.5260406188195478e-06 1.2135743564975692e-06 0.08719954260272111 1.1502353858093927e-06 0.4000133118951401 1.1584469541847862e-06 0.059086992503665926 0.00046998742583142345 0.24017410723501362 1.1788533180185309e-06 0.00014454345018081254 0.00018347231766476473 0.00014983586780815055 4.1652567883716404e-05 0.004042596224478179 1.0798070935571626e-05 0.001171112852609424 1.3207294032212848e-06 1.722833262308493e-05 2.020649420364383e-06 1.1928026725645016e-05 3.577191063616631e-05 0.006619429635691563 0.0007288485286878156 0.00202814213961084 1.162022758608018e-06 1.2389773142548769e-06
72 1.2407511126041744e-06 1.2901452818181732e-06 1.2280100672806884e-06 1.5260406188195478e-06 1.2135743564975692e-06 0.08719954260272111 1.1502353858093927e-06 0.4000133118951401 1.1584469541847862e-06 0.059086992503665926 0.00046998742583142345 0.24017410723501362 1.1788533180185309e-06 0.00014454345018081254 0.00018347231766476473 0.00014983586780815055 4.1652567883716404e-05 0.004042596224478179 1.0798070935571626e-05 0.001171112852609424 1.3207294032212848e-06 1.722833262308493e-05 2.020649420364383e-06 1.1928026725645016e-05 3.577191063616631e-05 0.006619429635691563 0.0007288485286878156 0.00202814213961084 1.162022758608018e-06 1.2389773142548769e-06
73 1.2407511126041744e-06 1.2901452818181732e-06 1.2280100672806884e-06 1.5260406188195478e-06 1.2135743564975692e-06 0.08719954260272111 1.1502353858093927e-06 0.4000133118951401 1.1584469541847862e-06 0.059086992503665926 0.00046998742583142345 0.24017410723501362 1.1788533180185309e-06 0.00014454345018081254 0.00018347231766476473 0.00014983586780815055 4.1652567883716404e-05 0.004042596224478179 1.0798070935571626e-05 0.001171112852609424 1.3207294032212848e-06 1.722833262308493e-05 2.020649420364383e-06 1.1928026725645016e-05 3.577191063616631e-05 0.006619429635691563 0.0007288485286878156 0.00202814213961084 1.162022758608018e-06 1.2389773142548769e-06
74 1.2407511126041744e-06 1.2901452818181732e-06 1.2280100672806884e-06 1.5260406188195478e-06 1.2135743564975692e-06 0.08719954260272111 1.1502353858093927e-06 0.4000133118951401 1.1584469541847862e-06 0.059086992503665926 0.00046998742583142345 0.24017410723501362 1.1788533180185309e-06 0.00014454345018081254 0.00018347231766476473 0.00014983586780815055 4.1652567883716404e-05 0.004042596224478179 1.0798070935571626e-05 0.001171112852609424 1.3207294032212848e-06 1.722833262308493e-05 2.020649420364383e-06 1.1928026725645016e-05 3.577191063616631e-05 0.006619429635691563 0.0007288485286878156 0.00202814213961084 1.162022758608018e-06 1.2389773142548769e-06
75 1.2407511126041744e-06 1.2901452818181732e-06 1.2280100672806884e-06 1.5260406188195478e-06 1.2135743564975692e-06 0.08719954260272111 1.1502353858093927e-06 0.4000133118951401 1.1584469541847862e-06 0.059086992503665926 0.00046998742583142345 0.24017410723501362 1.1788533180185309e-06 0.00014454345018081254 0.00018347231766476473 0.00014983586780815055 4.1652567883716404e-05 0.004042596224478179 1.0798070935571626e-05 0.001171112852609424 1.3207294032212848e-06 1.722833262308493e-05 2.020649420364383e-06 1.1928026725645016e-05 3.577191063616631e-05 0.006619429635691563 0.0007288485286878156 0.00202814213961084 1.162022758608018e-06 1.2389773142548769e-06
76 1.2407511126041744e-06 1.2901452818181732e-06 1.2280100672806884e-06 1.5260406188195478e-06 1.2135743564975692e-06 0.08719954260272111 1.1502353858093927e-06 0.4000133118951401 1.1584469541847862e-06 0.059086992503665926 0.00046998742583142345 0.24017410723501362 1.1788533180185309e-06 0.00014454345018081254 0.00018347231766476473 0.00014983586780815055 4.1652567883716404e-05 0.004042596224478179 1.0798070935571626e-05 0.001171112852609424 1.3207294032212848e-06 1.722833262308493e-05 2.020649420364383e-06 1.1928026725645016e-05 3.577191063616631e-05 0.006619429635691563 0.0007288485286878156 0.00202814213961084 1.162022758608018e-06 1.2389773142548769e-06
77 1.2407511126041744e-06 1.2901452818181732e-06 1.2280100672806884e-06 1.5260406188195478e-06 1.2135743564975692e-06 0.08719954260272111 1.1502353858093927e-06 0.4000133118951401 1.1584469541847862e-06 0.059086992503665926 0.00046998742583142345 0.24017410723501362 1.1788533180185309e-06 0.00014454345018081254 0.00018347231766476473 0.00014983586780815055 4.1652567883716404e-05 0.004042596224478179 1.0798070935571626e-05 0.001171112852609424 1.3207294032212848e-06 1.722833262308493e-05 2.020649420364383e-06 1.1928026725645016e-05 3.577191063616631e-05 0.006619429635691563 0.0007288485286878156 0.00202814213961084 1.162022758608018e-06 1.2389773142548769e-06
78 1.2407511126041744e-06 1.2901452818181732e-06 1.2280100672806884e-06 1.5260406188195478e-06 1.2135743564975692e-06 0.08719954260272111 1.1502353858093927e-06 0.4000133118951401 1.1584469541847862e-06 0.059086992503665926 0.00046998742583142345 0.24017410723501362 1.1788533180185309e-06 0.00014454345018081254 0.00018347231766476473 0.00014983586780815055 4.1652567883716404e-05 0.004042596224478179 1.0798070935571626e-05 0.001171112852609424 1.3207294032212848e-06 1.722833262308493e-05 2.020649420364383e-06 1.1928026725645016e-05 3.577191063616631e-05 0.006619429635691563 0.0007288485286878156 0.00202814213961084 1.162022758608018e-06 1.2389773142548769e-06
79 1.2407511126041744e-06 1.2901452818181732e-06 1.2280100672806884e-06 1.5260406188195478e-06 1.2135743564975692e-06 0.08719954260272111 1.1502353858093927e-06 0.4000133118951401 1.1584469541847862e-06 0.059086992503665926 0.00046998742583142345 0.24017410723501362 1.1788533180185309e-06 0.00014454345018081254 0.00018347231766476473 0.00014983586780815055 4.1652567883716404e-05 0.004042596224478179 1.0798070935571626e-05 0.001171112852609424 1.3207294032212848e-06 1.722833262308493e-05 2.020649420364383e-06 1.1928026725645016e-05 3.577191063616631e-05 0.006619429635691563 0.0007288485286878156 0.00202814213961084 1.162022758608018e-06 1.2389773142548769e-06
80 1.2407511126041744e-06 1.2901452818181732e-06 1.2280100672806884e-06 1.5260406188195478e-06 1.2135743564975692e-06 0.08719954260272111 1.1502353858093927e-06 0.4000133118951401 1.1584469541847862e-06 0.059086992503665926 0.00046998742583142345 0.24017410723501362 1.1788533180185309e-06 0.00014454345018081254 0.00018347231766476473 0.00014983586780815055 4.1652567883716404e-05 0.004042596224478179 1.0798070935571626e-05 0.001171112852609424 1.3207294032212848e-06 1.722833262308493e-05 2.020649420364383e-06 1.1928026725645016e-05 3.577191063616631e-05 0.006619429635691563 0.0007288485286878156 0.00202814213961084 1.162022758608018e-06 1.2389773142548769e-06
81 1.2407511126041744e-06 1.2901452818181732e-06 1.2280100672806884e-06 1.5260406188195478e-06 1.2135743564975692e-06 0.08719954260272111 1.1502353858093927e-06 0.4000133118951401 1.1584469541847862e-06 0.059086992503665926 0.00046998742583142345 0.24017410723501362 1.1788533180185309e-06 0.00014454345018081254 0.00018347231766476473 0.00014983586780815055 4.1652567883716404e-05 0.004042596224478179 1.0798070935571626e-05 0.001171112852609424 1.3207294032212848e-06 1.722833262308493e-05 2.020649420364383e-06 1.1928026725645016e-05 3.577191063616631e-05 0.006619429635691563 0.0007288485286878156 0.00202814213961084 1.162022758608018e-06 1.2389773142548769e-06
82 1.2407511126041744e-06 1.2901452818181732e-06 1.2280100672806884e-06 1.5260406188195478e-06 1.2135743564975692e-06 0.08719954260272111 1.1502353858093927e-06 0.4000133118951401 1.1584469541847862e-06 0.059086992503665926 0.00046998742583142345 0.24017410723501362 1.1788533180185309e-06 0.00014454345018081254 0.00018347231766476473 0.00014983586780815055 4.1652567883716404e-05 0.004042596224478179 1.0798070935571626e-05 0.001171112852609424 1.3207294032212848e-06 1.722833262308493e-05 2.020649420364383e-06 1.1928026725645016e-05 3.577191063616631e-05 0.006619429635691563 0.0007288485286878156 0.00202814213961084 1.162022758608018e-06 1.2389773142548769e-06
83 1.2407511126041744e-06 1.2901452818181732e-06 1.2280100672806884e-06 1.5260406188195478e-06 1.2135743564975692e-06 0.08719954260272111 1.1502353858093927e-06 0.4000133118951401 1.1584469541847862e-06 0.059086992503665926 0.00046998742583142345 0.24017410723501362 1.1788533180185309e-06 0.00014454345018081254 0.00018347231766476473 0.00014983586780815055 4.1652567883716404e-05 0.004042596224478179 1.0798070935571626e-05 0.001171112852609424 1.3207294032212848e-06 1.722833262308493e-05 2.020649420364383e-06 1.1928026725645016e-05 3.577191063616631e-05 0.006619429635691563 0.0007288485286878156 0.00202814213961084 1.162022758608018e-06 1.2389773142548769e-06
84 1.2407511126041744e-06 1.2901452818181732e-06 1.2280100672806884e-06 1.5260406188195478e-06 1.2135743564975692e-06 0.08719954260272111 1.1502353858093927e-06 0.4000133118951401 1.1584469541847862e-06 0.059086992503665926 0.00046998742583142345 0.24017410723501362 1.1788533180185309e-06 0.00014454345018081254 0.00018347231766476473 0.00014983586780815055 4.1652567883716404e-05 0.004042596224478179 1.0798070935571626e-05 0.001171112852609424 1.3207294032212848e-06 1.722833262308493e-05 2.020649420364383e-06 1.1928026725645016e-05 3.577191063616631e-05 0.006619429635691563 0.0007288485286878156 0.00202814213961084 1.162022758608018e-06 1.2389773142548769e-06
85 1.2407511126041744e-06 1.2901452818181732e-06 1.2280100672806884e-06 1.5260406188195478e-06 1.2135743564975692e-06 0.08719954260272111 1.1502353858093927e-06 0.4000133118951401 1.1584469541847862e-06 0.059086992503665926 0.00046998742583142345 0.24017410723501362 1.1788533180185309e-06 0.00014454345018081254 0.00018347231766476473 0.00014983586780815055 4.1652567883716404e-05 0.004042596224478179 1.0798070935571626e-05 0.001171112852609424 1.3207294032212848e-06 1.722833262308493e-05 2.020649420364383e-06 1.1928026725645016e-05 3.577191063616631e-05 0.006619429635691563 0.0007288485286878156 0.00202814213961084 1.162022758608018e-06 1.2389773142548769e-06
86 1.2407511126041744e-06 1.2901452818181732e-06 1.2280100672806884e-06 1.5260406188195478e-06 1.2135743564975692e-06 0.08719954260272111 1.1502353858093927e-06 0.4000133118951401 1.1584469541847862e-06 0.059086992503665926 0.00046998742583142345 0.24017410723501362 1.1788533180185309e-06 0.00014454345018081254 0.00018347231766476473 0.00014983586780815055 4.1652567883716404e-05 0.004042596224478179 1.0798070935571626e-05 0.001171112852609424 1.3207294032212848e-06 1.722833262308493e-05 2.020649420364383e-06 1.1928026725645016e-05 3.577191063616631e-05 0.006619429635691563 0.0007288485286878156 0.00202814213961084 1.162022758608018e-06 1.2389773142548769e-06
87 1.2407511126041744e-06 1.2901452818181732e-06 1.2280100672806884e-06 1.5260406188195478e-06 1.2135743564975692e-06 0.08719954260272111 1.1502353858093927e-06 0.4000133118951401 1.1584469541847862e-06 0.059086992503665926 0.00046998742583142345 0.24017410723501362 1.1788533180185309e-06 0.00014454345018081254 0.00018347231766476473 0.00014983586780815055 4.1652567883716404e-05 0.004042596224478179 1.0798070935571626e-05 0.001171112852609424 1.3207294032212848e-06 1.722833262308493e-05 2.020649420364383e-06 1.1928026725645016e-05 3.577191063616631e-05 0.006619429635691563 0.0007288485286878156 0.00202814213961084 1.162022758608018e-06 1.2389773142548769e-06
88 1.2407511126041744e-06 1.2901452818181732e-06 1.2280100672806884e-06 1.5260406188195478e-06 1.2135743564975692e-06 0.08719954260272111 1.1502353858093927e-06 0.4000133118951401 1.1584469541847862e-06 0.059086992503665926 0.00046998742583142345 0.24017410723501362 1.1788533180185309e-06 0.00014454345018081254 0.00018347231766476473 0.00014983586780815055 4.1652567883716404e-05 0.004042596224478179 1.0798070935571626e-05 0.001171112852609424 1.3207294032212848e-06 1.722833262308493e-05 2.020649420364383e-06 1.1928026725645016e-05 3.577191063616631e-05 0.006619429635691563 0.0007288485286878156 0.00202814213961084 1.162022758608018e-06 1.2389773142548769e-06
89 1.2407511126041744e-06 1.2901452818181732e-06 1.2280100672806884e-06 1.5260406188195478e-06 1.2135743564975692e-06 0.08719954260272111 1.1502353858093927e-06 0.4000133118951401 1.1584469541847862e-06 0.059086992503665926 0.00046998742583142345 0.24017410723501362 1.1788533180185309e-06 0.00014454345018081254 0.00018347231766476473 0.00014983586780815055 4.1652567883716404e-05 0.004042596224478179 1.0798070935571626e-05 0.001171112852609424 1.3207294032212848e-06 1.722833262308493e-05 2.020649420364383e-06 1.1928026725645016e-05 3.577191063616631e-05 0.006619429635691563 0.0007288485286878156 0.00202814213961084 1.162022758608018e-06 1.2389773142548769e-06
90 1.2407511126041744e-06 1.2901452818181732e-06 1.2280100672806884e-06 1.5260406188195478e-06 1.2135743564975692e-06 0.08719954260272111 1.1502353858093927e-06 0.4000133118951401 1.1584469541847862e-06 0.059086992503665926 0.00046998742583142345 0.24017410723501362 1.1788533180185309e-06 0.00014454345018081254 0.00018347231766476473 0.00014983586780815055 4.1652567883716404e-05 0.004042596224478179 1.0798070935571626e-05 0.001171112852609424 1.3207294032212848e-06 1.722833262308493e-05 2.020649420364383e-06 1.1928026725645016e-05 3.577191063616631e-05 0.006619429635691563 0.0007288485286878156 0.00202814213961084 1.162022758608018e-06 1.2389773142548769e-06
91 1.2407511126041744e-06 1.2901452818181732e-06 1.2280100672806884e-06 1.5260406188195478e-06 1.2135743564975692e-06 0.08719954260272111 1.1502353858093927e-06 0.4000133118951401 1.1584469541847862e-06 0.059086992503665926 0.00046998742583142345 0.24017410723501362 1.1788533180185309e-06 0.00014454345018081254 0.00018347231766476473 0.00014983586780815055 4.1652567883716404e-05 0.004042596224478179 1.0798070935571626e-05 0.001171112852609424 1.3207294032212848e-06 1.722833262308493e-05 2.020649420364383e-06 1.1928026725645016e-05 3.577191063616631e-05 0.006619429635691563 0.0007288485286878156 0.00202814213961084 1.162022758608018e-06 1.2389773142548769e-06
92 1.2407511126041744e-06 1.2901452818181732e-06 1.2280100672806884e-06 1.5260406188195478e-06 1.2135743564975692e-06 0.08719954260272111 1.1502353858093927e-06 0.4000133118951401 1.1584469541847862e-06 0.059086992503665926 0.00046998742583142345 0.24017410723501362 1.1788533180185309e-06 0.00014454345018081254 0.00018347231766476473 0.00014983586780815055 4.1652567883716404e-05 0.004042596224478179 1.0798070935571626e-05 0.001171112852609424 1.3207294032212848e-06 1.722833262308493e-05 2.020649420364383e-06 1.1928026725645016e-05 3.577191063616631e-05 0.006619429635691563 0.0007288485286878156 0.00202814213961084 1.162022758608018e-06 1.2389773142548769e-06
93 1.2407511126041744e-06 1.2901452818181732e-06 1.2280100672806884e-06 1.5260406188195478e-06 1.2135743564975692e-06 0.08719954260272111 1.1502353858093927e-06 0.4000133118951401 1.1584469541847862e-06 0.059086992503665926 0.00046998742583142345 0.24017410723501362 1.1788533180185309e-06 0.00014454345018081254 0.00018347231766476473 0.00014983586780815055 4.1652567883716404e-05 0.004042596224478179 1.0798070935571626e-05 0.001171112852609424 1.3207294032212848e-06 1.722833262308493e-05 2.020649420364383e-06 1.1928026725645016e-05 3.577191063616631e-05 0.006619429635691563 0.0007288485286878156 0.00202814213961084 1.162022758608018e-06 1.2389773142548769e-06
94 1.2407511126041744e-06 1.2901452818181732e-06 1.2280100672806884e-06 1.5260406188195478e-06 1.2135743564975692e-06 0.08719954260272111 1.1502353858093927e-06 0.4000133118951401 1.1584469541847862e-06 0.059086992503665926 0.00046998742583142345 0.24017410723501362 1.1788533180185309e-06 0.00014454345018081254 0.00018347231766476473 0.00014983586780815055 4.1652567883716404e-05 0.004042596224478179 1.0798070935571626e-05 0.001171112852609424 1.3207294032212848e-06 1.722833262308493e-05 2.020649420364383e-06 1.1928026725645016e-05 3.577191063616631e-05 0.006619429635691563 0.0007288485286878156 0.00202814213961084 1.162022758608018e-06 1.2389773142548769e-06
95 1.2407511126041744e-06 1.2901452818181732e-06 1.2280100672806884e-06 1.5260406188195478e-06 1.2135743564975692e-06 0.08719954260272111 1.1502353858093927e-06 0.4000133118951401 1.1584469541847862e-06 0.059086992503665926 0.00046998742583142345 0.24017410723501362 1.1788533180185309e-06 0.00014454345018081254 0.00018347231766476473 0.00014983586780815055 4.1652567883716404e-05 0.004042596224478179 1.0798070935571626e-05 0.001171112852609424 1.3207294032212848e-06 1.722833262308493e-05 2.020649420364383e-06 1.1928026725645016e-05 3.577191063616631e-05 0.006619429635691563 0.0007288485286878156 0.00202814213961084 1.162022758608018e-06 1.2389773142548769e-06
96 1.2407511126041744e-06 1.2901452818181732e-06 1.2280100672806884e-06 1.5260406188195478e-06 1.2135743564975692e-06 0.08719954260272111 1.1502353858093927e-06 0.4000133118951401 1.1584469541847862e-06 0.059086992503665926 0.00046998742583142345 0.24017410723501362 1.1788533180185309e-06 0.00014454345018081254 0.00018347231766476473 0.00014983586780815055 4.1652567883716404e-05 0.004042596224478179 1.0798070935571626e-05 0.001171112852609424 1.3207294032212848e-06 1.722833262308493e-05 2.020649420364383e-06 1.1928026725645016e-05 3.577191063616631e-05 0.006619429635691563 0.0007288485286878156 0.00202814213961084 1.162022758608018e-06 1.2389773142548769e-06
97 1.2407511126041744e-06 1.2901452818181732e-06 1.2280100672806884e-06 1.5260406188195478e-06 1.2135743564975692e-06 0.08719954260272111 1.1502353858093927e-06 0.4000133118951401 1.1584469541847862e-06 0.059086992503665926 0.00046998742583142345 0.24017410723501362 1.1788533180185309e-06 0.00014454345018081254 0.00018347231766476473 0.00014983586780815055 4.1652567883716404e-05 0.004042596224478179 1.0798070935571626e-05 0.001171112852609424 1.3207294032212848e-06 1.722833262308493e-05 2.020649420364383e-06 1.1928026725645016e-05 3.577191063616631e-05 0.006619429635691563 0.0007288485286878156 0.00202814213961084 1.162022758608018e-06 1.2389773142548769e-06
98 1.2407511126041744e-06 1.2901452818181732e-06 1.2280100672806884e-06 1.5260406188195478e-06 1.2135743564975692e-06 0.08719954260272111 1.1502353858093927e-06 0.4000133118951401 1.1584469541847862e-06 0.059086992503665926 0.00046998742583142345 0.24017410723501362 1.1788533180185309e-06 0.00014454345018081254 0.00018347231766476473 0.00014983586780815055 4.1652567883716404e-05 0.004042596224478179 1.0798070935571626e-05 0.001171112852609424 1.3207294032212848e-06 1.722833262308493e-05 2.020649420364383e-06 1.1928026725645016e-05 3.577191063616631e-05 0.006619429635691563 0.0007288485286878156 0.00202814213961084 1.162022758608018e-06 1.2389773142548769e-06
99 1.2407511126041744e-06 1.2901452818181732e-06 1.2280100672806884e-06 1.5260406188195478e-06 1.2135743564975692e-06 0.08719954260272111 1.1502353858093927e-06 0.4000133118951401 1.1584469541847862e-06 0.059086992503665926 0.00046998742583142345 0.24017410723501362 1.1788533180185309e-06 0.00014454345018081254 0.00018347231766476473 0.00014983586780815055 4.1652567883716404e-05 0.004042596224478179 1.0798070935571626e-05 0.001171112852609424 1.3207294032212848e-06 1.722833262308493e-05 2.020649420364383e-06 1.1928026725645016e-05 3.577191063616631e-05 0.006619429635691563 0.0007288485286878156 0.00202814213961084 1.162022758608018e-06 1.2389773142548769e-06
100 1.2407511126041744e-06 1.2901452818181732e-06 1.2280100672806884e-06 1.5260406188195478e-06 1.2135743564975692e-06 0.08719954260272111 1.1502353858093927e-06 0.4000133118951401 1.1584469541847862e-06 0.059086992503665926 0.00046998742583142345 0.24017410723501362 1.1788533180185309e-06 0.00014454345018081254 0.00018347231766476473 0.00014983586780815055 4.1652567883716404e-05 0.004042596224478179 1.0798070935571626e-05 0.001171112852609424 1.3207294032212848e-06 1.722833262308493e-05 2.020649420364383e-06 1.1928026725645016e-05 3.577191063616631e-05 0.006619429635691563 0.0007288485286878156 0.00202814213961084 1.162022758608018e-06 1.2389773142548769e-06
101 1.2407511126041744e-06 1.2901452818181732e-06 1.2280100672806884e-06 1.5260406188195478e-06 1.2135743564975692e-06 0.08719954260272111 1.1502353858093927e-06 0.4000133118951401 1.1584469541847862e-06 0.059086992503665926 0.00046998742583142345 0.24017410723501362 1.1788533180185309e-06 0.00014454345018081254 0.00018347231766476473 0.00014983586780815055 4.1652567883716404e-05 0.004042596224478179 1.0798070935571626e-05 0.001171112852609424 1.3207294032212848e-06 1.722833262308493e-05 2.020649420364383e-06 1.1928026725645016e-05 3.577191063616631e-05 0.006619429635691563 0.0007288485286878156 0.00202814213961084 1.162022758608018e-06 1.2389773142548769e-06
102 1.2407511126041744e-06 1.2901452818181732e-06 1.2280100672806884e-06 1.5260406188195478e-06 1.2135743564975692e-06 0.08719954260272111 1.1502353858093927e-06 0.4000133118951401 1.1584469541847862e-06 0.059086992503665926 0.00046998742583142345 0.24017410723501362 1.1788533180185309e-06 0.00014454345018081254 0.00018347231766476473 0.00014983586780815055 4.1652567883716404e-05 0.004042596224478179 1.0798070935571626e-05 0.001171112852609424 1.3207294032212848e-06 1.722833262308493e-05 2.020649420364383e-06 1.1928026725645016e-05 3.577191063616631e-05 0.006619429635691563 0.0007288485286878156 0.00202814213961084 1.162022758608018e-06 1.2389773142548769e-06
103 1.2407511126041744e-06 1.2901452818181732e-06 1.2280100672806884e-06 1.5260406188195478e-06 1.2135743564975692e-06 0.08719954260272111 1.1502353858093927e-06 0.4000133118951401 1.1584469541847862e-06 0.059086992503665926 0.00046998742583142345 0.24017410723501362 1.1788533180185309e-06 0.00014454345018081254 0.00018347231766476473 0.00014983586780815055 4.1652567883716404e-05 0.004042596224478179 1.0798070935571626e-05 0.001171112852609424 1.3207294032212848e-06 1.722833262308493e-05 2.020649420364383e-06 1.1928026725645016e-05 3.577191063616631e-05 0.006619429635691563 0.0007288485286878156 0.00202814213961084 1.162022758608018e-06 1.2389773142548769e-06
104 1.2407511126041744e-06 1.2901452818181732e-06 1.2280100672806884e-06 1.5260406188195478e-06 1.2135743564975692e-06 0.08719954260272111 1.1502353858093927e-06 0.4000133118951401 1.1584469541847862e-06 0.059086992503665926 0.00046998742583142345 0.24017410723501362 1.1788533180185309e-06 0.00014454345018081254 0.00018347231766476473 0.00014983586780815055 4.1652567883716404e-05 0.004042596224478179 1.0798070935571626e-05 0.001171112852609424 1.3207294032212848e-06 1.722833262308493e-05 2.020649420364383e-06 1.1928026725645016e-05 3.577191063616631e-05 0.006619429635691563 0.0007288485286878156 0.00202814213961084 1.162022758608018e-06 1.2389773142548769e-06
105 1.2407511126041744e-06 1.2901452818181732e-06 1.2280100672806884e-06 1.5260406188195478e-06 1.2135743564975692e-06 0.08719954260272111 1.1502353858093927e-06 0.4000133118951401 1.1584469541847862e-06 0.059086992503665926 0.00046998742583142345 0.24017410723501362 1.1788533180185309e-06 0.00014454345018081254 0.00018347231766476473 0.00014983586780815055 4.1652567883716404e-05 0.004042596224478179 1.0798070935571626e-05 0.001171112852609424 1.3207294032212848e-06 1.722833262308493e-05 2.020649420364383e-06 1.1928026725645016e-05 3.577191063616631e-05 0.006619429635691563 0.0007288485286878156 0.00202814213961084 1.162022758608018e-06 1.2389773142548769e-06
106 1.2407511126041744e-06 1.2901452818181732e-06 1.2280100672806884e-06 1.5260406188195478e-06 1.2135743564975692e-06 0.08719954260272111 1.1502353858093927e-06 0.4000133118951401 1.1584469541847862e-06 0.059086992503665926 0.00046998742583142345 0.24017410723501362 1.1788533180185309e-06 0.00014454345018081254 0.00018347231766476473 0.00014983586780815055 4.1652567883716404e-05 0.004042596224478179 1.0798070935571626e-05 0.001171112852609424 1.3207294032212848e-06 1.722833262308493e-05 2.020649420364383e-06 1.1928026725645016e-05 3.577191063616631e-05 0.006619429635691563 0.0007288485286878156 0.00202814213961084 1.162022758608018e-06 1.2389773142548769e-06
107 1.2407511126041744e-06 1.2901452818181732e-06 1.2280100672806884e-06 1.5260406188195478e-06 1.2135743564975692e-06 0.08719954260272111 1.1502353858093927e-06 0.4000133118951401 1.1584469541847862e-06 0.059086992503665926 0.00046998742583142345 0.24017410723501362 1.1788533180185309e-06 0.00014454345018081254 0.00018347231766476473 0.00014983586780815055 4.1652567883716404e-05 0.004042596224478179 1.0798070935571626e-05 0.001171112852609424 1.3207294032212848e-06 1.722833262308493e-05 2.020649420364383e-06 1.1928026725645016e-05 3.577191063616631e-05 0.006619429635691563 0.0007288485286878156 0.00202814213961084 1.162022758608018e-06 1.2389773142548769e-06
108 1.2407511126041744e-06 1.2901452818181732e-06 1.2280100672806884e-06 1.5260406188195478e-06 1.2135743564975692e-06 0.08719954260272111 1.1502353858093927e-06 0.4000133118951401 1.1584469541847862e-06 0.059086992503665926 0.00046998742583142345 0.24017410723501362 1.1788533180185309e-06 0.00014454345018081254 0.00018347231766476473 0.00014983586780815055 4.1652567883716404e-05 0.004042596224478179 1.0798070935571626e-05 0.001171112852609424 1.3207294032212848e-06 1.722833262308493e-05 2.020649420364383e-06 1.1928026725645016e-05 3.577191063616631e-05 0.006619429635691563 0.0007288485286878156 0.00202814213961084 1.162022758608018e-06 1.2389773142548769e-06
