# index Z=1 - Z=30
0 7.389655805635062e-07 0.011421212114165606 6.96626410088899e-07 7.387157260059411e-07 6.99686458957217e-07 1.7803424207950277e-06 7.326720913694924e-07 0.004091856141983038 7.133160151783932e-07 7.323905903129714e-07 7.257904234190587e-07 7.937730506260972e-05 7.403274734204236e-07 0.023624676976821146 1.8904764593795802e-06 8.321978202878867e-05 9.213853430761025e-07 0.007831085303365817 1.046327465440948e-06 0.015202100548903244 7.569204777661499e-07 0.00012817725720607097 0.00031700298147598283 1.981217796657739e-05 0.005926480629707735 0.243635430829521 0.16449927676653398 0.2489214456258452 6.898242246348054e-07 7.247424767502234e-07
1 7.389655805635062e-07 0.011421212114165606 6.96626410088899e-07 7.387157260059411e-07 6.99686458957217e-07 1.7803424207950277e-06 7.326720913694924e-07 0.004091856141983038 7.133160151783932e-07 7.323905903129714e-07 7.257904234190587e-07 7.937730506260972e-05 7.403274734204236e-07 0.023624676976821146 1.8904764593795802e-06 8.321978202878867e-05 9.213853430761025e-07 0.007831085303365817 1.046327465440948e-06 0.015202100548903244 7.569204777661499e-07 0.00012817725720607097 0.00031700298147598283 1.981217796657739e-05 0.005926480629707735 0.243635430829521 0.16449927676653398 0.2489214456258452 6.898242246348054e-07 7.247424767502234e-07
2 7.389655805635062e-07 0.011421212114165606 6.96626410088899e-07 7.387157260059411e-07 6.99686458957217e-07 1.7803424207950277e-06 7.326720913694924e-07 0.004091856141983038 7.133160151783932e-07 7.323905903129714e-07 7.257904234190587e-07 7.937730506260972e-05 7.403274734204236e-07 0.023624676976821146 1.8904764593795802e-06 8.321978202878867e-05 9.213853430761025e-07 0.007831085303365817 1.046327465440948e-06 0.015202100548903244 7.569204777661499e-07 0.00012817725720607097 0.00031700298147598283 1.981217796657739e-05 0.005926480629707735 0.243635430829521 0.16449927676653398 0.2489214456258452 6.898242246348054e-07 7.247424767502234e-07
3 7.389655805635062e-07 0.011421212114165606 6.96626410088899e-07 7.387157260059411e-07 6.99686458957217e-07 1.7803424207950277e-06 7.326720913694924e-07 0.004091856141983038 7.133160151783932e-07 7.323905903129714e-07 7.257904234190587e-07 7.937730506260972e-05 7.403274734204236e-07 0.023624676976821146 1.8904764593795802e-06 8.321978202878867e-05 9.213853430761025e-07 0.007831085303365817 1.046327465440948e-06 0.015202100548903244 7.569204777661499e-07 0.00012817725720607097 0.00031700298147598283 1.981217796657739e-05 0.005926480629707735 0.243635430829521 0.16449927676653398 0.2489214456258452 6.898242246348054e-07 7.247424767502234e-07
4 7.389655805635062e-07 0.011421212114165606 6.96626410088899e-07 7.387157260059411e-07 6.99686458957217e-07 1.7803424207950277e-06 7.326720913694924e-07 0.004091856141983038 7.133160151783932e-07 7.323905903129714e-07 7.257904234190587e-07 7.937730506260972e-05 7.403274734204236e-07 0.023624676976821146 1.8904764593795802e-06 8.321978202878867e-05 9.213853430761025e-07 0.007831085303365817 1.046327465440948e-06 0.015202100548903244 7.569204777661499e-07 0.00012817725720607097 0.00031700298147598283 1.981217796657739e-05 0.005926480629707735 0.243635430829521 0.16449927676653398 0.2489214456258452 6.898242246348054e-07 7.247424767502234e-07
5 7.389655805635062e-07 0.011421212114165606 6.96626410088899e-07 7.387157260059411e-07 6.99686458957217e-07 1.7803424207950277e-06 7.326720913694924e-07 0.004091856141983038 7.133160151783932e-07 7.323905903129714e-07 7.257904234190587e-07 7.937730506260972e-05 7.403274734204236e-07 0.023624676976821146 1.8904764593795802e-06 8.321978202878867e-05 9.213853430761025e-07 0.007831085303365817 1.046327465440948e-06 0.015202100548903244 7.569204777661499e-07 0.00012817725720607097 0.00031700298147598283 1.981217796657739e-05 0.005926480629707735 0.243635430829521 0.16449927676653398 0.2489214456258452 6.898242246348054e-07 7.247424767502234e-07
6 7.389655805635062e-07 0.011421212114165606 6.96626410088899e-07 7.387157260059411e-07 6.99686458957217e-07 1.7803424207950277e-06 7.326720913694924e-07 0.004091856141983038 7.133160151783932e-07 7.323905903129714e-07 7.257904234190587e-07 7.937730506260972e-05 7.403274734204236e-07 0.023624676976821146 1.8904764593795802e-06 8.321978202878867e-05 9.213853430761025e-07 0.007831085303365817 1.046327465440948e-06 0.015202100548903244 7.569204777661499e-07 0.00012817725720607097 0.00031700298147598283 1.981217796657739e-05 0.005926480629707735 0.243635430829521 0.16449927676653398 0.2489214456258452 6.898242246348054e-07 7.247424767502234e-07
7 7.389655805635062e-07 0.011421212114165606 6.96626410088899e-07 7.387157260059411e-07 6.99686458957217e-07 1.7803424207950277e-06 7.326720913694924e-07 0.004091856141983038 7.133160151783932e-07 7.323905903129714e-07 7.257904234190587e-07 7.937730506260972e-05 7.403274734204236e-07 0.023624676976821146 1.8904764593795802e-06 8.321978202878867e-05 9.213853430761025e-07 0.007831085303365817 1.046327465440948e-06 0.015202100548903244 7.569204777661499e-07 0.00012817725720607097 0.00031700298147598283 1.981217796657739e-05 0.005926480629707735 0.243635430829521 0.16449927676653398 0.2489214456258452 6.898242246348054e-07 7.247424767502234e-07
8 7.389655805635062e-07 0.011421212114165606 6.96626410088899e-07 7.387157260059411e-07 6.99686458957217e-07 1.7803424207950277e-06 7.326720913694924e-07 0.004091856141983038 7.133160151783932e-07 7.323905903129714e-07 7.257904234190587e-07 7.937730506260972e-05 7.403274734204236e-07 0.023624676976821146 1.8904764593795802e-06 8.321978202878867e-05 9.213853430761025e-07 0.007831085303365817 1.046327465440948e-06 0.015202100548903244 7.569204777661499e-07 0.00012817725720607097 0.00031700298147598283 1.981217796657739e-05 0.005926480629707735 0.243635430829521 0.16449927676653398 0.2489214456258452 6.898242246348054e-07 7.247424767502234e-07
9 7.389655805635062e-07 0.011421212114165606 6.96626410088899e-07 7.387157260059411e-07 6.99686458957217e-07 1.7803424207950277e-06 7.326720913694924e-07 0.004091856141983038 7.133160151783932e-07 7.323905903129714e-07 7.257904234190587e-07 7.937730506260972e-05 7.403274734204236e-07 0.023624676976821146 1.8904764593795802e-06 8.321978202878867e-05 9.213853430761025e-07 0.007831085303365817 1.046327465440948e-06 0.015202100548903244 7.569204777661499e-07 0.00012817725720607097 0.00031700298147598283 1.981217796657739e-05 0.005926480629707735 0.243635430829521 0.16449927676653398 0.2489214456258452 6.898242246348054e-07 7.247424767502234e-07
10 7.389655805635062e-07 0.011421212114165606 6.96626410088899e-07 7.387157260059411e-07 6.99686458957217e-07 1.7803424207950277e-06 7.326720913694924e-07 0.004091856141983038 7.133160151783932e-07 7.323905903129714e-07 7.257904234190587e-07 7.937730506260972e-05 7.403274734204236e-07 0.023624676976821146 1.8904764593795802e-06 8.321978202878867e-05 9.213853430761025e-07 0.007831085303365817 1.046327465440948e-06 0.015202100548903244 7.569204777661499e-07 0.00012817725720607097 0.00031700298147598283 1.981217796657739e-05 0.005926480629707735 0.243635430829521 0.16449927676653398 0.2489214456258452 6.898242246348054e-07 7.247424767502234e-07
11 7.389655805635062e-07 0.011421212114165606 6.96626410088899e-07 7.387157260059411e-07 6.99686458957217e-07 1.7803424207950277e-06 7.326720913694924e-07 0.004091856141983038 7.133160151783932e-07 7.323905903129714e-07 7.257904234190587e-07 7.937730506260972e-05 7.403274734204236e-07 0.023624676976821146 1.8904764593795802e-06 8.321978202878867e-05 9.213853430761025e-07 0.007831085303365817 1.046327465440948e-06 0.015202100548903244 7.569204777661499e-07 0.00012817725720607097 0.00031700298147598283 1.981217796657739e-05 0.005926480629707735 0.243635430829521 0.16449927676653398 0.2489214456258452 6.898242246348054e-07 7.247424767502234e-07
12 5.762033399522219e-07 0.002792205695827462 6.497068381723932e-07 6.4834718930693e-07 6.735718403778765e-07 1.239073902530068e-06 6.244702058794081e-07 0.003647451668077402 6.352827625074742e-07 6.910265045470209e-07 6.617384050194988e-07 0.0014701155939462409 6.103362865270156e-07 0.015860544693396334 4.544333817768034e-06 0.000524031041609871 1.6240911122609522e-06 0.008328989374492352 1.1426803192902864e-06 0.02127065398042186 6.672950943528917e-07 8.798901255362966e-05 0.0006461612073438642 1.707941127645812e-05 0.02125407306365837 0.137541990192144 0.1535431832990684 0.39437587535510404 6.548748239094409e-07 5.939460074476428e-07
13 5.762033399522219e-07 0.002792205695827462 6.497068381723932e-07 6.4834718930693e-07 6.735718403778765e-07 1.239073902530068e-06 6.244702058794081e-07 0.003647451668077402 6.352827625074742e-07 6.910265045470209e-07 6.617384050194988e-07 0.0014701155939462409 6.103362865270156e-07 0.015860544693396334 4.544333817768034e-06 0.000524031041609871 1.6240911122609522e-06 0.008328989374492352 1.1426803192902864e-06 0.02127065398042186 6.672950943528917e-07 8.798901255362966e-05 0.0006461612073438642 1.707941127645812e-05 0.02125407306365837 0.137541990192144 0.1535431832990684 0.39437587535510404 6.548748239094409e-07 5.939460074476428e-07
14 5.762033399522219e-07 0.002792205695827462 6.497068381723932e-07 6.4834718930693e-07 6.735718403778765e-07 1.239073902530068e-06 6.244702058794081e-07 0.003647451668077402 6.352827625074742e-07 6.910265045470209e-07 6.617384050194988e-07 0.0014701155939462409 6.103362865270156e-07 0.015860544693396334 4.544333817768034e-06 0.000524031041609871 1.6240911122609522e-06 0.008328989374492352 1.1426803192902864e-06 0.02127065398042186 6.672950943528917e-07 8.798901255362966e-05 0.0006461612073438642 1.707941127645812e-05 0.02125407306365837 0.137541990192144 0.1535431832990684 0.39437587535510404 6.548748239094409e-07 5.939460074476428e-07
15 5.762033399522219e-07 0.002792205695827462 6.497068381723932e-07 6.4834718930693e-07 6.735718403778765e-07 1.239073902530068e-06 6.244702058794081e-07 0.003647451668077402 6.352827625074742e-07 6.910265045470209e-07 6.617384050194988e-07 0.0014701155939462409 6.103362865270156e-07 0.015860544693396334 4.544333817768034e-06 0.000524031041609871 1.6240911122609522e-06 0.008328989374492352 1.1426803192902864e-06 0.02127065398042186 6.672950943528917e-07 8.798901255362966e-05 0.0006461612073438642 1.707941127645812e-05 0.02125407306365837 0.137541990192144 0.1535431832990684 0.39437587535510404 6.548748239094409e-07 5.939460074476428e-07
16 5.762033399522219e-07 0.002792205695827462 6.497068381723932e-07 6.4834718930693e-07 6.735718403778765e-07 1.239073902530068e-06 6.244702058794081e-07 0.003647451668077402 6.352827625074742e-07 6.910265045470209e-07 6.617384050194988e-07 0.0014701155939462409 6.103362865270156e-07 0.015860544693396334 4.544333817768034e-06 0.000524031041609871 1.6240911122609522e-06 0.008328989374492352 1.1426803192902864e-06 0.02127065398042186 6.672950943528917e-07 8.798901255362966e-05 0.0006461612073438642 1.707941127645812e-05 0.02125407306365837 0.137541990192144 0.1535431832990684 0.39437587535510404 6.548748239094409e-07 5.939460074476428e-07
17 5.762033399522219e-07 0.002792205695827462 6.497068381723932e-07 6.4834718930693e-07 6.735718403778765e-07 1.239073902530068e-06 6.244702058794081e-07 0.003647451668077402 6.352827625074742e-07 6.910265045470209e-07 6.617384050194988e-07 0.0014701155939462409 6.103362865270156e-07 0.015860544693396334 4.544333817768034e-06 0.000524031041609871 1.6240911122609522e-06 0.008328989374492352 1.1426803192902864e-06 0.02127065398042186 6.672950943528917e-07 8.798901255362966e-05 0.0006461612073438642 1.707941127645812e-05 0.02125407306365837 0.137541990192144 0.1535431832990684 0.39437587535510404 6.548748239094409e-07 5.939460074476428e-07
18 5.762033399522219e-07 0.002792205695827462 6.497068381723932e-07 6.4834718930693e-07 6.735718403778765e-07 1.239073902530068e-06 6.244702058794081e-07 0.003647451668077402 6.352827625074742e-07 6.910265045470209e-07 6.617384050194988e-07 0.0014701155939462409 6.103362865270156e-07 0.015860544693396334 4.544333817768034e-06 0.000524031041609871 1.6240911122609522e-06 0.008328989374492352 1.1426803192902864e-06 0.02127065398042186 6.672950943528917e-07 8.798901255362966e-05 0.0006461612073438642 1.707941127645812e-05 0.02125407306365837 0.137541990192144 0.1535431832990684 0.39437587535510404 6.548748239094409e-07 5.939460074476428e-07
19 5.762033399522219e-07 0.002792205695827462 6.497068381723932e-07 6.4834718930693e-07 6.735718403778765e-07 1.239073902530068e-06 6.244702058794081e-07 0.003647451668077402 6.352827625074742e-07 6.910265045470209e-07 6.617384050194988e-07 0.0014701155939462409 6.103362865270156e-07 0.015860544693396334 4.544333817768034e-06 0.000524031041609871 1.6240911122609522e-06 0.008328989374492352 1.1426803192902864e-06 0.02127065398042186 6.672950943528917e-07 8.798901255362966e-05 0.0006461612073438642 1.707941127645812e-05 0.02125407306365837 0.137541990192144 0.1535431832990684 0.39437587535510404 6.548748239094409e-07 5.939460074476428e-07
20 5.762033399522219e-07 0.002792205695827462 6.497068381723932e-07 6.4834718930693e-07 6.735718403778765e-07 1.239073902530068e-06 6.244702058794081e-07 0.003647451668077402 6.352827625074742e-07 6.910265045470209e-07 6.617384050194988e-07 0.0014701155939462409 6.103362865270156e-07 0.015860544693396334 4.544333817768034e-06 0.000524031041609871 1.6240911122609522e-06 0.008328989374492352 1.1426803192902864e-06 0.02127065398042186 6.672950943528917e-07 8.798901255362966e-05 0.0006461612073438642 1.707941127645812e-05 0.02125407306365837 0.137541990192144 0.1535431832990684 0.39437587535510404 6.548748239094409e-07 5.939460074476428e-07
21 5.762033399522219e-07 0.002792205695827462 6.497068381723932e-07 6.4834718930693e-07 6.735718403778765e-07 1.239073902530068e-06 6.244702058794081e-07 0.003647451668077402 6.352827625074742e-07 6.910265045470209e-07 6.617384050194988e-07 0.0014701155939462409 6.103362865270156e-07 0.015860544693396334 4.544333817768034e-06 0.000524031041609871 1.6240911122609522e-06 0.008328989374492352 1.1426803192902864e-06 0.02127065398042186 6.672950943528917e-07 8.798901255362966e-05 0.0006461612073438642 1.707941127645812e-05 0.02125407306365837 0.137541990192144 0.1535431832990684 0.39437587535510404 6.548748239094409e-07 5.939460074476428e-07
22 4.6949900268750996e-07 4.5313249195529283e-07 4.442986947511793e-07 4.707341928184209e-07 4.5637443483447044e-07 1.1650747708404579e-06 4.5079026953862264e-07 0.0023671010330744246 4.1302499405150997e-07 4.5099373941837986e-07 4.187937747948879e-07 0.11694400547653448 4.150734567392984e-07 0.46005175283524163 5.792798627164655e-06 0.1754870174092437 1.1259346773078988e-06 0.017335464005299124 8.540143121005427e-07 0.04366869529645689 4.4803197879168797e-07 7.573652292203656e-05 0.00027011241280674883 3.317992912099829e-05 0.00414013409860588 0.06991348978298385 0.0340707001001751 0.006702572081654891 4.0955732812533644e-07 4.7265560379743534e-07
23 4.6949900268750996e-07 4.5313249195529283e-07 4.442986947511793e-07 4.707341928184209e-07 4.5637443483447044e-07 1.1650747708404579e-06 4.5079026953862264e-07 0.0023671010330744246 4.1302499405150997e-07 4.5099373941837986e-07 4.187937747948879e-07 0.11694400547653448 4.150734567392984e-07 0.46005175283524163 5.792798627164655e-06 0.1754870174092437 1.1259346773078988e-06 0.017335464005299124 8.540143121005427e-07 0.04366869529645689 4.4803197879168797e-07 7.573652292203656e-05 0.00027011241280674883 3.317992912099829e-05 0.00414013409860588 0.06991348978298385 0.0340707001001751 0.006702572081654891 4.0955732812533644e-07 4.7265560379743534e-07
24 4.6949900268750996e-07 4.5313249195529283e-07 4.442986947511793e-07 4.707341928184209e-07 4.5637443483447044e-07 1.1650747708404579e-06 4.5079026953862264e-07 0.0023671010330744246 4.1302499405150997e-07 4.5099373941837986e-07 4.187937747948879e-07 0.11694400547653448 4.150734567392984e-07 0.46005175283524163 5.792798627164655e-06 0.1754870174092437 1.1259346773078988e-06 0.017335464005299124 8.540143121005427e-07 0.04366869529645689 4.4803197879168797e-07 7.573652292203656e-05 0.00027011241280674883 3.317992912099829e-05 0.00414013409860588 0.06991348978298385 0.0340707001001751 0.006702572081654891 4.0955732812533644e-07 4.7265560379743534e-07
25 4.6949900268750996e-07 4.5313249195529283e-07 4.442986947511793e-07 4.707341928184209e-07 4.5637443483447044e-07 1.1650747708404579e-06 4.5079026953862264e-07 0.0023671010330744246 4.1302499405150997e-07 4.5099373941837986e-07 4.187937747948879e-07 0.11694400547653448 4.150734567392984e-07 0.46005175283524163 5.792798627164655e-06 0.1754870174092437 1.1259346773078988e-06 0.017335464005299124 8.540143121005427e-07 0.04366869529645689 4.4803197879168797e-07 7.573652292203656e-05 0.00027011241280674883 3.317992912099829e-05 0.00414013409860588 0.06991348978298385 0.0340707001001751 0.006702572081654891 4.0955732812533644e-07 4.7265560379743534e-07
26 4.6949900268750996e-07 4.5313249195529283e-07 4.442986947511793e-07 4.707341928184209e-07 4.5637443483447044e-07 1.1650747708404579e-06 4.5079026953862264e-07 0.0023671010330744246 4.1302499405150997e-07 4.5099373941837986e-07 4.187937747948879e-07 0.11694400547653448 4.150734567392984e-07 0.46005175283524163 5.792798627164655e-06 0.1754870174092437 1.1259346773078988e-06 0.017335464005299124 8.540143121005427e-07 0.04366869529645689 4.4803197879168797e-07 7.573652292203656e-05 0.00027011241280674883 3.317992912099829e-05 0.00414013409860588 0.06991348978298385 0.0340707001001751 0.006702572081654891 4.0955732812533644e-07 4.7265560379743534e-07
27 4.6949900268750996e-07 4.5313249195529283e-07 4.442986947511793e-07 4.707341928184209e-07 4.5637443483447044e-07 1.1650747708404579e-06 4.5079026953862264e-07 0.0023671010330744246 4.1302499405150997e-07 4.5099373941837986e-07 4.187937747948879e-07 0.11694400547653448 4.150734567392984e-07 0.46005175283524163 5.792798627164655e-06 0.1754870174092437 1.1259346773078988e-06 0.017335464005299124 8.540143121005427e-07 0.04366869529645689 4.4803197879168797e-07 7.573652292203656e-05 0.00027011241280674883 3.317992912099829e-05 0.00414013409860588 0.06991348978298385 0.0340707001001751 0.006702572081654891 4.0955732812533644e-07 4.7265560379743534e-07
28 4.6949900268750996e-07 4.5313249195529283e-07 4.442986947511793e-07 4.707341928184209e-07 4.5637443483447044e-07 1.1650747708404579e-06 4.5079026953862264e-07 0.0023671010330744246 4.1302499405150997e-07 4.5099373941837986e-07 4.187937747948879e-07 0.11694400547653448 4.150734567392984e-07 0.46005175283524163 5.792798627164655e-06 0.1754870174092437 1.1259346773078988e-06 0.017335464005299124 8.540143121005427e-07 0.04366869529645689 4.4803197879168797e-07 7.573652292203656e-05 0.00027011241280674883 3.317992912099829e-05 0.00414013409860588 0.06991348978298385 0.0340707001001751 0.006702572081654891 4.0955732812533644e-07 4.7265560379743534e-07
29 4.6949900268750996e-07 4.5313249195529283e-07 4.442986947511793e-07 4.707341928184209e-07 4.5637443483447044e-07 1.1650747708404579e-06 4.5079026953862264e-07 0.0023671010330744246 4.1302499405150997e-07 4.5099373941837986e-07 4.187937747948879e-07 0.11694400547653448 4.150734567392984e-07 0.46005175283524163 5.792798627164655e-06 0.1754870174092437 1.1259346773078988e-06 0.017335464005299124 8.540143121005427e-07 0.04366869529645689 4.4803197879168797e-07 7.573652292203656e-05 0.00027011241280674883 3.317992912099829e-05 0.00414013409860588 0.06991348978298385 0.0340707001001751 0.006702572081654891 4.0955732812533644e-07 4.7265560379743534e-07
30 4.6949900268750996e-07 4.5313249195529283e-07 4.442986947511793e-07 4.707341928184209e-07 4.5637443483447044e-07 1.1650747708404579e-06 4.5079026953862264e-07 0.0023671010330744246 4.1302499405150997e-07 4.5099373941837986e-07 4.187937747948879e-07 0.11694400547653448 4.150734567392984e-07 0.46005175283524163 5.792798627164655e-06 0.1754870174092437 1.1259346773078988e-06 0.017335464005299124 8.540143121005427e-07 0.04366869529645689 4.4803197879168797e-07 7.573652292203656e-05 0.00027011241280674883 3.317992912099829e-05 0.00414013409860588 0.06991348978298385 0.0340707001001751 0.006702572081654891 4.0955732812533644e-07 4.7265560379743534e-07
31 4.6949900268750996e-07 4.5313249195529283e-07 4.442986947511793e-07 4.707341928184209e-07 4.5637443483447044e-07 1.1650747708404579e-06 4.5079026953862264e-07 0.0023671010330744246 4.1302499405150997e-07 4.5099373941837986e-07 4.187937747948879e-07 0.11694400547653448 4.150734567392984e-07 0.46005175283524163 5.792798627164655e-06 0.1754870174092437 1.1259346773078988e-06 0.017335464005299124 8.540143121005427e-07 0.04366869529645689 4.4803197879168797e-07 7.573652292203656e-05 0.00027011241280674883 3.317992912099829e-05 0.00414013409860588 0.06991348978298385 0.0340707001001751 0.006702572081654891 4.0955732812533644e-07 4.7265560379743534e-07
32 2.4811952992853463e-07 2.468123494318787e-07 2.0908229975138254e-07 1.873608517621945e-07 2.3122670504045607e-07 6.043786688638509e-06 1.958635238067281e-07 0.4216951433532788 2.1758374988813105e-07 8.689406532961196e-07 2.564767964503617e-07 0.03327744087333704 2.330114600589396e-07 0.3270633399403408 2.1854456211654294e-05 3.5842795512045276e-05 1.4507990598379414e-05 0.011627984166295825 1.1493832371716266e-05 0.0034411309711015574 2.2160527860662266e-07 1.6853174179430644e-05 1.4792077152870677e-05 1.9388608202414414e-05 0.0001657490128736754 0.0057753311471383205 0.004201404432523462 0.004155221406174992 2.4966817452226906e-07 2.251716914262241e-07
33 2.4811952992853463e-07 2.468123494318787e-07 2.0908229975138254e-07 1.873608517621945e-07 2.3122670504045607e-07 6.043786688638509e-06 1.958635238067281e-07 0.4216951433532788 2.1758374988813105e-07 8.689406532961196e-07 2.564767964503617e-07 0.03327744087333704 2.330114600589396e-07 0.3270633399403408 2.1854456211654294e-05 3.5842795512045276e-05 1.4507990598379414e-05 0.011627984166295825 1.1493832371716266e-05 0.0034411309711015574 2.2160527860662266e-07 1.6853174179430644e-05 1.4792077152870677e-05 1.9388608202414414e-05 0.0001657490128736754 0.0057753311471383205 0.004201404432523462 0.004155221406174992 2.4966817452226906e-07 2.251716914262241e-07
34 2.4811952992853463e-07 2.468123494318787e-07 2.0908229975138254e-07 1.873608517621945e-07 2.3122670504045607e-07 6.043786688638509e-06 1.958635238067281e-07 0.4216951433532788 2.1758374988813105e-07 8.689406532961196e-07 2.564767964503617e-07 0.03327744087333704 2.330114600589396e-07 0.3270633399403408 2.1854456211654294e-05 3.5842795512045276e-05 1.4507990598379414e-05 0.011627984166295825 1.1493832371716266e-05 0.0034411309711015574 2.2160527860662266e-07 1.6853174179430644e-05 1.4792077152870677e-05 1.9388608202414414e-05 0.0001657490128736754 0.0057753311471383205 0.004201404432523462 0.004155221406174992 2.4966817452226906e-07 2.251716914262241e-07
35 2.4811952992853463e-07 2.468123494318787e-07 2.0908229975138254e-07 1.873608517621945e-07 2.3122670504045607e-07 6.043786688638509e-06 1.958635238067281e-07 0.4216951433532788 2.1758374988813105e-07 8.689406532961196e-07 2.564767964503617e-07 0.03327744087333704 2.330114600589396e-07 0.3270633399403408 2.1854456211654294e-05 3.5842795512045276e-05 1.4507990598379414e-05 0.011627984166295825 1.1493832371716266e-05 0.0034411309711015574 2.2160527860662266e-07 1.6853174179430644e-05 1.4792077152870677e-05 1.9388608202414414e-05 0.0001657490128736754 0.0057753311471383205 0.004201404432523462 0.004155221406174992 2.4966817452226906e-07 2.251716914262241e-07
36 2.4811952992853463e-07 2.468123494318787e-07 2.0908229975138254e-07 1.873608517621945e-07 2.3122670504045607e-07 6.043786688638509e-06 1.958635238067281e-07 0.4216951433532788 2.1758374988813105e-07 8.689406532961196e-07 2.564767964503617e-07 0.03327744087333704 2.330114600589396e-07 0.3270633399403408 2.1854456211654294e-05 3.5842795512045276e-05 1.4507990598379414e-05 0.011627984166295825 1.1493832371716266e-05 0.0034411309711015574 2.2160527860662266e-07 1.6853174179430644e-05 1.4792077152870677e-05 1.9388608202414414e-05 0.0001657490128736754 0.0057753311471383205 0.004201404432523462 0.004155221406174992 2.4966817452226906e-07 2.251716914262241e-07
37 2.4811952992853463e-07 2.468123494318787e-07 2.0908229975138254e-07 1.873608517621945e-07 2.3122670504045607e-07 6.043786688638509e-06 1.958635238067281e-07 0.4216951433532788 2.1758374988813105e-07 8.689406532961196e-07 2.564767964503617e-07 0.03327744087333704 2.330114600589396e-07 0.3270633399403408 2.1854456211654294e-05 3.5842795512045276e-05 1.4507990598379414e-05 0.011627984166295825 1.1493832371716266e-05 0.0034411309711015574 2.2160527860662266e-07 1.6853174179430644e-05 1.4792077152870677e-05 1.9388608202414414e-05 0.0001657490128736754 0.0057753311471383205 0.004201404432523462 0.004155221406174992 2.4966817452226906e-07 2.251716914262241e-07
38 2.4811952992853463e-07 2.468123494318787e-07 2.0908229975138254e-07 1.873608517621945e-07 2.3122670504045607e-07 6.043786688638509e-06 1.958635238067281e-07 0.4216951433532788 2.1758374988813105e-07 8.689406532961196e-07 2.564767964503617e-07 0.03327744087333704 2.330114600589396e-07 0.3270633399403408 2.1854456211654294e-05 3.5842795512045276e-05 1.4507990598379414e-05 0.011627984166295825 1.1493832371716266e-05 0.0034411309711015574 2.2160527860662266e-07 1.6853174179430644e-05 1.4792077152870677e-05 1.9388608202414414e-05 0.0001657490128736754 0.0057753311471383205 0.004201404432523462 0.004155221406174992 2.4966817452226906e-07 2.251716914262241e-07
39 2.4811952992853463e-07 2.468123494318787e-07 2.0908229975138254e-07 1.873608517621945e-07 2.3122670504045607e-07 6.043786688638509e-06 1.958635238067281e-07 0.4216951433532788 2.1758374988813105e-07 8.689406532961196e-07 2.564767964503617e-07 0.03327744087333704 2.330114600589396e-07 0.3270633399403408 2.1854456211654294e-05 3.5842795512045276e-05 1.4507990598379414e-05 0.011627984166295825 1.1493832371716266e-05 0.0034411309711015574 2.2160527860662266e-07 1.6853174179430644e-05 1.4792077152870677e-05 1.9388608202414414e-05 0.0001657490128736754 0.0057753311471383205 0.004201404432523462 0.004155221406174992 2.4966817452226906e-07 2.251716914262241e-07
40 2.4811952992853463e-07 2.468123494318787e-07 2.0908229975138254e-07 1.873608517621945e-07 2.3122670504045607e-07 6.043786688638509e-06 1.958635238067281e-07 0.4216951433532788 2.1758374988813105e-07 8.689406532961196e-07 2.564767964503617e-07 0.03327744087333704 2.330114600589396e-07 0.3270633399403408 2.1854456211654294e-05 3.5842795512045276e-05 1.4507990598379414e-05 0.011627984166295825 1.1493832371716266e-05 0.0034411309711015574 2.2160527860662266e-07 1.6853174179430644e-05 1.4792077152870677e-05 1.9388608202414414e-05 0.0001657490128736754 0.0057753311471383205 0.004201404432523462 0.004155221406174992 2.4966817452226906e-07 2.251716914262241e-07
41 2.4811952992853463e-07 2.468123494318787e-07 2.0908229975138254e-07 1.873608517621945e-07 2.3122670504045607e-07 6.043786688638509e-06 1.958635238067281e-07 0.4216951433532788 2.1758374988813105e-07 8.689406532961196e-07 2.564767964503617e-07 0.03327744087333704 2.330114600589396e-07 0.3270633399403408 2.1854456211654294e-05 3.5842795512045276e-05 1.4507990598379414e-05 0.011627984166295825 1.1493832371716266e-05 0.0034411309711015574 2.2160527860662266e-07 1.6853174179430644e-05 1.4792077152870677e-05 1.9388608202414414e-05 0.0001657490128736754 0.0057753311471383205 0.004201404432523462 0.004155221406174992 2.4966817452226906e-07 2.251716914262241e-07
42 2.4811952992853463e-07 2.468123494318787e-07 2.0908229975138254e-07 1.873608517621945e-07 2.3122670504045607e-07 6.043786688638509e-06 1.958635238067281e-07 0.4216951433532788 2.1758374988813105e-07 8.689406532961196e-07 2.564767964503617e-07 0.03327744087333704 2.330114600589396e-07 0.3270633399403408 2.1854456211654294e-05 3.5842795512045276e-05 1.4507990598379414e-05 0.011627984166295825 1.1493832371716266e-05 0.0034411309711015574 2.2160527860662266e-07 1.6853174179430644e-05 1.4792077152870677e-05 1.9388608202414414e-05 0.0001657490128736754 0.0057753311471383205 0.004201404432523462 0.004155221406174992 2.4966817452226906e-07 2.251716914262241e-07
43 2.4811952992853463e-07 2.468123494318787e-07 2.0908229975138254e-07 1.873608517621945e-07 2.3122670504045607e-07 6.043786688638509e-06 1.958635238067281e-07 0.4216951433532788 2.1758374988813105e-07 8.689406532961196e-07 2.564767964503617e-07 0.03327744087333704 2.330114600589396e-07 0.3270633399403408 2.1854456211654294e-05 3.5842795512045276e-05 1.4507990598379414e-05 0.011627984166295825 1.1493832371716266e-05 0.0034411309711015574 2.2160527860662266e-07 1.6853174179430644e-05 1.4792077152870677e-05 1.9388608202414414e-05 0.0001657490128736754 0.0057753311471383205 0.004201404432523462 0.004155221406174992 2.4966817452226906e-07 2.251716914262241e-07
44 2.4811952992853463e-07 2.468123494318787e-07 2.0908229975138254e-07 1.873608517621945e-07 2.3122670504045607e-07 6.043786688638509e-06 1.958635238067281e-07 0.4216951433532788 2.1758374988813105e-07 8.689406532961196e-07 2.564767964503617e-07 0.03327744087333704 2.330114600589396e-07 0.3270633399403408 2.1854456211654294e-05 3.5842795512045276e-05 1.4507990598379414e-05 0.011627984166295825 1.1493832371716266e-05 0.0034411309711015574 2.2160527860662266e-07 1.6853174179430644e-05 1.4792077152870677e-05 1.9388608202414414e-05 0.0001657490128736754 0.0057753311471383205 0.004201404432523462 0.004155221406174992 2.4966817452226906e-07 2.251716914262241e-07
45 1.664381647098684e-06 1.6840004423097686e-06 1.561880711051026e-06 1.4944631355223075e-06 1.5712876024087385e-06 0.11116632310236105 1.6412857985878324e-06 0.40890250444376314 1.522170037818686e-06 0.0764041940531488 0.0006277196614005607 0.2008515377804142 1.6156980289245878e-06 0.00018740601150817 0.00025310613350997295 0.00019425289943718354 4.972804557835832e-05 0.004876992355071285 1.3079839678401576e-05 0.002732135398774188 1.956763048363777e-06 2.05603828169283e-05 2.9300985589697792e-06 1.512392837097547e-05 4.875495936702819e-05 0.008544279255621219 0.0010760683245388302 0.0025622967009659393 1.7740514753620896e-06 1.5712151453433525e-06
46 1.664381647098684e-06 1.6840004423097686e-06 1.561880711051026e-06 1.4944631355223075e-06 1.5712876024087385e-06 0.11116632310236105 1.6412857985878324e-06 0.40890250444376314 1.522170037818686e-06 0.0764041940531488 0.0006277196614005607 0.2008515377804142 1.6156980289245878e-06 0.00018740601150817 0.00025310613350997295 0.00019425289943718354 4.972804557835832e-05 0.004876992355071285 1.3079839678401576e-05 0.002732135398774188 1.956763048363777e-06 2.05603828169283e-05 2.9300985589697792e-06 1.512392837097547e-05 4.875495936702819e-05 0.008544279255621219 0.0010760683245388302 0.0025622967009659393 1.7740514753620896e-06 1.5712151453433525e-06
47 1.664381647098684e-06 1.6840004423097686e-06 1.561880711051026e-06 1.4944631355223075e-06 1.5712876024087385e-06 0.11116632310236105 1.6412857985878324e-06 0.40890250444376314 1.522170037818686e-06 0.0764041940531488 0.0006277196614005607 0.2008515377804142 1.6156980289245878e-06 0.00018740601150817 0.00025310613350997295 0.00019425289943718354 4.972804557835832e-05 0.004876992355071285 1.3079839678401576e-05 0.002732135398774188 1.956763048363777e-06 2.05603828169283e-05 2.9300985589697792e-06 1.512392837097547e-05 4.875495936702819e-05 0.008544279255621219 0.0010760683245388302 0.0025622967009659393 1.7740514753620896e-06 1.5712151453433525e-06
48 1.664381647098684e-06 1.6840004423097686e-06 1.561880711051026e-06 1.4944631355223075e-06 1.5712876024087385e-06 0.11116632310236105 1.6412857985878324e-06 0.40890250444376314 1.522170037818686e-06 0.0764041940531488 0.0006277196614005607 0.2008515377804142 1.6156980289245878e-06 0.00018740601150817 0.00025310613350997295 0.00019425289943718354 4.972804557835832e-05 0.004876992355071285 1.3079839678401576e-05 0.002732135398774188 1.956763048363777e-06 2.05603828169283e-05 2.9300985589697792e-06 1.512392837097547e-05 4.875495936702819e-05 0.008544279255621219 0.0010760683245388302 0.0025622967009659393 1.7740514753620896e-06 1.5712151453433525e-06
49 1.664381647098684e-06 1.6840004423097686e-06 1.561880711051026e-06 1.4944631355223075e-06 1.5712876024087385e-06 0.11116632310236105 1.6412857985878324e-06 0.40890250444376314 1.522170037818686e-06 0.0764041940531488 0.0006277196614005607 0.2008515377804142 1.6156980289245878e-06 0.00018740601150817 0.00025310613350997295 0.00019425289943718354 4.972804557835832e-05 0.004876992355071285 1.3079839678401576e-05 0.002732135398774188 1.956763048363777e-06 2.05603828169283e-05 2.9300985589697792e-06 1.512392837097547e-05 4.875495936702819e-05 0.008544279255621219 0.0010760683245388302 0.0025622967009659393 1.7740514753620896e-06 1.5712151453433525e-06
50 1.664381647098684e-06 1.6840004423097686e-06 1.561880711051026e-06 1.4944631355223075e-06 1.5712876024087385e-06 0.11116632310236105 1.6412857985878324e-06 0.40890250444376314 1.522170037818686e-06 0.0764041940531488 0.0006277196614005607 0.2008515377804142 1.6156980289245878e-06 0.00018740601150817 0.00025310613350997295 0.00019425289943718354 4.972804557835832e-05 0.004876992355071285 1.3079839678401576e-05 0.002732135398774188 1.956763048363777e-06 2.05603828169283e-05 2.9300985589697792e-06 1.512392837097547e-05 4.875495936702819e-05 0.008544279255621219 0.0010760683245388302 0.0025622967009659393 1.7740514753620896e-06 1.5712151453433525e-06
51 1.664381647098684e-06 1.6840004423097686e-06 1.561880711051026e-06 1.4944631355223075e-06 1.5712876024087385e-06 0.11116632310236105 1.6412857985878324e-06 0.40890250444376314 1.522170037818686e-06 0.0764041940531488 0.0006277196614005607 0.2008515377804142 1.6156980289245878e-06 0.00018740601150817 0.00025310613350997295 0.00019425289943718354 4.972804557835832e-05 0.004876992355071285 1.3079839678401576e-05 0.002732135398774188 1.956763048363777e-06 2.05603828169283e-05 2.9300985589697792e-06 1.512392837097547e-05 4.875495936702819e-05 0.008544279255621219 0.0010760683245388302 0.0025622967009659393 1.7740514753620896e-06 1.5712151453433525e-06
52 1.664381647098684e-06 1.6840004423097686e-06 1.561880711051026e-06 1.4944631355223075e-06 1.5712876024087385e-06 0.11116632310236105 1.6412857985878324e-06 0.40890250444376314 1.522170037818686e-06 0.0764041940531488 0.0006277196614005607 0.2008515377804142 1.6156980289245878e-06 0.00018740601150817 0.00025310613350997295 0.00019425289943718354 4.972804557835832e-05 0.004876992355071285 1.3079839678401576e-05 0.002732135398774188 1.956763048363777e-06 2.05603828169283e-05 2.9300985589697792e-06 1.512392837097547e-05 4.875495936702819e-05 0.008544279255621219 0.0010760683245388302 0.0025622967009659393 1.7740514753620896e-06 1.5712151453433525e-06
53 1.664381647098684e-06 1.6840004423097686e-06 1.561880711051026e-06 1.4944631355223075e-06 1.5712876024087385e-06 0.11116632310236105 1.6412857985878324e-06 0.40890250444376314 1.522170037818686e-06 0.0764041940531488 0.0006277196614005607 0.2008515377804142 1.6156980289245878e-06 0.00018740601150817 0.00025310613350997295 0.00019425289943718354 4.972804557835832e-05 0.004876992355071285 1.3079839678401576e-05 0.002732135398774188 1.956763048363777e-06 2.05603828169283e-05 2.9300985589697792e-06 1.512392837097547e-05 4.875495936702819e-05 0.008544279255621219 0.0010760683245388302 0.0025622967009659393 1.7740514753620896e-06 1.5712151453433525e-06
54 1.664381647098684e-06 1.6840004423097686e-06 1.561880711051026e-06 1.4944631355223075e-06 1.5712876024087385e-06 0.11116632310236105 1.6412857985878324e-06 0.40890250444376314 1.522170037818686e-06 0.0764041940531488 0.0006277196614005607 0.2008515377804142 1.6156980289245878e-06 0.00018740601150817 0.00025310613350997295 0.00019425289943718354 4.972804557835832e-05 0.004876992355071285 1.3079839678401576e-05 0.002732135398774188 1.956763048363777e-06 2.05603828169283e-05 2.9300985589697792e-06 1.512392837097547e-05 4.875495936702819e-05 0.008544279255621219 0.0010760683245388302 0.0025622967009659393 1.7740514753620896e-06 1.5712151453433525e-06
55 1.664381647098684e-06 1.6840004423097686e-06 1.561880711051026e-06 1.4944631355223075e-06 1.5712876024087385e-06 0.11116632310236105 1.6412857985878324e-06 0.40890250444376314 1.522170037818686e-06 0.0764041940531488 0.0006277196614005607 0.2008515377804142 1.6156980289245878e-06 0.00018740601150817 0.00025310613350997295 0.00019425289943718354 4.972804557835832e-05 0.004876992355071285 1.3079839678401576e-05 0.002732135398774188 1.956763048363777e-06 2.05603828169283e-05 2.9300985589697792e-06 1.512392837097547e-05 4.875495936702819e-05 0.008544279255621219 0.0010760683245388302 0.0025622967009659393 1.7740514753620896e-06 1.5712151453433525e-06
56 1.664381647098684e-06 1.6840004423097686e-06 1.561880711051026e-06 1.4944631355223075e-06 1.5712876024087385e-06 0.11116632310236105 1.6412857985878324e-06 0.40890250444376314 1.522170037818686e-06 0.0764041940531488 0.0006277196614005607 0.2008515377804142 1.6156980289245878e-06 0.00018740601150817 0.00025310613350997295 0.00019425289943718354 4.972804557835832e-05 0.004876992355071285 1.3079839678401576e-05 0.002732135398774188 1.956763048363777e-06 2.05603828169283e-05 2.9300985589697792e-06 1.512392837097547e-05 4.875495936702819e-05 0.008544279255621219 0.0010760683245388302 0.0025622967009659393 1.7740514753620896e-06 1.5712151453433525e-06
57 1.664381647098684e-06 1.6840004423097686e-06 1.561880711051026e-06 1.4944631355223075e-06 1.5712876024087385e-06 0.11116632310236105 1.6412857985878324e-06 0.40890250444376314 1.522170037818686e-06 0.0764041940531488 0.0006277196614005607 0.2008515377804142 1.6156980289245878e-06 0.00018740601150817 0.00025310613350997295 0.00019425289943718354 4.972804557835832e-05 0.004876992355071285 1.3079839678401576e-05 0.002732135398774188 1.956763048363777e-06 2.05603828169283e-05 2.9300985589697792e-06 1.512392837097547e-05 4.875495936702819e-05 0.008544279255621219 0.0010760683245388302 0.0025622967009659393 1.7740514753620896e-06 1.5712151453433525e-06
58 1.664381647098684e-06 1.6840004423097686e-06 1.561880711051026e-06 1.4944631355223075e-06 1.5712876024087385e-06 0.11116632310236105 1.6412857985878324e-06 0.40890250444376314 1.522170037818686e-06 0.0764041940531488 0.0006277196614005607 0.2008515377804142 1.6156980289245878e-06 0.00018740601150817 0.00025310613350997295 0.00019425289943718354 4.972804557835832e-05 0.004876992355071285 1.3079839678401576e-05 0.002732135398774188 1.956763048363777e-06 2.05603828169283e-05 2.9300985589697792e-06 1.512392837097547e-05 4.875495936702819e-05 0.008544279255621219 0.0010760683245388302 0.0025622967009659393 1.7740514753620896e-06 1.5712151453433525e-06
59 1.664381647098684e-06 1.6840004423097686e-06 1.561880711051026e-06 1.4944631355223075e-06 1.5712876024087385e-06 0.11116632310236105 1.6412857985878324e-06 0.40890250444376314 1.522170037818686e-06 0.0764041940531488 0.0006277196614005607 0.2008515377804142 1.6156980289245878e-06 0.00018740601150817 0.00025310613350997295 0.00019425289943718354 4.972804557835832e-05 0.004876992355071285 1.3079839678401576e-05 0.002732135398774188 1.956763048363777e-06 2.05603828169283e-05 2.9300985589697792e-06 1.512392837097547e-05 4.875495936702819e-05 0.008544279255621219 0.0010760683245388302 0.0025622967009659393 1.7740514753620896e-06 1.5712151453433525e-06
60 1.664381647098684e-06 1.6840004423097686e-06 1.561880711051026e-06 1.4944631355223075e-06 1.5712876024087385e-06 0.11116632310236105 1.6412857985878324e-06 0.40890250444376314 1.522170037818686e-06 0.0764041940531488 0.0006277196614005607 0.2008515377804142 1.6156980289245878e-06 0.00018740601150817 0.00025310613350997295 0.00019425289943718354 4.972804557835832e-05 0.004876992355071285 1.3079839678401576e-05 0.002732135398774188 1.956763048363777e-06 2.05603828169283e-05 2.9300985589697792e-06 1.512392837097547e-05 4.875495936702819e-05 0.008544279255621219 0.0010760683245388302 0.0025622967009659393 1.7740514753620896e-06 1.5712151453433525e-06
61 1.664381647098684e-06 1.6840004423097686e-06 1.561880711051026e-06 1.4944631355223075e-06 1.5712876024087385e-06 0.11116632310236105 1.6412857985878324e-06 0.40890250444376314 1.522170037818686e-06 0.0764041940531488 0.0006277196614005607 0.2008515377804142 1.6156980289245878e-06 0.00018740601150817 0.00025310613350997295 0.00019425289943718354 4.972804557835832e-05 0.004876992355071285 1.3079839678401576e-05 0.002732135398774188 1.956763048363777e-06 2.05603828169283e-05 2.9300985589697792e-06 1.512392837097547e-05 4.875495936702819e-05 0.008544279255621219 0.0010760683245388302 0.0025622967009659393 1.7740514753620896e-06 1.5712151453433525e-06
62 1.664381647098684e-06 1.6840004423097686e-06 1.561880711051026e-06 1.4944631355223075e-06 1.5712876024087385e-06 0.11116632310236105 1.6412857985878324e-06 0.40890250444376314 1.522170037818686e-06 0.0764041940531488 0.0006277196614005607 0.2008515377804142 1.6156980289245878e-06 0.00018740601150817 0.00025310613350997295 0.00019425289943718354 4.972804557835832e-05 0.004876992355071285 1.3079839678401576e-05 0.002732135398774188 1.956763048363777e-06 2.05603828169283e-05 2.9300985589697792e-06 1.512392837097547e-05 4.875495936702819e-05 0.008544279255621219 0.0010760683245388302 0.0025622967009659393 1.7740514753620896e-06 1.5712151453433525e-06
63 1.664381647098684e-06 1.6840004423097686e-06 1.561880711051026e-06 1.4944631355223075e-06 1.5712876024087385e-06 0.11116632310236105 1.6412857985878324e-06 0.40890250444376314 1.522170037818686e-06 0.0764041940531488 0.0006277196614005607 0.2008515377804142 1.6156980289245878e-06 0.00018740601150817 0.00025310613350997295 0.00019425289943718354 4.972804557835832e-05 0.004876992355071285 1.3079839678401576e-05 0.002732135398774188 1.956763048363777e-06 2.05603828169283e-05 2.9300985589697792e-06 1.512392837097547e-05 4.875495936702819e-05 0.008544279255621219 0.0010760683245388302 0.0025622967009659393 1.7740514753620896e-06 1.5712151453433525e-06
64 1.664381647098684e-06 1.6840004423097686e-06 1.561880711051026e-06 1.4944631355223075e-06 1.5712876024087385e-06 0.11116632310236105 1.6412857985878324e-06 0.40890250444376314 1.522170037818686e-06 0.0764041940531488 0.0006277196614005607 0.2008515377804142 1.6156980289245878e-06 0.00018740601150817 0.00025310613350997295 0.00019425289943718354 4.972804557835832e-05 0.004876992355071285 1.3079839678401576e-05 0.002732135398774188 1.956763048363777e-06 2.05603828169283e-05 2.9300985589697792e-06 1.512392837097547e-05 4.875495936702819e-05 0.008544279255621219 0.0010760683245388302 0.0025622967009659393 1.7740514753620896e-06 1.5712151453433525e-06
65 1.664381647098684e-06 1.6840004423097686e-06 1.561880711051026e-06 1.4944631355223075e-06 1.5712876024087385e-06 0.11116632310236105 1.6412857985878324e-06 0.40890250444376314 1.522170037818686e-06 0.0764041940531488 0.0006277196614005607 0.2008515377804142 1.6156980289245878e-06 0.00018740601150817 0.00025310613350997295 0.00019425289943718354 4.972804557835832e-05 0.004876992355071285 1.3079839678401576e-05 0.002732135398774188 1.956763048363777e-06 2.05603828169283e-05 2.9300985589697792e-06 1.512392837097547e-05 4.875495936702819e-05 0.008544279255621219 0.0010760683245388302 0.0025622967009659393 1.7740514753620896e-06 1.5712151453433525e-06
66 1.664381647098684e-06 1.6840004423097686e-06 1.561880711051026e-06 1.4944631355223075e-06 1.5712876024087385e-06 0.11116632310236105 1.6412857985878324e-06 0.40890250444376314 1.522170037818686e-06 0.0764041940531488 0.0006277196614005607 0.2008515377804142 1.6156980289245878e-06 0.00018740601150817 0.00025310613350997295 0.00019425289943718354 4.972804557835832e-05 0.004876992355071285 1.3079839678401576e-05 0.002732135398774188 1.956763048363777e-06 2.05603828169283e-05 2.9300985589697792e-06 1.512392837097547e-05 4.875495936702819e-05 0.008544279255621219 0.0010760683245388302 0.0025622967009659393 1.7740514753620896e-06 1.5712151453433525e-06
67 1.664381647098684e-06 1.6840004423097686e-06 1.561880711051026e-06 1.4944631355223075e-06 1.5712876024087385e-06 0.11116632310236105 1.6412857985878324e-06 0.40890250444376314 1.522170037818686e-06 0.0764041940531488 0.0006277196614005607 0.2008515377804142 1.6156980289245878e-06 0.00018740601150817 0.00025310613350997295 0.00019425289943718354 4.972804557835832e-05 0.004876992355071285 1.3079839678401576e-05 0.002732135398774188 1.956763048363777e-06 2.05603828169283e-05 2.9300985589697792e-06 1.512392837097547e-05 4.875495936702819e-05 0.008544279255621219 0.0010760683245388302 0.0025622967009659393 1.7740514753620896e-06 1.5712151453433525e-06
68 9.090138082157625e-07 9.293059588568374e-07 9.124365924399658e-07 9.367103111632259e-07 8.974062738695873e-07 0.06688266476666752 9.579162347148606e-07 0.4754328157834213 9.115734345614889e-07 0.04894285263362975 0.0003987416089387085 0.1796671995806669 9.124105455651485e-07 0.00011396275346665558 0.00013701018219770583 0.00011590754561859394 3.160215935763286e-05 0.002978305346466707 7.669466382771555e-06 0.0007485771799638891 1.1072549417830977e-06 1.2835414011891178e-05 1.6437673114504658e-06 9.409324057365495e-06 2.7602686146618727e-05 0.0033333856462439554 0.000568017698603275 0.0015411799000203316 9.534409992514368e-07 9.49481725598546e-07
69 9.090138082157625e-07 9.293059588568374e-07 9.124365924399658e-07 9.367103111632259e-07 8.974062738695873e-07 0.06688266476666752 9.579162347148606e-07 0.4754328157834213 9.115734345614889e-07 0.04894285263362975 0.0003987416089387085 0.1796671995806669 9.124105455651485e-07 0.00011396275346665558 0.00013701018219770583 0.00011590754561859394 3.160215935763286e-05 0.002978305346466707 7.669466382771555e-06 0.0007485771799638891 1.1072549417830977e-06 1.2835414011891178e-05 1.6437673114504658e-06 9.409324057365495e-06 2.7602686146618727e-05 0.0033333856462439554 0.000568017698603275 0.0015411799000203316 9.534409992514368e-07 9.49481725598546e-07
70 9.090138082157625e-07 9.293059588568374e-07 9.124365924399658e-07 9.367103111632259e-07 8.974062738695873e-07 0.06688266476666752 9.579162347148606e-07 0.4754328157834213 9.115734345614889e-07 0.04894285263362975 0.0003987416089387085 0.1796671995806669 9.124105455651485e-07 0.00011396275346665558 0.00013701018219770583 0.00011590754561859394 3.160215935763286e-05 0.002978305346466707 7.669466382771555e-06 0.0007485771799638891 1.1072549417830977e-06 1.2835414011891178e-05 1.6437673114504658e-06 9.409324057365495e-06 2.7602686146618727e-05 0.0033333856462439554 0.000568017698603275 0.0015411799000203316 9.534409992514368e-07 9.49481725598546e-07
71 9.090138082157625e-07 9.293059588568374e-07 9.124365924399658e-07 9.367103111632259e-07 8.974062738695873e-07 0.06688266476666752 9.579162347148606e-07 0.4754328157834213 9.115734345614889e-07 0.04894285263362975 0.0003987416089387085 0.1796671995806669 9.124105455651485e-07 0.00011396275346665558 0.00013701018219770583 0.00011590754561859394 3.160215935763286e-05 0.002978305346466707 7.669466382771555e-06 0.0007485771799638891 1.1072549417830977e-06 1.2835414011891178e-05 1.6437673114504658e-06 9.409324057365495e-06 2.7602686146618727e-05 0.0033333856462439554 0.000568017698603275 0.0015411799000203316 9.534409992514368e-07 9.49481725598546e-07
72 9.090138082157625e-07 9.293059588568374e-07 9.124365924399658e-07 9.367103111632259e-07 8.974062738695873e-07 0.06688266476666752 9.579162347148606e-07 0.4754328157834213 9.115734345614889e-07 0.04894285263362975 0.0003987416089387085 0.1796671995806669 9.124105455651485e-07 0.00011396275346665558 0.00013701018219770583 0.00011590754561859394 3.160215935763286e-05 0.002978305346466707 7.669466382771555e-06 0.0007485771799638891 1.1072549417830977e-06 1.2835414011891178e-05 1.6437673114504658e-06 9.409324057365495e-06 2.7602686146618727e-05 0.0033333856462439554 0.000568017698603275 0.0015411799000203316 9.534409992514368e-07 9.49481725598546e-07
73 9.090138082157625e-07 9.293059588568374e-07 9.124365924399658e-07 9.367103111632259e-07 8.974062738695873e-07 0.06688266476666752 9.579162347148606e-07 0.4754328157834213 9.115734345614889e-07 0.04894285263362975 0.0003987416089387085 0.1796671995806669 9.124105455651485e-07 0.00011396275346665558 0.00013701018219770583 0.00011590754561859394 3.160215935763286e-05 0.002978305346466707 7.669466382771555e-06 0.0007485771799638891 1.1072549417830977e-06 1.2835414011891178e-05 1.6437673114504658e-06 9.409324057365495e-06 2.7602686146618727e-05 0.0033333856462439554 0.000568017698603275 0.0015411799000203316 9.534409992514368e-07 9.49481725598546e-07
74 9.090138082157625e-07 9.293059588568374e-07 9.124365924399658e-07 9.367103111632259e-07 8.974062738695873e-07 0.06688266476666752 9.579162347148606e-07 0.4754328157834213 9.115734345614889e-07 0.04894285263362975 0.0003987416089387085 0.1796671995806669 9.124105455651485e-07 0.00011396275346665558 0.00013701018219770583 0.00011590754561859394 3.160215935763286e-05 0.002978305346466707 7.669466382771555e-06 0.0007485771799638891 1.1072549417830977e-06 1.2835414011891178e-05 1.6437673114504658e-06 9.409324057365495e-06 2.7602686146618727e-05 0.0033333856462439554 0.000568017698603275 0.0015411799000203316 9.534409992514368e-07 9.49481725598546e-07
75 9.090138082157625e-07 9.293059588568374e-07 9.124365924399658e-07 9.367103111632259e-07 8.974062738695873e-07 0.06688266476666752 9.579162347148606e-07 0.4754328157834213 9.115734345614889e-07 0.04894285263362975 0.0003987416089387085 0.1796671995806669 9.124105455651485e-07 0.00011396275346665558 0.00013701018219770583 0.00011590754561859394 3.160215935763286e-05 0.002978305346466707 7.669466382771555e-06 0.0007485771799638891 1.1072549417830977e-06 1.2835414011891178e-05 1.6437673114504658e-06 9.409324057365495e-06 2.7602686146618727e-05 0.0033333856462439554 0.000568017698603275 0.0015411799000203316 9.534409992514368e-07 9.49481725598546e-07
76 9.090138082157625e-07 9.293059588568374e-07 9.124365924399658e-07 9.367103111632259e-07 8.974062738695873e-07 0.06688266476666752 9.579162347148606e-07 0.4754328157834213 9.115734345614889e-07 0.04894285263362975 0.0003987416089387085 0.1796671995806669 9.124105455651485e-07 0.00011396275346665558 0.00013701018219770583 0.00011590754561859394 3.160215935763286e-05 0.002978305346466707 7.669466382771555e-06 0.0007485771799638891 1.1072549417830977e-06 1.2835414011891178e-05 1.6437673114504658e-06 9.409324057365495e-06 2.7602686146618727e-05 0.0033333856462439554 0.000568017698603275 0.0015411799000203316 9.534409992514368e-07 9.49481725598546e-07
77 9.090138082157625e-07 9.293059588568374e-07 9.124365924399658e-07 9.367103111632259e-07 8.974062738695873e-07 0.06688266476666752 9.579162347148606e-07 0.4754328157834213 9.115734345614889e-07 0.04894285263362975 0.0003987416089387085 0.1796671995806669 9.124105455651485e-07 0.00011396275346665558 0.00013701018219770583 0.00011590754561859394 3.160215935763286e-05 0.002978305346466707 7.669466382771555e-06 0.0007485771799638891 1.1072549417830977e-06 1.2835414011891178e-05 1.6437673114504658e-06 9.409324057365495e-06 2.7602686146618727e-05 0.0033333856462439554 0.000568017698603275 0.0015411799000203316 9.534409992514368e-07 9.49481725598546e-07
78 9.090138082157625e-07 9.293059588568374e-07 9.124365924399658e-07 9.367103111632259e-07 8.974062738695873e-07 0.06688266476666752 9.579162347148606e-07 0.4754328157834213 9.115734345614889e-07 0.04894285263362975 0.0003987416089387085 0.1796671995806669 9.124105455651485e-07 0.00011396275346665558 0.00013701018219770583 0.00011590754561859394 3.160215935763286e-05 0.002978305346466707 7.669466382771555e-06 0.0007485771799638891 1.1072549417830977e-06 1.2835414011891178e-05 1.6437673114504658e-06 9.409324057365495e-06 2.7602686146618727e-05 0.0033333856462439554 0.000568017698603275 0.0015411799000203316 9.534409992514368e-07 9.49481725598546e-07
79 9.090138082157625e-07 9.293059588568374e-07 9.124365924399658e-07 9.367103111632259e-07 8.974062738695873e-07 0.06688266476666752 9.579162347148606e-07 0.4754328157834213 9.115734345614889e-07 0.04894285263362975 0.0003987416089387085 0.1796671995806669 9.124105455651485e-07 0.00011396275346665558 0.00013701018219770583 0.00011590754561859394 3.160215935763286e-05 0.002978305346466707 7.669466382771555e-06 0.0007485771799638891 1.1072549417830977e-06 1.2835414011891178e-05 1.6437673114504658e-06 9.409324057365495e-06 2.7602686146618727e-05 0.0033333856462439554 0.000568017698603275 0.0015411799000203316 9.534409992514368e-07 9.49481725598546e-07
80 9.090138082157625e-07 9.293059588568374e-07 9.124365924399658e-07 9.367103111632259e-07 8.974062738695873e-07 0.06688266476666752 9.579162347148606e-07 0.4754328157834213 9.115734345614889e-07 0.04894285263362975 0.0003987416089387085 0.1796671995806669 9.124105455651485e-07 0.00011396275346665558 0.00013701018219770583 0.00011590754561859394 3.160215935763286e-05 0.002978305346466707 7.669466382771555e-06 0.0007485771799638891 1.1072549417830977e-06 1.2835414011891178e-05 1.6437673114504658e-06 9.409324057365495e-06 2.7602686146618727e-05 0.0033333856462439554 0.000568017698603275 0.0015411799000203316 9.534409992514368e-07 9.49481725598546e-07
81 9.090138082157625e-07 9.293059588568374e-07 9.124365924399658e-07 9.367103111632259e-07 8.974062738695873e-07 0.06688266476666752 9.579162347148606e-07 0.4754328157834213 9.115734345614889e-07 0.04894285263362975 0.0003987416089387085 0.1796671995806669 9.124105455651485e-07 0.00011396275346665558 0.00013701018219770583 0.00011590754561859394 3.160215935763286e-05 0.002978305346466707 7.669466382771555e-06 0.0007485771799638891 1.1072549417830977e-06 1.2835414011891178e-05 1.6437673114504658e-06 9.409324057365495e-06 2.7602686146618727e-05 0.0033333856462439554 0.000568017698603275 0.0015411799000203316 9.534409992514368e-07 9.49481725598546e-07
82 9.090138082157625e-07 9.293059588568374e-07 9.124365924399658e-07 9.367103111632259e-07 8.974062738695873e-07 0.06688266476666752 9.579162347148606e-07 0.4754328157834213 9.115734345614889e-07 0.04894285263362975 0.0003987416089387085 0.1796671995806669 9.124105455651485e-07 0.00011396275346665558 0.00013701018219770583 0.00011590754561859394 3.160215935763286e-05 0.002978305346466707 7.669466382771555e-06 0.0007485771799638891 1.1072549417830977e-06 1.2835414011891178e-05 1.6437673114504658e-06 9.409324057365495e-06 2.7602686146618727e-05 0.0033333856462439554 0.000568017698603275 0.0015411799000203316 9.534409992514368e-07 9.49481725598546e-07
83 9.090138082157625e-07 9.293059588568374e-07 9.124365924399658e-07 9.367103111632259e-07 8.974062738695873e-07 0.06688266476666752 9.579162347148606e-07 0.4754328157834213 9.115734345614889e-07 0.04894285263362975 0.0003987416089387085 0.1796671995806669 9.124105455651485e-07 0.00011396275346665558 0.00013701018219770583 0.00011590754561859394 3.160215935763286e-05 0.002978305346466707 7.669466382771555e-06 0.0007485771799638891 1.1072549417830977e-06 1.2835414011891178e-05 1.6437673114504658e-06 9.409324057365495e-06 2.7602686146618727e-05 0.0033333856462439554 0.000568017698603275 0.0015411799000203316 9.534409992514368e-07 9.49481725598546e-07
84 9.090138082157625e-07 9.293059588568374e-07 9.124365924399658e-07 9.367103111632259e-07 8.974062738695873e-07 0.06688266476666752 9.579162347148606e-07 0.4754328157834213 9.115734345614889e-07 0.04894285263362975 0.0003987416089387085 0.1796671995806669 9.124105455651485e-07 0.00011396275346665558 0.00013701018219770583 0.00011590754561859394 3.160215935763286e-05 0.002978305346466707 7.669466382771555e-06 0.0007485771799638891 1.1072549417830977e-06 1.2835414011891178e-05 1.6437673114504658e-06 9.409324057365495e-06 2.7602686146618727e-05 0.0033333856462439554 0.000568017698603275 0.0015411799000203316 9.534409992514368e-07 9.49481725598546e-07
85 9.090138082157625e-07 9.293059588568374e-07 9.124365924399658e-07 9.367103111632259e-07 8.974062738695873e-07 0.06688266476666752 9.579162347148606e-07 0.4754328157834213 9.115734345614889e-07 0.04894285263362975 0.0003987416089387085 0.1796671995806669 9.124105455651485e-07 0.00011396275346665558 0.00013701018219770583 0.00011590754561859394 3.160215935763286e-05 0.002978305346466707 7.669466382771555e-06 0.0007485771799638891 1.1072549417830977e-06 1.2835414011891178e-05 1.6437673114504658e-06 9.409324057365495e-06 2.7602686146618727e-05 0.0033333856462439554 0.000568017698603275 0.0015411799000203316 9.534409992514368e-07 9.49481725598546e-07
86 9.090138082157625e-07 9.293059588568374e-07 9.124365924399658e-07 9.367103111632259e-07 8.974062738695873e-07 0.06688266476666752 9.579162347148606e-07 0.4754328157834213 9.115734345614889e-07 0.04894285263362975 0.0003987416089387085 0.1796671995806669 9.124105455651485e-07 0.00011396275346665558 0.00013701018219770583 0.00011590754561859394 3.160215935763286e-05 0.002978305346466707 7.669466382771555e-06 0.0007485771799638891 1.1072549417830977e-06 1.2835414011891178e-05 1.6437673114504658e-06 9.409324057365495e-06 2.7602686146618727e-05 0.0033333856462439554 0.000568017698603275 0.0015411799000203316 9.534409992514368e-07 9.49481725598546e-07
87 9.090138082157625e-07 9.293059588568374e-07 9.124365924399658e-07 9.367103111632259e-07 8.974062738695873e-07 0.06688266476666752 9.579162347148606e-07 0.4754328157834213 9.115734345614889e-07 0.04894285263362975 0.0003987416089387085 0.1796671995806669 9.124105455651485e-07 0.00011396275346665558 0.00013701018219770583 0.00011590754561859394 3.160215935763286e-05 0.002978305346466707 7.669466382771555e-06 0.0007485771799638891 1.1072549417830977e-06 1.2835414011891178e-05 1.6437673114504658e-06 9.409324057365495e-06 2.7602686146618727e-05 0.0033333856462439554 0.000568017698603275 0.0015411799000203316 9.534409992514368e-07 9.49481725598546e-07
88 9.090138082157625e-07 9.293059588568374e-07 9.124365924399658e-07 9.367103111632259e-07 8.974062738695873e-07 0.06688266476666752 9.579162347148606e-07 0.4754328157834213 9.115734345614889e-07 0.04894285263362975 0.0003987416089387085 0.1796671995806669 9.124105455651485e-07 0.00011396275346665558 0.00013701018219770583 0.00011590754561859394 3.160215935763286e-05 0.002978305346466707 7.669466382771555e-06 0.0007485771799638891 1.1072549417830977e-06 1.2835414011891178e-05 1.6437673114504658e-06 9.409324057365495e-06 2.7602686146618727e-05 0.0033333856462439554 0.000568017698603275 0.0015411799000203316 9.534409992514368e-07 9.49481725598546e-07
89 9.090138082157625e-07 9.293059588568374e-07 9.124365924399658e-07 9.367103111632259e-07 8.974062738695873e-07 0.06688266476666752 9.579162347148606e-07 0.4754328157834213 9.115734345614889e-07 0.04894285263362975 0.0003987416089387085 0.1796671995806669 9.124105455651485e-07 0.00011396275346665558 0.00013701018219770583 0.00011590754561859394 3.160215935763286e-05 0.002978305346466707 7.669466382771555e-06 0.0007485771799638891 1.1072549417830977e-06 1.2835414011891178e-05 1.6437673114504658e-06 9.409324057365495e-06 2.7602686146618727e-05 0.0033333856462439554 0.000568017698603275 0.0015411799000203316 9.534409992514368e-07 9.49481725598546e-07
90 9.090138082157625e-07 9.293059588568374e-07 9.124365924399658e-07 9.367103111632259e-07 8.974062738695873e-07 0.06688266476666752 9.579162347148606e-07 0.4754328157834213 9.115734345614889e-07 0.04894285263362975 0.0003987416089387085 0.1796671995806669 9.124105455651485e-07 0.00011396275346665558 0.00013701018219770583 0.00011590754561859394 3.160215935763286e-05 0.002978305346466707 7.669466382771555e-06 0.0007485771799638891 1.1072549417830977e-06 1.2835414011891178e-05 1.6437673114504658e-06 9.409324057365495e-06 2.7602686146618727e-05 0.0033333856462439554 0.000568017698603275 0.0015411799000203316 9.534409992514368e-07 9.49481725598546e-07
91 9.090138082157625e-07 9.293059588568374e-07 9.124365924399658e-07 9.367103111632259e-07 8.974062738695873e-07 0.06688266476666752 9.579162347148606e-07 0.4754328157834213 9.115734345614889e-07 0.04894285263362975 0.0003987416089387085 0.1796671995806669 9.124105455651485e-07 0.00011396275346665558 0.00013701018219770583 0.00011590754561859394 3.160215935763286e-05 0.002978305346466707 7.669466382771555e-06 0.0007485771799638891 1.1072549417830977e-06 1.2835414011891178e-05 1.6437673114504658e-06 9.409324057365495e-06 2.7602686146618727e-05 0.0033333856462439554 0.000568017698603275 0.0015411799000203316 9.534409992514368e-07 9.49481725598546e-07
92 9.090138082157625e-07 9.293059588568374e-07 9.124365924399658e-07 9.367103111632259e-07 8.974062738695873e-07 0.06688266476666752 9.579162347148606e-07 0.4754328157834213 9.115734345614889e-07 0.04894285263362975 0.0003987416089387085 0.1796671995806669 9.124105455651485e-07 0.00011396275346665558 0.00013701018219770583 0.00011590754561859394 3.160215935763286e-05 0.002978305346466707 7.669466382771555e-06 0.0007485771799638891 1.1072549417830977e-06 1.2835414011891178e-05 1.6437673114504658e-06 9.409324057365495e-06 2.7602686146618727e-05 0.0033333856462439554 0.000568017698603275 0.0015411799000203316 9.534409992514368e-07 9.49481725598546e-07
93 9.090138082157625e-07 9.293059588568374e-07 9.124365924399658e-07 9.367103111632259e-07 8.974062738695873e-07 0.06688266476666752 9.579162347148606e-07 0.4754328157834213 9.115734345614889e-07 0.04894285263362975 0.0003987416089387085 0.1796671995806669 9.124105455651485e-07 0.00011396275346665558 0.00013701018219770583 0.00011590754561859394 3.160215935763286e-05 0.002978305346466707 7.669466382771555e-06 0.0007485771799638891 1.1072549417830977e-06 1.2835414011891178e-05 1.6437673114504658e-06 9.409324057365495e-06 2.7602686146618727e-05 0.0033333856462439554 0.000568017698603275 0.0015411799000203316 9.534409992514368e-07 9.49481725598546e-07
94 9.090138082157625e-07 9.293059588568374e-07 9.124365924399658e-07 9.367103111632259e-07 8.974062738695873e-07 0.06688266476666752 9.579162347148606e-07 0.4754328157834213 9.115734345614889e-07 0.04894285263362975 0.0003987416089387085 0.1796671995806669 9.124105455651485e-07 0.00011396275346665558 0.00013701018219770583 0.00011590754561859394 3.160215935763286e-05 0.002978305346466707 7.669466382771555e-06 0.0007485771799638891 1.1072549417830977e-06 1.2835414011891178e-05 1.6437673114504658e-06 9.409324057365495e-06 2.7602686146618727e-05 0.0033333856462439554 0.000568017698603275 0.0015411799000203316 9.534409992514368e-07 9.49481725598546e-07
95 9.090138082157625e-07 9.293059588568374e-07 9.124365924399658e-07 9.367103111632259e-07 8.974062738695873e-07 0.06688266476666752 9.579162347148606e-07 0.4754328157834213 9.115734345614889e-07 0.04894285263362975 0.0003987416089387085 0.1796671995806669 9.124105455651485e-07 0.00011396275346665558 0.00013701018219770583 0.00011590754561859394 3.160215935763286e-05 0.002978305346466707 7.669466382771555e-06 0.0007485771799638891 1.1072549417830977e-06 1.2835414011891178e-05 1.6437673114504658e-06 9.409324057365495e-06 2.7602686146618727e-05 0.0033333856462439554 0.000568017698603275 0.0015411799000203316 9.534409992514368e-07 9.49481725598546e-07
96 9.090138082157625e-07 9.293059588568374e-07 9.124365924399658e-07 9.367103111632259e-07 8.974062738695873e-07 0.06688266476666752 9.579162347148606e-07 0.4754328157834213 9.115734345614889e-07 0.04894285263362975 0.0003987416089387085 0.1796671995806669 9.124105455651485e-07 0.00011396275346665558 0.00013701018219770583 0.00011590754561859394 3.160215935763286e-05 0.002978305346466707 7.669466382771555e-06 0.0007485771799638891 1.1072549417830977e-06 1.2835414011891178e-05 1.6437673114504658e-06 9.409324057365495e-06 2.7602686146618727e-05 0.0033333856462439554 0.000568017698603275 0.0015411799000203316 9.534409992514368e-07 9.49481725598546e-07
97 9.090138082157625e-07 9.293059588568374e-07 9.124365924399658e-07 9.367103111632259e-07 8.974062738695873e-07 0.06688266476666752 9.579162347148606e-07 0.4754328157834213 9.115734345614889e-07 0.04894285263362975 0.0003987416089387085 0.1796671995806669 9.124105455651485e-07 0.00011396275346665558 0.00013701018219770583 0.00011590754561859394 3.160215935763286e-05 0.002978305346466707 7.669466382771555e-06 0.0007485771799638891 1.1072549417830977e-06 1.2835414011891178e-05 1.6437673114504658e-06 9.409324057365495e-06 2.7602686146618727e-05 0.0033333856462439554 0.000568017698603275 0.0015411799000203316 9.534409992514368e-07 9.49481725598546e-07
98 9.090138082157625e-07 9.293059588568374e-07 9.124365924399658e-07 9.367103111632259e-07 8.974062738695873e-07 0.06688266476666752 9.579162347148606e-07 0.4754328157834213 9.115734345614889e-07 0.04894285263362975 0.0003987416089387085 0.1796671995806669 9.124105455651485e-07 0.00011396275346665558 0.00013701018219770583 0.00011590754561859394 3.160215935763286e-05 0.002978305346466707 7.669466382771555e-06 0.0007485771799638891 1.1072549417830977e-06 1.2835414011891178e-05 1.6437673114504658e-06 9.409324057365495e-06 2.7602686146618727e-05 0.0033333856462439554 0.000568017698603275 0.0015411799000203316 9.534409992514368e-07 9.49481725598546e-07
99 9.090138082157625e-07 9.293059588568374e-07 9.124365924399658e-07 9.367103111632259e-07 8.974062738695873e-07 0.06688266476666752 9.579162347148606e-07 0.4754328157834213 9.115734345614889e-07 0.04894285263362975 0.0003987416089387085 0.1796671995806669 9.124105455651485e-07 0.00011396275346665558 0.00013701018219770583 0.00011590754561859394 3.160215935763286e-05 0.002978305346466707 7.669466382771555e-06 0.0007485771799638891 1.1072549417830977e-06 1.2835414011891178e-05 1.6437673114504658e-06 9.409324057365495e-06 2.7602686146618727e-05 0.0033333856462439554 0.000568017698603275 0.0015411799000203316 9.534409992514368e-07 9.49481725598546e-07
100 9.090138082157625e-07 9.293059588568374e-07 9.124365924399658e-07 9.367103111632259e-07 8.974062738695873e-07 0.06688266476666752 9.579162347148606e-07 0.4754328157834213 9.115734345614889e-07 0.04894285263362975 0.0003987416089387085 0.1796671995806669 9.124105455651485e-07 0.00011396275346665558 0.00013701018219770583 0.00011590754561859394 3.160215935763286e-05 0.002978305346466707 7.669466382771555e-06 0.0007485771799638891 1.1072549417830977e-06 1.2835414011891178e-05 1.6437673114504658e-06 9.409324057365495e-06 2.7602686146618727e-05 0.0033333856462439554 0.000568017698603275 0.0015411799000203316 9.534409992514368e-07 9.49481725598546e-07
101 9.090138082157625e-07 9.293059588568374e-07 9.124365924399658e-07 9.367103111632259e-07 8.974062738695873e-07 0.06688266476666752 9.579162347148606e-07 0.4754328157834213 9.115734345614889e-07 0.04894285263362975 0.0003987416089387085 0.1796671995806669 9.124105455651485e-07 0.00011396275346665558 0.00013701018219770583 0.00011590754561859394 3.160215935763286e-05 0.002978305346466707 7.669466382771555e-06 0.0007485771799638891 1.1072549417830977e-06 1.2835414011891178e-05 1.6437673114504658e-06 9.409324057365495e-06 2.7602686146618727e-05 0.0033333856462439554 0.000568017698603275 0.0015411799000203316 9.534409992514368e-07 9.49481725598546e-07
102 9.090138082157625e-07 9.293059588568374e-07 9.124365924399658e-07 9.367103111632259e-07 8.974062738695873e-07 0.06688266476666752 9.579162347148606e-07 0.4754328157834213 9.115734345614889e-07 0.04894285263362975 0.0003987416089387085 0.1796671995806669 9.124105455651485e-07 0.00011396275346665558 0.00013701018219770583 0.00011590754561859394 3.160215935763286e-05 0.002978305346466707 7.669466382771555e-06 0.0007485771799638891 1.1072549417830977e-06 1.2835414011891178e-05 1.6437673114504658e-06 9.409324057365495e-06 2.7602686146618727e-05 0.0033333856462439554 0.000568017698603275 0.0015411799000203316 9.534409992514368e-07 9.49481725598546e-07
103 9.090138082157625e-07 9.293059588568374e-07 9.124365924399658e-07 9.367103111632259e-07 8.974062738695873e-07 0.06688266476666752 9.579162347148606e-07 0.4754328157834213 9.115734345614889e-07 0.04894285263362975 0.0003987416089387085 0.1796671995806669 9.124105455651485e-07 0.00011396275346665558 0.00013701018219770583 0.00011590754561859394 3.160215935763286e-05 0.002978305346466707 7.669466382771555e-06 0.0007485771799638891 1.1072549417830977e-06 1.2835414011891178e-05 1.6437673114504658e-06 9.409324057365495e-06 2.7602686146618727e-05 0.0033333856462439554 0.000568017698603275 0.0015411799000203316 9.534409992514368e-07 9.49481725598546e-07
104 9.090138082157625e-07 9.293059588568374e-07 9.124365924399658e-07 9.367103111632259e-07 8.974062738695873e-07 0.06688266476666752 9.579162347148606e-07 0.4754328157834213 9.115734345614889e-07 0.04894285263362975 0.0003987416089387085 0.1796671995806669 9.124105455651485e-07 0.00011396275346665558 0.00013701018219770583 0.00011590754561859394 3.160215935763286e-05 0.002978305346466707 7.669466382771555e-06 0.0007485771799638891 1.1072549417830977e-06 1.2835414011891178e-05 1.6437673114504658e-06 9.409324057365495e-06 2.7602686146618727e-05 0.0033333856462439554 0.000568017698603275 0.0015411799000203316 9.534409992514368e-07 9.49481725598546e-07
105 9.090138082157625e-07 9.293059588568374e-07 9.124365924399658e-07 9.367103111632259e-07 8.974062738695873e-07 0.06688266476666752 9.579162347148606e-07 0.4754328157834213 9.115734345614889e-07 0.04894285263362975 0.0003987416089387085 0.1796671995806669 9.124105455651485e-07 0.00011396275346665558 0.00013701018219770583 0.00011590754561859394 3.160215935763286e-05 0.002978305346466707 7.669466382771555e-06 0.0007485771799638891 1.1072549417830977e-06 1.2835414011891178e-05 1.6437673114504658e-06 9.409324057365495e-06 2.7602686146618727e-05 0.0033333856462439554 0.000568017698603275 0.0015411799000203316 9.534409992514368e-07 9.49481725598546e-07
106 9.090138082157625e-07 9.293059588568374e-07 9.124365924399658e-07 9.367103111632259e-07 8.974062738695873e-07 0.06688266476666752 9.579162347148606e-07 0.4754328157834213 9.115734345614889e-07 0.04894285263362975 0.0003987416089387085 0.1796671995806669 9.124105455651485e-07 0.00011396275346665558 0.00013701018219770583 0.00011590754561859394 3.160215935763286e-05 0.002978305346466707 7.669466382771555e-06 0.0007485771799638891 1.1072549417830977e-06 1.2835414011891178e-05 1.6437673114504658e-06 9.409324057365495e-06 2.7602686146618727e-05 0.0033333856462439554 0.000568017698603275 0.0015411799000203316 9.534409992514368e-07 9.49481725598546e-07
107 9.090138082157625e-07 9.293059588568374e-07 9.124365924399658e-07 9.367103111632259e-07 8.974062738695873e-07 0.06688266476666752 9.579162347148606e-07 0.4754328157834213 9.115734345614889e-07 0.04894285263362975 0.0003987416089387085 0.1796671995806669 9.124105455651485e-07 0.00011396275346665558 0.00013701018219770583 0.00011590754561859394 3.160215935763286e-05 0.002978305346466707 7.669466382771555e-06 0.0007485771799638891 1.1072549417830977e-06 1.2835414011891178e-05 1.6437673114504658e-06 9.409324057365495e-06 2.7602686146618727e-05 0.0033333856462439554 0.000568017698603275 0.0015411799000203316 9.534409992514368e-07 9.49481725598546e-07
108 9.090138082157625e-07 9.293059588568374e-07 9.124365924399658e-07 9.367103111632259e-07 8.974062738695873e-07 0.06688266476666752 9.579162347148606e-07 0.4754328157834213 9.115734345614889e-07 0.04894285263362975 0.0003987416089387085 0.1796671995806669 9.124105455651485e-07 0.00011396275346665558 0.00013701018219770583 0.00011590754561859394 3.160215935763286e-05 0.002978305346466707 7.669466382771555e-06 0.0007485771799638891 1.1072549417830977e-06 1.2835414011891178e-05 1.6437673114504658e-06 9.409324057365495e-06 2.7602686146618727e-05 0.0033333856462439554 0.000568017698603275 0.0015411799000203316 9.534409992514368e-07 9.49481725598546e-07
