# index Z=1 - Z=30
0 5.586599782446225e-07 0.009341154856588063 5.621265015574593e-07 5.894186713980356e-07 5.782993069242529e-07 1.3977994652609802e-06 5.667733035341147e-07 0.0033700070233061374 5.555611945888148e-07 5.918303688674895e-07 5.849181381966074e-07 6.626043052774944e-05 5.831054093653098e-07 0.01514592164687738 1.530614952229036e-06 6.543020115368032e-05 7.547942759989815e-07 0.006258213520445653 8.394752425026654e-07 0.011531871150582077 5.818353071282172e-07 0.00010099882700898027 0.0002534793501185634 1.5305880636470705e-05 0.004622969682129838 0.19805261738521165 0.16747648723034753 0.3126651361468807 5.636270414013041e-07 5.879559729744239e-07
1 5.586599782446225e-07 0.009341154856588063 5.621265015574593e-07 5.894186713980356e-07 5.782993069242529e-07 1.3977994652609802e-06 5.667733035341147e-07 0.0033700070233061374 5.555611945888148e-07 5.918303688674895e-07 5.849181381966074e-07 6.626043052774944e-05 5.831054093653098e-07 0.01514592164687738 1.530614952229036e-06 6.543020115368032e-05 7.547942759989815e-07 0.006258213520445653 8.394752425026654e-07 0.011531871150582077 5.818353071282172e-07 0.00010099882700898027 0.0002534793501185634 1.5305880636470705e-05 0.004622969682129838 0.19805261738521165 0.16747648723034753 0.3126651361468807 5.636270414013041e-07 5.879559729744239e-07
2 5.586599782446225e-07 0.009341154856588063 5.621265015574593e-07 5.894186713980356e-07 5.782993069242529e-07 1.3977994652609802e-06 5.667733035341147e-07 0.0033700070233061374 5.555611945888148e-07 5.918303688674895e-07 5.849181381966074e-07 6.626043052774944e-05 5.831054093653098e-07 0.01514592164687738 1.530614952229036e-06 6.543020115368032e-05 7.547942759989815e-07 0.006258213520445653 8.394752425026654e-07 0.011531871150582077 5.818353071282172e-07 0.00010099882700898027 0.0002534793501185634 1.5305880636470705e-05 0.004622969682129838 0.19805261738521165 0.16747648723034753 0.3126651361468807 5.636270414013041e-07 5.879559729744239e-07
3 5.586599782446225e-07 0.009341154856588063 5.621265015574593e-07 5.894186713980356e-07 5.782993069242529e-07 1.3977994652609802e-06 5.667733035341147e-07 0.0033700070233061374 5.555611945888148e-07 5.918303688674895e-07 5.849181381966074e-07 6.626043052774944e-05 5.831054093653098e-07 0.01514592164687738 1.530614952229036e-06 6.543020115368032e-05 7.547942759989815e-07 0.006258213520445653 8.394752425026654e-07 0.011531871150582077 5.818353071282172e-07 0.00010099882700898027 0.0002534793501185634 1.5305880636470705e-05 0.004622969682129838 0.19805261738521165 0.16747648723034753 0.3126651361468807 5.636270414013041e-07 5.879559729744239e-07
4 5.586599782446225e-07 0.009341154856588063 5.621265015574593e-07 5.894186713980356e-07 5.782993069242529e-07 1.3977994652609802e-06 5.667733035341147e-07 0.0033700070233061374 5.555611945888148e-07 5.918303688674895e-07 5.849181381966074e-07 6.626043052774944e-05 5.831054093653098e-07 0.01514592164687738 1.530614952229036e-06 6.543020115368032e-05 7.547942759989815e-07 0.006258213520445653 8.394752425026654e-07 0.011531871150582077 5.818353071282172e-07 0.00010099882700898027 0.0002534793501185634 1.5305880636470705e-05 0.004622969682129838 0.19805261738521165 0.16747648723034753 0.3126651361468807 5.636270414013041e-07 5.879559729744239e-07
5 5.586599782446225e-07 0.009341154856588063 5.621265015574593e-07 5.894186713980356e-07 5.782993069242529e-07 1.3977994652609802e-06 5.667733035341147e-07 0.0033700070233061374 5.555611945888148e-07 5.918303688674895e-07 5.849181381966074e-07 6.626043052774944e-05 5.831054093653098e-07 0.01514592164687738 1.530614952229036e-06 6.543020115368032e-05 7.547942759989815e-07 0.006258213520445653 8.394752425026654e-07 0.011531871150582077 5.818353071282172e-07 0.00010099882700898027 0.0002534793501185634 1.5305880636470705e-05 0.004622969682129838 0.19805261738521165 0.16747648723034753 0.3126651361468807 5.636270414013041e-07 5.879559729744239e-07
6 5.586599782446225e-07 0.009341154856588063 5.621265015574593e-07 5.894186713980356e-07 5.782993069242529e-07 1.3977994652609802e-06 5.667733035341147e-07 0.0033700070233061374 5.555611945888148e-07 5.918303688674895e-07 5.849181381966074e-07 6.626043052774944e-05 5.831054093653098e-07 0.01514592164687738 1.530614952229036e-06 6.543020115368032e-05 7.547942759989815e-07 0.006258213520445653 8.394752425026654e-07 0.011531871150582077 5.818353071282172e-07 0.00010099882700898027 0.0002534793501185634 1.5305880636470705e-05 0.004622969682129838 0.19805261738521165 0.16747648723034753 0.3126651361468807 5.636270414013041e-07 5.879559729744239e-07
7 5.586599782446225e-07 0.009341154856588063 5.621265015574593e-07 5.894186713980356e-07 5.782993069242529e-07 1.3977994652609802e-06 5.667733035341147e-07 0.0033700070233061374 5.555611945888148e-07 5.918303688674895e-07 5.849181381966074e-07 6.626043052774944e-05 5.831054093653098e-07 0.01514592164687738 1.530614952229036e-06 6.543020115368032e-05 7.547942759989815e-07 0.006258213520445653 8.394752425026654e-07 0.011531871150582077 5.818353071282172e-07 0.00010099882700898027 0.0002534793501185634 1.5305880636470705e-05 0.004622969682129838 0.19805261738521165 0.16747648723034753 0.3126651361468807 5.636270414013041e-07 5.879559729744239e-07
8 5.586599782446225e-07 0.009341154856588063 5.621265015574593e-07 5.894186713980356e-07 5.782993069242529e-07 1.3977994652609802e-06 5.667733035341147e-07 0.0033700070233061374 5.555611945888148e-07 5.918303688674895e-07 5.849181381966074e-07 6.626043052774944e-05 5.831054093653098e-07 0.01514592164687738 1.530614952229036e-06 6.543020115368032e-05 7.547942759989815e-07 0.006258213520445653 8.394752425026654e-07 0.011531871150582077 5.818353071282172e-07 0.00010099882700898027 0.0002534793501185634 1.5305880636470705e-05 0.004622969682129838 0.19805261738521165 0.16747648723034753 0.3126651361468807 5.636270414013041e-07 5.879559729744239e-07
9 5.586599782446225e-07 0.009341154856588063 5.621265015574593e-07 5.894186713980356e-07 5.782993069242529e-07 1.3977994652609802e-06 5.667733035341147e-07 0.0033700070233061374 5.555611945888148e-07 5.918303688674895e-07 5.849181381966074e-07 6.626043052774944e-05 5.831054093653098e-07 0.01514592164687738 1.530614952229036e-06 6.543020115368032e-05 7.547942759989815e-07 0.006258213520445653 8.394752425026654e-07 0.011531871150582077 5.818353071282172e-07 0.00010099882700898027 0.0002534793501185634 1.5305880636470705e-05 0.004622969682129838 0.19805261738521165 0.16747648723034753 0.3126651361468807 5.636270414013041e-07 5.879559729744239e-07
10 5.586599782446225e-07 0.009341154856588063 5.621265015574593e-07 5.894186713980356e-07 5.782993069242529e-07 1.3977994652609802e-06 5.667733035341147e-07 0.0033700070233061374 5.555611945888148e-07 5.918303688674895e-07 5.849181381966074e-07 6.626043052774944e-05 5.831054093653098e-07 0.01514592164687738 1.530614952229036e-06 6.543020115368032e-05 7.547942759989815e-07 0.006258213520445653 8.394752425026654e-07 0.011531871150582077 5.818353071282172e-07 0.00010099882700898027 0.0002534793501185634 1.5305880636470705e-05 0.004622969682129838 0.19805261738521165 0.16747648723034753 0.3126651361468807 5.636270414013041e-07 5.879559729744239e-07
11 5.586599782446225e-07 0.009341154856588063 5.621265015574593e-07 5.894186713980356e-07 5.782993069242529e-07 1.3977994652609802e-06 5.667733035341147e-07 0.0033700070233061374 5.555611945888148e-07 5.918303688674895e-07 5.849181381966074e-07 6.626043052774944e-05 5.831054093653098e-07 0.01514592164687738 1.530614952229036e-06 6.543020115368032e-05 7.547942759989815e-07 0.006258213520445653 8.394752425026654e-07 0.011531871150582077 5.818353071282172e-07 0.00010099882700898027 0.0002534793501185634 1.5305880636470705e-05 0.004622969682129838 0.19805261738521165 0.16747648723034753 0.3126651361468807 5.636270414013041e-07 5.879559729744239e-07
12 1.1585130962381351e-06 0.005066915057005322 1.1309177854642627e-06 1.1497808279441893e-06 1.1473469539804487e-06 2.278296409229695e-06 1.1265541984812685e-06 0.005962472483232106 1.1718614465004002e-06 1.0712069238664658e-06 1.0962144802643262e-06 0.0027566190848862374 1.144753567452205e-06 0.05283020194736624 7.4719929070396526e-06 0.0009798808434891588 3.0822662002416817e-06 0.015116316692740906 2.1051946390533164e-06 0.037658054335530024 1.1061552620142617e-06 0.00018434270404160864 0.0011024269344763271 3.137019233289622e-05 0.10234946638291259 0.36684484504158243 0.23892193474810344 0.066793244821187 1.1414702568330593e-06 1.1290530488402557e-06
13 1.1585130962381351e-06 0.005066915057005322 1.1309177854642627e-06 1.1497808279441893e-06 1.1473469539804487e-06 2.278296409229695e-06 1.1265541984812685e-06 0.005962472483232106 1.1718614465004002e-06 1.0712069238664658e-06 1.0962144802643262e-06 0.0027566190848862374 1.144753567452205e-06 0.05283020194736624 7.4719929070396526e-06 0.0009798808434891588 3.0822662002416817e-06 0.015116316692740906 2.1051946390533164e-06 0.037658054335530024 1.1061552620142617e-06 0.00018434270404160864 0.0011024269344763271 3.137019233289622e-05 0.10234946638291259 0.36684484504158243 0.23892193474810344 0.066793244821187 1.1414702568330593e-06 1.1290530488402557e-06
14 1.1585130962381351e-06 0.005066915057005322 1.1309177854642627e-06 1.1497808279441893e-06 1.1473469539804487e-06 2.278296409229695e-06 1.1265541984812685e-06 0.005962472483232106 1.1718614465004002e-06 1.0712069238664658e-06 1.0962144802643262e-06 0.0027566190848862374 1.144753567452205e-06 0.05283020194736624 7.4719929070396526e-06 0.0009798808434891588 3.0822662002416817e-06 0.015116316692740906 2.1051946390533164e-06 0.037658054335530024 1.1061552620142617e-06 0.00018434270404160864 0.0011024269344763271 3.137019233289622e-05 0.10234946638291259 0.36684484504158243 0.23892193474810344 0.066793244821187 1.1414702568330593e-06 1.1290530488402557e-06
15 1.1585130962381351e-06 0.005066915057005322 1.1309177854642627e-06 1.1497808279441893e-06 1.1473469539804487e-06 2.278296409229695e-06 1.1265541984812685e-06 0.005962472483232106 1.1718614465004002e-06 1.0712069238664658e-06 1.0962144802643262e-06 0.0027566190848862374 1.144753567452205e-06 0.05283020194736624 7.4719929070396526e-06 0.0009798808434891588 3.0822662002416817e-06 0.015116316692740906 2.1051946390533164e-06 0.037658054335530024 1.1061552620142617e-06 0.00018434270404160864 0.0011024269344763271 3.137019233289622e-05 0.10234946638291259 0.36684484504158243 0.23892193474810344 0.066793244821187 1.1414702568330593e-06 1.1290530488402557e-06
16 1.1585130962381351e-06 0.005066915057005322 1.1309177854642627e-06 1.1497808279441893e-06 1.1473469539804487e-06 2.278296409229695e-06 1.1265541984812685e-06 0.005962472483232106 1.1718614465004002e-06 1.0712069238664658e-06 1.0962144802643262e-06 0.0027566190848862374 1.144753567452205e-06 0.05283020194736624 7.4719929070396526e-06 0.0009798808434891588 3.0822662002416817e-06 0.015116316692740906 2.1051946390533164e-06 0.037658054335530024 1.1061552620142617e-06 0.00018434270404160864 0.0011024269344763271 3.137019233289622e-05 0.10234946638291259 0.36684484504158243 0.23892193474810344 0.066793244821187 1.1414702568330593e-06 1.1290530488402557e-06
17 1.1585130962381351e-06 0.005066915057005322 1.1309177854642627e-06 1.1497808279441893e-06 1.1473469539804487e-06 2.278296409229695e-06 1.1265541984812685e-06 0.005962472483232106 1.1718614465004002e-06 1.0712069238664658e-06 1.0962144802643262e-06 0.0027566190848862374 1.144753567452205e-06 0.05283020194736624 7.4719929070396526e-06 0.0009798808434891588 3.0822662002416817e-06 0.015116316692740906 2.1051946390533164e-06 0.037658054335530024 1.1061552620142617e-06 0.00018434270404160864 0.0011024269344763271 3.137019233289622e-05 0.10234946638291259 0.36684484504158243 0.23892193474810344 0.066793244821187 1.1414702568330593e-06 1.1290530488402557e-06
18 1.1585130962381351e-06 0.005066915057005322 1.1309177854642627e-06 1.1497808279441893e-06 1.1473469539804487e-06 2.278296409229695e-06 1.1265541984812685e-06 0.005962472483232106 1.1718614465004002e-06 1.0712069238664658e-06 1.0962144802643262e-06 0.0027566190848862374 1.144753567452205e-06 0.05283020194736624 7.4719929070396526e-06 0.0009798808434891588 3.0822662002416817e-06 0.015116316692740906 2.1051946390533164e-06 0.037658054335530024 1.1061552620142617e-06 0.00018434270404160864 0.0011024269344763271 3.137019233289622e-05 0.10234946638291259 0.36684484504158243 0.23892193474810344 0.066793244821187 1.1414702568330593e-06 1.1290530488402557e-06
19 1.1585130962381351e-06 0.005066915057005322 1.1309177854642627e-06 1.1497808279441893e-06 1.1473469539804487e-06 2.278296409229695e-06 1.1265541984812685e-06 0.005962472483232106 1.1718614465004002e-06 1.0712069238664658e-06 1.0962144802643262e-06 0.0027566190848862374 1.144753567452205e-06 0.05283020194736624 7.4719929070396526e-06 0.0009798808434891588 3.0822662002416817e-06 0.015116316692740906 2.1051946390533164e-06 0.037658054335530024 1.1061552620142617e-06 0.00018434270404160864 0.0011024269344763271 3.137019233289622e-05 0.10234946638291259 0.36684484504158243 0.23892193474810344 0.066793244821187 1.1414702568330593e-06 1.1290530488402557e-06
20 1.1585130962381351e-06 0.005066915057005322 1.1309177854642627e-06 1.1497808279441893e-06 1.1473469539804487e-06 2.278296409229695e-06 1.1265541984812685e-06 0.005962472483232106 1.1718614465004002e-06 1.0712069238664658e-06 1.0962144802643262e-06 0.0027566190848862374 1.144753567452205e-06 0.05283020194736624 7.4719929070396526e-06 0.0009798808434891588 3.0822662002416817e-06 0.015116316692740906 2.1051946390533164e-06 0.037658054335530024 1.1061552620142617e-06 0.00018434270404160864 0.0011024269344763271 3.137019233289622e-05 0.10234946638291259 0.36684484504158243 0.23892193474810344 0.066793244821187 1.1414702568330593e-06 1.1290530488402557e-06
21 1.1585130962381351e-06 0.005066915057005322 1.1309177854642627e-06 1.1497808279441893e-06 1.1473469539804487e-06 2.278296409229695e-06 1.1265541984812685e-06 0.005962472483232106 1.1718614465004002e-06 1.0712069238664658e-06 1.0962144802643262e-06 0.0027566190848862374 1.144753567452205e-06 0.05283020194736624 7.4719929070396526e-06 0.0009798808434891588 3.0822662002416817e-06 0.015116316692740906 2.1051946390533164e-06 0.037658054335530024 1.1061552620142617e-06 0.00018434270404160864 0.0011024269344763271 3.137019233289622e-05 0.10234946638291259 0.36684484504158243 0.23892193474810344 0.066793244821187 1.1414702568330593e-06 1.1290530488402557e-06
22 6.406644285230934e-07 6.569056170912028e-07 6.440738136511989e-07 6.659330022857724e-07 6.872953745908537e-07 1.672212236552733e-06 6.083499286548989e-07 0.0033897530212539896 6.067276587675919e-07 6.443291512064342e-07 6.724708062631007e-07 0.11391466818018874 6.850773554413006e-07 0.47859081951046506 9.09280329060309e-06 0.15207169280562627 1.7097310513612028e-06 0.01979062166016858 1.2666826107988638e-06 0.06882929529231234 7.248610512466271e-07 0.00010757895318601066 0.00046947554846707906 4.898084614112693e-05 0.007544048722002996 0.06218713883338969 0.017538841837598584 0.015920239483116636 6.615458943454504e-07 6.51265950928944e-07
23 6.406644285230934e-07 6.569056170912028e-07 6.440738136511989e-07 6.659330022857724e-07 6.872953745908537e-07 1.672212236552733e-06 6.083499286548989e-07 0.0033897530212539896 6.067276587675919e-07 6.443291512064342e-07 6.724708062631007e-07 0.11391466818018874 6.850773554413006e-07 0.47859081951046506 9.09280329060309e-06 0.15207169280562627 1.7097310513612028e-06 0.01979062166016858 1.2666826107988638e-06 0.06882929529231234 7.248610512466271e-07 0.00010757895318601066 0.00046947554846707906 4.898084614112693e-05 0.007544048722002996 0.06218713883338969 0.017538841837598584 0.015920239483116636 6.615458943454504e-07 6.51265950928944e-07
24 6.406644285230934e-07 6.569056170912028e-07 6.440738136511989e-07 6.659330022857724e-07 6.872953745908537e-07 1.672212236552733e-06 6.083499286548989e-07 0.0033897530212539896 6.067276587675919e-07 6.443291512064342e-07 6.724708062631007e-07 0.11391466818018874 6.850773554413006e-07 0.47859081951046506 9.09280329060309e-06 0.15207169280562627 1.7097310513612028e-06 0.01979062166016858 1.2666826107988638e-06 0.06882929529231234 7.248610512466271e-07 0.00010757895318601066 0.00046947554846707906 4.898084614112693e-05 0.007544048722002996 0.06218713883338969 0.017538841837598584 0.015920239483116636 6.615458943454504e-07 6.51265950928944e-07
25 6.406644285230934e-07 6.569056170912028e-07 6.440738136511989e-07 6.659330022857724e-07 6.872953745908537e-07 1.672212236552733e-06 6.083499286548989e-07 0.0033897530212539896 6.067276587675919e-07 6.443291512064342e-07 6.724708062631007e-07 0.11391466818018874 6.850773554413006e-07 0.47859081951046506 9.09280329060309e-06 0.15207169280562627 1.7097310513612028e-06 0.01979062166016858 1.2666826107988638e-06 0.06882929529231234 7.248610512466271e-07 0.00010757895318601066 0.00046947554846707906 4.898084614112693e-05 0.007544048722002996 0.06218713883338969 0.017538841837598584 0.015920239483116636 6.615458943454504e-07 6.51265950928944e-07
26 6.406644285230934e-07 6.569056170912028e-07 6.440738136511989e-07 6.659330022857724e-07 6.872953745908537e-07 1.672212236552733e-06 6.083499286548989e-07 0.0033897530212539896 6.067276587675919e-07 6.443291512064342e-07 6.724708062631007e-07 0.11391466818018874 6.850773554413006e-07 0.47859081951046506 9.09280329060309e-06 0.15207169280562627 1.7097310513612028e-06 0.01979062166016858 1.2666826107988638e-06 0.06882929529231234 7.248610512466271e-07 0.00010757895318601066 0.00046947554846707906 4.898084614112693e-05 0.007544048722002996 0.06218713883338969 0.017538841837598584 0.015920239483116636 6.615458943454504e-07 6.51265950928944e-07
27 6.406644285230934e-07 6.569056170912028e-07 6.440738136511989e-07 6.659330022857724e-07 6.872953745908537e-07 1.672212236552733e-06 6.083499286548989e-07 0.0033897530212539896 6.067276587675919e-07 6.443291512064342e-07 6.724708062631007e-07 0.11391466818018874 6.850773554413006e-07 0.47859081951046506 9.09280329060309e-06 0.15207169280562627 1.7097310513612028e-06 0.01979062166016858 1.2666826107988638e-06 0.06882929529231234 7.248610512466271e-07 0.00010757895318601066 0.00046947554846707906 4.898084614112693e-05 0.007544048722002996 0.06218713883338969 0.017538841837598584 0.015920239483116636 6.615458943454504e-07 6.51265950928944e-07
28 6.406644285230934e-07 6.569056170912028e-07 6.440738136511989e-07 6.659330022857724e-07 6.872953745908537e-07 1.672212236552733e-06 6.083499286548989e-07 0.0033897530212539896 6.067276587675919e-07 6.443291512064342e-07 6.724708062631007e-07 0.11391466818018874 6.850773554413006e-07 0.47859081951046506 9.09280329060309e-06 0.15207169280562627 1.7097310513612028e-06 0.01979062166016858 1.2666826107988638e-06 0.06882929529231234 7.248610512466271e-07 0.00010757895318601066 0.00046947554846707906 4.898084614112693e-05 0.007544048722002996 0.06218713883338969 0.017538841837598584 0.015920239483116636 6.615458943454504e-07 6.51265950928944e-07
29 6.406644285230934e-07 6.569056170912028e-07 6.440738136511989e-07 6.659330022857724e-07 6.872953745908537e-07 1.672212236552733e-06 6.083499286548989e-07 0.0033897530212539896 6.067276587675919e-07 6.443291512064342e-07 6.724708062631007e-07 0.11391466818018874 6.850773554413006e-07 0.47859081951046506 9.09280329060309e-06 0.15207169280562627 1.7097310513612028e-06 0.01979062166016858 1.2666826107988638e-06 0.06882929529231234 7.248610512466271e-07 0.00010757895318601066 0.00046947554846707906 4.898084614112693e-05 0.007544048722002996 0.06218713883338969 0.017538841837598584 0.015920239483116636 6.615458943454504e-07 6.51265950928944e-07
30 6.406644285230934e-07 6.569056170912028e-07 6.440738136511989e-07 6.659330022857724e-07 6.872953745908537e-07 1.672212236552733e-06 6.083499286548989e-07 0.0033897530212539896 6.067276587675919e-07 6.443291512064342e-07 6.724708062631007e-07 0.11391466818018874 6.850773554413006e-07 0.47859081951046506 9.09280329060309e-06 0.15207169280562627 1.7097310513612028e-06 0.01979062166016858 1.2666826107988638e-06 0.06882929529231234 7.248610512466271e-07 0.00010757895318601066 0.00046947554846707906 4.898084614112693e-05 0.007544048722002996 0.06218713883338969 0.017538841837598584 0.015920239483116636 6.615458943454504e-07 6.51265950928944e-07
31 6.406644285230934e-07 6.569056170912028e-07 6.440738136511989e-07 6.659330022857724e-07 6.872953745908537e-07 1.672212236552733e-06 6.083499286548989e-07 0.0033897530212539896 6.067276587675919e-07 6.443291512064342e-07 6.724708062631007e-07 0.11391466818018874 6.850773554413006e-07 0.47859081951046506 9.09280329060309e-06 0.15207169280562627 1.7097310513612028e-06 0.01979062166016858 1.2666826107988638e-06 0.06882929529231234 7.248610512466271e-07 0.00010757895318601066 0.00046947554846707906 4.898084614112693e-05 0.007544048722002996 0.06218713883338969 0.017538841837598584 0.015920239483116636 6.615458943454504e-07 6.51265950928944e-07
32 3.2453030974625023e-07 3.7338503360057804e-07 3.6749977070399655e-07 2.5480897100780595e-07 3.8184260495664897e-07 8.478294283218468e-06 3.3281688598197283e-07 0.6096192568695153 3.5964329131166057e-07 1.2465995530839397e-06 3.2707653719972256e-07 0.024319532072333394 3.4317134499066943e-07 0.20679865256110874 3.514446630912442e-05 5.397219800686846e-05 2.0348157262234013e-05 0.0161618106411833 2.159593658921536e-05 0.007759741941913365 3.414874805211097e-07 2.8090333802018785e-05 2.2792271476464757e-05 2.96763307002357e-05 0.00024316601723267515 0.006015894519095338 0.013243683718112543 0.005542795760461557 3.538125949091102e-07 3.569105419530374e-07
33 3.2453030974625023e-07 3.7338503360057804e-07 3.6749977070399655e-07 2.5480897100780595e-07 3.8184260495664897e-07 8.478294283218468e-06 3.3281688598197283e-07 0.6096192568695153 3.5964329131166057e-07 1.2465995530839397e-06 3.2707653719972256e-07 0.024319532072333394 3.4317134499066943e-07 0.20679865256110874 3.514446630912442e-05 5.397219800686846e-05 2.0348157262234013e-05 0.0161618106411833 2.159593658921536e-05 0.007759741941913365 3.414874805211097e-07 2.8090333802018785e-05 2.2792271476464757e-05 2.96763307002357e-05 0.00024316601723267515 0.006015894519095338 0.013243683718112543 0.005542795760461557 3.538125949091102e-07 3.569105419530374e-07
34 3.2453030974625023e-07 3.7338503360057804e-07 3.6749977070399655e-07 2.5480897100780595e-07 3.8184260495664897e-07 8.478294283218468e-06 3.3281688598197283e-07 0.6096192568695153 3.5964329131166057e-07 1.2465995530839397e-06 3.2707653719972256e-07 0.024319532072333394 3.4317134499066943e-07 0.20679865256110874 3.514446630912442e-05 5.397219800686846e-05 2.0348157262234013e-05 0.0161618106411833 2.159593658921536e-05 0.007759741941913365 3.414874805211097e-07 2.8090333802018785e-05 2.2792271476464757e-05 2.96763307002357e-05 0.00024316601723267515 0.006015894519095338 0.013243683718112543 0.005542795760461557 3.538125949091102e-07 3.569105419530374e-07
35 3.2453030974625023e-07 3.7338503360057804e-07 3.6749977070399655e-07 2.5480897100780595e-07 3.8184260495664897e-07 8.478294283218468e-06 3.3281688598197283e-07 0.6096192568695153 3.5964329131166057e-07 1.2465995530839397e-06 3.2707653719972256e-07 0.024319532072333394 3.4317134499066943e-07 0.20679865256110874 3.514446630912442e-05 5.397219800686846e-05 2.0348157262234013e-05 0.0161618106411833 2.159593658921536e-05 0.007759741941913365 3.414874805211097e-07 2.8090333802018785e-05 2.2792271476464757e-05 2.96763307002357e-05 0.00024316601723267515 0.006015894519095338 0.013243683718112543 0.005542795760461557 3.538125949091102e-07 3.569105419530374e-07
36 3.2453030974625023e-07 3.7338503360057804e-07 3.6749977070399655e-07 2.5480897100780595e-07 3.8184260495664897e-07 8.478294283218468e-06 3.3281688598197283e-07 0.6096192568695153 3.5964329131166057e-07 1.2465995530839397e-06 3.2707653719972256e-07 0.024319532072333394 3.4317134499066943e-07 0.20679865256110874 3.514446630912442e-05 5.397219800686846e-05 2.0348157262234013e-05 0.0161618106411833 2.159593658921536e-05 0.007759741941913365 3.414874805211097e-07 2.8090333802018785e-05 2.2792271476464757e-05 2.96763307002357e-05 0.00024316601723267515 0.006015894519095338 0.013243683718112543 0.005542795760461557 3.538125949091102e-07 3.569105419530374e-07
37 3.2453030974625023e-07 3.7338503360057804e-07 3.6749977070399655e-07 2.5480897100780595e-07 3.8184260495664897e-07 8.478294283218468e-06 3.3281688598197283e-07 0.6096192568695153 3.5964329131166057e-07 1.2465995530839397e-06 3.2707653719972256e-07 0.024319532072333394 3.4317134499066943e-07 0.20679865256110874 3.514446630912442e-05 5.397219800686846e-05 2.0348157262234013e-05 0.0161618106411833 2.159593658921536e-05 0.007759741941913365 3.414874805211097e-07 2.8090333802018785e-05 2.2792271476464757e-05 2.96763307002357e-05 0.00024316601723267515 0.006015894519095338 0.013243683718112543 0.005542795760461557 3.538125949091102e-07 3.569105419530374e-07
38 3.2453030974625023e-07 3.7338503360057804e-07 3.6749977070399655e-07 2.5480897100780595e-07 3.8184260495664897e-07 8.478294283218468e-06 3.3281688598197283e-07 0.6096192568695153 3.5964329131166057e-07 1.2465995530839397e-06 3.2707653719972256e-07 0.024319532072333394 3.4317134499066943e-07 0.20679865256110874 3.514446630912442e-05 5.397219800686846e-05 2.0348157262234013e-05 0.0161618106411833 2.159593658921536e-05 0.007759741941913365 3.414874805211097e-07 2.8090333802018785e-05 2.2792271476464757e-05 2.96763307002357e-05 0.00024316601723267515 0.006015894519095338 0.013243683718112543 0.005542795760461557 3.538125949091102e-07 3.569105419530374e-07
39 3.2453030974625023e-07 3.7338503360057804e-07 3.6749977070399655e-07 2.5480897100780595e-07 3.8184260495664897e-07 8.478294283218468e-06 3.3281688598197283e-07 0.6096192568695153 3.5964329131166057e-07 1.2465995530839397e-06 3.2707653719972256e-07 0.024319532072333394 3.4317134499066943e-07 0.20679865256110874 3.514446630912442e-05 5.397219800686846e-05 2.0348157262234013e-05 0.0161618106411833 2.159593658921536e-05 0.007759741941913365 3.414874805211097e-07 2.8090333802018785e-05 2.2792271476464757e-05 2.96763307002357e-05 0.00024316601723267515 0.006015894519095338 0.013243683718112543 0.005542795760461557 3.538125949091102e-07 3.569105419530374e-07
40 3.2453030974625023e-07 3.7338503360057804e-07 3.6749977070399655e-07 2.5480897100780595e-07 3.8184260495664897e-07 8.478294283218468e-06 3.3281688598197283e-07 0.6096192568695153 3.5964329131166057e-07 1.2465995530839397e-06 3.2707653719972256e-07 0.024319532072333394 3.4317134499066943e-07 0.20679865256110874 3.514446630912442e-05 5.397219800686846e-05 2.0348157262234013e-05 0.0161618106411833 2.159593658921536e-05 0.007759741941913365 3.414874805211097e-07 2.8090333802018785e-05 2.2792271476464757e-05 2.96763307002357e-05 0.00024316601723267515 0.006015894519095338 0.013243683718112543 0.005542795760461557 3.538125949091102e-07 3.569105419530374e-07
41 3.2453030974625023e-07 3.7338503360057804e-07 3.6749977070399655e-07 2.5480897100780595e-07 3.8184260495664897e-07 8.478294283218468e-06 3.3281688598197283e-07 0.6096192568695153 3.5964329131166057e-07 1.2465995530839397e-06 3.2707653719972256e-07 0.024319532072333394 3.4317134499066943e-07 0.20679865256110874 3.514446630912442e-05 5.397219800686846e-05 2.0348157262234013e-05 0.0161618106411833 2.159593658921536e-05 0.007759741941913365 3.414874805211097e-07 2.8090333802018785e-05 2.2792271476464757e-05 2.96763307002357e-05 0.00024316601723267515 0.006015894519095338 0.013243683718112543 0.005542795760461557 3.538125949091102e-07 3.569105419530374e-07
42 3.2453030974625023e-07 3.7338503360057804e-07 3.6749977070399655e-07 2.5480897100780595e-07 3.8184260495664897e-07 8.478294283218468e-06 3.3281688598197283e-07 0.6096192568695153 3.5964329131166057e-07 1.2465995530839397e-06 3.2707653719972256e-07 0.024319532072333394 3.4317134499066943e-07 0.20679865256110874 3.514446630912442e-05 5.397219800686846e-05 2.0348157262234013e-05 0.0161618106411833 2.159593658921536e-05 0.007759741941913365 3.414874805211097e-07 2.8090333802018785e-05 2.2792271476464757e-05 2.96763307002357e-05 0.00024316601723267515 0.006015894519095338 0.013243683718112543 0.005542795760461557 3.538125949091102e-07 3.569105419530374e-07
43 3.2453030974625023e-07 3.7338503360057804e-07 3.6749977070399655e-07 2.5480897100780595e-07 3.8184260495664897e-07 8.478294283218468e-06 3.3281688598197283e-07 0.6096192568695153 3.5964329131166057e-07 1.2465995530839397e-06 3.2707653719972256e-07 0.024319532072333394 3.4317134499066943e-07 0.20679865256110874 3.514446630912442e-05 5.397219800686846e-05 2.0348157262234013e-05 0.0161618106411833 2.159593658921536e-05 0.007759741941913365 3.414874805211097e-07 2.8090333802018785e-05 2.2792271476464757e-05 2.96763307002357e-05 0.00024316601723267515 0.006015894519095338 0.013243683718112543 0.005542795760461557 3.538125949091102e-07 3.569105419530374e-07
44 3.2453030974625023e-07 3.7338503360057804e-07 3.6749977070399655e-07 2.5480897100780595e-07 3.8184260495664897e-07 8.478294283218468e-06 3.3281688598197283e-07 0.6096192568695153 3.5964329131166057e-07 1.2465995530839397e-06 3.2707653719972256e-07 0.024319532072333394 3.4317134499066943e-07 0.20679865256110874 3.514446630912442e-05 5.397219800686846e-05 2.0348157262234013e-05 0.0161618106411833 2.159593658921536e-05 0.007759741941913365 3.414874805211097e-07 2.8090333802018785e-05 2.2792271476464757e-05 2.96763307002357e-05 0.00024316601723267515 0.006015894519095338 0.013243683718112543 0.005542795760461557 3.538125949091102e-07 3.569105419530374e-07
45 1.4372796448535192e-06 1.498041200646907e-06 1.427415973326428e-06 1.420906429061911e-06 1.4729098759940743e-06 0.0917205136842892 1.4800687431008431e-06 0.39476553153733995 1.4134811213262755e-06 0.06524055053959038 0.0005770466424529263 0.2309030478794623 1.4485627373322606e-06 0.00017151892951317534 0.00022953688305231212 0.00017393222344439714 4.58987503354681e-05 0.004431516026841674 1.1668542209733662e-05 0.0023404271109911737 1.6805353594955599e-06 2.0916381071784484e-05 2.6151303644318447e-06 1.4163100367953426e-05 4.254402146683085e-05 0.006456959704931024 0.0009398993523097183 0.002134860712197609 1.5675690106856652e-06 1.4420090028255604e-06
46 1.4372796448535192e-06 1.498041200646907e-06 1.427415973326428e-06 1.420906429061911e-06 1.4729098759940743e-06 0.0917205136842892 1.4800687431008431e-06 0.39476553153733995 1.4134811213262755e-06 0.06524055053959038 0.0005770466424529263 0.2309030478794623 1.4485627373322606e-06 0.00017151892951317534 0.00022953688305231212 0.00017393222344439714 4.58987503354681e-05 0.004431516026841674 1.1668542209733662e-05 0.0023404271109911737 1.6805353594955599e-06 2.0916381071784484e-05 2.6151303644318447e-06 1.4163100367953426e-05 4.254402146683085e-05 0.006456959704931024 0.0009398993523097183 0.002134860712197609 1.5675690106856652e-06 1.4420090028255604e-06
47 1.4372796448535192e-06 1.498041200646907e-06 1.427415973326428e-06 1.420906429061911e-06 1.4729098759940743e-06 0.0917205136842892 1.4800687431008431e-06 0.39476553153733995 1.4134811213262755e-06 0.06524055053959038 0.0005770466424529263 0.2309030478794623 1.4485627373322606e-06 0.00017151892951317534 0.00022953688305231212 0.00017393222344439714 4.58987503354681e-05 0.004431516026841674 1.1668542209733662e-05 0.0023404271109911737 1.6805353594955599e-06 2.0916381071784484e-05 2.6151303644318447e-06 1.4163100367953426e-05 4.254402146683085e-05 0.006456959704931024 0.0009398993523097183 0.002134860712197609 1.5675690106856652e-06 1.4420090028255604e-06
48 1.4372796448535192e-06 1.498041200646907e-06 1.427415973326428e-06 1.420906429061911e-06 1.4729098759940743e-06 0.0917205136842892 1.4800687431008431e-06 0.39476553153733995 1.4134811213262755e-06 0.06524055053959038 0.0005770466424529263 0.2309030478794623 1.4485627373322606e-06 0.00017151892951317534 0.00022953688305231212 0.00017393222344439714 4.58987503354681e-05 0.004431516026841674 1.1668542209733662e-05 0.0023404271109911737 1.6805353594955599e-06 2.0916381071784484e-05 2.6151303644318447e-06 1.4163100367953426e-05 4.254402146683085e-05 0.006456959704931024 0.0009398993523097183 0.002134860712197609 1.5675690106856652e-06 1.4420090028255604e-06
49 1.4372796448535192e-06 1.498041200646907e-06 1.427415973326428e-06 1.420906429061911e-06 1.4729098759940743e-06 0.0917205136842892 1.4800687431008431e-06 0.39476553153733995 1.4134811213262755e-06 0.06524055053959038 0.0005770466424529263 0.2309030478794623 1.4485627373322606e-06 0.00017151892951317534 0.00022953688305231212 0.00017393222344439714 4.58987503354681e-05 0.004431516026841674 1.1668542209733662e-05 0.0023404271109911737 1.6805353594955599e-06 2.0916381071784484e-05 2.6151303644318447e-06 1.4163100367953426e-05 4.254402146683085e-05 0.006456959704931024 0.0009398993523097183 0.002134860712197609 1.5675690106856652e-06 1.4420090028255604e-06
50 1.4372796448535192e-06 1.498041200646907e-06 1.427415973326428e-06 1.420906429061911e-06 1.4729098759940743e-06 0.0917205136842892 1.4800687431008431e-06 0.39476553153733995 1.4134811213262755e-06 0.06524055053959038 0.0005770466424529263 0.2309030478794623 1.4485627373322606e-06 0.00017151892951317534 0.00022953688305231212 0.00017393222344439714 4.58987503354681e-05 0.004431516026841674 1.1668542209733662e-05 0.0023404271109911737 1.6805353594955599e-06 2.0916381071784484e-05 2.6151303644318447e-06 1.4163100367953426e-05 4.254402146683085e-05 0.006456959704931024 0.0009398993523097183 0.002134860712197609 1.5675690106856652e-06 1.4420090028255604e-06
51 1.4372796448535192e-06 1.498041200646907e-06 1.427415973326428e-06 1.420906429061911e-06 1.4729098759940743e-06 0.0917205136842892 1.4800687431008431e-06 0.39476553153733995 1.4134811213262755e-06 0.06524055053959038 0.0005770466424529263 0.2309030478794623 1.4485627373322606e-06 0.00017151892951317534 0.00022953688305231212 0.00017393222344439714 4.58987503354681e-05 0.004431516026841674 1.1668542209733662e-05 0.0023404271109911737 1.6805353594955599e-06 2.0916381071784484e-05 2.6151303644318447e-06 1.4163100367953426e-05 4.254402146683085e-05 0.006456959704931024 0.0009398993523097183 0.002134860712197609 1.5675690106856652e-06 1.4420090028255604e-06
52 1.4372796448535192e-06 1.498041200646907e-06 1.427415973326428e-06 1.420906429061911e-06 1.4729098759940743e-06 0.0917205136842892 1.4800687431008431e-06 0.39476553153733995 1.4134811213262755e-06 0.06524055053959038 0.0005770466424529263 0.2309030478794623 1.4485627373322606e-06 0.00017151892951317534 0.00022953688305231212 0.00017393222344439714 4.58987503354681e-05 0.004431516026841674 1.1668542209733662e-05 0.0023404271109911737 1.6805353594955599e-06 2.0916381071784484e-05 2.6151303644318447e-06 1.4163100367953426e-05 4.254402146683085e-05 0.006456959704931024 0.0009398993523097183 0.002134860712197609 1.5675690106856652e-06 1.4420090028255604e-06
53 1.4372796448535192e-06 1.498041200646907e-06 1.427415973326428e-06 1.420906429061911e-06 1.4729098759940743e-06 0.0917205136842892 1.4800687431008431e-06 0.39476553153733995 1.4134811213262755e-06 0.06524055053959038 0.0005770466424529263 0.2309030478794623 1.4485627373322606e-06 0.00017151892951317534 0.00022953688305231212 0.00017393222344439714 4.58987503354681e-05 0.004431516026841674 1.1668542209733662e-05 0.0023404271109911737 1.6805353594955599e-06 2.0916381071784484e-05 2.6151303644318447e-06 1.4163100367953426e-05 4.254402146683085e-05 0.006456959704931024 0.0009398993523097183 0.002134860712197609 1.5675690106856652e-06 1.4420090028255604e-06
54 1.4372796448535192e-06 1.498041200646907e-06 1.427415973326428e-06 1.420906429061911e-06 1.4729098759940743e-06 0.0917205136842892 1.4800687431008431e-06 0.39476553153733995 1.4134811213262755e-06 0.06524055053959038 0.0005770466424529263 0.2309030478794623 1.4485627373322606e-06 0.00017151892951317534 0.00022953688305231212 0.00017393222344439714 4.58987503354681e-05 0.004431516026841674 1.1668542209733662e-05 0.0023404271109911737 1.6805353594955599e-06 2.0916381071784484e-05 2.6151303644318447e-06 1.4163100367953426e-05 4.254402146683085e-05 0.006456959704931024 0.0009398993523097183 0.002134860712197609 1.5675690106856652e-06 1.4420090028255604e-06
55 1.4372796448535192e-06 1.498041200646907e-06 1.427415973326428e-06 1.420906429061911e-06 1.4729098759940743e-06 0.0917205136842892 1.4800687431008431e-06 0.39476553153733995 1.4134811213262755e-06 0.06524055053959038 0.0005770466424529263 0.2309030478794623 1.4485627373322606e-06 0.00017151892951317534 0.00022953688305231212 0.00017393222344439714 4.58987503354681e-05 0.004431516026841674 1.1668542209733662e-05 0.0023404271109911737 1.6805353594955599e-06 2.0916381071784484e-05 2.6151303644318447e-06 1.4163100367953426e-05 4.254402146683085e-05 0.006456959704931024 0.0009398993523097183 0.002134860712197609 1.5675690106856652e-06 1.4420090028255604e-06
56 1.4372796448535192e-06 1.498041200646907e-06 1.427415973326428e-06 1.420906429061911e-06 1.4729098759940743e-06 0.0917205136842892 1.4800687431008431e-06 0.39476553153733995 1.4134811213262755e-06 0.06524055053959038 0.0005770466424529263 0.2309030478794623 1.4485627373322606e-06 0.00017151892951317534 0.00022953688305231212 0.00017393222344439714 4.58987503354681e-05 0.004431516026841674 1.1668542209733662e-05 0.0023404271109911737 1.6805353594955599e-06 2.0916381071784484e-05 2.6151303644318447e-06 1.4163100367953426e-05 4.254402146683085e-05 0.006456959704931024 0.0009398993523097183 0.002134860712197609 1.5675690106856652e-06 1.4420090028255604e-06
57 1.4372796448535192e-06 1.498041200646907e-06 1.427415973326428e-06 1.420906429061911e-06 1.4729098759940743e-06 0.0917205136842892 1.4800687431008431e-06 0.39476553153733995 1.4134811213262755e-06 0.06524055053959038 0.0005770466424529263 0.2309030478794623 1.4485627373322606e-06 0.00017151892951317534 0.00022953688305231212 0.00017393222344439714 4.58987503354681e-05 0.004431516026841674 1.1668542209733662e-05 0.0023404271109911737 1.6805353594955599e-06 2.0916381071784484e-05 2.6151303644318447e-06 1.4163100367953426e-05 4.254402146683085e-05 0.006456959704931024 0.0009398993523097183 0.002134860712197609 1.5675690106856652e-06 1.4420090028255604e-06
58 1.4372796448535192e-06 1.498041200646907e-06 1.427415973326428e-06 1.420906429061911e-06 1.4729098759940743e-06 0.0917205136842892 1.4800687431008431e-06 0.39476553153733995 1.4134811213262755e-06 0.06524055053959038 0.0005770466424529263 0.2309030478794623 1.4485627373322606e-06 0.00017151892951317534 0.00022953688305231212 0.00017393222344439714 4.58987503354681e-05 0.004431516026841674 1.1668542209733662e-05 0.0023404271109911737 1.6805353594955599e-06 2.0916381071784484e-05 2.6151303644318447e-06 1.4163100367953426e-05 4.254402146683085e-05 0.006456959704931024 0.0009398993523097183 0.002134860712197609 1.5675690106856652e-06 1.4420090028255604e-06
59 1.4372796448535192e-06 1.498041200646907e-06 1.427415973326428e-06 1.420906429061911e-06 1.4729098759940743e-06 0.0917205136842892 1.4800687431008431e-06 0.39476553153733995 1.4134811213262755e-06 0.06524055053959038 0.0005770466424529263 0.2309030478794623 1.4485627373322606e-06 0.00017151892951317534 0.00022953688305231212 0.00017393222344439714 4.58987503354681e-05 0.004431516026841674 1.1668542209733662e-05 0.0023404271109911737 1.6805353594955599e-06 2.0916381071784484e-05 2.6151303644318447e-06 1.4163100367953426e-05 4.254402146683085e-05 0.006456959704931024 0.0009398993523097183 0.002134860712197609 1.5675690106856652e-06 1.4420090028255604e-06
60 1.4372796448535192e-06 1.498041200646907e-06 1.427415973326428e-06 1.420906429061911e-06 1.4729098759940743e-06 0.0917205136842892 1.4800687431008431e-06 0.39476553153733995 1.4134811213262755e-06 0.06524055053959038 0.0005770466424529263 0.2309030478794623 1.4485627373322606e-06 0.00017151892951317534 0.00022953688305231212 0.00017393222344439714 4.58987503354681e-05 0.004431516026841674 1.1668542209733662e-05 0.0023404271109911737 1.6805353594955599e-06 2.0916381071784484e-05 2.6151303644318447e-06 1.4163100367953426e-05 4.254402146683085e-05 0.006456959704931024 0.0009398993523097183 0.002134860712197609 1.5675690106856652e-06 1.4420090028255604e-06
61 1.4372796448535192e-06 1.498041200646907e-06 1.427415973326428e-06 1.420906429061911e-06 1.4729098759940743e-06 0.0917205136842892 1.4800687431008431e-06 0.39476553153733995 1.4134811213262755e-06 0.06524055053959038 0.0005770466424529263 0.2309030478794623 1.4485627373322606e-06 0.00017151892951317534 0.00022953688305231212 0.00017393222344439714 4.58987503354681e-05 0.004431516026841674 1.1668542209733662e-05 0.0023404271109911737 1.6805353594955599e-06 2.0916381071784484e-05 2.6151303644318447e-06 1.4163100367953426e-05 4.254402146683085e-05 0.006456959704931024 0.0009398993523097183 0.002134860712197609 1.5675690106856652e-06 1.4420090028255604e-06
62 1.4372796448535192e-06 1.498041200646907e-06 1.427415973326428e-06 1.420906429061911e-06 1.4729098759940743e-06 0.0917205136842892 1.4800687431008431e-06 0.39476553153733995 1.4134811213262755e-06 0.06524055053959038 0.0005770466424529263 0.2309030478794623 1.4485627373322606e-06 0.00017151892951317534 0.00022953688305231212 0.00017393222344439714 4.58987503354681e-05 0.004431516026841674 1.1668542209733662e-05 0.0023404271109911737 1.6805353594955599e-06 2.0916381071784484e-05 2.6151303644318447e-06 1.4163100367953426e-05 4.254402146683085e-05 0.006456959704931024 0.0009398993523097183 0.002134860712197609 1.5675690106856652e-06 1.4420090028255604e-06
63 1.4372796448535192e-06 1.498041200646907e-06 1.427415973326428e-06 1.420906429061911e-06 1.4729098759940743e-06 0.0917205136842892 1.4800687431008431e-06 0.39476553153733995 1.4134811213262755e-06 0.06524055053959038 0.0005770466424529263 0.2309030478794623 1.4485627373322606e-06 0.00017151892951317534 0.00022953688305231212 0.00017393222344439714 4.58987503354681e-05 0.004431516026841674 1.1668542209733662e-05 0.0023404271109911737 1.6805353594955599e-06 2.0916381071784484e-05 2.6151303644318447e-06 1.4163100367953426e-05 4.254402146683085e-05 0.006456959704931024 0.0009398993523097183 0.002134860712197609 1.5675690106856652e-06 1.4420090028255604e-06
64 1.4372796448535192e-06 1.498041200646907e-06 1.427415973326428e-06 1.420906429061911e-06 1.4729098759940743e-06 0.0917205136842892 1.4800687431008431e-06 0.39476553153733995 1.4134811213262755e-06 0.06524055053959038 0.0005770466424529263 0.2309030478794623 1.4485627373322606e-06 0.00017151892951317534 0.00022953688305231212 0.00017393222344439714 4.58987503354681e-05 0.004431516026841674 1.1668542209733662e-05 0.0023404271109911737 1.6805353594955599e-06 2.0916381071784484e-05 2.6151303644318447e-06 1.4163100367953426e-05 4.254402146683085e-05 0.006456959704931024 0.0009398993523097183 0.002134860712197609 1.5675690106856652e-06 1.4420090028255604e-06
65 1.4372796448535192e-06 1.498041200646907e-06 1.427415973326428e-06 1.420906429061911e-06 1.4729098759940743e-06 0.0917205136842892 1.4800687431008431e-06 0.39476553153733995 1.4134811213262755e-06 0.06524055053959038 0.0005770466424529263 0.2309030478794623 1.4485627373322606e-06 0.00017151892951317534 0.00022953688305231212 0.00017393222344439714 4.58987503354681e-05 0.004431516026841674 1.1668542209733662e-05 0.0023404271109911737 1.6805353594955599e-06 2.0916381071784484e-05 2.6151303644318447e-06 1.4163100367953426e-05 4.254402146683085e-05 0.006456959704931024 0.0009398993523097183 0.002134860712197609 1.5675690106856652e-06 1.4420090028255604e-06
66 1.4372796448535192e-06 1.498041200646907e-06 1.427415973326428e-06 1.420906429061911e-06 1.4729098759940743e-06 0.0917205136842892 1.4800687431008431e-06 0.39476553153733995 1.4134811213262755e-06 0.06524055053959038 0.0005770466424529263 0.2309030478794623 1.4485627373322606e-06 0.00017151892951317534 0.00022953688305231212 0.00017393222344439714 4.58987503354681e-05 0.004431516026841674 1.1668542209733662e-05 0.0023404271109911737 1.6805353594955599e-06 2.0916381071784484e-05 2.6151303644318447e-06 1.4163100367953426e-05 4.254402146683085e-05 0.006456959704931024 0.0009398993523097183 0.002134860712197609 1.5675690106856652e-06 1.4420090028255604e-06
67 1.4372796448535192e-06 1.498041200646907e-06 1.427415973326428e-06 1.420906429061911e-06 1.4729098759940743e-06 0.0917205136842892 1.4800687431008431e-06 0.39476553153733995 1.4134811213262755e-06 0.06524055053959038 0.0005770466424529263 0.2309030478794623 1.4485627373322606e-06 0.00017151892951317534 0.00022953688305231212 0.00017393222344439714 4.58987503354681e-05 0.004431516026841674 1.1668542209733662e-05 0.0023404271109911737 1.6805353594955599e-06 2.0916381071784484e-05 2.6151303644318447e-06 1.4163100367953426e-05 4.254402146683085e-05 0.006456959704931024 0.0009398993523097183 0.002134860712197609 1.5675690106856652e-06 1.4420090028255604e-06
68 9.578920447261388e-07 9.530077066807898e-07 9.303871263300464e-07 9.95224342432457e-07 9.231077549308816e-07 0.06598755863731674 9.737579223003326e-07 0.4647163251008304 9.452005129982377e-07 0.05030371676874135 0.00039599015011676454 0.18282114693479434 9.116284840442377e-07 0.00011729652725398221 0.00013924428210792967 0.00011985553752028722 3.2510163781147036e-05 0.002975915895595741 7.865005382988766e-06 0.0007455946855669239 1.116018305179261e-06 1.310434831492189e-05 1.6851767928050653e-06 9.741824655561283e-06 2.74848940153639e-05 0.003567534355354339 0.0005757682430736158 0.0015455229910527313 9.553303181524387e-07 9.813936047432662e-07
69 9.578920447261388e-07 9.530077066807898e-07 9.303871263300464e-07 9.95224342432457e-07 9.231077549308816e-07 0.06598755863731674 9.737579223003326e-07 0.4647163251008304 9.452005129982377e-07 0.05030371676874135 0.00039599015011676454 0.18282114693479434 9.116284840442377e-07 0.00011729652725398221 0.00013924428210792967 0.00011985553752028722 3.2510163781147036e-05 0.002975915895595741 7.865005382988766e-06 0.0007455946855669239 1.116018305179261e-06 1.310434831492189e-05 1.6851767928050653e-06 9.741824655561283e-06 2.74848940153639e-05 0.003567534355354339 0.0005757682430736158 0.0015455229910527313 9.553303181524387e-07 9.813936047432662e-07
70 9.578920447261388e-07 9.530077066807898e-07 9.303871263300464e-07 9.95224342432457e-07 9.231077549308816e-07 0.06598755863731674 9.737579223003326e-07 0.4647163251008304 9.452005129982377e-07 0.05030371676874135 0.00039599015011676454 0.18282114693479434 9.116284840442377e-07 0.00011729652725398221 0.00013924428210792967 0.00011985553752028722 3.2510163781147036e-05 0.002975915895595741 7.865005382988766e-06 0.0007455946855669239 1.116018305179261e-06 1.310434831492189e-05 1.6851767928050653e-06 9.741824655561283e-06 2.74848940153639e-05 0.003567534355354339 0.0005757682430736158 0.0015455229910527313 9.553303181524387e-07 9.813936047432662e-07
71 9.578920447261388e-07 9.530077066807898e-07 9.303871263300464e-07 9.95224342432457e-07 9.231077549308816e-07 0.06598755863731674 9.737579223003326e-07 0.4647163251008304 9.452005129982377e-07 0.05030371676874135 0.00039599015011676454 0.18282114693479434 9.116284840442377e-07 0.00011729652725398221 0.00013924428210792967 0.00011985553752028722 3.2510163781147036e-05 0.002975915895595741 7.865005382988766e-06 0.0007455946855669239 1.116018305179261e-06 1.310434831492189e-05 1.6851767928050653e-06 9.741824655561283e-06 2.74848940153639e-05 0.003567534355354339 0.0005757682430736158 0.0015455229910527313 9.553303181524387e-07 9.813936047432662e-07
72 9.578920447261388e-07 9.530077066807898e-07 9.303871263300464e-07 9.95224342432457e-07 9.231077549308816e-07 0.06598755863731674 9.737579223003326e-07 0.4647163251008304 9.452005129982377e-07 0.05030371676874135 0.00039599015011676454 0.18282114693479434 9.116284840442377e-07 0.00011729652725398221 0.00013924428210792967 0.00011985553752028722 3.2510163781147036e-05 0.002975915895595741 7.865005382988766e-06 0.0007455946855669239 1.116018305179261e-06 1.310434831492189e-05 1.6851767928050653e-06 9.741824655561283e-06 2.74848940153639e-05 0.003567534355354339 0.0005757682430736158 0.0015455229910527313 9.553303181524387e-07 9.813936047432662e-07
73 9.578920447261388e-07 9.530077066807898e-07 9.303871263300464e-07 9.95224342432457e-07 9.231077549308816e-07 0.06598755863731674 9.737579223003326e-07 0.4647163251008304 9.452005129982377e-07 0.05030371676874135 0.00039599015011676454 0.18282114693479434 9.116284840442377e-07 0.00011729652725398221 0.00013924428210792967 0.00011985553752028722 3.2510163781147036e-05 0.002975915895595741 7.865005382988766e-06 0.0007455946855669239 1.116018305179261e-06 1.310434831492189e-05 1.6851767928050653e-06 9.741824655561283e-06 2.74848940153639e-05 0.003567534355354339 0.0005757682430736158 0.0015455229910527313 9.553303181524387e-07 9.813936047432662e-07
74 9.578920447261388e-07 9.530077066807898e-07 9.303871263300464e-07 9.95224342432457e-07 9.231077549308816e-07 0.06598755863731674 9.737579223003326e-07 0.4647163251008304 9.452005129982377e-07 0.05030371676874135 0.00039599015011676454 0.18282114693479434 9.116284840442377e-07 0.00011729652725398221 0.00013924428210792967 0.00011985553752028722 3.2510163781147036e-05 0.002975915895595741 7.865005382988766e-06 0.0007455946855669239 1.116018305179261e-06 1.310434831492189e-05 1.6851767928050653e-06 9.741824655561283e-06 2.74848940153639e-05 0.003567534355354339 0.0005757682430736158 0.0015455229910527313 9.553303181524387e-07 9.813936047432662e-07
75 9.578920447261388e-07 9.530077066807898e-07 9.303871263300464e-07 9.95224342432457e-07 9.231077549308816e-07 0.06598755863731674 9.737579223003326e-07 0.4647163251008304 9.452005129982377e-07 0.05030371676874135 0.00039599015011676454 0.18282114693479434 9.116284840442377e-07 0.00011729652725398221 0.00013924428210792967 0.00011985553752028722 3.2510163781147036e-05 0.002975915895595741 7.865005382988766e-06 0.0007455946855669239 1.116018305179261e-06 1.310434831492189e-05 1.6851767928050653e-06 9.741824655561283e-06 2.74848940153639e-05 0.003567534355354339 0.0005757682430736158 0.0015455229910527313 9.553303181524387e-07 9.813936047432662e-07
76 9.578920447261388e-07 9.530077066807898e-07 9.303871263300464e-07 9.95224342432457e-07 9.231077549308816e-07 0.06598755863731674 9.737579223003326e-07 0.4647163251008304 9.452005129982377e-07 0.05030371676874135 0.00039599015011676454 0.18282114693479434 9.116284840442377e-07 0.00011729652725398221 0.00013924428210792967 0.00011985553752028722 3.2510163781147036e-05 0.002975915895595741 7.865005382988766e-06 0.0007455946855669239 1.116018305179261e-06 1.310434831492189e-05 1.6851767928050653e-06 9.741824655561283e-06 2.74848940153639e-05 0.003567534355354339 0.0005757682430736158 0.0015455229910527313 9.553303181524387e-07 9.813936047432662e-07
77 9.578920447261388e-07 9.530077066807898e-07 9.303871263300464e-07 9.95224342432457e-07 9.231077549308816e-07 0.06598755863731674 9.737579223003326e-07 0.4647163251008304 9.452005129982377e-07 0.05030371676874135 0.00039599015011676454 0.18282114693479434 9.116284840442377e-07 0.00011729652725398221 0.00013924428210792967 0.00011985553752028722 3.2510163781147036e-05 0.002975915895595741 7.865005382988766e-06 0.0007455946855669239 1.116018305179261e-06 1.310434831492189e-05 1.6851767928050653e-06 9.741824655561283e-06 2.74848940153639e-05 0.003567534355354339 0.0005757682430736158 0.0015455229910527313 9.553303181524387e-07 9.813936047432662e-07
78 9.578920447261388e-07 9.530077066807898e-07 9.303871263300464e-07 9.95224342432457e-07 9.231077549308816e-07 0.06598755863731674 9.737579223003326e-07 0.4647163251008304 9.452005129982377e-07 0.05030371676874135 0.00039599015011676454 0.18282114693479434 9.116284840442377e-07 0.00011729652725398221 0.00013924428210792967 0.00011985553752028722 3.2510163781147036e-05 0.002975915895595741 7.865005382988766e-06 0.0007455946855669239 1.116018305179261e-06 1.310434831492189e-05 1.6851767928050653e-06 9.741824655561283e-06 2.74848940153639e-05 0.003567534355354339 0.0005757682430736158 0.0015455229910527313 9.553303181524387e-07 9.813936047432662e-07
79 9.578920447261388e-07 9.530077066807898e-07 9.303871263300464e-07 9.95224342432457e-07 9.231077549308816e-07 0.06598755863731674 9.737579223003326e-07 0.4647163251008304 9.452005129982377e-07 0.05030371676874135 0.00039599015011676454 0.18282114693479434 9.116284840442377e-07 0.00011729652725398221 0.00013924428210792967 0.00011985553752028722 3.2510163781147036e-05 0.002975915895595741 7.865005382988766e-06 0.0007455946855669239 1.116018305179261e-06 1.310434831492189e-05 1.6851767928050653e-06 9.741824655561283e-06 2.74848940153639e-05 0.003567534355354339 0.0005757682430736158 0.0015455229910527313 9.553303181524387e-07 9.813936047432662e-07
80 9.578920447261388e-07 9.530077066807898e-07 9.303871263300464e-07 9.95224342432457e-07 9.231077549308816e-07 0.06598755863731674 9.737579223003326e-07 0.4647163251008304 9.452005129982377e-07 0.05030371676874135 0.00039599015011676454 0.18282114693479434 9.116284840442377e-07 0.00011729652725398221 0.00013924428210792967 0.00011985553752028722 3.2510163781147036e-05 0.002975915895595741 7.865005382988766e-06 0.0007455946855669239 1.116018305179261e-06 1.310434831492189e-05 1.6851767928050653e-06 9.741824655561283e-06 2.74848940153639e-05 0.003567534355354339 0.0005757682430736158 0.0015455229910527313 9.553303181524387e-07 9.813936047432662e-07
81 9.578920447261388e-07 9.530077066807898e-07 9.303871263300464e-07 9.95224342432457e-07 9.231077549308816e-07 0.06598755863731674 9.737579223003326e-07 0.4647163251008304 9.452005129982377e-07 0.05030371676874135 0.00039599015011676454 0.18282114693479434 9.116284840442377e-07 0.00011729652725398221 0.00013924428210792967 0.00011985553752028722 3.2510163781147036e-05 0.002975915895595741 7.865005382988766e-06 0.0007455946855669239 1.116018305179261e-06 1.310434831492189e-05 1.6851767928050653e-06 9.741824655561283e-06 2.74848940153639e-05 0.003567534355354339 0.0005757682430736158 0.0015455229910527313 9.553303181524387e-07 9.813936047432662e-07
82 9.578920447261388e-07 9.530077066807898e-07 9.303871263300464e-07 9.95224342432457e-07 9.231077549308816e-07 0.06598755863731674 9.737579223003326e-07 0.4647163251008304 9.452005129982377e-07 0.05030371676874135 0.00039599015011676454 0.18282114693479434 9.116284840442377e-07 0.00011729652725398221 0.00013924428210792967 0.00011985553752028722 3.2510163781147036e-05 0.002975915895595741 7.865005382988766e-06 0.0007455946855669239 1.116018305179261e-06 1.310434831492189e-05 1.6851767928050653e-06 9.741824655561283e-06 2.74848940153639e-05 0.003567534355354339 0.0005757682430736158 0.0015455229910527313 9.553303181524387e-07 9.813936047432662e-07
83 9.578920447261388e-07 9.530077066807898e-07 9.303871263300464e-07 9.95224342432457e-07 9.231077549308816e-07 0.06598755863731674 9.737579223003326e-07 0.4647163251008304 9.452005129982377e-07 0.05030371676874135 0.00039599015011676454 0.18282114693479434 9.116284840442377e-07 0.00011729652725398221 0.00013924428210792967 0.00011985553752028722 3.2510163781147036e-05 0.002975915895595741 7.865005382988766e-06 0.0007455946855669239 1.116018305179261e-06 1.310434831492189e-05 1.6851767928050653e-06 9.741824655561283e-06 2.74848940153639e-05 0.003567534355354339 0.0005757682430736158 0.0015455229910527313 9.553303181524387e-07 9.813936047432662e-07
84 9.578920447261388e-07 9.530077066807898e-07 9.303871263300464e-07 9.95224342432457e-07 9.231077549308816e-07 0.06598755863731674 9.737579223003326e-07 0.4647163251008304 9.452005129982377e-07 0.05030371676874135 0.00039599015011676454 0.18282114693479434 9.116284840442377e-07 0.00011729652725398221 0.00013924428210792967 0.00011985553752028722 3.2510163781147036e-05 0.002975915895595741 7.865005382988766e-06 0.0007455946855669239 1.116018305179261e-06 1.310434831492189e-05 1.6851767928050653e-06 9.741824655561283e-06 2.74848940153639e-05 0.003567534355354339 0.0005757682430736158 0.0015455229910527313 9.553303181524387e-07 9.813936047432662e-07
85 9.578920447261388e-07 9.530077066807898e-07 9.303871263300464e-07 9.95224342432457e-07 9.231077549308816e-07 0.06598755863731674 9.737579223003326e-07 0.4647163251008304 9.452005129982377e-07 0.05030371676874135 0.00039599015011676454 0.18282114693479434 9.116284840442377e-07 0.00011729652725398221 0.00013924428210792967 0.00011985553752028722 3.2510163781147036e-05 0.002975915895595741 7.865005382988766e-06 0.0007455946855669239 1.116018305179261e-06 1.310434831492189e-05 1.6851767928050653e-06 9.741824655561283e-06 2.74848940153639e-05 0.003567534355354339 0.0005757682430736158 0.0015455229910527313 9.553303181524387e-07 9.813936047432662e-07
86 9.578920447261388e-07 9.530077066807898e-07 9.303871263300464e-07 9.95224342432457e-07 9.231077549308816e-07 0.06598755863731674 9.737579223003326e-07 0.4647163251008304 9.452005129982377e-07 0.05030371676874135 0.00039599015011676454 0.18282114693479434 9.116284840442377e-07 0.00011729652725398221 0.00013924428210792967 0.00011985553752028722 3.2510163781147036e-05 0.002975915895595741 7.865005382988766e-06 0.0007455946855669239 1.116018305179261e-06 1.310434831492189e-05 1.6851767928050653e-06 9.741824655561283e-06 2.74848940153639e-05 0.003567534355354339 0.0005757682430736158 0.0015455229910527313 9.553303181524387e-07 9.813936047432662e-07
87 9.578920447261388e-07 9.530077066807898e-07 9.303871263300464e-07 9.95224342432457e-07 9.231077549308816e-07 0.06598755863731674 9.737579223003326e-07 0.4647163251008304 9.452005129982377e-07 0.05030371676874135 0.00039599015011676454 0.18282114693479434 9.116284840442377e-07 0.00011729652725398221 0.00013924428210792967 0.00011985553752028722 3.2510163781147036e-05 0.002975915895595741 7.865005382988766e-06 0.0007455946855669239 1.116018305179261e-06 1.310434831492189e-05 1.6851767928050653e-06 9.741824655561283e-06 2.74848940153639e-05 0.003567534355354339 0.0005757682430736158 0.0015455229910527313 9.553303181524387e-07 9.813936047432662e-07
88 9.578920447261388e-07 9.530077066807898e-07 9.303871263300464e-07 9.95224342432457e-07 9.231077549308816e-07 0.06598755863731674 9.737579223003326e-07 0.4647163251008304 9.452005129982377e-07 0.05030371676874135 0.00039599015011676454 0.18282114693479434 9.116284840442377e-07 0.00011729652725398221 0.00013924428210792967 0.00011985553752028722 3.2510163781147036e-05 0.002975915895595741 7.865005382988766e-06 0.0007455946855669239 1.116018305179261e-06 1.310434831492189e-05 1.6851767928050653e-06 9.741824655561283e-06 2.74848940153639e-05 0.003567534355354339 0.0005757682430736158 0.0015455229910527313 9.553303181524387e-07 9.813936047432662e-07
89 9.578920447261388e-07 9.530077066807898e-07 9.303871263300464e-07 9.95224342432457e-07 9.231077549308816e-07 0.06598755863731674 9.737579223003326e-07 0.4647163251008304 9.452005129982377e-07 0.05030371676874135 0.00039599015011676454 0.18282114693479434 9.116284840442377e-07 0.00011729652725398221 0.00013924428210792967 0.00011985553752028722 3.2510163781147036e-05 0.002975915895595741 7.865005382988766e-06 0.0007455946855669239 1.116018305179261e-06 1.310434831492189e-05 1.6851767928050653e-06 9.741824655561283e-06 2.74848940153639e-05 0.003567534355354339 0.0005757682430736158 0.0015455229910527313 9.553303181524387e-07 9.813936047432662e-07
90 9.578920447261388e-07 9.530077066807898e-07 9.303871263300464e-07 9.95224342432457e-07 9.231077549308816e-07 0.06598755863731674 9.737579223003326e-07 0.4647163251008304 9.452005129982377e-07 0.05030371676874135 0.00039599015011676454 0.18282114693479434 9.116284840442377e-07 0.00011729652725398221 0.00013924428210792967 0.00011985553752028722 3.2510163781147036e-05 0.002975915895595741 7.865005382988766e-06 0.0007455946855669239 1.116018305179261e-06 1.310434831492189e-05 1.6851767928050653e-06 9.741824655561283e-06 2.74848940153639e-05 0.003567534355354339 0.0005757682430736158 0.0015455229910527313 9.553303181524387e-07 9.813936047432662e-07
91 9.578920447261388e-07 9.530077066807898e-07 9.303871263300464e-07 9.95224342432457e-07 9.231077549308816e-07 0.06598755863731674 9.737579223003326e-07 0.4647163251008304 9.452005129982377e-07 0.05030371676874135 0.00039599015011676454 0.18282114693479434 9.116284840442377e-07 0.00011729652725398221 0.00013924428210792967 0.00011985553752028722 3.2510163781147036e-05 0.002975915895595741 7.865005382988766e-06 0.0007455946855669239 1.116018305179261e-06 1.310434831492189e-05 1.6851767928050653e-06 9.741824655561283e-06 2.74848940153639e-05 0.003567534355354339 0.0005757682430736158 0.0015455229910527313 9.553303181524387e-07 9.813936047432662e-07
92 9.578920447261388e-07 9.530077066807898e-07 9.303871263300464e-07 9.95224342432457e-07 9.231077549308816e-07 0.06598755863731674 9.737579223003326e-07 0.4647163251008304 9.452005129982377e-07 0.05030371676874135 0.00039599015011676454 0.18282114693479434 9.116284840442377e-07 0.00011729652725398221 0.00013924428210792967 0.00011985553752028722 3.2510163781147036e-05 0.002975915895595741 7.865005382988766e-06 0.0007455946855669239 1.116018305179261e-06 1.310434831492189e-05 1.6851767928050653e-06 9.741824655561283e-06 2.74848940153639e-05 0.003567534355354339 0.0005757682430736158 0.0015455229910527313 9.553303181524387e-07 9.813936047432662e-07
93 9.578920447261388e-07 9.530077066807898e-07 9.303871263300464e-07 9.95224342432457e-07 9.231077549308816e-07 0.06598755863731674 9.737579223003326e-07 0.4647163251008304 9.452005129982377e-07 0.05030371676874135 0.00039599015011676454 0.18282114693479434 9.116284840442377e-07 0.00011729652725398221 0.00013924428210792967 0.00011985553752028722 3.2510163781147036e-05 0.002975915895595741 7.865005382988766e-06 0.0007455946855669239 1.116018305179261e-06 1.310434831492189e-05 1.6851767928050653e-06 9.741824655561283e-06 2.74848940153639e-05 0.003567534355354339 0.0005757682430736158 0.0015455229910527313 9.553303181524387e-07 9.813936047432662e-07
94 9.578920447261388e-07 9.530077066807898e-07 9.303871263300464e-07 9.95224342432457e-07 9.231077549308816e-07 0.06598755863731674 9.737579223003326e-07 0.4647163251008304 9.452005129982377e-07 0.05030371676874135 0.00039599015011676454 0.18282114693479434 9.116284840442377e-07 0.00011729652725398221 0.00013924428210792967 0.00011985553752028722 3.2510163781147036e-05 0.002975915895595741 7.865005382988766e-06 0.0007455946855669239 1.116018305179261e-06 1.310434831492189e-05 1.6851767928050653e-06 9.741824655561283e-06 2.74848940153639e-05 0.003567534355354339 0.0005757682430736158 0.0015455229910527313 9.553303181524387e-07 9.813936047432662e-07
95 9.578920447261388e-07 9.530077066807898e-07 9.303871263300464e-07 9.95224342432457e-07 9.231077549308816e-07 0.06598755863731674 9.737579223003326e-07 0.4647163251008304 9.452005129982377e-07 0.05030371676874135 0.00039599015011676454 0.18282114693479434 9.116284840442377e-07 0.00011729652725398221 0.00013924428210792967 0.00011985553752028722 3.2510163781147036e-05 0.002975915895595741 7.865005382988766e-06 0.0007455946855669239 1.116018305179261e-06 1.310434831492189e-05 1.6851767928050653e-06 9.741824655561283e-06 2.74848940153639e-05 0.003567534355354339 0.0005757682430736158 0.0015455229910527313 9.553303181524387e-07 9.813936047432662e-07
96 9.578920447261388e-07 9.530077066807898e-07 9.303871263300464e-07 9.95224342432457e-07 9.231077549308816e-07 0.06598755863731674 9.737579223003326e-07 0.4647163251008304 9.452005129982377e-07 0.05030371676874135 0.00039599015011676454 0.18282114693479434 9.116284840442377e-07 0.00011729652725398221 0.00013924428210792967 0.00011985553752028722 3.2510163781147036e-05 0.002975915895595741 7.865005382988766e-06 0.0007455946855669239 1.116018305179261e-06 1.310434831492189e-05 1.6851767928050653e-06 9.741824655561283e-06 2.74848940153639e-05 0.003567534355354339 0.0005757682430736158 0.0015455229910527313 9.553303181524387e-07 9.813936047432662e-07
97 9.578920447261388e-07 9.530077066807898e-07 9.303871263300464e-07 9.95224342432457e-07 9.231077549308816e-07 0.06598755863731674 9.737579223003326e-07 0.4647163251008304 9.452005129982377e-07 0.05030371676874135 0.00039599015011676454 0.18282114693479434 9.116284840442377e-07 0.00011729652725398221 0.00013924428210792967 0.00011985553752028722 3.2510163781147036e-05 0.002975915895595741 7.865005382988766e-06 0.0007455946855669239 1.116018305179261e-06 1.310434831492189e-05 1.6851767928050653e-06 9.741824655561283e-06 2.74848940153639e-05 0.003567534355354339 0.0005757682430736158 0.0015455229910527313 9.553303181524387e-07 9.813936047432662e-07
98 9.578920447261388e-07 9.530077066807898e-07 9.303871263300464e-07 9.95224342432457e-07 9.231077549308816e-07 0.06598755863731674 9.737579223003326e-07 0.4647163251008304 9.452005129982377e-07 0.05030371676874135 0.00039599015011676454 0.18282114693479434 9.116284840442377e-07 0.00011729652725398221 0.00013924428210792967 0.00011985553752028722 3.2510163781147036e-05 0.002975915895595741 7.865005382988766e-06 0.0007455946855669239 1.116018305179261e-06 1.310434831492189e-05 1.6851767928050653e-06 9.741824655561283e-06 2.74848940153639e-05 0.003567534355354339 0.0005757682430736158 0.0015455229910527313 9.553303181524387e-07 9.813936047432662e-07
99 9.578920447261388e-07 9.530077066807898e-07 9.303871263300464e-07 9.95224342432457e-07 9.231077549308816e-07 0.06598755863731674 9.737579223003326e-07 0.4647163251008304 9.452005129982377e-07 0.05030371676874135 0.00039599015011676454 0.18282114693479434 9.116284840442377e-07 0.00011729652725398221 0.00013924428210792967 0.00011985553752028722 3.2510163781147036e-05 0.002975915895595741 7.865005382988766e-06 0.0007455946855669239 1.116018305179261e-06 1.310434831492189e-05 1.6851767928050653e-06 9.741824655561283e-06 2.74848940153639e-05 0.003567534355354339 0.0005757682430736158 0.0015455229910527313 9.553303181524387e-07 9.813936047432662e-07
100 9.578920447261388e-07 9.530077066807898e-07 9.303871263300464e-07 9.95224342432457e-07 9.231077549308816e-07 0.06598755863731674 9.737579223003326e-07 0.4647163251008304 9.452005129982377e-07 0.05030371676874135 0.00039599015011676454 0.18282114693479434 9.116284840442377e-07 0.00011729652725398221 0.00013924428210792967 0.00011985553752028722 3.2510163781147036e-05 0.002975915895595741 7.865005382988766e-06 0.0007455946855669239 1.116018305179261e-06 1.310434831492189e-05 1.6851767928050653e-06 9.741824655561283e-06 2.74848940153639e-05 0.003567534355354339 0.0005757682430736158 0.0015455229910527313 9.553303181524387e-07 9.813936047432662e-07
101 9.578920447261388e-07 9.530077066807898e-07 9.303871263300464e-07 9.95224342432457e-07 9.231077549308816e-07 0.06598755863731674 9.737579223003326e-07 0.4647163251008304 9.452005129982377e-07 0.05030371676874135 0.00039599015011676454 0.18282114693479434 9.116284840442377e-07 0.00011729652725398221 0.00013924428210792967 0.00011985553752028722 3.2510163781147036e-05 0.002975915895595741 7.865005382988766e-06 0.0007455946855669239 1.116018305179261e-06 1.310434831492189e-05 1.6851767928050653e-06 9.741824655561283e-06 2.74848940153639e-05 0.003567534355354339 0.0005757682430736158 0.0015455229910527313 9.553303181524387e-07 9.813936047432662e-07
102 9.578920447261388e-07 9.530077066807898e-07 9.303871263300464e-07 9.95224342432457e-07 9.231077549308816e-07 0.06598755863731674 9.737579223003326e-07 0.4647163251008304 9.452005129982377e-07 0.05030371676874135 0.00039599015011676454 0.18282114693479434 9.116284840442377e-07 0.00011729652725398221 0.00013924428210792967 0.00011985553752028722 3.2510163781147036e-05 0.002975915895595741 7.865005382988766e-06 0.0007455946855669239 1.116018305179261e-06 1.310434831492189e-05 1.6851767928050653e-06 9.741824655561283e-06 2.74848940153639e-05 0.003567534355354339 0.0005757682430736158 0.0015455229910527313 9.553303181524387e-07 9.813936047432662e-07
103 9.578920447261388e-07 9.530077066807898e-07 9.303871263300464e-07 9.95224342432457e-07 9.231077549308816e-07 0.06598755863731674 9.737579223003326e-07 0.4647163251008304 9.452005129982377e-07 0.05030371676874135 0.00039599015011676454 0.18282114693479434 9.116284840442377e-07 0.00011729652725398221 0.00013924428210792967 0.00011985553752028722 3.2510163781147036e-05 0.002975915895595741 7.865005382988766e-06 0.0007455946855669239 1.116018305179261e-06 1.310434831492189e-05 1.6851767928050653e-06 9.741824655561283e-06 2.74848940153639e-05 0.003567534355354339 0.0005757682430736158 0.0015455229910527313 9.553303181524387e-07 9.813936047432662e-07
104 9.578920447261388e-07 9.530077066807898e-07 9.303871263300464e-07 9.95224342432457e-07 9.231077549308816e-07 0.06598755863731674 9.737579223003326e-07 0.4647163251008304 9.452005129982377e-07 0.05030371676874135 0.00039599015011676454 0.18282114693479434 9.116284840442377e-07 0.00011729652725398221 0.00013924428210792967 0.00011985553752028722 3.2510163781147036e-05 0.002975915895595741 7.865005382988766e-06 0.0007455946855669239 1.116018305179261e-06 1.310434831492189e-05 1.6851767928050653e-06 9.741824655561283e-06 2.74848940153639e-05 0.003567534355354339 0.0005757682430736158 0.0015455229910527313 9.553303181524387e-07 9.813936047432662e-07
105 9.578920447261388e-07 9.530077066807898e-07 9.303871263300464e-07 9.95224342432457e-07 9.231077549308816e-07 0.06598755863731674 9.737579223003326e-07 0.4647163251008304 9.452005129982377e-07 0.05030371676874135 0.00039599015011676454 0.18282114693479434 9.116284840442377e-07 0.00011729652725398221 0.00013924428210792967 0.00011985553752028722 3.2510163781147036e-05 0.002975915895595741 7.865005382988766e-06 0.0007455946855669239 1.116018305179261e-06 1.310434831492189e-05 1.6851767928050653e-06 9.741824655561283e-06 2.74848940153639e-05 0.003567534355354339 0.0005757682430736158 0.0015455229910527313 9.553303181524387e-07 9.813936047432662e-07
106 9.578920447261388e-07 9.530077066807898e-07 9.303871263300464e-07 9.95224342432457e-07 9.231077549308816e-07 0.06598755863731674 9.737579223003326e-07 0.4647163251008304 9.452005129982377e-07 0.05030371676874135 0.00039599015011676454 0.18282114693479434 9.116284840442377e-07 0.00011729652725398221 0.00013924428210792967 0.00011985553752028722 3.2510163781147036e-05 0.002975915895595741 7.865005382988766e-06 0.0007455946855669239 1.116018305179261e-06 1.310434831492189e-05 1.6851767928050653e-06 9.741824655561283e-06 2.74848940153639e-05 0.003567534355354339 0.0005757682430736158 0.0015455229910527313 9.553303181524387e-07 9.813936047432662e-07
107 9.578920447261388e-07 9.530077066807898e-07 9.303871263300464e-07 9.95224342432457e-07 9.231077549308816e-07 0.06598755863731674 9.737579223003326e-07 0.4647163251008304 9.452005129982377e-07 0.05030371676874135 0.00039599015011676454 0.18282114693479434 9.116284840442377e-07 0.00011729652725398221 0.00013924428210792967 0.00011985553752028722 3.2510163781147036e-05 0.002975915895595741 7.865005382988766e-06 0.0007455946855669239 1.116018305179261e-06 1.310434831492189e-05 1.6851767928050653e-06 9.741824655561283e-06 2.74848940153639e-05 0.003567534355354339 0.0005757682430736158 0.0015455229910527313 9.553303181524387e-07 9.813936047432662e-07
108 9.578920447261388e-07 9.530077066807898e-07 9.303871263300464e-07 9.95224342432457e-07 9.231077549308816e-07 0.06598755863731674 9.737579223003326e-07 0.4647163251008304 9.452005129982377e-07 0.05030371676874135 0.00039599015011676454 0.18282114693479434 9.116284840442377e-07 0.00011729652725398221 0.00013924428210792967 0.00011985553752028722 3.2510163781147036e-05 0.002975915895595741 7.865005382988766e-06 0.0007455946855669239 1.116018305179261e-06 1.310434831492189e-05 1.6851767928050653e-06 9.741824655561283e-06 2.74848940153639e-05 0.003567534355354339 0.0005757682430736158 0.0015455229910527313 9.553303181524387e-07 9.813936047432662e-07
