# index Z=1 - Z=30
0 7.104396866533457e-07 0.011268000610383078 6.9636716854947e-07 7.231360754231483e-07 6.926300161879344e-07 1.7784453782722883e-06 7.092378933548666e-07 0.004060510045910992 6.986623950334723e-07 7.189544465458698e-07 7.164037527792066e-07 8.020219396925833e-05 7.405673025865227e-07 0.0216852758656063 1.9297158938531353e-06 8.07232491860227e-05 9.263842291006434e-07 0.007582592626706394 1.0363427332776585e-06 0.014690929978101884 7.554683363343108e-07 0.0001257531220290463 0.0003160413719685061 1.952762444133318e-05 0.0057165556750972315 0.24307265676892598 0.17589254130044707 0.2522622067167565 6.918137433727604e-07 7.174884822303939e-07
1 7.104396866533457e-07 0.011268000610383078 6.9636716854947e-07 7.231360754231483e-07 6.926300161879344e-07 1.7784453782722883e-06 7.092378933548666e-07 0.004060510045910992 6.986623950334723e-07 7.189544465458698e-07 7.164037527792066e-07 8.020219396925833e-05 7.405673025865227e-07 0.0216852758656063 1.9297158938531353e-06 8.07232491860227e-05 9.263842291006434e-07 0.007582592626706394 1.0363427332776585e-06 0.014690929978101884 7.554683363343108e-07 0.0001257531220290463 0.0003160413719685061 1.952762444133318e-05 0.0057165556750972315 0.24307265676892598 0.17589254130044707 0.2522622067167565 6.918137433727604e-07 7.174884822303939e-07
2 7.104396866533457e-07 0.011268000610383078 6.9636716854947e-07 7.231360754231483e-07 6.926300161879344e-07 1.7784453782722883e-06 7.092378933548666e-07 0.004060510045910992 6.986623950334723e-07 7.189544465458698e-07 7.164037527792066e-07 8.020219396925833e-05 7.405673025865227e-07 0.0216852758656063 1.9297158938531353e-06 8.07232491860227e-05 9.263842291006434e-07 0.007582592626706394 1.0363427332776585e-06 0.014690929978101884 7.554683363343108e-07 0.0001257531220290463 0.0003160413719685061 1.952762444133318e-05 0.0057165556750972315 0.24307265676892598 0.17589254130044707 0.2522622067167565 6.918137433727604e-07 7.174884822303939e-07
3 7.104396866533457e-07 0.011268000610383078 6.9636716854947e-07 7.231360754231483e-07 6.926300161879344e-07 1.7784453782722883e-06 7.092378933548666e-07 0.004060510045910992 6.986623950334723e-07 7.189544465458698e-07 7.164037527792066e-07 8.020219396925833e-05 7.405673025865227e-07 0.0216852758656063 1.9297158938531353e-06 8.07232491860227e-05 9.263842291006434e-07 0.007582592626706394 1.0363427332776585e-06 0.014690929978101884 7.554683363343108e-07 0.0001257531220290463 0.0003160413719685061 1.952762444133318e-05 0.0057165556750972315 0.24307265676892598 0.17589254130044707 0.2522622067167565 6.918137433727604e-07 7.174884822303939e-07
4 7.104396866533457e-07 0.011268000610383078 6.9636716854947e-07 7.231360754231483e-07 6.926300161879344e-07 1.7784453782722883e-06 7.092378933548666e-07 0.004060510045910992 6.986623950334723e-07 7.189544465458698e-07 7.164037527792066e-07 8.020219396925833e-05 7.405673025865227e-07 0.0216852758656063 1.9297158938531353e-06 8.07232491860227e-05 9.263842291006434e-07 0.007582592626706394 1.0363427332776585e-06 0.014690929978101884 7.554683363343108e-07 0.0001257531220290463 0.0003160413719685061 1.952762444133318e-05 0.0057165556750972315 0.24307265676892598 0.17589254130044707 0.2522622067167565 6.918137433727604e-07 7.174884822303939e-07
5 7.104396866533457e-07 0.011268000610383078 6.9636716854947e-07 7.231360754231483e-07 6.926300161879344e-07 1.7784453782722883e-06 7.092378933548666e-07 0.004060510045910992 6.986623950334723e-07 7.189544465458698e-07 7.164037527792066e-07 8.020219396925833e-05 7.405673025865227e-07 0.0216852758656063 1.9297158938531353e-06 8.07232491860227e-05 9.263842291006434e-07 0.007582592626706394 1.0363427332776585e-06 0.014690929978101884 7.554683363343108e-07 0.0001257531220290463 0.0003160413719685061 1.952762444133318e-05 0.0057165556750972315 0.24307265676892598 0.17589254130044707 0.2522622067167565 6.918137433727604e-07 7.174884822303939e-07
6 7.104396866533457e-07 0.011268000610383078 6.9636716854947e-07 7.231360754231483e-07 6.926300161879344e-07 1.7784453782722883e-06 7.092378933548666e-07 0.004060510045910992 6.986623950334723e-07 7.189544465458698e-07 7.164037527792066e-07 8.020219396925833e-05 7.405673025865227e-07 0.0216852758656063 1.9297158938531353e-06 8.07232491860227e-05 9.263842291006434e-07 0.007582592626706394 1.0363427332776585e-06 0.014690929978101884 7.554683363343108e-07 0.0001257531220290463 0.0003160413719685061 1.952762444133318e-05 0.0057165556750972315 0.24307265676892598 0.17589254130044707 0.2522622067167565 6.918137433727604e-07 7.174884822303939e-07
7 7.104396866533457e-07 0.011268000610383078 6.9636716854947e-07 7.231360754231483e-07 6.926300161879344e-07 1.7784453782722883e-06 7.092378933548666e-07 0.004060510045910992 6.986623950334723e-07 7.189544465458698e-07 7.164037527792066e-07 8.020219396925833e-05 7.405673025865227e-07 0.0216852758656063 1.9297158938531353e-06 8.07232491860227e-05 9.263842291006434e-07 0.007582592626706394 1.0363427332776585e-06 0.014690929978101884 7.554683363343108e-07 0.0001257531220290463 0.0003160413719685061 1.952762444133318e-05 0.0057165556750972315 0.24307265676892598 0.17589254130044707 0.2522622067167565 6.918137433727604e-07 7.174884822303939e-07
8 7.104396866533457e-07 0.011268000610383078 6.9636716854947e-07 7.231360754231483e-07 6.926300161879344e-07 1.7784453782722883e-06 7.092378933548666e-07 0.004060510045910992 6.986623950334723e-07 7.189544465458698e-07 7.164037527792066e-07 8.020219396925833e-05 7.405673025865227e-07 0.0216852758656063 1.9297158938531353e-06 8.07232491860227e-05 9.263842291006434e-07 0.007582592626706394 1.0363427332776585e-06 0.014690929978101884 7.554683363343108e-07 0.0001257531220290463 0.0003160413719685061 1.952762444133318e-05 0.0057165556750972315 0.24307265676892598 0.17589254130044707 0.2522622067167565 6.918137433727604e-07 7.174884822303939e-07
9 7.104396866533457e-07 0.011268000610383078 6.9636716854947e-07 7.231360754231483e-07 6.926300161879344e-07 1.7784453782722883e-06 7.092378933548666e-07 0.004060510045910992 6.986623950334723e-07 7.189544465458698e-07 7.164037527792066e-07 8.020219396925833e-05 7.405673025865227e-07 0.0216852758656063 1.9297158938531353e-06 8.07232491860227e-05 9.263842291006434e-07 0.007582592626706394 1.0363427332776585e-06 0.014690929978101884 7.554683363343108e-07 0.0001257531220290463 0.0003160413719685061 1.952762444133318e-05 0.0057165556750972315 0.24307265676892598 0.17589254130044707 0.2522622067167565 6.918137433727604e-07 7.174884822303939e-07
10 7.104396866533457e-07 0.011268000610383078 6.9636716854947e-07 7.231360754231483e-07 6.926300161879344e-07 1.7784453782722883e-06 7.092378933548666e-07 0.004060510045910992 6.986623950334723e-07 7.189544465458698e-07 7.164037527792066e-07 8.020219396925833e-05 7.405673025865227e-07 0.0216852758656063 1.9297158938531353e-06 8.07232491860227e-05 9.263842291006434e-07 0.007582592626706394 1.0363427332776585e-06 0.014690929978101884 7.554683363343108e-07 0.0001257531220290463 0.0003160413719685061 1.952762444133318e-05 0.0057165556750972315 0.24307265676892598 0.17589254130044707 0.2522622067167565 6.918137433727604e-07 7.174884822303939e-07
11 7.104396866533457e-07 0.011268000610383078 6.9636716854947e-07 7.231360754231483e-07 6.926300161879344e-07 1.7784453782722883e-06 7.092378933548666e-07 0.004060510045910992 6.986623950334723e-07 7.189544465458698e-07 7.164037527792066e-07 8.020219396925833e-05 7.405673025865227e-07 0.0216852758656063 1.9297158938531353e-06 8.07232491860227e-05 9.263842291006434e-07 0.007582592626706394 1.0363427332776585e-06 0.014690929978101884 7.554683363343108e-07 0.0001257531220290463 0.0003160413719685061 1.952762444133318e-05 0.0057165556750972315 0.24307265676892598 0.17589254130044707 0.2522622067167565 6.918137433727604e-07 7.174884822303939e-07
12 8.563758160638095e-07 0.004247746290890384 9.123043621549526e-07 9.760882358127796e-07 9.716710515281656e-07 1.91125093498033e-06 8.974732777579611e-07 0.004914967958263613 9.54051501352895e-07 9.197237028734681e-07 9.09540936201238e-07 0.0023772535587522664 9.4657970414854e-07 0.057623813659571754 6.449201398430026e-06 0.0007817717920086302 2.582697916661473e-06 0.0132530987319996 1.722585480686841e-06 0.02275171711374532 9.530914193621896e-07 0.0001342014817069688 0.0008586212863365212 2.488113620917901e-05 0.03682602448754669 0.2990156650919441 0.2550873188057249 0.14742385950161677 9.253737522918172e-07 8.882641163923196e-07
13 8.563758160638095e-07 0.004247746290890384 9.123043621549526e-07 9.760882358127796e-07 9.716710515281656e-07 1.91125093498033e-06 8.974732777579611e-07 0.004914967958263613 9.54051501352895e-07 9.197237028734681e-07 9.09540936201238e-07 0.0023772535587522664 9.4657970414854e-07 0.057623813659571754 6.449201398430026e-06 0.0007817717920086302 2.582697916661473e-06 0.0132530987319996 1.722585480686841e-06 0.02275171711374532 9.530914193621896e-07 0.0001342014817069688 0.0008586212863365212 2.488113620917901e-05 0.03682602448754669 0.2990156650919441 0.2550873188057249 0.14742385950161677 9.253737522918172e-07 8.882641163923196e-07
14 8.563758160638095e-07 0.004247746290890384 9.123043621549526e-07 9.760882358127796e-07 9.716710515281656e-07 1.91125093498033e-06 8.974732777579611e-07 0.004914967958263613 9.54051501352895e-07 9.197237028734681e-07 9.09540936201238e-07 0.0023772535587522664 9.4657970414854e-07 0.057623813659571754 6.449201398430026e-06 0.0007817717920086302 2.582697916661473e-06 0.0132530987319996 1.722585480686841e-06 0.02275171711374532 9.530914193621896e-07 0.0001342014817069688 0.0008586212863365212 2.488113620917901e-05 0.03682602448754669 0.2990156650919441 0.2550873188057249 0.14742385950161677 9.253737522918172e-07 8.882641163923196e-07
15 8.563758160638095e-07 0.004247746290890384 9.123043621549526e-07 9.760882358127796e-07 9.716710515281656e-07 1.91125093498033e-06 8.974732777579611e-07 0.004914967958263613 9.54051501352895e-07 9.197237028734681e-07 9.09540936201238e-07 0.0023772535587522664 9.4657970414854e-07 0.057623813659571754 6.449201398430026e-06 0.0007817717920086302 2.582697916661473e-06 0.0132530987319996 1.722585480686841e-06 0.02275171711374532 9.530914193621896e-07 0.0001342014817069688 0.0008586212863365212 2.488113620917901e-05 0.03682602448754669 0.2990156650919441 0.2550873188057249 0.14742385950161677 9.253737522918172e-07 8.882641163923196e-07
16 8.563758160638095e-07 0.004247746290890384 9.123043621549526e-07 9.760882358127796e-07 9.716710515281656e-07 1.91125093498033e-06 8.974732777579611e-07 0.004914967958263613 9.54051501352895e-07 9.197237028734681e-07 9.09540936201238e-07 0.0023772535587522664 9.4657970414854e-07 0.057623813659571754 6.449201398430026e-06 0.0007817717920086302 2.582697916661473e-06 0.0132530987319996 1.722585480686841e-06 0.02275171711374532 9.530914193621896e-07 0.0001342014817069688 0.0008586212863365212 2.488113620917901e-05 0.03682602448754669 0.2990156650919441 0.2550873188057249 0.14742385950161677 9.253737522918172e-07 8.882641163923196e-07
17 8.563758160638095e-07 0.004247746290890384 9.123043621549526e-07 9.760882358127796e-07 9.716710515281656e-07 1.91125093498033e-06 8.974732777579611e-07 0.004914967958263613 9.54051501352895e-07 9.197237028734681e-07 9.09540936201238e-07 0.0023772535587522664 9.4657970414854e-07 0.057623813659571754 6.449201398430026e-06 0.0007817717920086302 2.582697916661473e-06 0.0132530987319996 1.722585480686841e-06 0.02275171711374532 9.530914193621896e-07 0.0001342014817069688 0.0008586212863365212 2.488113620917901e-05 0.03682602448754669 0.2990156650919441 0.2550873188057249 0.14742385950161677 9.253737522918172e-07 8.882641163923196e-07
18 8.563758160638095e-07 0.004247746290890384 9.123043621549526e-07 9.760882358127796e-07 9.716710515281656e-07 1.91125093498033e-06 8.974732777579611e-07 0.004914967958263613 9.54051501352895e-07 9.197237028734681e-07 9.09540936201238e-07 0.0023772535587522664 9.4657970414854e-07 0.057623813659571754 6.449201398430026e-06 0.0007817717920086302 2.582697916661473e-06 0.0132530987319996 1.722585480686841e-06 0.02275171711374532 9.530914193621896e-07 0.0001342014817069688 0.0008586212863365212 2.488113620917901e-05 0.03682602448754669 0.2990156650919441 0.2550873188057249 0.14742385950161677 9.253737522918172e-07 8.882641163923196e-07
19 8.563758160638095e-07 0.004247746290890384 9.123043621549526e-07 9.760882358127796e-07 9.716710515281656e-07 1.91125093498033e-06 8.974732777579611e-07 0.004914967958263613 9.54051501352895e-07 9.197237028734681e-07 9.09540936201238e-07 0.0023772535587522664 9.4657970414854e-07 0.057623813659571754 6.449201398430026e-06 0.0007817717920086302 2.582697916661473e-06 0.0132530987319996 1.722585480686841e-06 0.02275171711374532 9.530914193621896e-07 0.0001342014817069688 0.0008586212863365212 2.488113620917901e-05 0.03682602448754669 0.2990156650919441 0.2550873188057249 0.14742385950161677 9.253737522918172e-07 8.882641163923196e-07
20 8.563758160638095e-07 0.004247746290890384 9.123043621549526e-07 9.760882358127796e-07 9.716710515281656e-07 1.91125093498033e-06 8.974732777579611e-07 0.004914967958263613 9.54051501352895e-07 9.197237028734681e-07 9.09540936201238e-07 0.0023772535587522664 9.4657970414854e-07 0.057623813659571754 6.449201398430026e-06 0.0007817717920086302 2.582697916661473e-06 0.0132530987319996 1.722585480686841e-06 0.02275171711374532 9.530914193621896e-07 0.0001342014817069688 0.0008586212863365212 2.488113620917901e-05 0.03682602448754669 0.2990156650919441 0.2550873188057249 0.14742385950161677 9.253737522918172e-07 8.882641163923196e-07
21 8.563758160638095e-07 0.004247746290890384 9.123043621549526e-07 9.760882358127796e-07 9.716710515281656e-07 1.91125093498033e-06 8.974732777579611e-07 0.004914967958263613 9.54051501352895e-07 9.197237028734681e-07 9.09540936201238e-07 0.0023772535587522664 9.4657970414854e-07 0.057623813659571754 6.449201398430026e-06 0.0007817717920086302 2.582697916661473e-06 0.0132530987319996 1.722585480686841e-06 0.02275171711374532 9.530914193621896e-07 0.0001342014817069688 0.0008586212863365212 2.488113620917901e-05 0.03682602448754669 0.2990156650919441 0.2550873188057249 0.14742385950161677 9.253737522918172e-07 8.882641163923196e-07
22 4.7169391996790575e-07 4.898955910075964e-07 4.443626039460016e-07 4.905167035275655e-07 4.772162558691734e-07 1.2024596045813663e-06 4.6797922508121016e-07 0.002358429870670749 4.069981524264951e-07 4.5470189554371146e-07 4.6561955953213913e-07 0.06524028192241955 4.3432850842243295e-07 0.5321378503018002 6.123600572903433e-06 0.1610044105789997 1.282263825259817e-06 0.014122215051194141 8.599156869004645e-07 0.03488510945785224 4.612553148225445e-07 7.492539146423312e-05 0.000392816860841924 3.3281688598197284e-05 0.0037218598184796457 0.06551157416348251 0.030716159546863162 0.00765995683233311 4.648870314146689e-07 4.6618890720079967e-07
23 4.7169391996790575e-07 4.898955910075964e-07 4.443626039460016e-07 4.905167035275655e-07 4.772162558691734e-07 1.2024596045813663e-06 4.6797922508121016e-07 0.002358429870670749 4.069981524264951e-07 4.5470189554371146e-07 4.6561955953213913e-07 0.06524028192241955 4.3432850842243295e-07 0.5321378503018002 6.123600572903433e-06 0.1610044105789997 1.282263825259817e-06 0.014122215051194141 8.599156869004645e-07 0.03488510945785224 4.612553148225445e-07 7.492539146423312e-05 0.000392816860841924 3.3281688598197284e-05 0.0037218598184796457 0.06551157416348251 0.030716159546863162 0.00765995683233311 4.648870314146689e-07 4.6618890720079967e-07
24 4.7169391996790575e-07 4.898955910075964e-07 4.443626039460016e-07 4.905167035275655e-07 4.772162558691734e-07 1.2024596045813663e-06 4.6797922508121016e-07 0.002358429870670749 4.069981524264951e-07 4.5470189554371146e-07 4.6561955953213913e-07 0.06524028192241955 4.3432850842243295e-07 0.5321378503018002 6.123600572903433e-06 0.1610044105789997 1.282263825259817e-06 0.014122215051194141 8.599156869004645e-07 0.03488510945785224 4.612553148225445e-07 7.492539146423312e-05 0.000392816860841924 3.3281688598197284e-05 0.0037218598184796457 0.06551157416348251 0.030716159546863162 0.00765995683233311 4.648870314146689e-07 4.6618890720079967e-07
25 4.7169391996790575e-07 4.898955910075964e-07 4.443626039460016e-07 4.905167035275655e-07 4.772162558691734e-07 1.2024596045813663e-06 4.6797922508121016e-07 0.002358429870670749 4.069981524264951e-07 4.5470189554371146e-07 4.6561955953213913e-07 0.06524028192241955 4.3432850842243295e-07 0.5321378503018002 6.123600572903433e-06 0.1610044105789997 1.282263825259817e-06 0.014122215051194141 8.599156869004645e-07 0.03488510945785224 4.612553148225445e-07 7.492539146423312e-05 0.000392816860841924 3.3281688598197284e-05 0.0037218598184796457 0.06551157416348251 0.030716159546863162 0.00765995683233311 4.648870314146689e-07 4.6618890720079967e-07
26 4.7169391996790575e-07 4.898955910075964e-07 4.443626039460016e-07 4.905167035275655e-07 4.772162558691734e-07 1.2024596045813663e-06 4.6797922508121016e-07 0.002358429870670749 4.069981524264951e-07 4.5470189554371146e-07 4.6561955953213913e-07 0.06524028192241955 4.3432850842243295e-07 0.5321378503018002 6.123600572903433e-06 0.1610044105789997 1.282263825259817e-06 0.014122215051194141 8.599156869004645e-07 0.03488510945785224 4.612553148225445e-07 7.492539146423312e-05 0.000392816860841924 3.3281688598197284e-05 0.0037218598184796457 0.06551157416348251 0.030716159546863162 0.00765995683233311 4.648870314146689e-07 4.6618890720079967e-07
27 4.7169391996790575e-07 4.898955910075964e-07 4.443626039460016e-07 4.905167035275655e-07 4.772162558691734e-07 1.2024596045813663e-06 4.6797922508121016e-07 0.002358429870670749 4.069981524264951e-07 4.5470189554371146e-07 4.6561955953213913e-07 0.06524028192241955 4.3432850842243295e-07 0.5321378503018002 6.123600572903433e-06 0.1610044105789997 1.282263825259817e-06 0.014122215051194141 8.599156869004645e-07 0.03488510945785224 4.612553148225445e-07 7.492539146423312e-05 0.000392816860841924 3.3281688598197284e-05 0.0037218598184796457 0.06551157416348251 0.030716159546863162 0.00765995683233311 4.648870314146689e-07 4.6618890720079967e-07
28 4.7169391996790575e-07 4.898955910075964e-07 4.443626039460016e-07 4.905167035275655e-07 4.772162558691734e-07 1.2024596045813663e-06 4.6797922508121016e-07 0.002358429870670749 4.069981524264951e-07 4.5470189554371146e-07 4.6561955953213913e-07 0.06524028192241955 4.3432850842243295e-07 0.5321378503018002 6.123600572903433e-06 0.1610044105789997 1.282263825259817e-06 0.014122215051194141 8.599156869004645e-07 0.03488510945785224 4.612553148225445e-07 7.492539146423312e-05 0.000392816860841924 3.3281688598197284e-05 0.0037218598184796457 0.06551157416348251 0.030716159546863162 0.00765995683233311 4.648870314146689e-07 4.6618890720079967e-07
29 4.7169391996790575e-07 4.898955910075964e-07 4.443626039460016e-07 4.905167035275655e-07 4.772162558691734e-07 1.2024596045813663e-06 4.6797922508121016e-07 0.002358429870670749 4.069981524264951e-07 4.5470189554371146e-07 4.6561955953213913e-07 0.06524028192241955 4.3432850842243295e-07 0.5321378503018002 6.123600572903433e-06 0.1610044105789997 1.282263825259817e-06 0.014122215051194141 8.599156869004645e-07 0.03488510945785224 4.612553148225445e-07 7.492539146423312e-05 0.000392816860841924 3.3281688598197284e-05 0.0037218598184796457 0.06551157416348251 0.030716159546863162 0.00765995683233311 4.648870314146689e-07 4.6618890720079967e-07
30 4.7169391996790575e-07 4.898955910075964e-07 4.443626039460016e-07 4.905167035275655e-07 4.772162558691734e-07 1.2024596045813663e-06 4.6797922508121016e-07 0.002358429870670749 4.069981524264951e-07 4.5470189554371146e-07 4.6561955953213913e-07 0.06524028192241955 4.3432850842243295e-07 0.5321378503018002 6.123600572903433e-06 0.1610044105789997 1.282263825259817e-06 0.014122215051194141 8.599156869004645e-07 0.03488510945785224 4.612553148225445e-07 7.492539146423312e-05 0.000392816860841924 3.3281688598197284e-05 0.0037218598184796457 0.06551157416348251 0.030716159546863162 0.00765995683233311 4.648870314146689e-07 4.6618890720079967e-07
31 4.7169391996790575e-07 4.898955910075964e-07 4.443626039460016e-07 4.905167035275655e-07 4.772162558691734e-07 1.2024596045813663e-06 4.6797922508121016e-07 0.002358429870670749 4.069981524264951e-07 4.5470189554371146e-07 4.6561955953213913e-07 0.06524028192241955 4.3432850842243295e-07 0.5321378503018002 6.123600572903433e-06 0.1610044105789997 1.282263825259817e-06 0.014122215051194141 8.599156869004645e-07 0.03488510945785224 4.612553148225445e-07 7.492539146423312e-05 0.000392816860841924 3.3281688598197284e-05 0.0037218598184796457 0.06551157416348251 0.030716159546863162 0.00765995683233311 4.648870314146689e-07 4.6618890720079967e-07
32 3.1945437212729534e-07 3.524733556739426e-07 3.0490779655781534e-07 2.555907249045666e-07 3.2052031457112635e-07 8.19685353207286e-06 3.022399890867092e-07 0.485312499525489 3.208104261238514e-07 1.2355404166293444e-06 3.4992069735306704e-07 0.03343205918305958 3.291263053717929e-07 0.30425330154375735 3.175049271479821e-05 5.5460069274588264e-05 1.885604936432204e-05 0.015906615475869697 1.9182853408097893e-05 0.004610644268203933 3.1765381728606877e-07 2.4194814976144725e-05 2.3242811600354727e-05 2.6075296055354985e-05 0.0002324633357666362 0.008816704822011716 0.01228919497593183 0.004821021694121185 3.347059619781589e-07 3.343162787857694e-07
33 3.1945437212729534e-07 3.524733556739426e-07 3.0490779655781534e-07 2.555907249045666e-07 3.2052031457112635e-07 8.19685353207286e-06 3.022399890867092e-07 0.485312499525489 3.208104261238514e-07 1.2355404166293444e-06 3.4992069735306704e-07 0.03343205918305958 3.291263053717929e-07 0.30425330154375735 3.175049271479821e-05 5.5460069274588264e-05 1.885604936432204e-05 0.015906615475869697 1.9182853408097893e-05 0.004610644268203933 3.1765381728606877e-07 2.4194814976144725e-05 2.3242811600354727e-05 2.6075296055354985e-05 0.0002324633357666362 0.008816704822011716 0.01228919497593183 0.004821021694121185 3.347059619781589e-07 3.343162787857694e-07
34 3.1945437212729534e-07 3.524733556739426e-07 3.0490779655781534e-07 2.555907249045666e-07 3.2052031457112635e-07 8.19685353207286e-06 3.022399890867092e-07 0.485312499525489 3.208104261238514e-07 1.2355404166293444e-06 3.4992069735306704e-07 0.03343205918305958 3.291263053717929e-07 0.30425330154375735 3.175049271479821e-05 5.5460069274588264e-05 1.885604936432204e-05 0.015906615475869697 1.9182853408097893e-05 0.004610644268203933 3.1765381728606877e-07 2.4194814976144725e-05 2.3242811600354727e-05 2.6075296055354985e-05 0.0002324633357666362 0.008816704822011716 0.01228919497593183 0.004821021694121185 3.347059619781589e-07 3.343162787857694e-07
35 3.1945437212729534e-07 3.524733556739426e-07 3.0490779655781534e-07 2.555907249045666e-07 3.2052031457112635e-07 8.19685353207286e-06 3.022399890867092e-07 0.485312499525489 3.208104261238514e-07 1.2355404166293444e-06 3.4992069735306704e-07 0.03343205918305958 3.291263053717929e-07 0.30425330154375735 3.175049271479821e-05 5.5460069274588264e-05 1.885604936432204e-05 0.015906615475869697 1.9182853408097893e-05 0.004610644268203933 3.1765381728606877e-07 2.4194814976144725e-05 2.3242811600354727e-05 2.6075296055354985e-05 0.0002324633357666362 0.008816704822011716 0.01228919497593183 0.004821021694121185 3.347059619781589e-07 3.343162787857694e-07
36 3.1945437212729534e-07 3.524733556739426e-07 3.0490779655781534e-07 2.555907249045666e-07 3.2052031457112635e-07 8.19685353207286e-06 3.022399890867092e-07 0.485312499525489 3.208104261238514e-07 1.2355404166293444e-06 3.4992069735306704e-07 0.03343205918305958 3.291263053717929e-07 0.30425330154375735 3.175049271479821e-05 5.5460069274588264e-05 1.885604936432204e-05 0.015906615475869697 1.9182853408097893e-05 0.004610644268203933 3.1765381728606877e-07 2.4194814976144725e-05 2.3242811600354727e-05 2.6075296055354985e-05 0.0002324633357666362 0.008816704822011716 0.01228919497593183 0.004821021694121185 3.347059619781589e-07 3.343162787857694e-07
37 3.1945437212729534e-07 3.524733556739426e-07 3.0490779655781534e-07 2.555907249045666e-07 3.2052031457112635e-07 8.19685353207286e-06 3.022399890867092e-07 0.485312499525489 3.208104261238514e-07 1.2355404166293444e-06 3.4992069735306704e-07 0.03343205918305958 3.291263053717929e-07 0.30425330154375735 3.175049271479821e-05 5.5460069274588264e-05 1.885604936432204e-05 0.015906615475869697 1.9182853408097893e-05 0.004610644268203933 3.1765381728606877e-07 2.4194814976144725e-05 2.3242811600354727e-05 2.6075296055354985e-05 0.0002324633357666362 0.008816704822011716 0.01228919497593183 0.004821021694121185 3.347059619781589e-07 3.343162787857694e-07
38 3.1945437212729534e-07 3.524733556739426e-07 3.0490779655781534e-07 2.555907249045666e-07 3.2052031457112635e-07 8.19685353207286e-06 3.022399890867092e-07 0.485312499525489 3.208104261238514e-07 1.2355404166293444e-06 3.4992069735306704e-07 0.03343205918305958 3.291263053717929e-07 0.30425330154375735 3.175049271479821e-05 5.5460069274588264e-05 1.885604936432204e-05 0.015906615475869697 1.9182853408097893e-05 0.004610644268203933 3.1765381728606877e-07 2.4194814976144725e-05 2.3242811600354727e-05 2.6075296055354985e-05 0.0002324633357666362 0.008816704822011716 0.01228919497593183 0.004821021694121185 3.347059619781589e-07 3.343162787857694e-07
39 3.1945437212729534e-07 3.524733556739426e-07 3.0490779655781534e-07 2.555907249045666e-07 3.2052031457112635e-07 8.19685353207286e-06 3.022399890867092e-07 0.485312499525489 3.208104261238514e-07 1.2355404166293444e-06 3.4992069735306704e-07 0.03343205918305958 3.291263053717929e-07 0.30425330154375735 3.175049271479821e-05 5.5460069274588264e-05 1.885604936432204e-05 0.015906615475869697 1.9182853408097893e-05 0.004610644268203933 3.1765381728606877e-07 2.4194814976144725e-05 2.3242811600354727e-05 2.6075296055354985e-05 0.0002324633357666362 0.008816704822011716 0.01228919497593183 0.004821021694121185 3.347059619781589e-07 3.343162787857694e-07
40 3.1945437212729534e-07 3.524733556739426e-07 3.0490779655781534e-07 2.555907249045666e-07 3.2052031457112635e-07 8.19685353207286e-06 3.022399890867092e-07 0.485312499525489 3.208104261238514e-07 1.2355404166293444e-06 3.4992069735306704e-07 0.03343205918305958 3.291263053717929e-07 0.30425330154375735 3.175049271479821e-05 5.5460069274588264e-05 1.885604936432204e-05 0.015906615475869697 1.9182853408097893e-05 0.004610644268203933 3.1765381728606877e-07 2.4194814976144725e-05 2.3242811600354727e-05 2.6075296055354985e-05 0.0002324633357666362 0.008816704822011716 0.01228919497593183 0.004821021694121185 3.347059619781589e-07 3.343162787857694e-07
41 3.1945437212729534e-07 3.524733556739426e-07 3.0490779655781534e-07 2.555907249045666e-07 3.2052031457112635e-07 8.19685353207286e-06 3.022399890867092e-07 0.485312499525489 3.208104261238514e-07 1.2355404166293444e-06 3.4992069735306704e-07 0.03343205918305958 3.291263053717929e-07 0.30425330154375735 3.175049271479821e-05 5.5460069274588264e-05 1.885604936432204e-05 0.015906615475869697 1.9182853408097893e-05 0.004610644268203933 3.1765381728606877e-07 2.4194814976144725e-05 2.3242811600354727e-05 2.6075296055354985e-05 0.0002324633357666362 0.008816704822011716 0.01228919497593183 0.004821021694121185 3.347059619781589e-07 3.343162787857694e-07
42 3.1945437212729534e-07 3.524733556739426e-07 3.0490779655781534e-07 2.555907249045666e-07 3.2052031457112635e-07 8.19685353207286e-06 3.022399890867092e-07 0.485312499525489 3.208104261238514e-07 1.2355404166293444e-06 3.4992069735306704e-07 0.03343205918305958 3.291263053717929e-07 0.30425330154375735 3.175049271479821e-05 5.5460069274588264e-05 1.885604936432204e-05 0.015906615475869697 1.9182853408097893e-05 0.004610644268203933 3.1765381728606877e-07 2.4194814976144725e-05 2.3242811600354727e-05 2.6075296055354985e-05 0.0002324633357666362 0.008816704822011716 0.01228919497593183 0.004821021694121185 3.347059619781589e-07 3.343162787857694e-07
43 3.1945437212729534e-07 3.524733556739426e-07 3.0490779655781534e-07 2.555907249045666e-07 3.2052031457112635e-07 8.19685353207286e-06 3.022399890867092e-07 0.485312499525489 3.208104261238514e-07 1.2355404166293444e-06 3.4992069735306704e-07 0.03343205918305958 3.291263053717929e-07 0.30425330154375735 3.175049271479821e-05 5.5460069274588264e-05 1.885604936432204e-05 0.015906615475869697 1.9182853408097893e-05 0.004610644268203933 3.1765381728606877e-07 2.4194814976144725e-05 2.3242811600354727e-05 2.6075296055354985e-05 0.0002324633357666362 0.008816704822011716 0.01228919497593183 0.004821021694121185 3.347059619781589e-07 3.343162787857694e-07
44 3.1945437212729534e-07 3.524733556739426e-07 3.0490779655781534e-07 2.555907249045666e-07 3.2052031457112635e-07 8.19685353207286e-06 3.022399890867092e-07 0.485312499525489 3.208104261238514e-07 1.2355404166293444e-06 3.4992069735306704e-07 0.03343205918305958 3.291263053717929e-07 0.30425330154375735 3.175049271479821e-05 5.5460069274588264e-05 1.885604936432204e-05 0.015906615475869697 1.9182853408097893e-05 0.004610644268203933 3.1765381728606877e-07 2.4194814976144725e-05 2.3242811600354727e-05 2.6075296055354985e-05 0.0002324633357666362 0.008816704822011716 0.01228919497593183 0.004821021694121185 3.347059619781589e-07 3.343162787857694e-07
45 1.3237694176706763e-06 1.384538286620163e-06 1.2727007925091572e-06 1.2449882501041068e-06 1.2731955584085519e-06 0.08522834850414242 1.3206627000486723e-06 0.3931651792539424 1.2184168021748244e-06 0.06605294233073623 0.0005318656524151725 0.24037480166315434 1.368847046508313e-06 0.00015332043485203104 0.0002153649099991088 0.0001562524781111997 4.106082197246143e-05 0.0039887231413150495 1.066905030720824e-05 0.0014269067102264234 1.5348221015151177e-06 1.8104668011475706e-05 2.3895121871372464e-06 1.2447722915307562e-05 3.942881738846804e-05 0.006781042150634952 0.00086494187463447 0.0021766140554297132 1.4056593229045742e-06 1.2780331253293242e-06
46 1.3237694176706763e-06 1.384538286620163e-06 1.2727007925091572e-06 1.2449882501041068e-06 1.2731955584085519e-06 0.08522834850414242 1.3206627000486723e-06 0.3931651792539424 1.2184168021748244e-06 0.06605294233073623 0.0005318656524151725 0.24037480166315434 1.368847046508313e-06 0.00015332043485203104 0.0002153649099991088 0.0001562524781111997 4.106082197246143e-05 0.0039887231413150495 1.066905030720824e-05 0.0014269067102264234 1.5348221015151177e-06 1.8104668011475706e-05 2.3895121871372464e-06 1.2447722915307562e-05 3.942881738846804e-05 0.006781042150634952 0.00086494187463447 0.0021766140554297132 1.4056593229045742e-06 1.2780331253293242e-06
47 1.3237694176706763e-06 1.384538286620163e-06 1.2727007925091572e-06 1.2449882501041068e-06 1.2731955584085519e-06 0.08522834850414242 1.3206627000486723e-06 0.3931651792539424 1.2184168021748244e-06 0.06605294233073623 0.0005318656524151725 0.24037480166315434 1.368847046508313e-06 0.00015332043485203104 0.0002153649099991088 0.0001562524781111997 4.106082197246143e-05 0.0039887231413150495 1.066905030720824e-05 0.0014269067102264234 1.5348221015151177e-06 1.8104668011475706e-05 2.3895121871372464e-06 1.2447722915307562e-05 3.942881738846804e-05 0.006781042150634952 0.00086494187463447 0.0021766140554297132 1.4056593229045742e-06 1.2780331253293242e-06
48 1.3237694176706763e-06 1.384538286620163e-06 1.2727007925091572e-06 1.2449882501041068e-06 1.2731955584085519e-06 0.08522834850414242 1.3206627000486723e-06 0.3931651792539424 1.2184168021748244e-06 0.06605294233073623 0.0005318656524151725 0.24037480166315434 1.368847046508313e-06 0.00015332043485203104 0.0002153649099991088 0.0001562524781111997 4.106082197246143e-05 0.0039887231413150495 1.066905030720824e-05 0.0014269067102264234 1.5348221015151177e-06 1.8104668011475706e-05 2.3895121871372464e-06 1.2447722915307562e-05 3.942881738846804e-05 0.006781042150634952 0.00086494187463447 0.0021766140554297132 1.4056593229045742e-06 1.2780331253293242e-06
49 1.3237694176706763e-06 1.384538286620163e-06 1.2727007925091572e-06 1.2449882501041068e-06 1.2731955584085519e-06 0.08522834850414242 1.3206627000486723e-06 0.3931651792539424 1.2184168021748244e-06 0.06605294233073623 0.0005318656524151725 0.24037480166315434 1.368847046508313e-06 0.00015332043485203104 0.0002153649099991088 0.0001562524781111997 4.106082197246143e-05 0.0039887231413150495 1.066905030720824e-05 0.0014269067102264234 1.5348221015151177e-06 1.8104668011475706e-05 2.3895121871372464e-06 1.2447722915307562e-05 3.942881738846804e-05 0.006781042150634952 0.00086494187463447 0.0021766140554297132 1.4056593229045742e-06 1.2780331253293242e-06
50 1.3237694176706763e-06 1.384538286620163e-06 1.2727007925091572e-06 1.2449882501041068e-06 1.2731955584085519e-06 0.08522834850414242 1.3206627000486723e-06 0.3931651792539424 1.2184168021748244e-06 0.06605294233073623 0.0005318656524151725 0.24037480166315434 1.368847046508313e-06 0.00015332043485203104 0.0002153649099991088 0.0001562524781111997 4.106082197246143e-05 0.0039887231413150495 1.066905030720824e-05 0.0014269067102264234 1.5348221015151177e-06 1.8104668011475706e-05 2.3895121871372464e-06 1.2447722915307562e-05 3.942881738846804e-05 0.006781042150634952 0.00086494187463447 0.0021766140554297132 1.4056593229045742e-06 1.2780331253293242e-06
51 1.3237694176706763e-06 1.384538286620163e-06 1.2727007925091572e-06 1.2449882501041068e-06 1.2731955584085519e-06 0.08522834850414242 1.3206627000486723e-06 0.3931651792539424 1.2184168021748244e-06 0.06605294233073623 0.0005318656524151725 0.24037480166315434 1.368847046508313e-06 0.00015332043485203104 0.0002153649099991088 0.0001562524781111997 4.106082197246143e-05 0.0039887231413150495 1.066905030720824e-05 0.0014269067102264234 1.5348221015151177e-06 1.8104668011475706e-05 2.3895121871372464e-06 1.2447722915307562e-05 3.942881738846804e-05 0.006781042150634952 0.00086494187463447 0.0021766140554297132 1.4056593229045742e-06 1.2780331253293242e-06
52 1.3237694176706763e-06 1.384538286620163e-06 1.2727007925091572e-06 1.2449882501041068e-06 1.2731955584085519e-06 0.08522834850414242 1.3206627000486723e-06 0.3931651792539424 1.2184168021748244e-06 0.06605294233073623 0.0005318656524151725 0.24037480166315434 1.368847046508313e-06 0.00015332043485203104 0.0002153649099991088 0.0001562524781111997 4.106082197246143e-05 0.0039887231413150495 1.066905030720824e-05 0.0014269067102264234 1.5348221015151177e-06 1.8104668011475706e-05 2.3895121871372464e-06 1.2447722915307562e-05 3.942881738846804e-05 0.006781042150634952 0.00086494187463447 0.0021766140554297132 1.4056593229045742e-06 1.2780331253293242e-06
53 1.3237694176706763e-06 1.384538286620163e-06 1.2727007925091572e-06 1.2449882501041068e-06 1.2731955584085519e-06 0.08522834850414242 1.3206627000486723e-06 0.3931651792539424 1.2184168021748244e-06 0.06605294233073623 0.0005318656524151725 0.24037480166315434 1.368847046508313e-06 0.00015332043485203104 0.0002153649099991088 0.0001562524781111997 4.106082197246143e-05 0.0039887231413150495 1.066905030720824e-05 0.0014269067102264234 1.5348221015151177e-06 1.8104668011475706e-05 2.3895121871372464e-06 1.2447722915307562e-05 3.942881738846804e-05 0.006781042150634952 0.00086494187463447 0.0021766140554297132 1.4056593229045742e-06 1.2780331253293242e-06
54 1.3237694176706763e-06 1.384538286620163e-06 1.2727007925091572e-06 1.2449882501041068e-06 1.2731955584085519e-06 0.08522834850414242 1.3206627000486723e-06 0.3931651792539424 1.2184168021748244e-06 0.06605294233073623 0.0005318656524151725 0.24037480166315434 1.368847046508313e-06 0.00015332043485203104 0.0002153649099991088 0.0001562524781111997 4.106082197246143e-05 0.0039887231413150495 1.066905030720824e-05 0.0014269067102264234 1.5348221015151177e-06 1.8104668011475706e-05 2.3895121871372464e-06 1.2447722915307562e-05 3.942881738846804e-05 0.006781042150634952 0.00086494187463447 0.0021766140554297132 1.4056593229045742e-06 1.2780331253293242e-06
55 1.3237694176706763e-06 1.384538286620163e-06 1.2727007925091572e-06 1.2449882501041068e-06 1.2731955584085519e-06 0.08522834850414242 1.3206627000486723e-06 0.3931651792539424 1.2184168021748244e-06 0.06605294233073623 0.0005318656524151725 0.24037480166315434 1.368847046508313e-06 0.00015332043485203104 0.0002153649099991088 0.0001562524781111997 4.106082197246143e-05 0.0039887231413150495 1.066905030720824e-05 0.0014269067102264234 1.5348221015151177e-06 1.8104668011475706e-05 2.3895121871372464e-06 1.2447722915307562e-05 3.942881738846804e-05 0.006781042150634952 0.00086494187463447 0.0021766140554297132 1.4056593229045742e-06 1.2780331253293242e-06
56 1.3237694176706763e-06 1.384538286620163e-06 1.2727007925091572e-06 1.2449882501041068e-06 1.2731955584085519e-06 0.08522834850414242 1.3206627000486723e-06 0.3931651792539424 1.2184168021748244e-06 0.06605294233073623 0.0005318656524151725 0.24037480166315434 1.368847046508313e-06 0.00015332043485203104 0.0002153649099991088 0.0001562524781111997 4.106082197246143e-05 0.0039887231413150495 1.066905030720824e-05 0.0014269067102264234 1.5348221015151177e-06 1.8104668011475706e-05 2.3895121871372464e-06 1.2447722915307562e-05 3.942881738846804e-05 0.006781042150634952 0.00086494187463447 0.0021766140554297132 1.4056593229045742e-06 1.2780331253293242e-06
57 1.3237694176706763e-06 1.384538286620163e-06 1.2727007925091572e-06 1.2449882501041068e-06 1.2731955584085519e-06 0.08522834850414242 1.3206627000486723e-06 0.3931651792539424 1.2184168021748244e-06 0.06605294233073623 0.0005318656524151725 0.24037480166315434 1.368847046508313e-06 0.00015332043485203104 0.0002153649099991088 0.0001562524781111997 4.106082197246143e-05 0.0039887231413150495 1.066905030720824e-05 0.0014269067102264234 1.5348221015151177e-06 1.8104668011475706e-05 2.3895121871372464e-06 1.2447722915307562e-05 3.942881738846804e-05 0.006781042150634952 0.00086494187463447 0.0021766140554297132 1.4056593229045742e-06 1.2780331253293242e-06
58 1.3237694176706763e-06 1.384538286620163e-06 1.2727007925091572e-06 1.2449882501041068e-06 1.2731955584085519e-06 0.08522834850414242 1.3206627000486723e-06 0.3931651792539424 1.2184168021748244e-06 0.06605294233073623 0.0005318656524151725 0.24037480166315434 1.368847046508313e-06 0.00015332043485203104 0.0002153649099991088 0.0001562524781111997 4.106082197246143e-05 0.0039887231413150495 1.066905030720824e-05 0.0014269067102264234 1.5348221015151177e-06 1.8104668011475706e-05 2.3895121871372464e-06 1.2447722915307562e-05 3.942881738846804e-05 0.006781042150634952 0.00086494187463447 0.0021766140554297132 1.4056593229045742e-06 1.2780331253293242e-06
59 1.3237694176706763e-06 1.384538286620163e-06 1.2727007925091572e-06 1.2449882501041068e-06 1.2731955584085519e-06 0.08522834850414242 1.3206627000486723e-06 0.3931651792539424 1.2184168021748244e-06 0.06605294233073623 0.0005318656524151725 0.24037480166315434 1.368847046508313e-06 0.00015332043485203104 0.0002153649099991088 0.0001562524781111997 4.106082197246143e-05 0.0039887231413150495 1.066905030720824e-05 0.0014269067102264234 1.5348221015151177e-06 1.8104668011475706e-05 2.3895121871372464e-06 1.2447722915307562e-05 3.942881738846804e-05 0.006781042150634952 0.00086494187463447 0.0021766140554297132 1.4056593229045742e-06 1.2780331253293242e-06
60 1.3237694176706763e-06 1.384538286620163e-06 1.2727007925091572e-06 1.2449882501041068e-06 1.2731955584085519e-06 0.08522834850414242 1.3206627000486723e-06 0.3931651792539424 1.2184168021748244e-06 0.06605294233073623 0.0005318656524151725 0.24037480166315434 1.368847046508313e-06 0.00015332043485203104 0.0002153649099991088 0.0001562524781111997 4.106082197246143e-05 0.0039887231413150495 1.066905030720824e-05 0.0014269067102264234 1.5348221015151177e-06 1.8104668011475706e-05 2.3895121871372464e-06 1.2447722915307562e-05 3.942881738846804e-05 0.006781042150634952 0.00086494187463447 0.0021766140554297132 1.4056593229045742e-06 1.2780331253293242e-06
61 1.3237694176706763e-06 1.384538286620163e-06 1.2727007925091572e-06 1.2449882501041068e-06 1.2731955584085519e-06 0.08522834850414242 1.3206627000486723e-06 0.3931651792539424 1.2184168021748244e-06 0.06605294233073623 0.0005318656524151725 0.24037480166315434 1.368847046508313e-06 0.00015332043485203104 0.0002153649099991088 0.0001562524781111997 4.106082197246143e-05 0.0039887231413150495 1.066905030720824e-05 0.0014269067102264234 1.5348221015151177e-06 1.8104668011475706e-05 2.3895121871372464e-06 1.2447722915307562e-05 3.942881738846804e-05 0.006781042150634952 0.00086494187463447 0.0021766140554297132 1.4056593229045742e-06 1.2780331253293242e-06
62 1.3237694176706763e-06 1.384538286620163e-06 1.2727007925091572e-06 1.2449882501041068e-06 1.2731955584085519e-06 0.08522834850414242 1.3206627000486723e-06 0.3931651792539424 1.2184168021748244e-06 0.06605294233073623 0.0005318656524151725 0.24037480166315434 1.368847046508313e-06 0.00015332043485203104 0.0002153649099991088 0.0001562524781111997 4.106082197246143e-05 0.0039887231413150495 1.066905030720824e-05 0.0014269067102264234 1.5348221015151177e-06 1.8104668011475706e-05 2.3895121871372464e-06 1.2447722915307562e-05 3.942881738846804e-05 0.006781042150634952 0.00086494187463447 0.0021766140554297132 1.4056593229045742e-06 1.2780331253293242e-06
63 1.3237694176706763e-06 1.384538286620163e-06 1.2727007925091572e-06 1.2449882501041068e-06 1.2731955584085519e-06 0.08522834850414242 1.3206627000486723e-06 0.3931651792539424 1.2184168021748244e-06 0.06605294233073623 0.0005318656524151725 0.24037480166315434 1.368847046508313e-06 0.00015332043485203104 0.0002153649099991088 0.0001562524781111997 4.106082197246143e-05 0.0039887231413150495 1.066905030720824e-05 0.0014269067102264234 1.5348221015151177e-06 1.8104668011475706e-05 2.3895121871372464e-06 1.2447722915307562e-05 3.942881738846804e-05 0.006781042150634952 0.00086494187463447 0.0021766140554297132 1.4056593229045742e-06 1.2780331253293242e-06
64 1.3237694176706763e-06 1.384538286620163e-06 1.2727007925091572e-06 1.2449882501041068e-06 1.2731955584085519e-06 0.08522834850414242 1.3206627000486723e-06 0.3931651792539424 1.2184168021748244e-06 0.06605294233073623 0.0005318656524151725 0.24037480166315434 1.368847046508313e-06 0.00015332043485203104 0.0002153649099991088 0.0001562524781111997 4.106082197246143e-05 0.0039887231413150495 1.066905030720824e-05 0.0014269067102264234 1.5348221015151177e-06 1.8104668011475706e-05 2.3895121871372464e-06 1.2447722915307562e-05 3.942881738846804e-05 0.006781042150634952 0.00086494187463447 0.0021766140554297132 1.4056593229045742e-06 1.2780331253293242e-06
65 1.3237694176706763e-06 1.384538286620163e-06 1.2727007925091572e-06 1.2449882501041068e-06 1.2731955584085519e-06 0.08522834850414242 1.3206627000486723e-06 0.3931651792539424 1.2184168021748244e-06 0.06605294233073623 0.0005318656524151725 0.24037480166315434 1.368847046508313e-06 0.00015332043485203104 0.0002153649099991088 0.0001562524781111997 4.106082197246143e-05 0.0039887231413150495 1.066905030720824e-05 0.0014269067102264234 1.5348221015151177e-06 1.8104668011475706e-05 2.3895121871372464e-06 1.2447722915307562e-05 3.942881738846804e-05 0.006781042150634952 0.00086494187463447 0.0021766140554297132 1.4056593229045742e-06 1.2780331253293242e-06
66 1.3237694176706763e-06 1.384538286620163e-06 1.2727007925091572e-06 1.2449882501041068e-06 1.2731955584085519e-06 0.08522834850414242 1.3206627000486723e-06 0.3931651792539424 1.2184168021748244e-06 0.06605294233073623 0.0005318656524151725 0.24037480166315434 1.368847046508313e-06 0.00015332043485203104 0.0002153649099991088 0.0001562524781111997 4.106082197246143e-05 0.0039887231413150495 1.066905030720824e-05 0.0014269067102264234 1.5348221015151177e-06 1.8104668011475706e-05 2.3895121871372464e-06 1.2447722915307562e-05 3.942881738846804e-05 0.006781042150634952 0.00086494187463447 0.0021766140554297132 1.4056593229045742e-06 1.2780331253293242e-06
67 1.3237694176706763e-06 1.384538286620163e-06 1.2727007925091572e-06 1.2449882501041068e-06 1.2731955584085519e-06 0.08522834850414242 1.3206627000486723e-06 0.3931651792539424 1.2184168021748244e-06 0.06605294233073623 0.0005318656524151725 0.24037480166315434 1.368847046508313e-06 0.00015332043485203104 0.0002153649099991088 0.0001562524781111997 4.106082197246143e-05 0.0039887231413150495 1.066905030720824e-05 0.0014269067102264234 1.5348221015151177e-06 1.8104668011475706e-05 2.3895121871372464e-06 1.2447722915307562e-05 3.942881738846804e-05 0.006781042150634952 0.00086494187463447 0.0021766140554297132 1.4056593229045742e-06 1.2780331253293242e-06
68 9.300123017700918e-07 9.355694062728366e-07 9.200115460707045e-07 9.602191800129793e-07 9.449649638892746e-07 0.06768116414832005 9.72041320442456e-07 0.46231359184580084 9.192229694453327e-07 0.04938018725239209 0.0003973924032119636 0.18615468758090778 9.09825592528215e-07 0.000115050568036608 0.00013830379371240165 0.00011744711106102302 3.219275471248462e-05 0.0030094376213635576 7.808371758629018e-06 0.0007105001417853628 1.1030214102435188e-06 1.3339666082675707e-05 1.6473428694685378e-06 9.544391582729794e-06 2.7760121578706014e-05 0.003464932559745301 0.0005801493247671218 0.001565766308883065 9.616952517378653e-07 9.69485395577779e-07
69 9.300123017700918e-07 9.355694062728366e-07 9.200115460707045e-07 9.602191800129793e-07 9.449649638892746e-07 0.06768116414832005 9.72041320442456e-07 0.46231359184580084 9.192229694453327e-07 0.04938018725239209 0.0003973924032119636 0.18615468758090778 9.09825592528215e-07 0.000115050568036608 0.00013830379371240165 0.00011744711106102302 3.219275471248462e-05 0.0030094376213635576 7.808371758629018e-06 0.0007105001417853628 1.1030214102435188e-06 1.3339666082675707e-05 1.6473428694685378e-06 9.544391582729794e-06 2.7760121578706014e-05 0.003464932559745301 0.0005801493247671218 0.001565766308883065 9.616952517378653e-07 9.69485395577779e-07
70 9.300123017700918e-07 9.355694062728366e-07 9.200115460707045e-07 9.602191800129793e-07 9.449649638892746e-07 0.06768116414832005 9.72041320442456e-07 0.46231359184580084 9.192229694453327e-07 0.04938018725239209 0.0003973924032119636 0.18615468758090778 9.09825592528215e-07 0.000115050568036608 0.00013830379371240165 0.00011744711106102302 3.219275471248462e-05 0.0030094376213635576 7.808371758629018e-06 0.0007105001417853628 1.1030214102435188e-06 1.3339666082675707e-05 1.6473428694685378e-06 9.544391582729794e-06 2.7760121578706014e-05 0.003464932559745301 0.0005801493247671218 0.001565766308883065 9.616952517378653e-07 9.69485395577779e-07
71 9.300123017700918e-07 9.355694062728366e-07 9.200115460707045e-07 9.602191800129793e-07 9.449649638892746e-07 0.06768116414832005 9.72041320442456e-07 0.46231359184580084 9.192229694453327e-07 0.04938018725239209 0.0003973924032119636 0.18615468758090778 9.09825592528215e-07 0.000115050568036608 0.00013830379371240165 0.00011744711106102302 3.219275471248462e-05 0.0030094376213635576 7.808371758629018e-06 0.0007105001417853628 1.1030214102435188e-06 1.3339666082675707e-05 1.6473428694685378e-06 9.544391582729794e-06 2.7760121578706014e-05 0.003464932559745301 0.0005801493247671218 0.001565766308883065 9.616952517378653e-07 9.69485395577779e-07
72 9.300123017700918e-07 9.355694062728366e-07 9.200115460707045e-07 9.602191800129793e-07 9.449649638892746e-07 0.06768116414832005 9.72041320442456e-07 0.46231359184580084 9.192229694453327e-07 0.04938018725239209 0.0003973924032119636 0.18615468758090778 9.09825592528215e-07 0.000115050568036608 0.00013830379371240165 0.00011744711106102302 3.219275471248462e-05 0.0030094376213635576 7.808371758629018e-06 0.0007105001417853628 1.1030214102435188e-06 1.3339666082675707e-05 1.6473428694685378e-06 9.544391582729794e-06 2.7760121578706014e-05 0.003464932559745301 0.0005801493247671218 0.001565766308883065 9.616952517378653e-07 9.69485395577779e-07
73 9.300123017700918e-07 9.355694062728366e-07 9.200115460707045e-07 9.602191800129793e-07 9.449649638892746e-07 0.06768116414832005 9.72041320442456e-07 0.46231359184580084 9.192229694453327e-07 0.04938018725239209 0.0003973924032119636 0.18615468758090778 9.09825592528215e-07 0.000115050568036608 0.00013830379371240165 0.00011744711106102302 3.219275471248462e-05 0.0030094376213635576 7.808371758629018e-06 0.0007105001417853628 1.1030214102435188e-06 1.3339666082675707e-05 1.6473428694685378e-06 9.544391582729794e-06 2.7760121578706014e-05 0.003464932559745301 0.0005801493247671218 0.001565766308883065 9.616952517378653e-07 9.69485395577779e-07
74 9.300123017700918e-07 9.355694062728366e-07 9.200115460707045e-07 9.602191800129793e-07 9.449649638892746e-07 0.06768116414832005 9.72041320442456e-07 0.46231359184580084 9.192229694453327e-07 0.04938018725239209 0.0003973924032119636 0.18615468758090778 9.09825592528215e-07 0.000115050568036608 0.00013830379371240165 0.00011744711106102302 3.219275471248462e-05 0.0030094376213635576 7.808371758629018e-06 0.0007105001417853628 1.1030214102435188e-06 1.3339666082675707e-05 1.6473428694685378e-06 9.544391582729794e-06 2.7760121578706014e-05 0.003464932559745301 0.0005801493247671218 0.001565766308883065 9.616952517378653e-07 9.69485395577779e-07
75 9.300123017700918e-07 9.355694062728366e-07 9.200115460707045e-07 9.602191800129793e-07 9.449649638892746e-07 0.06768116414832005 9.72041320442456e-07 0.46231359184580084 9.192229694453327e-07 0.04938018725239209 0.0003973924032119636 0.18615468758090778 9.09825592528215e-07 0.000115050568036608 0.00013830379371240165 0.00011744711106102302 3.219275471248462e-05 0.0030094376213635576 7.808371758629018e-06 0.0007105001417853628 1.1030214102435188e-06 1.3339666082675707e-05 1.6473428694685378e-06 9.544391582729794e-06 2.7760121578706014e-05 0.003464932559745301 0.0005801493247671218 0.001565766308883065 9.616952517378653e-07 9.69485395577779e-07
76 9.300123017700918e-07 9.355694062728366e-07 9.200115460707045e-07 9.602191800129793e-07 9.449649638892746e-07 0.06768116414832005 9.72041320442456e-07 0.46231359184580084 9.192229694453327e-07 0.04938018725239209 0.0003973924032119636 0.18615468758090778 9.09825592528215e-07 0.000115050568036608 0.00013830379371240165 0.00011744711106102302 3.219275471248462e-05 0.0030094376213635576 7.808371758629018e-06 0.0007105001417853628 1.1030214102435188e-06 1.3339666082675707e-05 1.6473428694685378e-06 9.544391582729794e-06 2.7760121578706014e-05 0.003464932559745301 0.0005801493247671218 0.001565766308883065 9.616952517378653e-07 9.69485395577779e-07
77 9.300123017700918e-07 9.355694062728366e-07 9.200115460707045e-07 9.602191800129793e-07 9.449649638892746e-07 0.06768116414832005 9.72041320442456e-07 0.46231359184580084 9.192229694453327e-07 0.04938018725239209 0.0003973924032119636 0.18615468758090778 9.09825592528215e-07 0.000115050568036608 0.00013830379371240165 0.00011744711106102302 3.219275471248462e-05 0.0030094376213635576 7.808371758629018e-06 0.0007105001417853628 1.1030214102435188e-06 1.3339666082675707e-05 1.6473428694685378e-06 9.544391582729794e-06 2.7760121578706014e-05 0.003464932559745301 0.0005801493247671218 0.001565766308883065 9.616952517378653e-07 9.69485395577779e-07
78 9.300123017700918e-07 9.355694062728366e-07 9.200115460707045e-07 9.602191800129793e-07 9.449649638892746e-07 0.06768116414832005 9.72041320442456e-07 0.46231359184580084 9.192229694453327e-07 0.04938018725239209 0.0003973924032119636 0.18615468758090778 9.09825592528215e-07 0.000115050568036608 0.00013830379371240165 0.00011744711106102302 3.219275471248462e-05 0.0030094376213635576 7.808371758629018e-06 0.0007105001417853628 1.1030214102435188e-06 1.3339666082675707e-05 1.6473428694685378e-06 9.544391582729794e-06 2.7760121578706014e-05 0.003464932559745301 0.0005801493247671218 0.001565766308883065 9.616952517378653e-07 9.69485395577779e-07
79 9.300123017700918e-07 9.355694062728366e-07 9.200115460707045e-07 9.602191800129793e-07 9.449649638892746e-07 0.06768116414832005 9.72041320442456e-07 0.46231359184580084 9.192229694453327e-07 0.04938018725239209 0.0003973924032119636 0.18615468758090778 9.09825592528215e-07 0.000115050568036608 0.00013830379371240165 0.00011744711106102302 3.219275471248462e-05 0.0030094376213635576 7.808371758629018e-06 0.0007105001417853628 1.1030214102435188e-06 1.3339666082675707e-05 1.6473428694685378e-06 9.544391582729794e-06 2.7760121578706014e-05 0.003464932559745301 0.0005801493247671218 0.001565766308883065 9.616952517378653e-07 9.69485395577779e-07
80 9.300123017700918e-07 9.355694062728366e-07 9.200115460707045e-07 9.602191800129793e-07 9.449649638892746e-07 0.06768116414832005 9.72041320442456e-07 0.46231359184580084 9.192229694453327e-07 0.04938018725239209 0.0003973924032119636 0.18615468758090778 9.09825592528215e-07 0.000115050568036608 0.00013830379371240165 0.00011744711106102302 3.219275471248462e-05 0.0030094376213635576 7.808371758629018e-06 0.0007105001417853628 1.1030214102435188e-06 1.3339666082675707e-05 1.6473428694685378e-06 9.544391582729794e-06 2.7760121578706014e-05 0.003464932559745301 0.0005801493247671218 0.001565766308883065 9.616952517378653e-07 9.69485395577779e-07
81 9.300123017700918e-07 9.355694062728366e-07 9.200115460707045e-07 9.602191800129793e-07 9.449649638892746e-07 0.06768116414832005 9.72041320442456e-07 0.46231359184580084 9.192229694453327e-07 0.04938018725239209 0.0003973924032119636 0.18615468758090778 9.09825592528215e-07 0.000115050568036608 0.00013830379371240165 0.00011744711106102302 3.219275471248462e-05 0.0030094376213635576 7.808371758629018e-06 0.0007105001417853628 1.1030214102435188e-06 1.3339666082675707e-05 1.6473428694685378e-06 9.544391582729794e-06 2.7760121578706014e-05 0.003464932559745301 0.0005801493247671218 0.001565766308883065 9.616952517378653e-07 9.69485395577779e-07
82 9.300123017700918e-07 9.355694062728366e-07 9.200115460707045e-07 9.602191800129793e-07 9.449649638892746e-07 0.06768116414832005 9.72041320442456e-07 0.46231359184580084 9.192229694453327e-07 0.04938018725239209 0.0003973924032119636 0.18615468758090778 9.09825592528215e-07 0.000115050568036608 0.00013830379371240165 0.00011744711106102302 3.219275471248462e-05 0.0030094376213635576 7.808371758629018e-06 0.0007105001417853628 1.1030214102435188e-06 1.3339666082675707e-05 1.6473428694685378e-06 9.544391582729794e-06 2.7760121578706014e-05 0.003464932559745301 0.0005801493247671218 0.001565766308883065 9.616952517378653e-07 9.69485395577779e-07
83 9.300123017700918e-07 9.355694062728366e-07 9.200115460707045e-07 9.602191800129793e-07 9.449649638892746e-07 0.06768116414832005 9.72041320442456e-07 0.46231359184580084 9.192229694453327e-07 0.04938018725239209 0.0003973924032119636 0.18615468758090778 9.09825592528215e-07 0.000115050568036608 0.00013830379371240165 0.00011744711106102302 3.219275471248462e-05 0.0030094376213635576 7.808371758629018e-06 0.0007105001417853628 1.1030214102435188e-06 1.3339666082675707e-05 1.6473428694685378e-06 9.544391582729794e-06 2.7760121578706014e-05 0.003464932559745301 0.0005801493247671218 0.001565766308883065 9.616952517378653e-07 9.69485395577779e-07
84 9.300123017700918e-07 9.355694062728366e-07 9.200115460707045e-07 9.602191800129793e-07 9.449649638892746e-07 0.06768116414832005 9.72041320442456e-07 0.46231359184580084 9.192229694453327e-07 0.04938018725239209 0.0003973924032119636 0.18615468758090778 9.09825592528215e-07 0.000115050568036608 0.00013830379371240165 0.00011744711106102302 3.219275471248462e-05 0.0030094376213635576 7.808371758629018e-06 0.0007105001417853628 1.1030214102435188e-06 1.3339666082675707e-05 1.6473428694685378e-06 9.544391582729794e-06 2.7760121578706014e-05 0.003464932559745301 0.0005801493247671218 0.001565766308883065 9.616952517378653e-07 9.69485395577779e-07
85 9.300123017700918e-07 9.355694062728366e-07 9.200115460707045e-07 9.602191800129793e-07 9.449649638892746e-07 0.06768116414832005 9.72041320442456e-07 0.46231359184580084 9.192229694453327e-07 0.04938018725239209 0.0003973924032119636 0.18615468758090778 9.09825592528215e-07 0.000115050568036608 0.00013830379371240165 0.00011744711106102302 3.219275471248462e-05 0.0030094376213635576 7.808371758629018e-06 0.0007105001417853628 1.1030214102435188e-06 1.3339666082675707e-05 1.6473428694685378e-06 9.544391582729794e-06 2.7760121578706014e-05 0.003464932559745301 0.0005801493247671218 0.001565766308883065 9.616952517378653e-07 9.69485395577779e-07
86 9.300123017700918e-07 9.355694062728366e-07 9.200115460707045e-07 9.602191800129793e-07 9.449649638892746e-07 0.06768116414832005 9.72041320442456e-07 0.46231359184580084 9.192229694453327e-07 0.04938018725239209 0.0003973924032119636 0.18615468758090778 9.09825592528215e-07 0.000115050568036608 0.00013830379371240165 0.00011744711106102302 3.219275471248462e-05 0.0030094376213635576 7.808371758629018e-06 0.0007105001417853628 1.1030214102435188e-06 1.3339666082675707e-05 1.6473428694685378e-06 9.544391582729794e-06 2.7760121578706014e-05 0.003464932559745301 0.0005801493247671218 0.001565766308883065 9.616952517378653e-07 9.69485395577779e-07
87 9.300123017700918e-07 9.355694062728366e-07 9.200115460707045e-07 9.602191800129793e-07 9.449649638892746e-07 0.06768116414832005 9.72041320442456e-07 0.46231359184580084 9.192229694453327e-07 0.04938018725239209 0.0003973924032119636 0.18615468758090778 9.09825592528215e-07 0.000115050568036608 0.00013830379371240165 0.00011744711106102302 3.219275471248462e-05 0.0030094376213635576 7.808371758629018e-06 0.0007105001417853628 1.1030214102435188e-06 1.3339666082675707e-05 1.6473428694685378e-06 9.544391582729794e-06 2.7760121578706014e-05 0.003464932559745301 0.0005801493247671218 0.001565766308883065 9.616952517378653e-07 9.69485395577779e-07
88 9.300123017700918e-07 9.355694062728366e-07 9.200115460707045e-07 9.602191800129793e-07 9.449649638892746e-07 0.06768116414832005 9.72041320442456e-07 0.46231359184580084 9.192229694453327e-07 0.04938018725239209 0.0003973924032119636 0.18615468758090778 9.09825592528215e-07 0.000115050568036608 0.00013830379371240165 0.00011744711106102302 3.219275471248462e-05 0.0030094376213635576 7.808371758629018e-06 0.0007105001417853628 1.1030214102435188e-06 1.3339666082675707e-05 1.6473428694685378e-06 9.544391582729794e-06 2.7760121578706014e-05 0.003464932559745301 0.0005801493247671218 0.001565766308883065 9.616952517378653e-07 9.69485395577779e-07
89 9.300123017700918e-07 9.355694062728366e-07 9.200115460707045e-07 9.602191800129793e-07 9.449649638892746e-07 0.06768116414832005 9.72041320442456e-07 0.46231359184580084 9.192229694453327e-07 0.04938018725239209 0.0003973924032119636 0.18615468758090778 9.09825592528215e-07 0.000115050568036608 0.00013830379371240165 0.00011744711106102302 3.219275471248462e-05 0.0030094376213635576 7.808371758629018e-06 0.0007105001417853628 1.1030214102435188e-06 1.3339666082675707e-05 1.6473428694685378e-06 9.544391582729794e-06 2.7760121578706014e-05 0.003464932559745301 0.0005801493247671218 0.001565766308883065 9.616952517378653e-07 9.69485395577779e-07
90 9.300123017700918e-07 9.355694062728366e-07 9.200115460707045e-07 9.602191800129793e-07 9.449649638892746e-07 0.06768116414832005 9.72041320442456e-07 0.46231359184580084 9.192229694453327e-07 0.04938018725239209 0.0003973924032119636 0.18615468758090778 9.09825592528215e-07 0.000115050568036608 0.00013830379371240165 0.00011744711106102302 3.219275471248462e-05 0.0030094376213635576 7.808371758629018e-06 0.0007105001417853628 1.1030214102435188e-06 1.3339666082675707e-05 1.6473428694685378e-06 9.544391582729794e-06 2.7760121578706014e-05 0.003464932559745301 0.0005801493247671218 0.001565766308883065 9.616952517378653e-07 9.69485395577779e-07
91 9.300123017700918e-07 9.355694062728366e-07 9.200115460707045e-07 9.602191800129793e-07 9.449649638892746e-07 0.06768116414832005 9.72041320442456e-07 0.46231359184580084 9.192229694453327e-07 0.04938018725239209 0.0003973924032119636 0.18615468758090778 9.09825592528215e-07 0.000115050568036608 0.00013830379371240165 0.00011744711106102302 3.219275471248462e-05 0.0030094376213635576 7.808371758629018e-06 0.0007105001417853628 1.1030214102435188e-06 1.3339666082675707e-05 1.6473428694685378e-06 9.544391582729794e-06 2.7760121578706014e-05 0.003464932559745301 0.0005801493247671218 0.001565766308883065 9.616952517378653e-07 9.69485395577779e-07
92 9.300123017700918e-07 9.355694062728366e-07 9.200115460707045e-07 9.602191800129793e-07 9.449649638892746e-07 0.06768116414832005 9.72041320442456e-07 0.46231359184580084 9.192229694453327e-07 0.04938018725239209 0.0003973924032119636 0.18615468758090778 9.09825592528215e-07 0.000115050568036608 0.00013830379371240165 0.00011744711106102302 3.219275471248462e-05 0.0030094376213635576 7.808371758629018e-06 0.0007105001417853628 1.1030214102435188e-06 1.3339666082675707e-05 1.6473428694685378e-06 9.544391582729794e-06 2.7760121578706014e-05 0.003464932559745301 0.0005801493247671218 0.001565766308883065 9.616952517378653e-07 9.69485395577779e-07
93 9.300123017700918e-07 9.355694062728366e-07 9.200115460707045e-07 9.602191800129793e-07 9.449649638892746e-07 0.06768116414832005 9.72041320442456e-07 0.46231359184580084 9.192229694453327e-07 0.04938018725239209 0.0003973924032119636 0.18615468758090778 9.09825592528215e-07 0.000115050568036608 0.00013830379371240165 0.00011744711106102302 3.219275471248462e-05 0.0030094376213635576 7.808371758629018e-06 0.0007105001417853628 1.1030214102435188e-06 1.3339666082675707e-05 1.6473428694685378e-06 9.544391582729794e-06 2.7760121578706014e-05 0.003464932559745301 0.0005801493247671218 0.001565766308883065 9.616952517378653e-07 9.69485395577779e-07
94 9.300123017700918e-07 9.355694062728366e-07 9.200115460707045e-07 9.602191800129793e-07 9.449649638892746e-07 0.06768116414832005 9.72041320442456e-07 0.46231359184580084 9.192229694453327e-07 0.04938018725239209 0.0003973924032119636 0.18615468758090778 9.09825592528215e-07 0.000115050568036608 0.00013830379371240165 0.00011744711106102302 3.219275471248462e-05 0.0030094376213635576 7.808371758629018e-06 0.0007105001417853628 1.1030214102435188e-06 1.3339666082675707e-05 1.6473428694685378e-06 9.544391582729794e-06 2.7760121578706014e-05 0.003464932559745301 0.0005801493247671218 0.001565766308883065 9.616952517378653e-07 9.69485395577779e-07
95 9.300123017700918e-07 9.355694062728366e-07 9.200115460707045e-07 9.602191800129793e-07 9.449649638892746e-07 0.06768116414832005 9.72041320442456e-07 0.46231359184580084 9.192229694453327e-07 0.04938018725239209 0.0003973924032119636 0.18615468758090778 9.09825592528215e-07 0.000115050568036608 0.00013830379371240165 0.00011744711106102302 3.219275471248462e-05 0.0030094376213635576 7.808371758629018e-06 0.0007105001417853628 1.1030214102435188e-06 1.3339666082675707e-05 1.6473428694685378e-06 9.544391582729794e-06 2.7760121578706014e-05 0.003464932559745301 0.0005801493247671218 0.001565766308883065 9.616952517378653e-07 9.69485395577779e-07
96 9.300123017700918e-07 9.355694062728366e-07 9.200115460707045e-07 9.602191800129793e-07 9.449649638892746e-07 0.06768116414832005 9.72041320442456e-07 0.46231359184580084 9.192229694453327e-07 0.04938018725239209 0.0003973924032119636 0.18615468758090778 9.09825592528215e-07 0.000115050568036608 0.00013830379371240165 0.00011744711106102302 3.219275471248462e-05 0.0030094376213635576 7.808371758629018e-06 0.0007105001417853628 1.1030214102435188e-06 1.3339666082675707e-05 1.6473428694685378e-06 9.544391582729794e-06 2.7760121578706014e-05 0.003464932559745301 0.0005801493247671218 0.001565766308883065 9.616952517378653e-07 9.69485395577779e-07
97 9.300123017700918e-07 9.355694062728366e-07 9.200115460707045e-07 9.602191800129793e-07 9.449649638892746e-07 0.06768116414832005 9.72041320442456e-07 0.46231359184580084 9.192229694453327e-07 0.04938018725239209 0.0003973924032119636 0.18615468758090778 9.09825592528215e-07 0.000115050568036608 0.00013830379371240165 0.00011744711106102302 3.219275471248462e-05 0.0030094376213635576 7.808371758629018e-06 0.0007105001417853628 1.1030214102435188e-06 1.3339666082675707e-05 1.6473428694685378e-06 9.544391582729794e-06 2.7760121578706014e-05 0.003464932559745301 0.0005801493247671218 0.001565766308883065 9.616952517378653e-07 9.69485395577779e-07
98 9.300123017700918e-07 9.355694062728366e-07 9.200115460707045e-07 9.602191800129793e-07 9.449649638892746e-07 0.06768116414832005 9.72041320442456e-07 0.46231359184580084 9.192229694453327e-07 0.04938018725239209 0.0003973924032119636 0.18615468758090778 9.09825592528215e-07 0.000115050568036608 0.00013830379371240165 0.00011744711106102302 3.219275471248462e-05 0.0030094376213635576 7.808371758629018e-06 0.0007105001417853628 1.1030214102435188e-06 1.3339666082675707e-05 1.6473428694685378e-06 9.544391582729794e-06 2.7760121578706014e-05 0.003464932559745301 0.0005801493247671218 0.001565766308883065 9.616952517378653e-07 9.69485395577779e-07
99 9.300123017700918e-07 9.355694062728366e-07 9.200115460707045e-07 9.602191800129793e-07 9.449649638892746e-07 0.06768116414832005 9.72041320442456e-07 0.46231359184580084 9.192229694453327e-07 0.04938018725239209 0.0003973924032119636 0.18615468758090778 9.09825592528215e-07 0.000115050568036608 0.00013830379371240165 0.00011744711106102302 3.219275471248462e-05 0.0030094376213635576 7.808371758629018e-06 0.0007105001417853628 1.1030214102435188e-06 1.3339666082675707e-05 1.6473428694685378e-06 9.544391582729794e-06 2.7760121578706014e-05 0.003464932559745301 0.0005801493247671218 0.001565766308883065 9.616952517378653e-07 9.69485395577779e-07
100 9.300123017700918e-07 9.355694062728366e-07 9.200115460707045e-07 9.602191800129793e-07 9.449649638892746e-07 0.06768116414832005 9.72041320442456e-07 0.46231359184580084 9.192229694453327e-07 0.04938018725239209 0.0003973924032119636 0.18615468758090778 9.09825592528215e-07 0.000115050568036608 0.00013830379371240165 0.00011744711106102302 3.219275471248462e-05 0.0030094376213635576 7.808371758629018e-06 0.0007105001417853628 1.1030214102435188e-06 1.3339666082675707e-05 1.6473428694685378e-06 9.544391582729794e-06 2.7760121578706014e-05 0.003464932559745301 0.0005801493247671218 0.001565766308883065 9.616952517378653e-07 9.69485395577779e-07
101 9.300123017700918e-07 9.355694062728366e-07 9.200115460707045e-07 9.602191800129793e-07 9.449649638892746e-07 0.06768116414832005 9.72041320442456e-07 0.46231359184580084 9.192229694453327e-07 0.04938018725239209 0.0003973924032119636 0.18615468758090778 9.09825592528215e-07 0.000115050568036608 0.00013830379371240165 0.00011744711106102302 3.219275471248462e-05 0.0030094376213635576 7.808371758629018e-06 0.0007105001417853628 1.1030214102435188e-06 1.3339666082675707e-05 1.6473428694685378e-06 9.544391582729794e-06 2.7760121578706014e-05 0.003464932559745301 0.0005801493247671218 0.001565766308883065 9.616952517378653e-07 9.69485395577779e-07
102 9.300123017700918e-07 9.355694062728366e-07 9.200115460707045e-07 9.602191800129793e-07 9.449649638892746e-07 0.06768116414832005 9.72041320442456e-07 0.46231359184580084 9.192229694453327e-07 0.04938018725239209 0.0003973924032119636 0.18615468758090778 9.09825592528215e-07 0.000115050568036608 0.00013830379371240165 0.00011744711106102302 3.219275471248462e-05 0.0030094376213635576 7.808371758629018e-06 0.0007105001417853628 1.1030214102435188e-06 1.3339666082675707e-05 1.6473428694685378e-06 9.544391582729794e-06 2.7760121578706014e-05 0.003464932559745301 0.0005801493247671218 0.001565766308883065 9.616952517378653e-07 9.69485395577779e-07
103 9.300123017700918e-07 9.355694062728366e-07 9.200115460707045e-07 9.602191800129793e-07 9.449649638892746e-07 0.06768116414832005 9.72041320442456e-07 0.46231359184580084 9.192229694453327e-07 0.04938018725239209 0.0003973924032119636 0.18615468758090778 9.09825592528215e-07 0.000115050568036608 0.00013830379371240165 0.00011744711106102302 3.219275471248462e-05 0.0030094376213635576 7.808371758629018e-06 0.0007105001417853628 1.1030214102435188e-06 1.3339666082675707e-05 1.6473428694685378e-06 9.544391582729794e-06 2.7760121578706014e-05 0.003464932559745301 0.0005801493247671218 0.001565766308883065 9.616952517378653e-07 9.69485395577779e-07
104 9.300123017700918e-07 9.355694062728366e-07 9.200115460707045e-07 9.602191800129793e-07 9.449649638892746e-07 0.06768116414832005 9.72041320442456e-07 0.46231359184580084 9.192229694453327e-07 0.04938018725239209 0.0003973924032119636 0.18615468758090778 9.09825592528215e-07 0.000115050568036608 0.00013830379371240165 0.00011744711106102302 3.219275471248462e-05 0.0030094376213635576 7.808371758629018e-06 0.0007105001417853628 1.1030214102435188e-06 1.3339666082675707e-05 1.6473428694685378e-06 9.544391582729794e-06 2.7760121578706014e-05 0.003464932559745301 0.0005801493247671218 0.001565766308883065 9.616952517378653e-07 9.69485395577779e-07
105 9.300123017700918e-07 9.355694062728366e-07 9.200115460707045e-07 9.602191800129793e-07 9.449649638892746e-07 0.06768116414832005 9.72041320442456e-07 0.46231359184580084 9.192229694453327e-07 0.04938018725239209 0.0003973924032119636 0.18615468758090778 9.09825592528215e-07 0.000115050568036608 0.00013830379371240165 0.00011744711106102302 3.219275471248462e-05 0.0030094376213635576 7.808371758629018e-06 0.0007105001417853628 1.1030214102435188e-06 1.3339666082675707e-05 1.6473428694685378e-06 9.544391582729794e-06 2.7760121578706014e-05 0.003464932559745301 0.0005801493247671218 0.001565766308883065 9.616952517378653e-07 9.69485395577779e-07
106 9.300123017700918e-07 9.355694062728366e-07 9.200115460707045e-07 9.602191800129793e-07 9.449649638892746e-07 0.06768116414832005 9.72041320442456e-07 0.46231359184580084 9.192229694453327e-07 0.04938018725239209 0.0003973924032119636 0.18615468758090778 9.09825592528215e-07 0.000115050568036608 0.00013830379371240165 0.00011744711106102302 3.219275471248462e-05 0.0030094376213635576 7.808371758629018e-06 0.0007105001417853628 1.1030214102435188e-06 1.3339666082675707e-05 1.6473428694685378e-06 9.544391582729794e-06 2.7760121578706014e-05 0.003464932559745301 0.0005801493247671218 0.001565766308883065 9.616952517378653e-07 9.69485395577779e-07
107 9.300123017700918e-07 9.355694062728366e-07 9.200115460707045e-07 9.602191800129793e-07 9.449649638892746e-07 0.06768116414832005 9.72041320442456e-07 0.46231359184580084 9.192229694453327e-07 0.04938018725239209 0.0003973924032119636 0.18615468758090778 9.09825592528215e-07 0.000115050568036608 0.00013830379371240165 0.00011744711106102302 3.219275471248462e-05 0.0030094376213635576 7.808371758629018e-06 0.0007105001417853628 1.1030214102435188e-06 1.3339666082675707e-05 1.6473428694685378e-06 9.544391582729794e-06 2.7760121578706014e-05 0.003464932559745301 0.0005801493247671218 0.001565766308883065 9.616952517378653e-07 9.69485395577779e-07
108 9.300123017700918e-07 9.355694062728366e-07 9.200115460707045e-07 9.602191800129793e-07 9.449649638892746e-07 0.06768116414832005 9.72041320442456e-07 0.46231359184580084 9.192229694453327e-07 0.04938018725239209 0.0003973924032119636 0.18615468758090778 9.09825592528215e-07 0.000115050568036608 0.00013830379371240165 0.00011744711106102302 3.219275471248462e-05 0.0030094376213635576 7.808371758629018e-06 0.0007105001417853628 1.1030214102435188e-06 1.3339666082675707e-05 1.6473428694685378e-06 9.544391582729794e-06 2.7760121578706014e-05 0.003464932559745301 0.0005801493247671218 0.001565766308883065 9.616952517378653e-07 9.69485395577779e-07
