# index Z=1 - Z=30
0 6.496312273763101e-07 0.01040369746413808 6.327815320286161e-07 6.695680109965292e-07 6.498816326532813e-07 1.5363192625749175e-06 6.601926381638184e-07 0.00366194554335214 6.384657932858444e-07 6.68554995695926e-07 6.857682105289042e-07 7.441634554494703e-05 6.672152389652053e-07 0.020866388017663946 1.8038515353941817e-06 7.099273897487631e-05 8.449328309639765e-07 0.0070888366719449635 9.337468481371709e-07 0.013129075856005217 6.664918478923587e-07 0.00011568441649853668 0.00026218031589376746 1.789349118205211e-05 0.005779908043057688 0.21752164531263596 0.13020944892526704 0.34336341918969343 6.059507460609638e-07 6.557288631525412e-07
1 6.496312273763101e-07 0.01040369746413808 6.327815320286161e-07 6.695680109965292e-07 6.498816326532813e-07 1.5363192625749175e-06 6.601926381638184e-07 0.00366194554335214 6.384657932858444e-07 6.68554995695926e-07 6.857682105289042e-07 7.441634554494703e-05 6.672152389652053e-07 0.020866388017663946 1.8038515353941817e-06 7.099273897487631e-05 8.449328309639765e-07 0.0070888366719449635 9.337468481371709e-07 0.013129075856005217 6.664918478923587e-07 0.00011568441649853668 0.00026218031589376746 1.789349118205211e-05 0.005779908043057688 0.21752164531263596 0.13020944892526704 0.34336341918969343 6.059507460609638e-07 6.557288631525412e-07
2 6.496312273763101e-07 0.01040369746413808 6.327815320286161e-07 6.695680109965292e-07 6.498816326532813e-07 1.5363192625749175e-06 6.601926381638184e-07 0.00366194554335214 6.384657932858444e-07 6.68554995695926e-07 6.857682105289042e-07 7.441634554494703e-05 6.672152389652053e-07 0.020866388017663946 1.8038515353941817e-06 7.099273897487631e-05 8.449328309639765e-07 0.0070888366719449635 9.337468481371709e-07 0.013129075856005217 6.664918478923587e-07 0.00011568441649853668 0.00026218031589376746 1.789349118205211e-05 0.005779908043057688 0.21752164531263596 0.13020944892526704 0.34336341918969343 6.059507460609638e-07 6.557288631525412e-07
3 6.496312273763101e-07 0.01040369746413808 6.327815320286161e-07 6.695680109965292e-07 6.498816326532813e-07 1.5363192625749175e-06 6.601926381638184e-07 0.00366194554335214 6.384657932858444e-07 6.68554995695926e-07 6.857682105289042e-07 7.441634554494703e-05 6.672152389652053e-07 0.020866388017663946 1.8038515353941817e-06 7.099273897487631e-05 8.449328309639765e-07 0.0070888366719449635 9.337468481371709e-07 0.013129075856005217 6.664918478923587e-07 0.00011568441649853668 0.00026218031589376746 1.789349118205211e-05 0.005779908043057688 0.21752164531263596 0.13020944892526704 0.34336341918969343 6.059507460609638e-07 6.557288631525412e-07
4 6.496312273763101e-07 0.01040369746413808 6.327815320286161e-07 6.695680109965292e-07 6.498816326532813e-07 1.5363192625749175e-06 6.601926381638184e-07 0.00366194554335214 6.384657932858444e-07 6.68554995695926e-07 6.857682105289042e-07 7.441634554494703e-05 6.672152389652053e-07 0.020866388017663946 1.8038515353941817e-06 7.099273897487631e-05 8.449328309639765e-07 0.0070888366719449635 9.337468481371709e-07 0.013129075856005217 6.664918478923587e-07 0.00011568441649853668 0.00026218031589376746 1.789349118205211e-05 0.005779908043057688 0.21752164531263596 0.13020944892526704 0.34336341918969343 6.059507460609638e-07 6.557288631525412e-07
5 6.496312273763101e-07 0.01040369746413808 6.327815320286161e-07 6.695680109965292e-07 6.498816326532813e-07 1.5363192625749175e-06 6.601926381638184e-07 0.00366194554335214 6.384657932858444e-07 6.68554995695926e-07 6.857682105289042e-07 7.441634554494703e-05 6.672152389652053e-07 0.020866388017663946 1.8038515353941817e-06 7.099273897487631e-05 8.449328309639765e-07 0.0070888366719449635 9.337468481371709e-07 0.013129075856005217 6.664918478923587e-07 0.00011568441649853668 0.00026218031589376746 1.789349118205211e-05 0.005779908043057688 0.21752164531263596 0.13020944892526704 0.34336341918969343 6.059507460609638e-07 6.557288631525412e-07
6 6.496312273763101e-07 0.01040369746413808 6.327815320286161e-07 6.695680109965292e-07 6.498816326532813e-07 1.5363192625749175e-06 6.601926381638184e-07 0.00366194554335214 6.384657932858444e-07 6.68554995695926e-07 6.857682105289042e-07 7.441634554494703e-05 6.672152389652053e-07 0.020866388017663946 1.8038515353941817e-06 7.099273897487631e-05 8.449328309639765e-07 0.0070888366719449635 9.337468481371709e-07 0.013129075856005217 6.664918478923587e-07 0.00011568441649853668 0.00026218031589376746 1.789349118205211e-05 0.005779908043057688 0.21752164531263596 0.13020944892526704 0.34336341918969343 6.059507460609638e-07 6.557288631525412e-07
7 6.496312273763101e-07 0.01040369746413808 6.327815320286161e-07 6.695680109965292e-07 6.498816326532813e-07 1.5363192625749175e-06 6.601926381638184e-07 0.00366194554335214 6.384657932858444e-07 6.68554995695926e-07 6.857682105289042e-07 7.441634554494703e-05 6.672152389652053e-07 0.020866388017663946 1.8038515353941817e-06 7.099273897487631e-05 8.449328309639765e-07 0.0070888366719449635 9.337468481371709e-07 0.013129075856005217 6.664918478923587e-07 0.00011568441649853668 0.00026218031589376746 1.789349118205211e-05 0.005779908043057688 0.21752164531263596 0.13020944892526704 0.34336341918969343 6.059507460609638e-07 6.557288631525412e-07
8 6.496312273763101e-07 0.01040369746413808 6.327815320286161e-07 6.695680109965292e-07 6.498816326532813e-07 1.5363192625749175e-06 6.601926381638184e-07 0.00366194554335214 6.384657932858444e-07 6.68554995695926e-07 6.857682105289042e-07 7.441634554494703e-05 6.672152389652053e-07 0.020866388017663946 1.8038515353941817e-06 7.099273897487631e-05 8.449328309639765e-07 0.0070888366719449635 9.337468481371709e-07 0.013129075856005217 6.664918478923587e-07 0.00011568441649853668 0.00026218031589376746 1.789349118205211e-05 0.005779908043057688 0.21752164531263596 0.13020944892526704 0.34336341918969343 6.059507460609638e-07 6.557288631525412e-07
9 6.496312273763101e-07 0.01040369746413808 6.327815320286161e-07 6.695680109965292e-07 6.498816326532813e-07 1.5363192625749175e-06 6.601926381638184e-07 0.00366194554335214 6.384657932858444e-07 6.68554995695926e-07 6.857682105289042e-07 7.441634554494703e-05 6.672152389652053e-07 0.020866388017663946 1.8038515353941817e-06 7.099273897487631e-05 8.449328309639765e-07 0.0070888366719449635 9.337468481371709e-07 0.013129075856005217 6.664918478923587e-07 0.00011568441649853668 0.00026218031589376746 1.789349118205211e-05 0.005779908043057688 0.21752164531263596 0.13020944892526704 0.34336341918969343 6.059507460609638e-07 6.557288631525412e-07
10 6.496312273763101e-07 0.01040369746413808 6.327815320286161e-07 6.695680109965292e-07 6.498816326532813e-07 1.5363192625749175e-06 6.601926381638184e-07 0.00366194554335214 6.384657932858444e-07 6.68554995695926e-07 6.857682105289042e-07 7.441634554494703e-05 6.672152389652053e-07 0.020866388017663946 1.8038515353941817e-06 7.099273897487631e-05 8.449328309639765e-07 0.0070888366719449635 9.337468481371709e-07 0.013129075856005217 6.664918478923587e-07 0.00011568441649853668 0.00026218031589376746 1.789349118205211e-05 0.005779908043057688 0.21752164531263596 0.13020944892526704 0.34336341918969343 6.059507460609638e-07 6.557288631525412e-07
11 6.496312273763101e-07 0.01040369746413808 6.327815320286161e-07 6.695680109965292e-07 6.498816326532813e-07 1.5363192625749175e-06 6.601926381638184e-07 0.00366194554335214 6.384657932858444e-07 6.68554995695926e-07 6.857682105289042e-07 7.441634554494703e-05 6.672152389652053e-07 0.020866388017663946 1.8038515353941817e-06 7.099273897487631e-05 8.449328309639765e-07 0.0070888366719449635 9.337468481371709e-07 0.013129075856005217 6.664918478923587e-07 0.00011568441649853668 0.00026218031589376746 1.789349118205211e-05 0.005779908043057688 0.21752164531263596 0.13020944892526704 0.34336341918969343 6.059507460609638e-07 6.557288631525412e-07
12 9.344227092678461e-07 0.004064999775023575 8.916959008275417e-07 8.124001817664692e-07 7.222854369263893e-07 1.5518365137757804e-06 6.858781492787686e-07 0.004361116159148767 8.643684641298893e-07 8.023804184930947e-07 8.256486093588512e-07 0.001787324730261049 9.175198948505879e-07 0.07612301477808608 5.760085175757027e-06 0.0007036864810493669 2.4561855568538664e-06 0.011023733747535841 1.5414218966111813e-06 0.03148843409540684 9.755632420806256e-07 0.00013815642420939817 0.0008014255641708475 2.2187844437233252e-05 0.04836285158528717 0.3760258692209897 0.27472693793248604 0.03600541940745751 7.962275789712318e-07 8.063201111582713e-07
13 9.344227092678461e-07 0.004064999775023575 8.916959008275417e-07 8.124001817664692e-07 7.222854369263893e-07 1.5518365137757804e-06 6.858781492787686e-07 0.004361116159148767 8.643684641298893e-07 8.023804184930947e-07 8.256486093588512e-07 0.001787324730261049 9.175198948505879e-07 0.07612301477808608 5.760085175757027e-06 0.0007036864810493669 2.4561855568538664e-06 0.011023733747535841 1.5414218966111813e-06 0.03148843409540684 9.755632420806256e-07 0.00013815642420939817 0.0008014255641708475 2.2187844437233252e-05 0.04836285158528717 0.3760258692209897 0.27472693793248604 0.03600541940745751 7.962275789712318e-07 8.063201111582713e-07
14 9.344227092678461e-07 0.004064999775023575 8.916959008275417e-07 8.124001817664692e-07 7.222854369263893e-07 1.5518365137757804e-06 6.858781492787686e-07 0.004361116159148767 8.643684641298893e-07 8.023804184930947e-07 8.256486093588512e-07 0.001787324730261049 9.175198948505879e-07 0.07612301477808608 5.760085175757027e-06 0.0007036864810493669 2.4561855568538664e-06 0.011023733747535841 1.5414218966111813e-06 0.03148843409540684 9.755632420806256e-07 0.00013815642420939817 0.0008014255641708475 2.2187844437233252e-05 0.04836285158528717 0.3760258692209897 0.27472693793248604 0.03600541940745751 7.962275789712318e-07 8.063201111582713e-07
15 9.344227092678461e-07 0.004064999775023575 8.916959008275417e-07 8.124001817664692e-07 7.222854369263893e-07 1.5518365137757804e-06 6.858781492787686e-07 0.004361116159148767 8.643684641298893e-07 8.023804184930947e-07 8.256486093588512e-07 0.001787324730261049 9.175198948505879e-07 0.07612301477808608 5.760085175757027e-06 0.0007036864810493669 2.4561855568538664e-06 0.011023733747535841 1.5414218966111813e-06 0.03148843409540684 9.755632420806256e-07 0.00013815642420939817 0.0008014255641708475 2.2187844437233252e-05 0.04836285158528717 0.3760258692209897 0.27472693793248604 0.03600541940745751 7.962275789712318e-07 8.063201111582713e-07
16 9.344227092678461e-07 0.004064999775023575 8.916959008275417e-07 8.124001817664692e-07 7.222854369263893e-07 1.5518365137757804e-06 6.858781492787686e-07 0.004361116159148767 8.643684641298893e-07 8.023804184930947e-07 8.256486093588512e-07 0.001787324730261049 9.175198948505879e-07 0.07612301477808608 5.760085175757027e-06 0.0007036864810493669 2.4561855568538664e-06 0.011023733747535841 1.5414218966111813e-06 0.03148843409540684 9.755632420806256e-07 0.00013815642420939817 0.0008014255641708475 2.2187844437233252e-05 0.04836285158528717 0.3760258692209897 0.27472693793248604 0.03600541940745751 7.962275789712318e-07 8.063201111582713e-07
17 9.344227092678461e-07 0.004064999775023575 8.916959008275417e-07 8.124001817664692e-07 7.222854369263893e-07 1.5518365137757804e-06 6.858781492787686e-07 0.004361116159148767 8.643684641298893e-07 8.023804184930947e-07 8.256486093588512e-07 0.001787324730261049 9.175198948505879e-07 0.07612301477808608 5.760085175757027e-06 0.0007036864810493669 2.4561855568538664e-06 0.011023733747535841 1.5414218966111813e-06 0.03148843409540684 9.755632420806256e-07 0.00013815642420939817 0.0008014255641708475 2.2187844437233252e-05 0.04836285158528717 0.3760258692209897 0.27472693793248604 0.03600541940745751 7.962275789712318e-07 8.063201111582713e-07
18 9.344227092678461e-07 0.004064999775023575 8.916959008275417e-07 8.124001817664692e-07 7.222854369263893e-07 1.5518365137757804e-06 6.858781492787686e-07 0.004361116159148767 8.643684641298893e-07 8.023804184930947e-07 8.256486093588512e-07 0.001787324730261049 9.175198948505879e-07 0.07612301477808608 5.760085175757027e-06 0.0007036864810493669 2.4561855568538664e-06 0.011023733747535841 1.5414218966111813e-06 0.03148843409540684 9.755632420806256e-07 0.00013815642420939817 0.0008014255641708475 2.2187844437233252e-05 0.04836285158528717 0.3760258692209897 0.27472693793248604 0.03600541940745751 7.962275789712318e-07 8.063201111582713e-07
19 9.344227092678461e-07 0.004064999775023575 8.916959008275417e-07 8.124001817664692e-07 7.222854369263893e-07 1.5518365137757804e-06 6.858781492787686e-07 0.004361116159148767 8.643684641298893e-07 8.023804184930947e-07 8.256486093588512e-07 0.001787324730261049 9.175198948505879e-07 0.07612301477808608 5.760085175757027e-06 0.0007036864810493669 2.4561855568538664e-06 0.011023733747535841 1.5414218966111813e-06 0.03148843409540684 9.755632420806256e-07 0.00013815642420939817 0.0008014255641708475 2.2187844437233252e-05 0.04836285158528717 0.3760258692209897 0.27472693793248604 0.03600541940745751 7.962275789712318e-07 8.063201111582713e-07
20 9.344227092678461e-07 0.004064999775023575 8.916959008275417e-07 8.124001817664692e-07 7.222854369263893e-07 1.5518365137757804e-06 6.858781492787686e-07 0.004361116159148767 8.643684641298893e-07 8.023804184930947e-07 8.256486093588512e-07 0.001787324730261049 9.175198948505879e-07 0.07612301477808608 5.760085175757027e-06 0.0007036864810493669 2.4561855568538664e-06 0.011023733747535841 1.5414218966111813e-06 0.03148843409540684 9.755632420806256e-07 0.00013815642420939817 0.0008014255641708475 2.2187844437233252e-05 0.04836285158528717 0.3760258692209897 0.27472693793248604 0.03600541940745751 7.962275789712318e-07 8.063201111582713e-07
21 9.344227092678461e-07 0.004064999775023575 8.916959008275417e-07 8.124001817664692e-07 7.222854369263893e-07 1.5518365137757804e-06 6.858781492787686e-07 0.004361116159148767 8.643684641298893e-07 8.023804184930947e-07 8.256486093588512e-07 0.001787324730261049 9.175198948505879e-07 0.07612301477808608 5.760085175757027e-06 0.0007036864810493669 2.4561855568538664e-06 0.011023733747535841 1.5414218966111813e-06 0.03148843409540684 9.755632420806256e-07 0.00013815642420939817 0.0008014255641708475 2.2187844437233252e-05 0.04836285158528717 0.3760258692209897 0.27472693793248604 0.03600541940745751 7.962275789712318e-07 8.063201111582713e-07
22 4.816823305607224e-07 4.619100983571872e-07 4.832524459086587e-07 4.6410571532081104e-07 5.032603519378742e-07 1.3993888088196716e-06 4.701851055481716e-07 0.0025392238844525895 5.213005972603001e-07 5.154208915459524e-07 4.62721248147587e-07 0.09267186713045422 4.952426284065411e-07 0.5371270550094138 6.8625026453861e-06 0.08589699316017706 1.3116195011802924e-06 0.019947079221673603 9.80657928253652e-07 0.07253938810338659 4.2822112768456336e-07 8.909883323413376e-05 0.00039831585544903404 3.8124983076745907e-05 0.0038080031419918552 0.05308642183717034 0.05142821245715449 0.006451194994803616 4.502654345751408e-07 4.2622803288965155e-07
23 4.816823305607224e-07 4.619100983571872e-07 4.832524459086587e-07 4.6410571532081104e-07 5.032603519378742e-07 1.3993888088196716e-06 4.701851055481716e-07 0.0025392238844525895 5.213005972603001e-07 5.154208915459524e-07 4.62721248147587e-07 0.09267186713045422 4.952426284065411e-07 0.5371270550094138 6.8625026453861e-06 0.08589699316017706 1.3116195011802924e-06 0.019947079221673603 9.80657928253652e-07 0.07253938810338659 4.2822112768456336e-07 8.909883323413376e-05 0.00039831585544903404 3.8124983076745907e-05 0.0038080031419918552 0.05308642183717034 0.05142821245715449 0.006451194994803616 4.502654345751408e-07 4.2622803288965155e-07
24 4.816823305607224e-07 4.619100983571872e-07 4.832524459086587e-07 4.6410571532081104e-07 5.032603519378742e-07 1.3993888088196716e-06 4.701851055481716e-07 0.0025392238844525895 5.213005972603001e-07 5.154208915459524e-07 4.62721248147587e-07 0.09267186713045422 4.952426284065411e-07 0.5371270550094138 6.8625026453861e-06 0.08589699316017706 1.3116195011802924e-06 0.019947079221673603 9.80657928253652e-07 0.07253938810338659 4.2822112768456336e-07 8.909883323413376e-05 0.00039831585544903404 3.8124983076745907e-05 0.0038080031419918552 0.05308642183717034 0.05142821245715449 0.006451194994803616 4.502654345751408e-07 4.2622803288965155e-07
25 4.816823305607224e-07 4.619100983571872e-07 4.832524459086587e-07 4.6410571532081104e-07 5.032603519378742e-07 1.3993888088196716e-06 4.701851055481716e-07 0.0025392238844525895 5.213005972603001e-07 5.154208915459524e-07 4.62721248147587e-07 0.09267186713045422 4.952426284065411e-07 0.5371270550094138 6.8625026453861e-06 0.08589699316017706 1.3116195011802924e-06 0.019947079221673603 9.80657928253652e-07 0.07253938810338659 4.2822112768456336e-07 8.909883323413376e-05 0.00039831585544903404 3.8124983076745907e-05 0.0038080031419918552 0.05308642183717034 0.05142821245715449 0.006451194994803616 4.502654345751408e-07 4.2622803288965155e-07
26 4.816823305607224e-07 4.619100983571872e-07 4.832524459086587e-07 4.6410571532081104e-07 5.032603519378742e-07 1.3993888088196716e-06 4.701851055481716e-07 0.0025392238844525895 5.213005972603001e-07 5.154208915459524e-07 4.62721248147587e-07 0.09267186713045422 4.952426284065411e-07 0.5371270550094138 6.8625026453861e-06 0.08589699316017706 1.3116195011802924e-06 0.019947079221673603 9.80657928253652e-07 0.07253938810338659 4.2822112768456336e-07 8.909883323413376e-05 0.00039831585544903404 3.8124983076745907e-05 0.0038080031419918552 0.05308642183717034 0.05142821245715449 0.006451194994803616 4.502654345751408e-07 4.2622803288965155e-07
27 4.816823305607224e-07 4.619100983571872e-07 4.832524459086587e-07 4.6410571532081104e-07 5.032603519378742e-07 1.3993888088196716e-06 4.701851055481716e-07 0.0025392238844525895 5.213005972603001e-07 5.154208915459524e-07 4.62721248147587e-07 0.09267186713045422 4.952426284065411e-07 0.5371270550094138 6.8625026453861e-06 0.08589699316017706 1.3116195011802924e-06 0.019947079221673603 9.80657928253652e-07 0.07253938810338659 4.2822112768456336e-07 8.909883323413376e-05 0.00039831585544903404 3.8124983076745907e-05 0.0038080031419918552 0.05308642183717034 0.05142821245715449 0.006451194994803616 4.502654345751408e-07 4.2622803288965155e-07
28 4.816823305607224e-07 4.619100983571872e-07 4.832524459086587e-07 4.6410571532081104e-07 5.032603519378742e-07 1.3993888088196716e-06 4.701851055481716e-07 0.0025392238844525895 5.213005972603001e-07 5.154208915459524e-07 4.62721248147587e-07 0.09267186713045422 4.952426284065411e-07 0.5371270550094138 6.8625026453861e-06 0.08589699316017706 1.3116195011802924e-06 0.019947079221673603 9.80657928253652e-07 0.07253938810338659 4.2822112768456336e-07 8.909883323413376e-05 0.00039831585544903404 3.8124983076745907e-05 0.0038080031419918552 0.05308642183717034 0.05142821245715449 0.006451194994803616 4.502654345751408e-07 4.2622803288965155e-07
29 4.816823305607224e-07 4.619100983571872e-07 4.832524459086587e-07 4.6410571532081104e-07 5.032603519378742e-07 1.3993888088196716e-06 4.701851055481716e-07 0.0025392238844525895 5.213005972603001e-07 5.154208915459524e-07 4.62721248147587e-07 0.09267186713045422 4.952426284065411e-07 0.5371270550094138 6.8625026453861e-06 0.08589699316017706 1.3116195011802924e-06 0.019947079221673603 9.80657928253652e-07 0.07253938810338659 4.2822112768456336e-07 8.909883323413376e-05 0.00039831585544903404 3.8124983076745907e-05 0.0038080031419918552 0.05308642183717034 0.05142821245715449 0.006451194994803616 4.502654345751408e-07 4.2622803288965155e-07
30 4.816823305607224e-07 4.619100983571872e-07 4.832524459086587e-07 4.6410571532081104e-07 5.032603519378742e-07 1.3993888088196716e-06 4.701851055481716e-07 0.0025392238844525895 5.213005972603001e-07 5.154208915459524e-07 4.62721248147587e-07 0.09267186713045422 4.952426284065411e-07 0.5371270550094138 6.8625026453861e-06 0.08589699316017706 1.3116195011802924e-06 0.019947079221673603 9.80657928253652e-07 0.07253938810338659 4.2822112768456336e-07 8.909883323413376e-05 0.00039831585544903404 3.8124983076745907e-05 0.0038080031419918552 0.05308642183717034 0.05142821245715449 0.006451194994803616 4.502654345751408e-07 4.2622803288965155e-07
31 4.816823305607224e-07 4.619100983571872e-07 4.832524459086587e-07 4.6410571532081104e-07 5.032603519378742e-07 1.3993888088196716e-06 4.701851055481716e-07 0.0025392238844525895 5.213005972603001e-07 5.154208915459524e-07 4.62721248147587e-07 0.09267186713045422 4.952426284065411e-07 0.5371270550094138 6.8625026453861e-06 0.08589699316017706 1.3116195011802924e-06 0.019947079221673603 9.80657928253652e-07 0.07253938810338659 4.2822112768456336e-07 8.909883323413376e-05 0.00039831585544903404 3.8124983076745907e-05 0.0038080031419918552 0.05308642183717034 0.05142821245715449 0.006451194994803616 4.502654345751408e-07 4.2622803288965155e-07
32 9.779687420974473e-08 1.4149764329061763e-07 1.3330251774363585e-07 8.338230828076943e-08 1.386526568650499e-07 3.5761778847737197e-06 1.3871706714667404e-07 0.8654575655483606 1.7203268273044432e-07 5.941397210014518e-07 1.4299979877208899e-07 0.012059974586437526 9.889479949454071e-08 0.04544951308890588 1.358545798243598e-05 3.082232358435063e-05 6.890717815779578e-06 0.004899891919118614 8.235436205780941e-06 0.0013494980229960974 9.535289377236865e-08 1.0259687850812742e-05 1.0680524645959427e-05 1.338065094228999e-05 0.0001166578804709731 0.004847206946680797 0.006109890007070887 0.0011518644296757072 8.884026164958655e-08 1.2130614701812668e-07
33 9.779687420974473e-08 1.4149764329061763e-07 1.3330251774363585e-07 8.338230828076943e-08 1.386526568650499e-07 3.5761778847737197e-06 1.3871706714667404e-07 0.8654575655483606 1.7203268273044432e-07 5.941397210014518e-07 1.4299979877208899e-07 0.012059974586437526 9.889479949454071e-08 0.04544951308890588 1.358545798243598e-05 3.082232358435063e-05 6.890717815779578e-06 0.004899891919118614 8.235436205780941e-06 0.0013494980229960974 9.535289377236865e-08 1.0259687850812742e-05 1.0680524645959427e-05 1.338065094228999e-05 0.0001166578804709731 0.004847206946680797 0.006109890007070887 0.0011518644296757072 8.884026164958655e-08 1.2130614701812668e-07
34 9.779687420974473e-08 1.4149764329061763e-07 1.3330251774363585e-07 8.338230828076943e-08 1.386526568650499e-07 3.5761778847737197e-06 1.3871706714667404e-07 0.8654575655483606 1.7203268273044432e-07 5.941397210014518e-07 1.4299979877208899e-07 0.012059974586437526 9.889479949454071e-08 0.04544951308890588 1.358545798243598e-05 3.082232358435063e-05 6.890717815779578e-06 0.004899891919118614 8.235436205780941e-06 0.0013494980229960974 9.535289377236865e-08 1.0259687850812742e-05 1.0680524645959427e-05 1.338065094228999e-05 0.0001166578804709731 0.004847206946680797 0.006109890007070887 0.0011518644296757072 8.884026164958655e-08 1.2130614701812668e-07
35 9.779687420974473e-08 1.4149764329061763e-07 1.3330251774363585e-07 8.338230828076943e-08 1.386526568650499e-07 3.5761778847737197e-06 1.3871706714667404e-07 0.8654575655483606 1.7203268273044432e-07 5.941397210014518e-07 1.4299979877208899e-07 0.012059974586437526 9.889479949454071e-08 0.04544951308890588 1.358545798243598e-05 3.082232358435063e-05 6.890717815779578e-06 0.004899891919118614 8.235436205780941e-06 0.0013494980229960974 9.535289377236865e-08 1.0259687850812742e-05 1.0680524645959427e-05 1.338065094228999e-05 0.0001166578804709731 0.004847206946680797 0.006109890007070887 0.0011518644296757072 8.884026164958655e-08 1.2130614701812668e-07
36 9.779687420974473e-08 1.4149764329061763e-07 1.3330251774363585e-07 8.338230828076943e-08 1.386526568650499e-07 3.5761778847737197e-06 1.3871706714667404e-07 0.8654575655483606 1.7203268273044432e-07 5.941397210014518e-07 1.4299979877208899e-07 0.012059974586437526 9.889479949454071e-08 0.04544951308890588 1.358545798243598e-05 3.082232358435063e-05 6.890717815779578e-06 0.004899891919118614 8.235436205780941e-06 0.0013494980229960974 9.535289377236865e-08 1.0259687850812742e-05 1.0680524645959427e-05 1.338065094228999e-05 0.0001166578804709731 0.004847206946680797 0.006109890007070887 0.0011518644296757072 8.884026164958655e-08 1.2130614701812668e-07
37 9.779687420974473e-08 1.4149764329061763e-07 1.3330251774363585e-07 8.338230828076943e-08 1.386526568650499e-07 3.5761778847737197e-06 1.3871706714667404e-07 0.8654575655483606 1.7203268273044432e-07 5.941397210014518e-07 1.4299979877208899e-07 0.012059974586437526 9.889479949454071e-08 0.04544951308890588 1.358545798243598e-05 3.082232358435063e-05 6.890717815779578e-06 0.004899891919118614 8.235436205780941e-06 0.0013494980229960974 9.535289377236865e-08 1.0259687850812742e-05 1.0680524645959427e-05 1.338065094228999e-05 0.0001166578804709731 0.004847206946680797 0.006109890007070887 0.0011518644296757072 8.884026164958655e-08 1.2130614701812668e-07
38 9.779687420974473e-08 1.4149764329061763e-07 1.3330251774363585e-07 8.338230828076943e-08 1.386526568650499e-07 3.5761778847737197e-06 1.3871706714667404e-07 0.8654575655483606 1.7203268273044432e-07 5.941397210014518e-07 1.4299979877208899e-07 0.012059974586437526 9.889479949454071e-08 0.04544951308890588 1.358545798243598e-05 3.082232358435063e-05 6.890717815779578e-06 0.004899891919118614 8.235436205780941e-06 0.0013494980229960974 9.535289377236865e-08 1.0259687850812742e-05 1.0680524645959427e-05 1.338065094228999e-05 0.0001166578804709731 0.004847206946680797 0.006109890007070887 0.0011518644296757072 8.884026164958655e-08 1.2130614701812668e-07
39 9.779687420974473e-08 1.4149764329061763e-07 1.3330251774363585e-07 8.338230828076943e-08 1.386526568650499e-07 3.5761778847737197e-06 1.3871706714667404e-07 0.8654575655483606 1.7203268273044432e-07 5.941397210014518e-07 1.4299979877208899e-07 0.012059974586437526 9.889479949454071e-08 0.04544951308890588 1.358545798243598e-05 3.082232358435063e-05 6.890717815779578e-06 0.004899891919118614 8.235436205780941e-06 0.0013494980229960974 9.535289377236865e-08 1.0259687850812742e-05 1.0680524645959427e-05 1.338065094228999e-05 0.0001166578804709731 0.004847206946680797 0.006109890007070887 0.0011518644296757072 8.884026164958655e-08 1.2130614701812668e-07
40 9.779687420974473e-08 1.4149764329061763e-07 1.3330251774363585e-07 8.338230828076943e-08 1.386526568650499e-07 3.5761778847737197e-06 1.3871706714667404e-07 0.8654575655483606 1.7203268273044432e-07 5.941397210014518e-07 1.4299979877208899e-07 0.012059974586437526 9.889479949454071e-08 0.04544951308890588 1.358545798243598e-05 3.082232358435063e-05 6.890717815779578e-06 0.004899891919118614 8.235436205780941e-06 0.0013494980229960974 9.535289377236865e-08 1.0259687850812742e-05 1.0680524645959427e-05 1.338065094228999e-05 0.0001166578804709731 0.004847206946680797 0.006109890007070887 0.0011518644296757072 8.884026164958655e-08 1.2130614701812668e-07
41 9.779687420974473e-08 1.4149764329061763e-07 1.3330251774363585e-07 8.338230828076943e-08 1.386526568650499e-07 3.5761778847737197e-06 1.3871706714667404e-07 0.8654575655483606 1.7203268273044432e-07 5.941397210014518e-07 1.4299979877208899e-07 0.012059974586437526 9.889479949454071e-08 0.04544951308890588 1.358545798243598e-05 3.082232358435063e-05 6.890717815779578e-06 0.004899891919118614 8.235436205780941e-06 0.0013494980229960974 9.535289377236865e-08 1.0259687850812742e-05 1.0680524645959427e-05 1.338065094228999e-05 0.0001166578804709731 0.004847206946680797 0.006109890007070887 0.0011518644296757072 8.884026164958655e-08 1.2130614701812668e-07
42 9.779687420974473e-08 1.4149764329061763e-07 1.3330251774363585e-07 8.338230828076943e-08 1.386526568650499e-07 3.5761778847737197e-06 1.3871706714667404e-07 0.8654575655483606 1.7203268273044432e-07 5.941397210014518e-07 1.4299979877208899e-07 0.012059974586437526 9.889479949454071e-08 0.04544951308890588 1.358545798243598e-05 3.082232358435063e-05 6.890717815779578e-06 0.004899891919118614 8.235436205780941e-06 0.0013494980229960974 9.535289377236865e-08 1.0259687850812742e-05 1.0680524645959427e-05 1.338065094228999e-05 0.0001166578804709731 0.004847206946680797 0.006109890007070887 0.0011518644296757072 8.884026164958655e-08 1.2130614701812668e-07
43 9.779687420974473e-08 1.4149764329061763e-07 1.3330251774363585e-07 8.338230828076943e-08 1.386526568650499e-07 3.5761778847737197e-06 1.3871706714667404e-07 0.8654575655483606 1.7203268273044432e-07 5.941397210014518e-07 1.4299979877208899e-07 0.012059974586437526 9.889479949454071e-08 0.04544951308890588 1.358545798243598e-05 3.082232358435063e-05 6.890717815779578e-06 0.004899891919118614 8.235436205780941e-06 0.0013494980229960974 9.535289377236865e-08 1.0259687850812742e-05 1.0680524645959427e-05 1.338065094228999e-05 0.0001166578804709731 0.004847206946680797 0.006109890007070887 0.0011518644296757072 8.884026164958655e-08 1.2130614701812668e-07
44 9.779687420974473e-08 1.4149764329061763e-07 1.3330251774363585e-07 8.338230828076943e-08 1.386526568650499e-07 3.5761778847737197e-06 1.3871706714667404e-07 0.8654575655483606 1.7203268273044432e-07 5.941397210014518e-07 1.4299979877208899e-07 0.012059974586437526 9.889479949454071e-08 0.04544951308890588 1.358545798243598e-05 3.082232358435063e-05 6.890717815779578e-06 0.004899891919118614 8.235436205780941e-06 0.0013494980229960974 9.535289377236865e-08 1.0259687850812742e-05 1.0680524645959427e-05 1.338065094228999e-05 0.0001166578804709731 0.004847206946680797 0.006109890007070887 0.0011518644296757072 8.884026164958655e-08 1.2130614701812668e-07
45 5.99758639815968e-07 5.431121359437873e-07 5.866527607500171e-07 5.721930917874293e-07 5.104519692209778e-07 0.049089640536747484 6.155431179601439e-07 0.7109249109453748 5.392694295111749e-07 0.03700841501055857 0.00024552000782598687 0.08582772587447539 6.18581738389231e-07 7.146675153790175e-05 8.292389903866214e-05 6.664464790676236e-05 1.9645256940106167e-05 0.0017275554779929213 4.186848120991311e-06 0.00022522225545149892 6.830284613275046e-07 8.496801755013183e-06 1.0873248413068205e-06 5.41562145575674e-06 1.7897519127695334e-05 0.0015462222800546469 0.00039135791315676694 0.00116374132543517 5.991478538703704e-07 5.830785205215942e-07
46 5.99758639815968e-07 5.431121359437873e-07 5.866527607500171e-07 5.721930917874293e-07 5.104519692209778e-07 0.049089640536747484 6.155431179601439e-07 0.7109249109453748 5.392694295111749e-07 0.03700841501055857 0.00024552000782598687 0.08582772587447539 6.18581738389231e-07 7.146675153790175e-05 8.292389903866214e-05 6.664464790676236e-05 1.9645256940106167e-05 0.0017275554779929213 4.186848120991311e-06 0.00022522225545149892 6.830284613275046e-07 8.496801755013183e-06 1.0873248413068205e-06 5.41562145575674e-06 1.7897519127695334e-05 0.0015462222800546469 0.00039135791315676694 0.00116374132543517 5.991478538703704e-07 5.830785205215942e-07
47 5.99758639815968e-07 5.431121359437873e-07 5.866527607500171e-07 5.721930917874293e-07 5.104519692209778e-07 0.049089640536747484 6.155431179601439e-07 0.7109249109453748 5.392694295111749e-07 0.03700841501055857 0.00024552000782598687 0.08582772587447539 6.18581738389231e-07 7.146675153790175e-05 8.292389903866214e-05 6.664464790676236e-05 1.9645256940106167e-05 0.0017275554779929213 4.186848120991311e-06 0.00022522225545149892 6.830284613275046e-07 8.496801755013183e-06 1.0873248413068205e-06 5.41562145575674e-06 1.7897519127695334e-05 0.0015462222800546469 0.00039135791315676694 0.00116374132543517 5.991478538703704e-07 5.830785205215942e-07
48 5.99758639815968e-07 5.431121359437873e-07 5.866527607500171e-07 5.721930917874293e-07 5.104519692209778e-07 0.049089640536747484 6.155431179601439e-07 0.7109249109453748 5.392694295111749e-07 0.03700841501055857 0.00024552000782598687 0.08582772587447539 6.18581738389231e-07 7.146675153790175e-05 8.292389903866214e-05 6.664464790676236e-05 1.9645256940106167e-05 0.0017275554779929213 4.186848120991311e-06 0.00022522225545149892 6.830284613275046e-07 8.496801755013183e-06 1.0873248413068205e-06 5.41562145575674e-06 1.7897519127695334e-05 0.0015462222800546469 0.00039135791315676694 0.00116374132543517 5.991478538703704e-07 5.830785205215942e-07
49 5.99758639815968e-07 5.431121359437873e-07 5.866527607500171e-07 5.721930917874293e-07 5.104519692209778e-07 0.049089640536747484 6.155431179601439e-07 0.7109249109453748 5.392694295111749e-07 0.03700841501055857 0.00024552000782598687 0.08582772587447539 6.18581738389231e-07 7.146675153790175e-05 8.292389903866214e-05 6.664464790676236e-05 1.9645256940106167e-05 0.0017275554779929213 4.186848120991311e-06 0.00022522225545149892 6.830284613275046e-07 8.496801755013183e-06 1.0873248413068205e-06 5.41562145575674e-06 1.7897519127695334e-05 0.0015462222800546469 0.00039135791315676694 0.00116374132543517 5.991478538703704e-07 5.830785205215942e-07
50 5.99758639815968e-07 5.431121359437873e-07 5.866527607500171e-07 5.721930917874293e-07 5.104519692209778e-07 0.049089640536747484 6.155431179601439e-07 0.7109249109453748 5.392694295111749e-07 0.03700841501055857 0.00024552000782598687 0.08582772587447539 6.18581738389231e-07 7.146675153790175e-05 8.292389903866214e-05 6.664464790676236e-05 1.9645256940106167e-05 0.0017275554779929213 4.186848120991311e-06 0.00022522225545149892 6.830284613275046e-07 8.496801755013183e-06 1.0873248413068205e-06 5.41562145575674e-06 1.7897519127695334e-05 0.0015462222800546469 0.00039135791315676694 0.00116374132543517 5.991478538703704e-07 5.830785205215942e-07
51 5.99758639815968e-07 5.431121359437873e-07 5.866527607500171e-07 5.721930917874293e-07 5.104519692209778e-07 0.049089640536747484 6.155431179601439e-07 0.7109249109453748 5.392694295111749e-07 0.03700841501055857 0.00024552000782598687 0.08582772587447539 6.18581738389231e-07 7.146675153790175e-05 8.292389903866214e-05 6.664464790676236e-05 1.9645256940106167e-05 0.0017275554779929213 4.186848120991311e-06 0.00022522225545149892 6.830284613275046e-07 8.496801755013183e-06 1.0873248413068205e-06 5.41562145575674e-06 1.7897519127695334e-05 0.0015462222800546469 0.00039135791315676694 0.00116374132543517 5.991478538703704e-07 5.830785205215942e-07
52 5.99758639815968e-07 5.431121359437873e-07 5.866527607500171e-07 5.721930917874293e-07 5.104519692209778e-07 0.049089640536747484 6.155431179601439e-07 0.7109249109453748 5.392694295111749e-07 0.03700841501055857 0.00024552000782598687 0.08582772587447539 6.18581738389231e-07 7.146675153790175e-05 8.292389903866214e-05 6.664464790676236e-05 1.9645256940106167e-05 0.0017275554779929213 4.186848120991311e-06 0.00022522225545149892 6.830284613275046e-07 8.496801755013183e-06 1.0873248413068205e-06 5.41562145575674e-06 1.7897519127695334e-05 0.0015462222800546469 0.00039135791315676694 0.00116374132543517 5.991478538703704e-07 5.830785205215942e-07
53 5.99758639815968e-07 5.431121359437873e-07 5.866527607500171e-07 5.721930917874293e-07 5.104519692209778e-07 0.049089640536747484 6.155431179601439e-07 0.7109249109453748 5.392694295111749e-07 0.03700841501055857 0.00024552000782598687 0.08582772587447539 6.18581738389231e-07 7.146675153790175e-05 8.292389903866214e-05 6.664464790676236e-05 1.9645256940106167e-05 0.0017275554779929213 4.186848120991311e-06 0.00022522225545149892 6.830284613275046e-07 8.496801755013183e-06 1.0873248413068205e-06 5.41562145575674e-06 1.7897519127695334e-05 0.0015462222800546469 0.00039135791315676694 0.00116374132543517 5.991478538703704e-07 5.830785205215942e-07
54 5.99758639815968e-07 5.431121359437873e-07 5.866527607500171e-07 5.721930917874293e-07 5.104519692209778e-07 0.049089640536747484 6.155431179601439e-07 0.7109249109453748 5.392694295111749e-07 0.03700841501055857 0.00024552000782598687 0.08582772587447539 6.18581738389231e-07 7.146675153790175e-05 8.292389903866214e-05 6.664464790676236e-05 1.9645256940106167e-05 0.0017275554779929213 4.186848120991311e-06 0.00022522225545149892 6.830284613275046e-07 8.496801755013183e-06 1.0873248413068205e-06 5.41562145575674e-06 1.7897519127695334e-05 0.0015462222800546469 0.00039135791315676694 0.00116374132543517 5.991478538703704e-07 5.830785205215942e-07
55 5.99758639815968e-07 5.431121359437873e-07 5.866527607500171e-07 5.721930917874293e-07 5.104519692209778e-07 0.049089640536747484 6.155431179601439e-07 0.7109249109453748 5.392694295111749e-07 0.03700841501055857 0.00024552000782598687 0.08582772587447539 6.18581738389231e-07 7.146675153790175e-05 8.292389903866214e-05 6.664464790676236e-05 1.9645256940106167e-05 0.0017275554779929213 4.186848120991311e-06 0.00022522225545149892 6.830284613275046e-07 8.496801755013183e-06 1.0873248413068205e-06 5.41562145575674e-06 1.7897519127695334e-05 0.0015462222800546469 0.00039135791315676694 0.00116374132543517 5.991478538703704e-07 5.830785205215942e-07
56 5.99758639815968e-07 5.431121359437873e-07 5.866527607500171e-07 5.721930917874293e-07 5.104519692209778e-07 0.049089640536747484 6.155431179601439e-07 0.7109249109453748 5.392694295111749e-07 0.03700841501055857 0.00024552000782598687 0.08582772587447539 6.18581738389231e-07 7.146675153790175e-05 8.292389903866214e-05 6.664464790676236e-05 1.9645256940106167e-05 0.0017275554779929213 4.186848120991311e-06 0.00022522225545149892 6.830284613275046e-07 8.496801755013183e-06 1.0873248413068205e-06 5.41562145575674e-06 1.7897519127695334e-05 0.0015462222800546469 0.00039135791315676694 0.00116374132543517 5.991478538703704e-07 5.830785205215942e-07
57 5.99758639815968e-07 5.431121359437873e-07 5.866527607500171e-07 5.721930917874293e-07 5.104519692209778e-07 0.049089640536747484 6.155431179601439e-07 0.7109249109453748 5.392694295111749e-07 0.03700841501055857 0.00024552000782598687 0.08582772587447539 6.18581738389231e-07 7.146675153790175e-05 8.292389903866214e-05 6.664464790676236e-05 1.9645256940106167e-05 0.0017275554779929213 4.186848120991311e-06 0.00022522225545149892 6.830284613275046e-07 8.496801755013183e-06 1.0873248413068205e-06 5.41562145575674e-06 1.7897519127695334e-05 0.0015462222800546469 0.00039135791315676694 0.00116374132543517 5.991478538703704e-07 5.830785205215942e-07
58 5.99758639815968e-07 5.431121359437873e-07 5.866527607500171e-07 5.721930917874293e-07 5.104519692209778e-07 0.049089640536747484 6.155431179601439e-07 0.7109249109453748 5.392694295111749e-07 0.03700841501055857 0.00024552000782598687 0.08582772587447539 6.18581738389231e-07 7.146675153790175e-05 8.292389903866214e-05 6.664464790676236e-05 1.9645256940106167e-05 0.0017275554779929213 4.186848120991311e-06 0.00022522225545149892 6.830284613275046e-07 8.496801755013183e-06 1.0873248413068205e-06 5.41562145575674e-06 1.7897519127695334e-05 0.0015462222800546469 0.00039135791315676694 0.00116374132543517 5.991478538703704e-07 5.830785205215942e-07
59 5.99758639815968e-07 5.431121359437873e-07 5.866527607500171e-07 5.721930917874293e-07 5.104519692209778e-07 0.049089640536747484 6.155431179601439e-07 0.7109249109453748 5.392694295111749e-07 0.03700841501055857 0.00024552000782598687 0.08582772587447539 6.18581738389231e-07 7.146675153790175e-05 8.292389903866214e-05 6.664464790676236e-05 1.9645256940106167e-05 0.0017275554779929213 4.186848120991311e-06 0.00022522225545149892 6.830284613275046e-07 8.496801755013183e-06 1.0873248413068205e-06 5.41562145575674e-06 1.7897519127695334e-05 0.0015462222800546469 0.00039135791315676694 0.00116374132543517 5.991478538703704e-07 5.830785205215942e-07
60 5.99758639815968e-07 5.431121359437873e-07 5.866527607500171e-07 5.721930917874293e-07 5.104519692209778e-07 0.049089640536747484 6.155431179601439e-07 0.7109249109453748 5.392694295111749e-07 0.03700841501055857 0.00024552000782598687 0.08582772587447539 6.18581738389231e-07 7.146675153790175e-05 8.292389903866214e-05 6.664464790676236e-05 1.9645256940106167e-05 0.0017275554779929213 4.186848120991311e-06 0.00022522225545149892 6.830284613275046e-07 8.496801755013183e-06 1.0873248413068205e-06 5.41562145575674e-06 1.7897519127695334e-05 0.0015462222800546469 0.00039135791315676694 0.00116374132543517 5.991478538703704e-07 5.830785205215942e-07
61 5.99758639815968e-07 5.431121359437873e-07 5.866527607500171e-07 5.721930917874293e-07 5.104519692209778e-07 0.049089640536747484 6.155431179601439e-07 0.7109249109453748 5.392694295111749e-07 0.03700841501055857 0.00024552000782598687 0.08582772587447539 6.18581738389231e-07 7.146675153790175e-05 8.292389903866214e-05 6.664464790676236e-05 1.9645256940106167e-05 0.0017275554779929213 4.186848120991311e-06 0.00022522225545149892 6.830284613275046e-07 8.496801755013183e-06 1.0873248413068205e-06 5.41562145575674e-06 1.7897519127695334e-05 0.0015462222800546469 0.00039135791315676694 0.00116374132543517 5.991478538703704e-07 5.830785205215942e-07
62 5.99758639815968e-07 5.431121359437873e-07 5.866527607500171e-07 5.721930917874293e-07 5.104519692209778e-07 0.049089640536747484 6.155431179601439e-07 0.7109249109453748 5.392694295111749e-07 0.03700841501055857 0.00024552000782598687 0.08582772587447539 6.18581738389231e-07 7.146675153790175e-05 8.292389903866214e-05 6.664464790676236e-05 1.9645256940106167e-05 0.0017275554779929213 4.186848120991311e-06 0.00022522225545149892 6.830284613275046e-07 8.496801755013183e-06 1.0873248413068205e-06 5.41562145575674e-06 1.7897519127695334e-05 0.0015462222800546469 0.00039135791315676694 0.00116374132543517 5.991478538703704e-07 5.830785205215942e-07
63 5.99758639815968e-07 5.431121359437873e-07 5.866527607500171e-07 5.721930917874293e-07 5.104519692209778e-07 0.049089640536747484 6.155431179601439e-07 0.7109249109453748 5.392694295111749e-07 0.03700841501055857 0.00024552000782598687 0.08582772587447539 6.18581738389231e-07 7.146675153790175e-05 8.292389903866214e-05 6.664464790676236e-05 1.9645256940106167e-05 0.0017275554779929213 4.186848120991311e-06 0.00022522225545149892 6.830284613275046e-07 8.496801755013183e-06 1.0873248413068205e-06 5.41562145575674e-06 1.7897519127695334e-05 0.0015462222800546469 0.00039135791315676694 0.00116374132543517 5.991478538703704e-07 5.830785205215942e-07
64 5.99758639815968e-07 5.431121359437873e-07 5.866527607500171e-07 5.721930917874293e-07 5.104519692209778e-07 0.049089640536747484 6.155431179601439e-07 0.7109249109453748 5.392694295111749e-07 0.03700841501055857 0.00024552000782598687 0.08582772587447539 6.18581738389231e-07 7.146675153790175e-05 8.292389903866214e-05 6.664464790676236e-05 1.9645256940106167e-05 0.0017275554779929213 4.186848120991311e-06 0.00022522225545149892 6.830284613275046e-07 8.496801755013183e-06 1.0873248413068205e-06 5.41562145575674e-06 1.7897519127695334e-05 0.0015462222800546469 0.00039135791315676694 0.00116374132543517 5.991478538703704e-07 5.830785205215942e-07
65 5.99758639815968e-07 5.431121359437873e-07 5.866527607500171e-07 5.721930917874293e-07 5.104519692209778e-07 0.049089640536747484 6.155431179601439e-07 0.7109249109453748 5.392694295111749e-07 0.03700841501055857 0.00024552000782598687 0.08582772587447539 6.18581738389231e-07 7.146675153790175e-05 8.292389903866214e-05 6.664464790676236e-05 1.9645256940106167e-05 0.0017275554779929213 4.186848120991311e-06 0.00022522225545149892 6.830284613275046e-07 8.496801755013183e-06 1.0873248413068205e-06 5.41562145575674e-06 1.7897519127695334e-05 0.0015462222800546469 0.00039135791315676694 0.00116374132543517 5.991478538703704e-07 5.830785205215942e-07
66 5.99758639815968e-07 5.431121359437873e-07 5.866527607500171e-07 5.721930917874293e-07 5.104519692209778e-07 0.049089640536747484 6.155431179601439e-07 0.7109249109453748 5.392694295111749e-07 0.03700841501055857 0.00024552000782598687 0.08582772587447539 6.18581738389231e-07 7.146675153790175e-05 8.292389903866214e-05 6.664464790676236e-05 1.9645256940106167e-05 0.0017275554779929213 4.186848120991311e-06 0.00022522225545149892 6.830284613275046e-07 8.496801755013183e-06 1.0873248413068205e-06 5.41562145575674e-06 1.7897519127695334e-05 0.0015462222800546469 0.00039135791315676694 0.00116374132543517 5.991478538703704e-07 5.830785205215942e-07
67 5.99758639815968e-07 5.431121359437873e-07 5.866527607500171e-07 5.721930917874293e-07 5.104519692209778e-07 0.049089640536747484 6.155431179601439e-07 0.7109249109453748 5.392694295111749e-07 0.03700841501055857 0.00024552000782598687 0.08582772587447539 6.18581738389231e-07 7.146675153790175e-05 8.292389903866214e-05 6.664464790676236e-05 1.9645256940106167e-05 0.0017275554779929213 4.186848120991311e-06 0.00022522225545149892 6.830284613275046e-07 8.496801755013183e-06 1.0873248413068205e-06 5.41562145575674e-06 1.7897519127695334e-05 0.0015462222800546469 0.00039135791315676694 0.00116374132543517 5.991478538703704e-07 5.830785205215942e-07
68 6.578605306619775e-07 6.39234561292283e-07 7.033705511087731e-07 6.403950742597052e-07 7.116208574450407e-07 0.05633478595170821 6.903955392669871e-07 0.5415916540279504 6.627534619790835e-07 0.03912416980252198 0.00027233243130261355 0.13048012940772172 6.934792306569197e-07 8.235571839360161e-05 0.00010436260531944497 8.300050490267575e-05 2.3831793903853857e-05 0.00226821781544284 5.505285888268684e-06 0.00039343064344140644 7.456781906811136e-07 9.089728887135655e-06 1.1638052141514379e-06 6.96842900978301e-06 1.9758933181471478e-05 0.0016460817747532437 0.00046192505975897557 0.0015638368978242929 6.70889656793039e-07 6.945307744979923e-07
69 6.578605306619775e-07 6.39234561292283e-07 7.033705511087731e-07 6.403950742597052e-07 7.116208574450407e-07 0.05633478595170821 6.903955392669871e-07 0.5415916540279504 6.627534619790835e-07 0.03912416980252198 0.00027233243130261355 0.13048012940772172 6.934792306569197e-07 8.235571839360161e-05 0.00010436260531944497 8.300050490267575e-05 2.3831793903853857e-05 0.00226821781544284 5.505285888268684e-06 0.00039343064344140644 7.456781906811136e-07 9.089728887135655e-06 1.1638052141514379e-06 6.96842900978301e-06 1.9758933181471478e-05 0.0016460817747532437 0.00046192505975897557 0.0015638368978242929 6.70889656793039e-07 6.945307744979923e-07
70 6.578605306619775e-07 6.39234561292283e-07 7.033705511087731e-07 6.403950742597052e-07 7.116208574450407e-07 0.05633478595170821 6.903955392669871e-07 0.5415916540279504 6.627534619790835e-07 0.03912416980252198 0.00027233243130261355 0.13048012940772172 6.934792306569197e-07 8.235571839360161e-05 0.00010436260531944497 8.300050490267575e-05 2.3831793903853857e-05 0.00226821781544284 5.505285888268684e-06 0.00039343064344140644 7.456781906811136e-07 9.089728887135655e-06 1.1638052141514379e-06 6.96842900978301e-06 1.9758933181471478e-05 0.0016460817747532437 0.00046192505975897557 0.0015638368978242929 6.70889656793039e-07 6.945307744979923e-07
71 6.578605306619775e-07 6.39234561292283e-07 7.033705511087731e-07 6.403950742597052e-07 7.116208574450407e-07 0.05633478595170821 6.903955392669871e-07 0.5415916540279504 6.627534619790835e-07 0.03912416980252198 0.00027233243130261355 0.13048012940772172 6.934792306569197e-07 8.235571839360161e-05 0.00010436260531944497 8.300050490267575e-05 2.3831793903853857e-05 0.00226821781544284 5.505285888268684e-06 0.00039343064344140644 7.456781906811136e-07 9.089728887135655e-06 1.1638052141514379e-06 6.96842900978301e-06 1.9758933181471478e-05 0.0016460817747532437 0.00046192505975897557 0.0015638368978242929 6.70889656793039e-07 6.945307744979923e-07
72 6.578605306619775e-07 6.39234561292283e-07 7.033705511087731e-07 6.403950742597052e-07 7.116208574450407e-07 0.05633478595170821 6.903955392669871e-07 0.5415916540279504 6.627534619790835e-07 0.03912416980252198 0.00027233243130261355 0.13048012940772172 6.934792306569197e-07 8.235571839360161e-05 0.00010436260531944497 8.300050490267575e-05 2.3831793903853857e-05 0.00226821781544284 5.505285888268684e-06 0.00039343064344140644 7.456781906811136e-07 9.089728887135655e-06 1.1638052141514379e-06 6.96842900978301e-06 1.9758933181471478e-05 0.0016460817747532437 0.00046192505975897557 0.0015638368978242929 6.70889656793039e-07 6.945307744979923e-07
73 6.578605306619775e-07 6.39234561292283e-07 7.033705511087731e-07 6.403950742597052e-07 7.116208574450407e-07 0.05633478595170821 6.903955392669871e-07 0.5415916540279504 6.627534619790835e-07 0.03912416980252198 0.00027233243130261355 0.13048012940772172 6.934792306569197e-07 8.235571839360161e-05 0.00010436260531944497 8.300050490267575e-05 2.3831793903853857e-05 0.00226821781544284 5.505285888268684e-06 0.00039343064344140644 7.456781906811136e-07 9.089728887135655e-06 1.1638052141514379e-06 6.96842900978301e-06 1.9758933181471478e-05 0.0016460817747532437 0.00046192505975897557 0.0015638368978242929 6.70889656793039e-07 6.945307744979923e-07
74 6.578605306619775e-07 6.39234561292283e-07 7.033705511087731e-07 6.403950742597052e-07 7.116208574450407e-07 0.05633478595170821 6.903955392669871e-07 0.5415916540279504 6.627534619790835e-07 0.03912416980252198 0.00027233243130261355 0.13048012940772172 6.934792306569197e-07 8.235571839360161e-05 0.00010436260531944497 8.300050490267575e-05 2.3831793903853857e-05 0.00226821781544284 5.505285888268684e-06 0.00039343064344140644 7.456781906811136e-07 9.089728887135655e-06 1.1638052141514379e-06 6.96842900978301e-06 1.9758933181471478e-05 0.0016460817747532437 0.00046192505975897557 0.0015638368978242929 6.70889656793039e-07 6.945307744979923e-07
75 6.578605306619775e-07 6.39234561292283e-07 7.033705511087731e-07 6.403950742597052e-07 7.116208574450407e-07 0.05633478595170821 6.903955392669871e-07 0.5415916540279504 6.627534619790835e-07 0.03912416980252198 0.00027233243130261355 0.13048012940772172 6.934792306569197e-07 8.235571839360161e-05 0.00010436260531944497 8.300050490267575e-05 2.3831793903853857e-05 0.00226821781544284 5.505285888268684e-06 0.00039343064344140644 7.456781906811136e-07 9.089728887135655e-06 1.1638052141514379e-06 6.96842900978301e-06 1.9758933181471478e-05 0.0016460817747532437 0.00046192505975897557 0.0015638368978242929 6.70889656793039e-07 6.945307744979923e-07
76 6.578605306619775e-07 6.39234561292283e-07 7.033705511087731e-07 6.403950742597052e-07 7.116208574450407e-07 0.05633478595170821 6.903955392669871e-07 0.5415916540279504 6.627534619790835e-07 0.03912416980252198 0.00027233243130261355 0.13048012940772172 6.934792306569197e-07 8.235571839360161e-05 0.00010436260531944497 8.300050490267575e-05 2.3831793903853857e-05 0.00226821781544284 5.505285888268684e-06 0.00039343064344140644 7.456781906811136e-07 9.089728887135655e-06 1.1638052141514379e-06 6.96842900978301e-06 1.9758933181471478e-05 0.0016460817747532437 0.00046192505975897557 0.0015638368978242929 6.70889656793039e-07 6.945307744979923e-07
77 6.578605306619775e-07 6.39234561292283e-07 7.033705511087731e-07 6.403950742597052e-07 7.116208574450407e-07 0.05633478595170821 6.903955392669871e-07 0.5415916540279504 6.627534619790835e-07 0.03912416980252198 0.00027233243130261355 0.13048012940772172 6.934792306569197e-07 8.235571839360161e-05 0.00010436260531944497 8.300050490267575e-05 2.3831793903853857e-05 0.00226821781544284 5.505285888268684e-06 0.00039343064344140644 7.456781906811136e-07 9.089728887135655e-06 1.1638052141514379e-06 6.96842900978301e-06 1.9758933181471478e-05 0.0016460817747532437 0.00046192505975897557 0.0015638368978242929 6.70889656793039e-07 6.945307744979923e-07
78 6.578605306619775e-07 6.39234561292283e-07 7.033705511087731e-07 6.403950742597052e-07 7.116208574450407e-07 0.05633478595170821 6.903955392669871e-07 0.5415916540279504 6.627534619790835e-07 0.03912416980252198 0.00027233243130261355 0.13048012940772172 6.934792306569197e-07 8.235571839360161e-05 0.00010436260531944497 8.300050490267575e-05 2.3831793903853857e-05 0.00226821781544284 5.505285888268684e-06 0.00039343064344140644 7.456781906811136e-07 9.089728887135655e-06 1.1638052141514379e-06 6.96842900978301e-06 1.9758933181471478e-05 0.0016460817747532437 0.00046192505975897557 0.0015638368978242929 6.70889656793039e-07 6.945307744979923e-07
79 6.578605306619775e-07 6.39234561292283e-07 7.033705511087731e-07 6.403950742597052e-07 7.116208574450407e-07 0.05633478595170821 6.903955392669871e-07 0.5415916540279504 6.627534619790835e-07 0.03912416980252198 0.00027233243130261355 0.13048012940772172 6.934792306569197e-07 8.235571839360161e-05 0.00010436260531944497 8.300050490267575e-05 2.3831793903853857e-05 0.00226821781544284 5.505285888268684e-06 0.00039343064344140644 7.456781906811136e-07 9.089728887135655e-06 1.1638052141514379e-06 6.96842900978301e-06 1.9758933181471478e-05 0.0016460817747532437 0.00046192505975897557 0.0015638368978242929 6.70889656793039e-07 6.945307744979923e-07
80 6.578605306619775e-07 6.39234561292283e-07 7.033705511087731e-07 6.403950742597052e-07 7.116208574450407e-07 0.05633478595170821 6.903955392669871e-07 0.5415916540279504 6.627534619790835e-07 0.03912416980252198 0.00027233243130261355 0.13048012940772172 6.934792306569197e-07 8.235571839360161e-05 0.00010436260531944497 8.300050490267575e-05 2.3831793903853857e-05 0.00226821781544284 5.505285888268684e-06 0.00039343064344140644 7.456781906811136e-07 9.089728887135655e-06 1.1638052141514379e-06 6.96842900978301e-06 1.9758933181471478e-05 0.0016460817747532437 0.00046192505975897557 0.0015638368978242929 6.70889656793039e-07 6.945307744979923e-07
81 6.578605306619775e-07 6.39234561292283e-07 7.033705511087731e-07 6.403950742597052e-07 7.116208574450407e-07 0.05633478595170821 6.903955392669871e-07 0.5415916540279504 6.627534619790835e-07 0.03912416980252198 0.00027233243130261355 0.13048012940772172 6.934792306569197e-07 8.235571839360161e-05 0.00010436260531944497 8.300050490267575e-05 2.3831793903853857e-05 0.00226821781544284 5.505285888268684e-06 0.00039343064344140644 7.456781906811136e-07 9.089728887135655e-06 1.1638052141514379e-06 6.96842900978301e-06 1.9758933181471478e-05 0.0016460817747532437 0.00046192505975897557 0.0015638368978242929 6.70889656793039e-07 6.945307744979923e-07
82 6.578605306619775e-07 6.39234561292283e-07 7.033705511087731e-07 6.403950742597052e-07 7.116208574450407e-07 0.05633478595170821 6.903955392669871e-07 0.5415916540279504 6.627534619790835e-07 0.03912416980252198 0.00027233243130261355 0.13048012940772172 6.934792306569197e-07 8.235571839360161e-05 0.00010436260531944497 8.300050490267575e-05 2.3831793903853857e-05 0.00226821781544284 5.505285888268684e-06 0.00039343064344140644 7.456781906811136e-07 9.089728887135655e-06 1.1638052141514379e-06 6.96842900978301e-06 1.9758933181471478e-05 0.0016460817747532437 0.00046192505975897557 0.0015638368978242929 6.70889656793039e-07 6.945307744979923e-07
83 6.578605306619775e-07 6.39234561292283e-07 7.033705511087731e-07 6.403950742597052e-07 7.116208574450407e-07 0.05633478595170821 6.903955392669871e-07 0.5415916540279504 6.627534619790835e-07 0.03912416980252198 0.00027233243130261355 0.13048012940772172 6.934792306569197e-07 8.235571839360161e-05 0.00010436260531944497 8.300050490267575e-05 2.3831793903853857e-05 0.00226821781544284 5.505285888268684e-06 0.00039343064344140644 7.456781906811136e-07 9.089728887135655e-06 1.1638052141514379e-06 6.96842900978301e-06 1.9758933181471478e-05 0.0016460817747532437 0.00046192505975897557 0.0015638368978242929 6.70889656793039e-07 6.945307744979923e-07
84 6.578605306619775e-07 6.39234561292283e-07 7.033705511087731e-07 6.403950742597052e-07 7.116208574450407e-07 0.05633478595170821 6.903955392669871e-07 0.5415916540279504 6.627534619790835e-07 0.03912416980252198 0.00027233243130261355 0.13048012940772172 6.934792306569197e-07 8.235571839360161e-05 0.00010436260531944497 8.300050490267575e-05 2.3831793903853857e-05 0.00226821781544284 5.505285888268684e-06 0.00039343064344140644 7.456781906811136e-07 9.089728887135655e-06 1.1638052141514379e-06 6.96842900978301e-06 1.9758933181471478e-05 0.0016460817747532437 0.00046192505975897557 0.0015638368978242929 6.70889656793039e-07 6.945307744979923e-07
85 6.578605306619775e-07 6.39234561292283e-07 7.033705511087731e-07 6.403950742597052e-07 7.116208574450407e-07 0.05633478595170821 6.903955392669871e-07 0.5415916540279504 6.627534619790835e-07 0.03912416980252198 0.00027233243130261355 0.13048012940772172 6.934792306569197e-07 8.235571839360161e-05 0.00010436260531944497 8.300050490267575e-05 2.3831793903853857e-05 0.00226821781544284 5.505285888268684e-06 0.00039343064344140644 7.456781906811136e-07 9.089728887135655e-06 1.1638052141514379e-06 6.96842900978301e-06 1.9758933181471478e-05 0.0016460817747532437 0.00046192505975897557 0.0015638368978242929 6.70889656793039e-07 6.945307744979923e-07
86 6.578605306619775e-07 6.39234561292283e-07 7.033705511087731e-07 6.403950742597052e-07 7.116208574450407e-07 0.05633478595170821 6.903955392669871e-07 0.5415916540279504 6.627534619790835e-07 0.03912416980252198 0.00027233243130261355 0.13048012940772172 6.934792306569197e-07 8.235571839360161e-05 0.00010436260531944497 8.300050490267575e-05 2.3831793903853857e-05 0.00226821781544284 5.505285888268684e-06 0.00039343064344140644 7.456781906811136e-07 9.089728887135655e-06 1.1638052141514379e-06 6.96842900978301e-06 1.9758933181471478e-05 0.0016460817747532437 0.00046192505975897557 0.0015638368978242929 6.70889656793039e-07 6.945307744979923e-07
87 6.578605306619775e-07 6.39234561292283e-07 7.033705511087731e-07 6.403950742597052e-07 7.116208574450407e-07 0.05633478595170821 6.903955392669871e-07 0.5415916540279504 6.627534619790835e-07 0.03912416980252198 0.00027233243130261355 0.13048012940772172 6.934792306569197e-07 8.235571839360161e-05 0.00010436260531944497 8.300050490267575e-05 2.3831793903853857e-05 0.00226821781544284 5.505285888268684e-06 0.00039343064344140644 7.456781906811136e-07 9.089728887135655e-06 1.1638052141514379e-06 6.96842900978301e-06 1.9758933181471478e-05 0.0016460817747532437 0.00046192505975897557 0.0015638368978242929 6.70889656793039e-07 6.945307744979923e-07
88 6.578605306619775e-07 6.39234561292283e-07 7.033705511087731e-07 6.403950742597052e-07 7.116208574450407e-07 0.05633478595170821 6.903955392669871e-07 0.5415916540279504 6.627534619790835e-07 0.03912416980252198 0.00027233243130261355 0.13048012940772172 6.934792306569197e-07 8.235571839360161e-05 0.00010436260531944497 8.300050490267575e-05 2.3831793903853857e-05 0.00226821781544284 5.505285888268684e-06 0.00039343064344140644 7.456781906811136e-07 9.089728887135655e-06 1.1638052141514379e-06 6.96842900978301e-06 1.9758933181471478e-05 0.0016460817747532437 0.00046192505975897557 0.0015638368978242929 6.70889656793039e-07 6.945307744979923e-07
89 6.578605306619775e-07 6.39234561292283e-07 7.033705511087731e-07 6.403950742597052e-07 7.116208574450407e-07 0.05633478595170821 6.903955392669871e-07 0.5415916540279504 6.627534619790835e-07 0.03912416980252198 0.00027233243130261355 0.13048012940772172 6.934792306569197e-07 8.235571839360161e-05 0.00010436260531944497 8.300050490267575e-05 2.3831793903853857e-05 0.00226821781544284 5.505285888268684e-06 0.00039343064344140644 7.456781906811136e-07 9.089728887135655e-06 1.1638052141514379e-06 6.96842900978301e-06 1.9758933181471478e-05 0.0016460817747532437 0.00046192505975897557 0.0015638368978242929 6.70889656793039e-07 6.945307744979923e-07
90 6.578605306619775e-07 6.39234561292283e-07 7.033705511087731e-07 6.403950742597052e-07 7.116208574450407e-07 0.05633478595170821 6.903955392669871e-07 0.5415916540279504 6.627534619790835e-07 0.03912416980252198 0.00027233243130261355 0.13048012940772172 6.934792306569197e-07 8.235571839360161e-05 0.00010436260531944497 8.300050490267575e-05 2.3831793903853857e-05 0.00226821781544284 5.505285888268684e-06 0.00039343064344140644 7.456781906811136e-07 9.089728887135655e-06 1.1638052141514379e-06 6.96842900978301e-06 1.9758933181471478e-05 0.0016460817747532437 0.00046192505975897557 0.0015638368978242929 6.70889656793039e-07 6.945307744979923e-07
91 6.578605306619775e-07 6.39234561292283e-07 7.033705511087731e-07 6.403950742597052e-07 7.116208574450407e-07 0.05633478595170821 6.903955392669871e-07 0.5415916540279504 6.627534619790835e-07 0.03912416980252198 0.00027233243130261355 0.13048012940772172 6.934792306569197e-07 8.235571839360161e-05 0.00010436260531944497 8.300050490267575e-05 2.3831793903853857e-05 0.00226821781544284 5.505285888268684e-06 0.00039343064344140644 7.456781906811136e-07 9.089728887135655e-06 1.1638052141514379e-06 6.96842900978301e-06 1.9758933181471478e-05 0.0016460817747532437 0.00046192505975897557 0.0015638368978242929 6.70889656793039e-07 6.945307744979923e-07
92 6.578605306619775e-07 6.39234561292283e-07 7.033705511087731e-07 6.403950742597052e-07 7.116208574450407e-07 0.05633478595170821 6.903955392669871e-07 0.5415916540279504 6.627534619790835e-07 0.03912416980252198 0.00027233243130261355 0.13048012940772172 6.934792306569197e-07 8.235571839360161e-05 0.00010436260531944497 8.300050490267575e-05 2.3831793903853857e-05 0.00226821781544284 5.505285888268684e-06 0.00039343064344140644 7.456781906811136e-07 9.089728887135655e-06 1.1638052141514379e-06 6.96842900978301e-06 1.9758933181471478e-05 0.0016460817747532437 0.00046192505975897557 0.0015638368978242929 6.70889656793039e-07 6.945307744979923e-07
93 6.578605306619775e-07 6.39234561292283e-07 7.033705511087731e-07 6.403950742597052e-07 7.116208574450407e-07 0.05633478595170821 6.903955392669871e-07 0.5415916540279504 6.627534619790835e-07 0.03912416980252198 0.00027233243130261355 0.13048012940772172 6.934792306569197e-07 8.235571839360161e-05 0.00010436260531944497 8.300050490267575e-05 2.3831793903853857e-05 0.00226821781544284 5.505285888268684e-06 0.00039343064344140644 7.456781906811136e-07 9.089728887135655e-06 1.1638052141514379e-06 6.96842900978301e-06 1.9758933181471478e-05 0.0016460817747532437 0.00046192505975897557 0.0015638368978242929 6.70889656793039e-07 6.945307744979923e-07
94 6.578605306619775e-07 6.39234561292283e-07 7.033705511087731e-07 6.403950742597052e-07 7.116208574450407e-07 0.05633478595170821 6.903955392669871e-07 0.5415916540279504 6.627534619790835e-07 0.03912416980252198 0.00027233243130261355 0.13048012940772172 6.934792306569197e-07 8.235571839360161e-05 0.00010436260531944497 8.300050490267575e-05 2.3831793903853857e-05 0.00226821781544284 5.505285888268684e-06 0.00039343064344140644 7.456781906811136e-07 9.089728887135655e-06 1.1638052141514379e-06 6.96842900978301e-06 1.9758933181471478e-05 0.0016460817747532437 0.00046192505975897557 0.0015638368978242929 6.70889656793039e-07 6.945307744979923e-07
95 6.578605306619775e-07 6.39234561292283e-07 7.033705511087731e-07 6.403950742597052e-07 7.116208574450407e-07 0.05633478595170821 6.903955392669871e-07 0.5415916540279504 6.627534619790835e-07 0.03912416980252198 0.00027233243130261355 0.13048012940772172 6.934792306569197e-07 8.235571839360161e-05 0.00010436260531944497 8.300050490267575e-05 2.3831793903853857e-05 0.00226821781544284 5.505285888268684e-06 0.00039343064344140644 7.456781906811136e-07 9.089728887135655e-06 1.1638052141514379e-06 6.96842900978301e-06 1.9758933181471478e-05 0.0016460817747532437 0.00046192505975897557 0.0015638368978242929 6.70889656793039e-07 6.945307744979923e-07
96 6.578605306619775e-07 6.39234561292283e-07 7.033705511087731e-07 6.403950742597052e-07 7.116208574450407e-07 0.05633478595170821 6.903955392669871e-07 0.5415916540279504 6.627534619790835e-07 0.03912416980252198 0.00027233243130261355 0.13048012940772172 6.934792306569197e-07 8.235571839360161e-05 0.00010436260531944497 8.300050490267575e-05 2.3831793903853857e-05 0.00226821781544284 5.505285888268684e-06 0.00039343064344140644 7.456781906811136e-07 9.089728887135655e-06 1.1638052141514379e-06 6.96842900978301e-06 1.9758933181471478e-05 0.0016460817747532437 0.00046192505975897557 0.0015638368978242929 6.70889656793039e-07 6.945307744979923e-07
97 6.578605306619775e-07 6.39234561292283e-07 7.033705511087731e-07 6.403950742597052e-07 7.116208574450407e-07 0.05633478595170821 6.903955392669871e-07 0.5415916540279504 6.627534619790835e-07 0.03912416980252198 0.00027233243130261355 0.13048012940772172 6.934792306569197e-07 8.235571839360161e-05 0.00010436260531944497 8.300050490267575e-05 2.3831793903853857e-05 0.00226821781544284 5.505285888268684e-06 0.00039343064344140644 7.456781906811136e-07 9.089728887135655e-06 1.1638052141514379e-06 6.96842900978301e-06 1.9758933181471478e-05 0.0016460817747532437 0.00046192505975897557 0.0015638368978242929 6.70889656793039e-07 6.945307744979923e-07
98 6.578605306619775e-07 6.39234561292283e-07 7.033705511087731e-07 6.403950742597052e-07 7.116208574450407e-07 0.05633478595170821 6.903955392669871e-07 0.5415916540279504 6.627534619790835e-07 0.03912416980252198 0.00027233243130261355 0.13048012940772172 6.934792306569197e-07 8.235571839360161e-05 0.00010436260531944497 8.300050490267575e-05 2.3831793903853857e-05 0.00226821781544284 5.505285888268684e-06 0.00039343064344140644 7.456781906811136e-07 9.089728887135655e-06 1.1638052141514379e-06 6.96842900978301e-06 1.9758933181471478e-05 0.0016460817747532437 0.00046192505975897557 0.0015638368978242929 6.70889656793039e-07 6.945307744979923e-07
99 6.578605306619775e-07 6.39234561292283e-07 7.033705511087731e-07 6.403950742597052e-07 7.116208574450407e-07 0.05633478595170821 6.903955392669871e-07 0.5415916540279504 6.627534619790835e-07 0.03912416980252198 0.00027233243130261355 0.13048012940772172 6.934792306569197e-07 8.235571839360161e-05 0.00010436260531944497 8.300050490267575e-05 2.3831793903853857e-05 0.00226821781544284 5.505285888268684e-06 0.00039343064344140644 7.456781906811136e-07 9.089728887135655e-06 1.1638052141514379e-06 6.96842900978301e-06 1.9758933181471478e-05 0.0016460817747532437 0.00046192505975897557 0.0015638368978242929 6.70889656793039e-07 6.945307744979923e-07
100 6.578605306619775e-07 6.39234561292283e-07 7.033705511087731e-07 6.403950742597052e-07 7.116208574450407e-07 0.05633478595170821 6.903955392669871e-07 0.5415916540279504 6.627534619790835e-07 0.03912416980252198 0.00027233243130261355 0.13048012940772172 6.934792306569197e-07 8.235571839360161e-05 0.00010436260531944497 8.300050490267575e-05 2.3831793903853857e-05 0.00226821781544284 5.505285888268684e-06 0.00039343064344140644 7.456781906811136e-07 9.089728887135655e-06 1.1638052141514379e-06 6.96842900978301e-06 1.9758933181471478e-05 0.0016460817747532437 0.00046192505975897557 0.0015638368978242929 6.70889656793039e-07 6.945307744979923e-07
101 6.578605306619775e-07 6.39234561292283e-07 7.033705511087731e-07 6.403950742597052e-07 7.116208574450407e-07 0.05633478595170821 6.903955392669871e-07 0.5415916540279504 6.627534619790835e-07 0.03912416980252198 0.00027233243130261355 0.13048012940772172 6.934792306569197e-07 8.235571839360161e-05 0.00010436260531944497 8.300050490267575e-05 2.3831793903853857e-05 0.00226821781544284 5.505285888268684e-06 0.00039343064344140644 7.456781906811136e-07 9.089728887135655e-06 1.1638052141514379e-06 6.96842900978301e-06 1.9758933181471478e-05 0.0016460817747532437 0.00046192505975897557 0.0015638368978242929 6.70889656793039e-07 6.945307744979923e-07
102 6.578605306619775e-07 6.39234561292283e-07 7.033705511087731e-07 6.403950742597052e-07 7.116208574450407e-07 0.05633478595170821 6.903955392669871e-07 0.5415916540279504 6.627534619790835e-07 0.03912416980252198 0.00027233243130261355 0.13048012940772172 6.934792306569197e-07 8.235571839360161e-05 0.00010436260531944497 8.300050490267575e-05 2.3831793903853857e-05 0.00226821781544284 5.505285888268684e-06 0.00039343064344140644 7.456781906811136e-07 9.089728887135655e-06 1.1638052141514379e-06 6.96842900978301e-06 1.9758933181471478e-05 0.0016460817747532437 0.00046192505975897557 0.0015638368978242929 6.70889656793039e-07 6.945307744979923e-07
103 6.578605306619775e-07 6.39234561292283e-07 7.033705511087731e-07 6.403950742597052e-07 7.116208574450407e-07 0.05633478595170821 6.903955392669871e-07 0.5415916540279504 6.627534619790835e-07 0.03912416980252198 0.00027233243130261355 0.13048012940772172 6.934792306569197e-07 8.235571839360161e-05 0.00010436260531944497 8.300050490267575e-05 2.3831793903853857e-05 0.00226821781544284 5.505285888268684e-06 0.00039343064344140644 7.456781906811136e-07 9.089728887135655e-06 1.1638052141514379e-06 6.96842900978301e-06 1.9758933181471478e-05 0.0016460817747532437 0.00046192505975897557 0.0015638368978242929 6.70889656793039e-07 6.945307744979923e-07
104 6.578605306619775e-07 6.39234561292283e-07 7.033705511087731e-07 6.403950742597052e-07 7.116208574450407e-07 0.05633478595170821 6.903955392669871e-07 0.5415916540279504 6.627534619790835e-07 0.03912416980252198 0.00027233243130261355 0.13048012940772172 6.934792306569197e-07 8.235571839360161e-05 0.00010436260531944497 8.300050490267575e-05 2.3831793903853857e-05 0.00226821781544284 5.505285888268684e-06 0.00039343064344140644 7.456781906811136e-07 9.089728887135655e-06 1.1638052141514379e-06 6.96842900978301e-06 1.9758933181471478e-05 0.0016460817747532437 0.00046192505975897557 0.0015638368978242929 6.70889656793039e-07 6.945307744979923e-07
105 6.578605306619775e-07 6.39234561292283e-07 7.033705511087731e-07 6.403950742597052e-07 7.116208574450407e-07 0.05633478595170821 6.903955392669871e-07 0.5415916540279504 6.627534619790835e-07 0.03912416980252198 0.00027233243130261355 0.13048012940772172 6.934792306569197e-07 8.235571839360161e-05 0.00010436260531944497 8.300050490267575e-05 2.3831793903853857e-05 0.00226821781544284 5.505285888268684e-06 0.00039343064344140644 7.456781906811136e-07 9.089728887135655e-06 1.1638052141514379e-06 6.96842900978301e-06 1.9758933181471478e-05 0.0016460817747532437 0.00046192505975897557 0.0015638368978242929 6.70889656793039e-07 6.945307744979923e-07
106 6.578605306619775e-07 6.39234561292283e-07 7.033705511087731e-07 6.403950742597052e-07 7.116208574450407e-07 0.05633478595170821 6.903955392669871e-07 0.5415916540279504 6.627534619790835e-07 0.03912416980252198 0.00027233243130261355 0.13048012940772172 6.934792306569197e-07 8.235571839360161e-05 0.00010436260531944497 8.300050490267575e-05 2.3831793903853857e-05 0.00226821781544284 5.505285888268684e-06 0.00039343064344140644 7.456781906811136e-07 9.089728887135655e-06 1.1638052141514379e-06 6.96842900978301e-06 1.9758933181471478e-05 0.0016460817747532437 0.00046192505975897557 0.0015638368978242929 6.70889656793039e-07 6.945307744979923e-07
107 6.578605306619775e-07 6.39234561292283e-07 7.033705511087731e-07 6.403950742597052e-07 7.116208574450407e-07 0.05633478595170821 6.903955392669871e-07 0.5415916540279504 6.627534619790835e-07 0.03912416980252198 0.00027233243130261355 0.13048012940772172 6.934792306569197e-07 8.235571839360161e-05 0.00010436260531944497 8.300050490267575e-05 2.3831793903853857e-05 0.00226821781544284 5.505285888268684e-06 0.00039343064344140644 7.456781906811136e-07 9.089728887135655e-06 1.1638052141514379e-06 6.96842900978301e-06 1.9758933181471478e-05 0.0016460817747532437 0.00046192505975897557 0.0015638368978242929 6.70889656793039e-07 6.945307744979923e-07
108 6.578605306619775e-07 6.39234561292283e-07 7.033705511087731e-07 6.403950742597052e-07 7.116208574450407e-07 0.05633478595170821 6.903955392669871e-07 0.5415916540279504 6.627534619790835e-07 0.03912416980252198 0.00027233243130261355 0.13048012940772172 6.934792306569197e-07 8.235571839360161e-05 0.00010436260531944497 8.300050490267575e-05 2.3831793903853857e-05 0.00226821781544284 5.505285888268684e-06 0.00039343064344140644 7.456781906811136e-07 9.089728887135655e-06 1.1638052141514379e-06 6.96842900978301e-06 1.9758933181471478e-05 0.0016460817747532437 0.00046192505975897557 0.0015638368978242929 6.70889656793039e-07 6.945307744979923e-07
