# index Z=1 - Z=30
0 3.31868880136917e-07 0.0046992550672863755 2.689321211614465e-07 3.5811522821024425e-07 2.5184180029250756e-07 7.809803625198269e-07 2.9293522808965873e-07 0.0019392333939348076 3.863600946550292e-07 3.2897023188662105e-07 2.795952991146575e-07 3.0758226610647794e-05 3.3580767815700977e-07 0.003598828617113052 8.253404474960169e-07 3.200455773501016e-05 4.619161842926661e-07 0.0033782368872939143 4.447096302622733e-07 0.006082080073771238 3.322531570009469e-07 6.0106654743230604e-05 0.00014522445548449656 7.4658178966862986e-06 0.0035178130418947245 0.13015838486478176 0.05533483254363907 0.7220981800480035 2.6260352786304226e-07 2.8298296460135704e-07
1 3.31868880136917e-07 0.0046992550672863755 2.689321211614465e-07 3.5811522821024425e-07 2.5184180029250756e-07 7.809803625198269e-07 2.9293522808965873e-07 0.0019392333939348076 3.863600946550292e-07 3.2897023188662105e-07 2.795952991146575e-07 3.0758226610647794e-05 3.3580767815700977e-07 0.003598828617113052 8.253404474960169e-07 3.200455773501016e-05 4.619161842926661e-07 0.0033782368872939143 4.447096302622733e-07 0.006082080073771238 3.322531570009469e-07 6.0106654743230604e-05 0.00014522445548449656 7.4658178966862986e-06 0.0035178130418947245 0.13015838486478176 0.05533483254363907 0.7220981800480035 2.6260352786304226e-07 2.8298296460135704e-07
2 3.31868880136917e-07 0.0046992550672863755 2.689321211614465e-07 3.5811522821024425e-07 2.5184180029250756e-07 7.809803625198269e-07 2.9293522808965873e-07 0.0019392333939348076 3.863600946550292e-07 3.2897023188662105e-07 2.795952991146575e-07 3.0758226610647794e-05 3.3580767815700977e-07 0.003598828617113052 8.253404474960169e-07 3.200455773501016e-05 4.619161842926661e-07 0.0033782368872939143 4.447096302622733e-07 0.006082080073771238 3.322531570009469e-07 6.0106654743230604e-05 0.00014522445548449656 7.4658178966862986e-06 0.0035178130418947245 0.13015838486478176 0.05533483254363907 0.7220981800480035 2.6260352786304226e-07 2.8298296460135704e-07
3 3.31868880136917e-07 0.0046992550672863755 2.689321211614465e-07 3.5811522821024425e-07 2.5184180029250756e-07 7.809803625198269e-07 2.9293522808965873e-07 0.0019392333939348076 3.863600946550292e-07 3.2897023188662105e-07 2.795952991146575e-07 3.0758226610647794e-05 3.3580767815700977e-07 0.003598828617113052 8.253404474960169e-07 3.200455773501016e-05 4.619161842926661e-07 0.0033782368872939143 4.447096302622733e-07 0.006082080073771238 3.322531570009469e-07 6.0106654743230604e-05 0.00014522445548449656 7.4658178966862986e-06 0.0035178130418947245 0.13015838486478176 0.05533483254363907 0.7220981800480035 2.6260352786304226e-07 2.8298296460135704e-07
4 3.31868880136917e-07 0.0046992550672863755 2.689321211614465e-07 3.5811522821024425e-07 2.5184180029250756e-07 7.809803625198269e-07 2.9293522808965873e-07 0.0019392333939348076 3.863600946550292e-07 3.2897023188662105e-07 2.795952991146575e-07 3.0758226610647794e-05 3.3580767815700977e-07 0.003598828617113052 8.253404474960169e-07 3.200455773501016e-05 4.619161842926661e-07 0.0033782368872939143 4.447096302622733e-07 0.006082080073771238 3.322531570009469e-07 6.0106654743230604e-05 0.00014522445548449656 7.4658178966862986e-06 0.0035178130418947245 0.13015838486478176 0.05533483254363907 0.7220981800480035 2.6260352786304226e-07 2.8298296460135704e-07
5 3.31868880136917e-07 0.0046992550672863755 2.689321211614465e-07 3.5811522821024425e-07 2.5184180029250756e-07 7.809803625198269e-07 2.9293522808965873e-07 0.0019392333939348076 3.863600946550292e-07 3.2897023188662105e-07 2.795952991146575e-07 3.0758226610647794e-05 3.3580767815700977e-07 0.003598828617113052 8.253404474960169e-07 3.200455773501016e-05 4.619161842926661e-07 0.0033782368872939143 4.447096302622733e-07 0.006082080073771238 3.322531570009469e-07 6.0106654743230604e-05 0.00014522445548449656 7.4658178966862986e-06 0.0035178130418947245 0.13015838486478176 0.05533483254363907 0.7220981800480035 2.6260352786304226e-07 2.8298296460135704e-07
6 3.31868880136917e-07 0.0046992550672863755 2.689321211614465e-07 3.5811522821024425e-07 2.5184180029250756e-07 7.809803625198269e-07 2.9293522808965873e-07 0.0019392333939348076 3.863600946550292e-07 3.2897023188662105e-07 2.795952991146575e-07 3.0758226610647794e-05 3.3580767815700977e-07 0.003598828617113052 8.253404474960169e-07 3.200455773501016e-05 4.619161842926661e-07 0.0033782368872939143 4.447096302622733e-07 0.006082080073771238 3.322531570009469e-07 6.0106654743230604e-05 0.00014522445548449656 7.4658178966862986e-06 0.0035178130418947245 0.13015838486478176 0.05533483254363907 0.7220981800480035 2.6260352786304226e-07 2.8298296460135704e-07
7 3.31868880136917e-07 0.0046992550672863755 2.689321211614465e-07 3.5811522821024425e-07 2.5184180029250756e-07 7.809803625198269e-07 2.9293522808965873e-07 0.0019392333939348076 3.863600946550292e-07 3.2897023188662105e-07 2.795952991146575e-07 3.0758226610647794e-05 3.3580767815700977e-07 0.003598828617113052 8.253404474960169e-07 3.200455773501016e-05 4.619161842926661e-07 0.0033782368872939143 4.447096302622733e-07 0.006082080073771238 3.322531570009469e-07 6.0106654743230604e-05 0.00014522445548449656 7.4658178966862986e-06 0.0035178130418947245 0.13015838486478176 0.05533483254363907 0.7220981800480035 2.6260352786304226e-07 2.8298296460135704e-07
8 3.31868880136917e-07 0.0046992550672863755 2.689321211614465e-07 3.5811522821024425e-07 2.5184180029250756e-07 7.809803625198269e-07 2.9293522808965873e-07 0.0019392333939348076 3.863600946550292e-07 3.2897023188662105e-07 2.795952991146575e-07 3.0758226610647794e-05 3.3580767815700977e-07 0.003598828617113052 8.253404474960169e-07 3.200455773501016e-05 4.619161842926661e-07 0.0033782368872939143 4.447096302622733e-07 0.006082080073771238 3.322531570009469e-07 6.0106654743230604e-05 0.00014522445548449656 7.4658178966862986e-06 0.0035178130418947245 0.13015838486478176 0.05533483254363907 0.7220981800480035 2.6260352786304226e-07 2.8298296460135704e-07
9 3.31868880136917e-07 0.0046992550672863755 2.689321211614465e-07 3.5811522821024425e-07 2.5184180029250756e-07 7.809803625198269e-07 2.9293522808965873e-07 0.0019392333939348076 3.863600946550292e-07 3.2897023188662105e-07 2.795952991146575e-07 3.0758226610647794e-05 3.3580767815700977e-07 0.003598828617113052 8.253404474960169e-07 3.200455773501016e-05 4.619161842926661e-07 0.0033782368872939143 4.447096302622733e-07 0.006082080073771238 3.322531570009469e-07 6.0106654743230604e-05 0.00014522445548449656 7.4658178966862986e-06 0.0035178130418947245 0.13015838486478176 0.05533483254363907 0.7220981800480035 2.6260352786304226e-07 2.8298296460135704e-07
10 3.31868880136917e-07 0.0046992550672863755 2.689321211614465e-07 3.5811522821024425e-07 2.5184180029250756e-07 7.809803625198269e-07 2.9293522808965873e-07 0.0019392333939348076 3.863600946550292e-07 3.2897023188662105e-07 2.795952991146575e-07 3.0758226610647794e-05 3.3580767815700977e-07 0.003598828617113052 8.253404474960169e-07 3.200455773501016e-05 4.619161842926661e-07 0.0033782368872939143 4.447096302622733e-07 0.006082080073771238 3.322531570009469e-07 6.0106654743230604e-05 0.00014522445548449656 7.4658178966862986e-06 0.0035178130418947245 0.13015838486478176 0.05533483254363907 0.7220981800480035 2.6260352786304226e-07 2.8298296460135704e-07
11 3.31868880136917e-07 0.0046992550672863755 2.689321211614465e-07 3.5811522821024425e-07 2.5184180029250756e-07 7.809803625198269e-07 2.9293522808965873e-07 0.0019392333939348076 3.863600946550292e-07 3.2897023188662105e-07 2.795952991146575e-07 3.0758226610647794e-05 3.3580767815700977e-07 0.003598828617113052 8.253404474960169e-07 3.200455773501016e-05 4.619161842926661e-07 0.0033782368872939143 4.447096302622733e-07 0.006082080073771238 3.322531570009469e-07 6.0106654743230604e-05 0.00014522445548449656 7.4658178966862986e-06 0.0035178130418947245 0.13015838486478176 0.05533483254363907 0.7220981800480035 2.6260352786304226e-07 2.8298296460135704e-07
12 7.938706679405627e-07 0.003771644012047511 7.562326669900542e-07 7.873515899094264e-07 7.614591911116626e-07 1.6632910340211308e-06 7.974664437149763e-07 0.004425564509132625 8.404749695130705e-07 9.451963618449938e-07 8.1048735318685e-07 0.002159383822923821 8.058536899963538e-07 0.01676286728599701 5.6920670111476454e-06 0.0006296714304557907 1.9623031192819127e-06 0.012658831736058534 1.2831778598046744e-06 0.03130073721030111 7.542988566146674e-07 0.00012485179117475986 0.0007275736540488895 2.0092449019203204e-05 0.062129998612998685 0.44524118823279557 0.11468271145416672 0.16553068323064146 9.656937916814987e-07 7.234243451134559e-07
13 7.938706679405627e-07 0.003771644012047511 7.562326669900542e-07 7.873515899094264e-07 7.614591911116626e-07 1.6632910340211308e-06 7.974664437149763e-07 0.004425564509132625 8.404749695130705e-07 9.451963618449938e-07 8.1048735318685e-07 0.002159383822923821 8.058536899963538e-07 0.01676286728599701 5.6920670111476454e-06 0.0006296714304557907 1.9623031192819127e-06 0.012658831736058534 1.2831778598046744e-06 0.03130073721030111 7.542988566146674e-07 0.00012485179117475986 0.0007275736540488895 2.0092449019203204e-05 0.062129998612998685 0.44524118823279557 0.11468271145416672 0.16553068323064146 9.656937916814987e-07 7.234243451134559e-07
14 7.938706679405627e-07 0.003771644012047511 7.562326669900542e-07 7.873515899094264e-07 7.614591911116626e-07 1.6632910340211308e-06 7.974664437149763e-07 0.004425564509132625 8.404749695130705e-07 9.451963618449938e-07 8.1048735318685e-07 0.002159383822923821 8.058536899963538e-07 0.01676286728599701 5.6920670111476454e-06 0.0006296714304557907 1.9623031192819127e-06 0.012658831736058534 1.2831778598046744e-06 0.03130073721030111 7.542988566146674e-07 0.00012485179117475986 0.0007275736540488895 2.0092449019203204e-05 0.062129998612998685 0.44524118823279557 0.11468271145416672 0.16553068323064146 9.656937916814987e-07 7.234243451134559e-07
15 7.938706679405627e-07 0.003771644012047511 7.562326669900542e-07 7.873515899094264e-07 7.614591911116626e-07 1.6632910340211308e-06 7.974664437149763e-07 0.004425564509132625 8.404749695130705e-07 9.451963618449938e-07 8.1048735318685e-07 0.002159383822923821 8.058536899963538e-07 0.01676286728599701 5.6920670111476454e-06 0.0006296714304557907 1.9623031192819127e-06 0.012658831736058534 1.2831778598046744e-06 0.03130073721030111 7.542988566146674e-07 0.00012485179117475986 0.0007275736540488895 2.0092449019203204e-05 0.062129998612998685 0.44524118823279557 0.11468271145416672 0.16553068323064146 9.656937916814987e-07 7.234243451134559e-07
16 7.938706679405627e-07 0.003771644012047511 7.562326669900542e-07 7.873515899094264e-07 7.614591911116626e-07 1.6632910340211308e-06 7.974664437149763e-07 0.004425564509132625 8.404749695130705e-07 9.451963618449938e-07 8.1048735318685e-07 0.002159383822923821 8.058536899963538e-07 0.01676286728599701 5.6920670111476454e-06 0.0006296714304557907 1.9623031192819127e-06 0.012658831736058534 1.2831778598046744e-06 0.03130073721030111 7.542988566146674e-07 0.00012485179117475986 0.0007275736540488895 2.0092449019203204e-05 0.062129998612998685 0.44524118823279557 0.11468271145416672 0.16553068323064146 9.656937916814987e-07 7.234243451134559e-07
17 7.938706679405627e-07 0.003771644012047511 7.562326669900542e-07 7.873515899094264e-07 7.614591911116626e-07 1.6632910340211308e-06 7.974664437149763e-07 0.004425564509132625 8.404749695130705e-07 9.451963618449938e-07 8.1048735318685e-07 0.002159383822923821 8.058536899963538e-07 0.01676286728599701 5.6920670111476454e-06 0.0006296714304557907 1.9623031192819127e-06 0.012658831736058534 1.2831778598046744e-06 0.03130073721030111 7.542988566146674e-07 0.00012485179117475986 0.0007275736540488895 2.0092449019203204e-05 0.062129998612998685 0.44524118823279557 0.11468271145416672 0.16553068323064146 9.656937916814987e-07 7.234243451134559e-07
18 7.938706679405627e-07 0.003771644012047511 7.562326669900542e-07 7.873515899094264e-07 7.614591911116626e-07 1.6632910340211308e-06 7.974664437149763e-07 0.004425564509132625 8.404749695130705e-07 9.451963618449938e-07 8.1048735318685e-07 0.002159383822923821 8.058536899963538e-07 0.01676286728599701 5.6920670111476454e-06 0.0006296714304557907 1.9623031192819127e-06 0.012658831736058534 1.2831778598046744e-06 0.03130073721030111 7.542988566146674e-07 0.00012485179117475986 0.0007275736540488895 2.0092449019203204e-05 0.062129998612998685 0.44524118823279557 0.11468271145416672 0.16553068323064146 9.656937916814987e-07 7.234243451134559e-07
19 7.938706679405627e-07 0.003771644012047511 7.562326669900542e-07 7.873515899094264e-07 7.614591911116626e-07 1.6632910340211308e-06 7.974664437149763e-07 0.004425564509132625 8.404749695130705e-07 9.451963618449938e-07 8.1048735318685e-07 0.002159383822923821 8.058536899963538e-07 0.01676286728599701 5.6920670111476454e-06 0.0006296714304557907 1.9623031192819127e-06 0.012658831736058534 1.2831778598046744e-06 0.03130073721030111 7.542988566146674e-07 0.00012485179117475986 0.0007275736540488895 2.0092449019203204e-05 0.062129998612998685 0.44524118823279557 0.11468271145416672 0.16553068323064146 9.656937916814987e-07 7.234243451134559e-07
20 7.938706679405627e-07 0.003771644012047511 7.562326669900542e-07 7.873515899094264e-07 7.614591911116626e-07 1.6632910340211308e-06 7.974664437149763e-07 0.004425564509132625 8.404749695130705e-07 9.451963618449938e-07 8.1048735318685e-07 0.002159383822923821 8.058536899963538e-07 0.01676286728599701 5.6920670111476454e-06 0.0006296714304557907 1.9623031192819127e-06 0.012658831736058534 1.2831778598046744e-06 0.03130073721030111 7.542988566146674e-07 0.00012485179117475986 0.0007275736540488895 2.0092449019203204e-05 0.062129998612998685 0.44524118823279557 0.11468271145416672 0.16553068323064146 9.656937916814987e-07 7.234243451134559e-07
21 7.938706679405627e-07 0.003771644012047511 7.562326669900542e-07 7.873515899094264e-07 7.614591911116626e-07 1.6632910340211308e-06 7.974664437149763e-07 0.004425564509132625 8.404749695130705e-07 9.451963618449938e-07 8.1048735318685e-07 0.002159383822923821 8.058536899963538e-07 0.01676286728599701 5.6920670111476454e-06 0.0006296714304557907 1.9623031192819127e-06 0.012658831736058534 1.2831778598046744e-06 0.03130073721030111 7.542988566146674e-07 0.00012485179117475986 0.0007275736540488895 2.0092449019203204e-05 0.062129998612998685 0.44524118823279557 0.11468271145416672 0.16553068323064146 9.656937916814987e-07 7.234243451134559e-07
22 8.227031284983964e-07 7.603589085537056e-07 8.428721412032197e-07 7.439763721571169e-07 7.330188884727873e-07 2.267767096346607e-06 7.972134398597256e-07 0.0044439285425076054 7.792698434372225e-07 7.806511581673778e-07 7.76365354862483e-07 0.17340822795642358 9.077611099384746e-07 0.298222626803402 1.1462439532120552e-05 0.033236225012368364 1.8561491107548708e-06 0.05048599216719269 1.6582437198710835e-06 0.10671249869431583 7.902069424640871e-07 0.0001420481366556025 0.0014461821846317136 6.556885464730825e-05 0.00704751567985538 0.08525207361536175 0.06513505125881386 0.020372680570885038 7.365064130126556e-07 7.732178109300344e-07
23 8.227031284983964e-07 7.603589085537056e-07 8.428721412032197e-07 7.439763721571169e-07 7.330188884727873e-07 2.267767096346607e-06 7.972134398597256e-07 0.0044439285425076054 7.792698434372225e-07 7.806511581673778e-07 7.76365354862483e-07 0.17340822795642358 9.077611099384746e-07 0.298222626803402 1.1462439532120552e-05 0.033236225012368364 1.8561491107548708e-06 0.05048599216719269 1.6582437198710835e-06 0.10671249869431583 7.902069424640871e-07 0.0001420481366556025 0.0014461821846317136 6.556885464730825e-05 0.00704751567985538 0.08525207361536175 0.06513505125881386 0.020372680570885038 7.365064130126556e-07 7.732178109300344e-07
24 8.227031284983964e-07 7.603589085537056e-07 8.428721412032197e-07 7.439763721571169e-07 7.330188884727873e-07 2.267767096346607e-06 7.972134398597256e-07 0.0044439285425076054 7.792698434372225e-07 7.806511581673778e-07 7.76365354862483e-07 0.17340822795642358 9.077611099384746e-07 0.298222626803402 1.1462439532120552e-05 0.033236225012368364 1.8561491107548708e-06 0.05048599216719269 1.6582437198710835e-06 0.10671249869431583 7.902069424640871e-07 0.0001420481366556025 0.0014461821846317136 6.556885464730825e-05 0.00704751567985538 0.08525207361536175 0.06513505125881386 0.020372680570885038 7.365064130126556e-07 7.732178109300344e-07
25 8.227031284983964e-07 7.603589085537056e-07 8.428721412032197e-07 7.439763721571169e-07 7.330188884727873e-07 2.267767096346607e-06 7.972134398597256e-07 0.0044439285425076054 7.792698434372225e-07 7.806511581673778e-07 7.76365354862483e-07 0.17340822795642358 9.077611099384746e-07 0.298222626803402 1.1462439532120552e-05 0.033236225012368364 1.8561491107548708e-06 0.05048599216719269 1.6582437198710835e-06 0.10671249869431583 7.902069424640871e-07 0.0001420481366556025 0.0014461821846317136 6.556885464730825e-05 0.00704751567985538 0.08525207361536175 0.06513505125881386 0.020372680570885038 7.365064130126556e-07 7.732178109300344e-07
26 8.227031284983964e-07 7.603589085537056e-07 8.428721412032197e-07 7.439763721571169e-07 7.330188884727873e-07 2.267767096346607e-06 7.972134398597256e-07 0.0044439285425076054 7.792698434372225e-07 7.806511581673778e-07 7.76365354862483e-07 0.17340822795642358 9.077611099384746e-07 0.298222626803402 1.1462439532120552e-05 0.033236225012368364 1.8561491107548708e-06 0.05048599216719269 1.6582437198710835e-06 0.10671249869431583 7.902069424640871e-07 0.0001420481366556025 0.0014461821846317136 6.556885464730825e-05 0.00704751567985538 0.08525207361536175 0.06513505125881386 0.020372680570885038 7.365064130126556e-07 7.732178109300344e-07
27 8.227031284983964e-07 7.603589085537056e-07 8.428721412032197e-07 7.439763721571169e-07 7.330188884727873e-07 2.267767096346607e-06 7.972134398597256e-07 0.0044439285425076054 7.792698434372225e-07 7.806511581673778e-07 7.76365354862483e-07 0.17340822795642358 9.077611099384746e-07 0.298222626803402 1.1462439532120552e-05 0.033236225012368364 1.8561491107548708e-06 0.05048599216719269 1.6582437198710835e-06 0.10671249869431583 7.902069424640871e-07 0.0001420481366556025 0.0014461821846317136 6.556885464730825e-05 0.00704751567985538 0.08525207361536175 0.06513505125881386 0.020372680570885038 7.365064130126556e-07 7.732178109300344e-07
28 8.227031284983964e-07 7.603589085537056e-07 8.428721412032197e-07 7.439763721571169e-07 7.330188884727873e-07 2.267767096346607e-06 7.972134398597256e-07 0.0044439285425076054 7.792698434372225e-07 7.806511581673778e-07 7.76365354862483e-07 0.17340822795642358 9.077611099384746e-07 0.298222626803402 1.1462439532120552e-05 0.033236225012368364 1.8561491107548708e-06 0.05048599216719269 1.6582437198710835e-06 0.10671249869431583 7.902069424640871e-07 0.0001420481366556025 0.0014461821846317136 6.556885464730825e-05 0.00704751567985538 0.08525207361536175 0.06513505125881386 0.020372680570885038 7.365064130126556e-07 7.732178109300344e-07
29 8.227031284983964e-07 7.603589085537056e-07 8.428721412032197e-07 7.439763721571169e-07 7.330188884727873e-07 2.267767096346607e-06 7.972134398597256e-07 0.0044439285425076054 7.792698434372225e-07 7.806511581673778e-07 7.76365354862483e-07 0.17340822795642358 9.077611099384746e-07 0.298222626803402 1.1462439532120552e-05 0.033236225012368364 1.8561491107548708e-06 0.05048599216719269 1.6582437198710835e-06 0.10671249869431583 7.902069424640871e-07 0.0001420481366556025 0.0014461821846317136 6.556885464730825e-05 0.00704751567985538 0.08525207361536175 0.06513505125881386 0.020372680570885038 7.365064130126556e-07 7.732178109300344e-07
30 8.227031284983964e-07 7.603589085537056e-07 8.428721412032197e-07 7.439763721571169e-07 7.330188884727873e-07 2.267767096346607e-06 7.972134398597256e-07 0.0044439285425076054 7.792698434372225e-07 7.806511581673778e-07 7.76365354862483e-07 0.17340822795642358 9.077611099384746e-07 0.298222626803402 1.1462439532120552e-05 0.033236225012368364 1.8561491107548708e-06 0.05048599216719269 1.6582437198710835e-06 0.10671249869431583 7.902069424640871e-07 0.0001420481366556025 0.0014461821846317136 6.556885464730825e-05 0.00704751567985538 0.08525207361536175 0.06513505125881386 0.020372680570885038 7.365064130126556e-07 7.732178109300344e-07
31 8.227031284983964e-07 7.603589085537056e-07 8.428721412032197e-07 7.439763721571169e-07 7.330188884727873e-07 2.267767096346607e-06 7.972134398597256e-07 0.0044439285425076054 7.792698434372225e-07 7.806511581673778e-07 7.76365354862483e-07 0.17340822795642358 9.077611099384746e-07 0.298222626803402 1.1462439532120552e-05 0.033236225012368364 1.8561491107548708e-06 0.05048599216719269 1.6582437198710835e-06 0.10671249869431583 7.902069424640871e-07 0.0001420481366556025 0.0014461821846317136 6.556885464730825e-05 0.00704751567985538 0.08525207361536175 0.06513505125881386 0.020372680570885038 7.365064130126556e-07 7.732178109300344e-07
32 6.851390374907538e-08 7.410089539853476e-08 1.387126503565647e-07 7.010352264527343e-08 9.141071472787801e-08 2.9812383936845794e-06 6.747783922197973e-08 0.22713236110499319 9.417995796703653e-08 2.273423752877451e-07 8.838337910667087e-08 0.004633119773253482 7.183926262754153e-08 0.3306654539807205 8.703987255609257e-06 1.152236311175936e-05 3.6349722408222365e-06 0.0033624450611081697 4.899665969528849e-06 0.0007265869507889896 8.434646298737327e-08 4.343971837818592e-06 6.202711163817391e-06 7.341618239163107e-06 7.444249606879149e-05 0.0007045206301984226 0.0013724822085279245 0.0017530486327827343 7.799100993486294e-08 7.153332296525179e-08
33 6.851390374907538e-08 7.410089539853476e-08 1.387126503565647e-07 7.010352264527343e-08 9.141071472787801e-08 2.9812383936845794e-06 6.747783922197973e-08 0.22713236110499319 9.417995796703653e-08 2.273423752877451e-07 8.838337910667087e-08 0.004633119773253482 7.183926262754153e-08 0.3306654539807205 8.703987255609257e-06 1.152236311175936e-05 3.6349722408222365e-06 0.0033624450611081697 4.899665969528849e-06 0.0007265869507889896 8.434646298737327e-08 4.343971837818592e-06 6.202711163817391e-06 7.341618239163107e-06 7.444249606879149e-05 0.0007045206301984226 0.0013724822085279245 0.0017530486327827343 7.799100993486294e-08 7.153332296525179e-08
34 6.851390374907538e-08 7.410089539853476e-08 1.387126503565647e-07 7.010352264527343e-08 9.141071472787801e-08 2.9812383936845794e-06 6.747783922197973e-08 0.22713236110499319 9.417995796703653e-08 2.273423752877451e-07 8.838337910667087e-08 0.004633119773253482 7.183926262754153e-08 0.3306654539807205 8.703987255609257e-06 1.152236311175936e-05 3.6349722408222365e-06 0.0033624450611081697 4.899665969528849e-06 0.0007265869507889896 8.434646298737327e-08 4.343971837818592e-06 6.202711163817391e-06 7.341618239163107e-06 7.444249606879149e-05 0.0007045206301984226 0.0013724822085279245 0.0017530486327827343 7.799100993486294e-08 7.153332296525179e-08
35 6.851390374907538e-08 7.410089539853476e-08 1.387126503565647e-07 7.010352264527343e-08 9.141071472787801e-08 2.9812383936845794e-06 6.747783922197973e-08 0.22713236110499319 9.417995796703653e-08 2.273423752877451e-07 8.838337910667087e-08 0.004633119773253482 7.183926262754153e-08 0.3306654539807205 8.703987255609257e-06 1.152236311175936e-05 3.6349722408222365e-06 0.0033624450611081697 4.899665969528849e-06 0.0007265869507889896 8.434646298737327e-08 4.343971837818592e-06 6.202711163817391e-06 7.341618239163107e-06 7.444249606879149e-05 0.0007045206301984226 0.0013724822085279245 0.0017530486327827343 7.799100993486294e-08 7.153332296525179e-08
36 6.851390374907538e-08 7.410089539853476e-08 1.387126503565647e-07 7.010352264527343e-08 9.141071472787801e-08 2.9812383936845794e-06 6.747783922197973e-08 0.22713236110499319 9.417995796703653e-08 2.273423752877451e-07 8.838337910667087e-08 0.004633119773253482 7.183926262754153e-08 0.3306654539807205 8.703987255609257e-06 1.152236311175936e-05 3.6349722408222365e-06 0.0033624450611081697 4.899665969528849e-06 0.0007265869507889896 8.434646298737327e-08 4.343971837818592e-06 6.202711163817391e-06 7.341618239163107e-06 7.444249606879149e-05 0.0007045206301984226 0.0013724822085279245 0.0017530486327827343 7.799100993486294e-08 7.153332296525179e-08
37 6.851390374907538e-08 7.410089539853476e-08 1.387126503565647e-07 7.010352264527343e-08 9.141071472787801e-08 2.9812383936845794e-06 6.747783922197973e-08 0.22713236110499319 9.417995796703653e-08 2.273423752877451e-07 8.838337910667087e-08 0.004633119773253482 7.183926262754153e-08 0.3306654539807205 8.703987255609257e-06 1.152236311175936e-05 3.6349722408222365e-06 0.0033624450611081697 4.899665969528849e-06 0.0007265869507889896 8.434646298737327e-08 4.343971837818592e-06 6.202711163817391e-06 7.341618239163107e-06 7.444249606879149e-05 0.0007045206301984226 0.0013724822085279245 0.0017530486327827343 7.799100993486294e-08 7.153332296525179e-08
38 6.851390374907538e-08 7.410089539853476e-08 1.387126503565647e-07 7.010352264527343e-08 9.141071472787801e-08 2.9812383936845794e-06 6.747783922197973e-08 0.22713236110499319 9.417995796703653e-08 2.273423752877451e-07 8.838337910667087e-08 0.004633119773253482 7.183926262754153e-08 0.3306654539807205 8.703987255609257e-06 1.152236311175936e-05 3.6349722408222365e-06 0.0033624450611081697 4.899665969528849e-06 0.0007265869507889896 8.434646298737327e-08 4.343971837818592e-06 6.202711163817391e-06 7.341618239163107e-06 7.444249606879149e-05 0.0007045206301984226 0.0013724822085279245 0.0017530486327827343 7.799100993486294e-08 7.153332296525179e-08
39 6.851390374907538e-08 7.410089539853476e-08 1.387126503565647e-07 7.010352264527343e-08 9.141071472787801e-08 2.9812383936845794e-06 6.747783922197973e-08 0.22713236110499319 9.417995796703653e-08 2.273423752877451e-07 8.838337910667087e-08 0.004633119773253482 7.183926262754153e-08 0.3306654539807205 8.703987255609257e-06 1.152236311175936e-05 3.6349722408222365e-06 0.0033624450611081697 4.899665969528849e-06 0.0007265869507889896 8.434646298737327e-08 4.343971837818592e-06 6.202711163817391e-06 7.341618239163107e-06 7.444249606879149e-05 0.0007045206301984226 0.0013724822085279245 0.0017530486327827343 7.799100993486294e-08 7.153332296525179e-08
40 6.851390374907538e-08 7.410089539853476e-08 1.387126503565647e-07 7.010352264527343e-08 9.141071472787801e-08 2.9812383936845794e-06 6.747783922197973e-08 0.22713236110499319 9.417995796703653e-08 2.273423752877451e-07 8.838337910667087e-08 0.004633119773253482 7.183926262754153e-08 0.3306654539807205 8.703987255609257e-06 1.152236311175936e-05 3.6349722408222365e-06 0.0033624450611081697 4.899665969528849e-06 0.0007265869507889896 8.434646298737327e-08 4.343971837818592e-06 6.202711163817391e-06 7.341618239163107e-06 7.444249606879149e-05 0.0007045206301984226 0.0013724822085279245 0.0017530486327827343 7.799100993486294e-08 7.153332296525179e-08
41 6.851390374907538e-08 7.410089539853476e-08 1.387126503565647e-07 7.010352264527343e-08 9.141071472787801e-08 2.9812383936845794e-06 6.747783922197973e-08 0.22713236110499319 9.417995796703653e-08 2.273423752877451e-07 8.838337910667087e-08 0.004633119773253482 7.183926262754153e-08 0.3306654539807205 8.703987255609257e-06 1.152236311175936e-05 3.6349722408222365e-06 0.0033624450611081697 4.899665969528849e-06 0.0007265869507889896 8.434646298737327e-08 4.343971837818592e-06 6.202711163817391e-06 7.341618239163107e-06 7.444249606879149e-05 0.0007045206301984226 0.0013724822085279245 0.0017530486327827343 7.799100993486294e-08 7.153332296525179e-08
42 6.851390374907538e-08 7.410089539853476e-08 1.387126503565647e-07 7.010352264527343e-08 9.141071472787801e-08 2.9812383936845794e-06 6.747783922197973e-08 0.22713236110499319 9.417995796703653e-08 2.273423752877451e-07 8.838337910667087e-08 0.004633119773253482 7.183926262754153e-08 0.3306654539807205 8.703987255609257e-06 1.152236311175936e-05 3.6349722408222365e-06 0.0033624450611081697 4.899665969528849e-06 0.0007265869507889896 8.434646298737327e-08 4.343971837818592e-06 6.202711163817391e-06 7.341618239163107e-06 7.444249606879149e-05 0.0007045206301984226 0.0013724822085279245 0.0017530486327827343 7.799100993486294e-08 7.153332296525179e-08
43 6.851390374907538e-08 7.410089539853476e-08 1.387126503565647e-07 7.010352264527343e-08 9.141071472787801e-08 2.9812383936845794e-06 6.747783922197973e-08 0.22713236110499319 9.417995796703653e-08 2.273423752877451e-07 8.838337910667087e-08 0.004633119773253482 7.183926262754153e-08 0.3306654539807205 8.703987255609257e-06 1.152236311175936e-05 3.6349722408222365e-06 0.0033624450611081697 4.899665969528849e-06 0.0007265869507889896 8.434646298737327e-08 4.343971837818592e-06 6.202711163817391e-06 7.341618239163107e-06 7.444249606879149e-05 0.0007045206301984226 0.0013724822085279245 0.0017530486327827343 7.799100993486294e-08 7.153332296525179e-08
44 6.851390374907538e-08 7.410089539853476e-08 1.387126503565647e-07 7.010352264527343e-08 9.141071472787801e-08 2.9812383936845794e-06 6.747783922197973e-08 0.22713236110499319 9.417995796703653e-08 2.273423752877451e-07 8.838337910667087e-08 0.004633119773253482 7.183926262754153e-08 0.3306654539807205 8.703987255609257e-06 1.152236311175936e-05 3.6349722408222365e-06 0.0033624450611081697 4.899665969528849e-06 0.0007265869507889896 8.434646298737327e-08 4.343971837818592e-06 6.202711163817391e-06 7.341618239163107e-06 7.444249606879149e-05 0.0007045206301984226 0.0013724822085279245 0.0017530486327827343 7.799100993486294e-08 7.153332296525179e-08
45 3.494914272034208e-07 3.382774383203933e-07 3.5829102974790933e-07 3.832349417313354e-07 3.709728584212646e-07 0.03405343124065939 3.594249926687983e-07 0.642021667469714 3.580240184652098e-07 0.022285699778759084 0.00014686974621777246 0.1089763297740536 3.664115333553327e-07 4.5480275394394794e-05 5.168495283534739e-05 4.590832636644747e-05 1.1280518534060713e-05 0.0011013755823381039 2.8936773169785405e-06 8.765624830527581e-05 4.798896423645958e-07 4.4511801351568064e-06 6.054679245124505e-07 3.2156509830784265e-06 1.0991817462733906e-05 0.0008684852088275339 0.00021145813598912326 0.0006442371897335456 3.2785998852372876e-07 3.708409125877303e-07
46 3.494914272034208e-07 3.382774383203933e-07 3.5829102974790933e-07 3.832349417313354e-07 3.709728584212646e-07 0.03405343124065939 3.594249926687983e-07 0.642021667469714 3.580240184652098e-07 0.022285699778759084 0.00014686974621777246 0.1089763297740536 3.664115333553327e-07 4.5480275394394794e-05 5.168495283534739e-05 4.590832636644747e-05 1.1280518534060713e-05 0.0011013755823381039 2.8936773169785405e-06 8.765624830527581e-05 4.798896423645958e-07 4.4511801351568064e-06 6.054679245124505e-07 3.2156509830784265e-06 1.0991817462733906e-05 0.0008684852088275339 0.00021145813598912326 0.0006442371897335456 3.2785998852372876e-07 3.708409125877303e-07
47 3.494914272034208e-07 3.382774383203933e-07 3.5829102974790933e-07 3.832349417313354e-07 3.709728584212646e-07 0.03405343124065939 3.594249926687983e-07 0.642021667469714 3.580240184652098e-07 0.022285699778759084 0.00014686974621777246 0.1089763297740536 3.664115333553327e-07 4.5480275394394794e-05 5.168495283534739e-05 4.590832636644747e-05 1.1280518534060713e-05 0.0011013755823381039 2.8936773169785405e-06 8.765624830527581e-05 4.798896423645958e-07 4.4511801351568064e-06 6.054679245124505e-07 3.2156509830784265e-06 1.0991817462733906e-05 0.0008684852088275339 0.00021145813598912326 0.0006442371897335456 3.2785998852372876e-07 3.708409125877303e-07
48 3.494914272034208e-07 3.382774383203933e-07 3.5829102974790933e-07 3.832349417313354e-07 3.709728584212646e-07 0.03405343124065939 3.594249926687983e-07 0.642021667469714 3.580240184652098e-07 0.022285699778759084 0.00014686974621777246 0.1089763297740536 3.664115333553327e-07 4.5480275394394794e-05 5.168495283534739e-05 4.590832636644747e-05 1.1280518534060713e-05 0.0011013755823381039 2.8936773169785405e-06 8.765624830527581e-05 4.798896423645958e-07 4.4511801351568064e-06 6.054679245124505e-07 3.2156509830784265e-06 1.0991817462733906e-05 0.0008684852088275339 0.00021145813598912326 0.0006442371897335456 3.2785998852372876e-07 3.708409125877303e-07
49 3.494914272034208e-07 3.382774383203933e-07 3.5829102974790933e-07 3.832349417313354e-07 3.709728584212646e-07 0.03405343124065939 3.594249926687983e-07 0.642021667469714 3.580240184652098e-07 0.022285699778759084 0.00014686974621777246 0.1089763297740536 3.664115333553327e-07 4.5480275394394794e-05 5.168495283534739e-05 4.590832636644747e-05 1.1280518534060713e-05 0.0011013755823381039 2.8936773169785405e-06 8.765624830527581e-05 4.798896423645958e-07 4.4511801351568064e-06 6.054679245124505e-07 3.2156509830784265e-06 1.0991817462733906e-05 0.0008684852088275339 0.00021145813598912326 0.0006442371897335456 3.2785998852372876e-07 3.708409125877303e-07
50 3.494914272034208e-07 3.382774383203933e-07 3.5829102974790933e-07 3.832349417313354e-07 3.709728584212646e-07 0.03405343124065939 3.594249926687983e-07 0.642021667469714 3.580240184652098e-07 0.022285699778759084 0.00014686974621777246 0.1089763297740536 3.664115333553327e-07 4.5480275394394794e-05 5.168495283534739e-05 4.590832636644747e-05 1.1280518534060713e-05 0.0011013755823381039 2.8936773169785405e-06 8.765624830527581e-05 4.798896423645958e-07 4.4511801351568064e-06 6.054679245124505e-07 3.2156509830784265e-06 1.0991817462733906e-05 0.0008684852088275339 0.00021145813598912326 0.0006442371897335456 3.2785998852372876e-07 3.708409125877303e-07
51 3.494914272034208e-07 3.382774383203933e-07 3.5829102974790933e-07 3.832349417313354e-07 3.709728584212646e-07 0.03405343124065939 3.594249926687983e-07 0.642021667469714 3.580240184652098e-07 0.022285699778759084 0.00014686974621777246 0.1089763297740536 3.664115333553327e-07 4.5480275394394794e-05 5.168495283534739e-05 4.590832636644747e-05 1.1280518534060713e-05 0.0011013755823381039 2.8936773169785405e-06 8.765624830527581e-05 4.798896423645958e-07 4.4511801351568064e-06 6.054679245124505e-07 3.2156509830784265e-06 1.0991817462733906e-05 0.0008684852088275339 0.00021145813598912326 0.0006442371897335456 3.2785998852372876e-07 3.708409125877303e-07
52 3.494914272034208e-07 3.382774383203933e-07 3.5829102974790933e-07 3.832349417313354e-07 3.709728584212646e-07 0.03405343124065939 3.594249926687983e-07 0.642021667469714 3.580240184652098e-07 0.022285699778759084 0.00014686974621777246 0.1089763297740536 3.664115333553327e-07 4.5480275394394794e-05 5.168495283534739e-05 4.590832636644747e-05 1.1280518534060713e-05 0.0011013755823381039 2.8936773169785405e-06 8.765624830527581e-05 4.798896423645958e-07 4.4511801351568064e-06 6.054679245124505e-07 3.2156509830784265e-06 1.0991817462733906e-05 0.0008684852088275339 0.00021145813598912326 0.0006442371897335456 3.2785998852372876e-07 3.708409125877303e-07
53 3.494914272034208e-07 3.382774383203933e-07 3.5829102974790933e-07 3.832349417313354e-07 3.709728584212646e-07 0.03405343124065939 3.594249926687983e-07 0.642021667469714 3.580240184652098e-07 0.022285699778759084 0.00014686974621777246 0.1089763297740536 3.664115333553327e-07 4.5480275394394794e-05 5.168495283534739e-05 4.590832636644747e-05 1.1280518534060713e-05 0.0011013755823381039 2.8936773169785405e-06 8.765624830527581e-05 4.798896423645958e-07 4.4511801351568064e-06 6.054679245124505e-07 3.2156509830784265e-06 1.0991817462733906e-05 0.0008684852088275339 0.00021145813598912326 0.0006442371897335456 3.2785998852372876e-07 3.708409125877303e-07
54 3.494914272034208e-07 3.382774383203933e-07 3.5829102974790933e-07 3.832349417313354e-07 3.709728584212646e-07 0.03405343124065939 3.594249926687983e-07 0.642021667469714 3.580240184652098e-07 0.022285699778759084 0.00014686974621777246 0.1089763297740536 3.664115333553327e-07 4.5480275394394794e-05 5.168495283534739e-05 4.590832636644747e-05 1.1280518534060713e-05 0.0011013755823381039 2.8936773169785405e-06 8.765624830527581e-05 4.798896423645958e-07 4.4511801351568064e-06 6.054679245124505e-07 3.2156509830784265e-06 1.0991817462733906e-05 0.0008684852088275339 0.00021145813598912326 0.0006442371897335456 3.2785998852372876e-07 3.708409125877303e-07
55 3.494914272034208e-07 3.382774383203933e-07 3.5829102974790933e-07 3.832349417313354e-07 3.709728584212646e-07 0.03405343124065939 3.594249926687983e-07 0.642021667469714 3.580240184652098e-07 0.022285699778759084 0.00014686974621777246 0.1089763297740536 3.664115333553327e-07 4.5480275394394794e-05 5.168495283534739e-05 4.590832636644747e-05 1.1280518534060713e-05 0.0011013755823381039 2.8936773169785405e-06 8.765624830527581e-05 4.798896423645958e-07 4.4511801351568064e-06 6.054679245124505e-07 3.2156509830784265e-06 1.0991817462733906e-05 0.0008684852088275339 0.00021145813598912326 0.0006442371897335456 3.2785998852372876e-07 3.708409125877303e-07
56 3.494914272034208e-07 3.382774383203933e-07 3.5829102974790933e-07 3.832349417313354e-07 3.709728584212646e-07 0.03405343124065939 3.594249926687983e-07 0.642021667469714 3.580240184652098e-07 0.022285699778759084 0.00014686974621777246 0.1089763297740536 3.664115333553327e-07 4.5480275394394794e-05 5.168495283534739e-05 4.590832636644747e-05 1.1280518534060713e-05 0.0011013755823381039 2.8936773169785405e-06 8.765624830527581e-05 4.798896423645958e-07 4.4511801351568064e-06 6.054679245124505e-07 3.2156509830784265e-06 1.0991817462733906e-05 0.0008684852088275339 0.00021145813598912326 0.0006442371897335456 3.2785998852372876e-07 3.708409125877303e-07
57 3.494914272034208e-07 3.382774383203933e-07 3.5829102974790933e-07 3.832349417313354e-07 3.709728584212646e-07 0.03405343124065939 3.594249926687983e-07 0.642021667469714 3.580240184652098e-07 0.022285699778759084 0.00014686974621777246 0.1089763297740536 3.664115333553327e-07 4.5480275394394794e-05 5.168495283534739e-05 4.590832636644747e-05 1.1280518534060713e-05 0.0011013755823381039 2.8936773169785405e-06 8.765624830527581e-05 4.798896423645958e-07 4.4511801351568064e-06 6.054679245124505e-07 3.2156509830784265e-06 1.0991817462733906e-05 0.0008684852088275339 0.00021145813598912326 0.0006442371897335456 3.2785998852372876e-07 3.708409125877303e-07
58 3.494914272034208e-07 3.382774383203933e-07 3.5829102974790933e-07 3.832349417313354e-07 3.709728584212646e-07 0.03405343124065939 3.594249926687983e-07 0.642021667469714 3.580240184652098e-07 0.022285699778759084 0.00014686974621777246 0.1089763297740536 3.664115333553327e-07 4.5480275394394794e-05 5.168495283534739e-05 4.590832636644747e-05 1.1280518534060713e-05 0.0011013755823381039 2.8936773169785405e-06 8.765624830527581e-05 4.798896423645958e-07 4.4511801351568064e-06 6.054679245124505e-07 3.2156509830784265e-06 1.0991817462733906e-05 0.0008684852088275339 0.00021145813598912326 0.0006442371897335456 3.2785998852372876e-07 3.708409125877303e-07
59 3.494914272034208e-07 3.382774383203933e-07 3.5829102974790933e-07 3.832349417313354e-07 3.709728584212646e-07 0.03405343124065939 3.594249926687983e-07 0.642021667469714 3.580240184652098e-07 0.022285699778759084 0.00014686974621777246 0.1089763297740536 3.664115333553327e-07 4.5480275394394794e-05 5.168495283534739e-05 4.590832636644747e-05 1.1280518534060713e-05 0.0011013755823381039 2.8936773169785405e-06 8.765624830527581e-05 4.798896423645958e-07 4.4511801351568064e-06 6.054679245124505e-07 3.2156509830784265e-06 1.0991817462733906e-05 0.0008684852088275339 0.00021145813598912326 0.0006442371897335456 3.2785998852372876e-07 3.708409125877303e-07
60 3.494914272034208e-07 3.382774383203933e-07 3.5829102974790933e-07 3.832349417313354e-07 3.709728584212646e-07 0.03405343124065939 3.594249926687983e-07 0.642021667469714 3.580240184652098e-07 0.022285699778759084 0.00014686974621777246 0.1089763297740536 3.664115333553327e-07 4.5480275394394794e-05 5.168495283534739e-05 4.590832636644747e-05 1.1280518534060713e-05 0.0011013755823381039 2.8936773169785405e-06 8.765624830527581e-05 4.798896423645958e-07 4.4511801351568064e-06 6.054679245124505e-07 3.2156509830784265e-06 1.0991817462733906e-05 0.0008684852088275339 0.00021145813598912326 0.0006442371897335456 3.2785998852372876e-07 3.708409125877303e-07
61 3.494914272034208e-07 3.382774383203933e-07 3.5829102974790933e-07 3.832349417313354e-07 3.709728584212646e-07 0.03405343124065939 3.594249926687983e-07 0.642021667469714 3.580240184652098e-07 0.022285699778759084 0.00014686974621777246 0.1089763297740536 3.664115333553327e-07 4.5480275394394794e-05 5.168495283534739e-05 4.590832636644747e-05 1.1280518534060713e-05 0.0011013755823381039 2.8936773169785405e-06 8.765624830527581e-05 4.798896423645958e-07 4.4511801351568064e-06 6.054679245124505e-07 3.2156509830784265e-06 1.0991817462733906e-05 0.0008684852088275339 0.00021145813598912326 0.0006442371897335456 3.2785998852372876e-07 3.708409125877303e-07
62 3.494914272034208e-07 3.382774383203933e-07 3.5829102974790933e-07 3.832349417313354e-07 3.709728584212646e-07 0.03405343124065939 3.594249926687983e-07 0.642021667469714 3.580240184652098e-07 0.022285699778759084 0.00014686974621777246 0.1089763297740536 3.664115333553327e-07 4.5480275394394794e-05 5.168495283534739e-05 4.590832636644747e-05 1.1280518534060713e-05 0.0011013755823381039 2.8936773169785405e-06 8.765624830527581e-05 4.798896423645958e-07 4.4511801351568064e-06 6.054679245124505e-07 3.2156509830784265e-06 1.0991817462733906e-05 0.0008684852088275339 0.00021145813598912326 0.0006442371897335456 3.2785998852372876e-07 3.708409125877303e-07
63 3.494914272034208e-07 3.382774383203933e-07 3.5829102974790933e-07 3.832349417313354e-07 3.709728584212646e-07 0.03405343124065939 3.594249926687983e-07 0.642021667469714 3.580240184652098e-07 0.022285699778759084 0.00014686974621777246 0.1089763297740536 3.664115333553327e-07 4.5480275394394794e-05 5.168495283534739e-05 4.590832636644747e-05 1.1280518534060713e-05 0.0011013755823381039 2.8936773169785405e-06 8.765624830527581e-05 4.798896423645958e-07 4.4511801351568064e-06 6.054679245124505e-07 3.2156509830784265e-06 1.0991817462733906e-05 0.0008684852088275339 0.00021145813598912326 0.0006442371897335456 3.2785998852372876e-07 3.708409125877303e-07
64 3.494914272034208e-07 3.382774383203933e-07 3.5829102974790933e-07 3.832349417313354e-07 3.709728584212646e-07 0.03405343124065939 3.594249926687983e-07 0.642021667469714 3.580240184652098e-07 0.022285699778759084 0.00014686974621777246 0.1089763297740536 3.664115333553327e-07 4.5480275394394794e-05 5.168495283534739e-05 4.590832636644747e-05 1.1280518534060713e-05 0.0011013755823381039 2.8936773169785405e-06 8.765624830527581e-05 4.798896423645958e-07 4.4511801351568064e-06 6.054679245124505e-07 3.2156509830784265e-06 1.0991817462733906e-05 0.0008684852088275339 0.00021145813598912326 0.0006442371897335456 3.2785998852372876e-07 3.708409125877303e-07
65 3.494914272034208e-07 3.382774383203933e-07 3.5829102974790933e-07 3.832349417313354e-07 3.709728584212646e-07 0.03405343124065939 3.594249926687983e-07 0.642021667469714 3.580240184652098e-07 0.022285699778759084 0.00014686974621777246 0.1089763297740536 3.664115333553327e-07 4.5480275394394794e-05 5.168495283534739e-05 4.590832636644747e-05 1.1280518534060713e-05 0.0011013755823381039 2.8936773169785405e-06 8.765624830527581e-05 4.798896423645958e-07 4.4511801351568064e-06 6.054679245124505e-07 3.2156509830784265e-06 1.0991817462733906e-05 0.0008684852088275339 0.00021145813598912326 0.0006442371897335456 3.2785998852372876e-07 3.708409125877303e-07
66 3.494914272034208e-07 3.382774383203933e-07 3.5829102974790933e-07 3.832349417313354e-07 3.709728584212646e-07 0.03405343124065939 3.594249926687983e-07 0.642021667469714 3.580240184652098e-07 0.022285699778759084 0.00014686974621777246 0.1089763297740536 3.664115333553327e-07 4.5480275394394794e-05 5.168495283534739e-05 4.590832636644747e-05 1.1280518534060713e-05 0.0011013755823381039 2.8936773169785405e-06 8.765624830527581e-05 4.798896423645958e-07 4.4511801351568064e-06 6.054679245124505e-07 3.2156509830784265e-06 1.0991817462733906e-05 0.0008684852088275339 0.00021145813598912326 0.0006442371897335456 3.2785998852372876e-07 3.708409125877303e-07
67 3.494914272034208e-07 3.382774383203933e-07 3.5829102974790933e-07 3.832349417313354e-07 3.709728584212646e-07 0.03405343124065939 3.594249926687983e-07 0.642021667469714 3.580240184652098e-07 0.022285699778759084 0.00014686974621777246 0.1089763297740536 3.664115333553327e-07 4.5480275394394794e-05 5.168495283534739e-05 4.590832636644747e-05 1.1280518534060713e-05 0.0011013755823381039 2.8936773169785405e-06 8.765624830527581e-05 4.798896423645958e-07 4.4511801351568064e-06 6.054679245124505e-07 3.2156509830784265e-06 1.0991817462733906e-05 0.0008684852088275339 0.00021145813598912326 0.0006442371897335456 3.2785998852372876e-07 3.708409125877303e-07
68 1.3617341561426626e-06 1.4025375006194676e-06 1.3787403893626005e-06 1.5389901216129542e-06 1.3910935060828456e-06 0.09648620864026368 1.3201306453787558e-06 0.3967886950899527 1.3683631864135255e-06 0.06399215176353532 0.0005973290631499531 0.22034985382377942 1.3030931217884657e-06 0.000169055757622844 0.00020844153853660926 0.0001779269591117039 4.8220831135826235e-05 0.004196881548946218 1.1444783413069318e-05 0.001763242890497637 1.5884097474206573e-06 1.9292180524766787e-05 2.411167720019045e-06 1.3091276123864974e-05 3.990676854782944e-05 0.006214340453006838 0.0008641943327615156 0.002213443571437749 1.36779839853923e-06 1.378676811261183e-06
69 1.3617341561426626e-06 1.4025375006194676e-06 1.3787403893626005e-06 1.5389901216129542e-06 1.3910935060828456e-06 0.09648620864026368 1.3201306453787558e-06 0.3967886950899527 1.3683631864135255e-06 0.06399215176353532 0.0005973290631499531 0.22034985382377942 1.3030931217884657e-06 0.000169055757622844 0.00020844153853660926 0.0001779269591117039 4.8220831135826235e-05 0.004196881548946218 1.1444783413069318e-05 0.001763242890497637 1.5884097474206573e-06 1.9292180524766787e-05 2.411167720019045e-06 1.3091276123864974e-05 3.990676854782944e-05 0.006214340453006838 0.0008641943327615156 0.002213443571437749 1.36779839853923e-06 1.378676811261183e-06
70 1.3617341561426626e-06 1.4025375006194676e-06 1.3787403893626005e-06 1.5389901216129542e-06 1.3910935060828456e-06 0.09648620864026368 1.3201306453787558e-06 0.3967886950899527 1.3683631864135255e-06 0.06399215176353532 0.0005973290631499531 0.22034985382377942 1.3030931217884657e-06 0.000169055757622844 0.00020844153853660926 0.0001779269591117039 4.8220831135826235e-05 0.004196881548946218 1.1444783413069318e-05 0.001763242890497637 1.5884097474206573e-06 1.9292180524766787e-05 2.411167720019045e-06 1.3091276123864974e-05 3.990676854782944e-05 0.006214340453006838 0.0008641943327615156 0.002213443571437749 1.36779839853923e-06 1.378676811261183e-06
71 1.3617341561426626e-06 1.4025375006194676e-06 1.3787403893626005e-06 1.5389901216129542e-06 1.3910935060828456e-06 0.09648620864026368 1.3201306453787558e-06 0.3967886950899527 1.3683631864135255e-06 0.06399215176353532 0.0005973290631499531 0.22034985382377942 1.3030931217884657e-06 0.000169055757622844 0.00020844153853660926 0.0001779269591117039 4.8220831135826235e-05 0.004196881548946218 1.1444783413069318e-05 0.001763242890497637 1.5884097474206573e-06 1.9292180524766787e-05 2.411167720019045e-06 1.3091276123864974e-05 3.990676854782944e-05 0.006214340453006838 0.0008641943327615156 0.002213443571437749 1.36779839853923e-06 1.378676811261183e-06
72 1.3617341561426626e-06 1.4025375006194676e-06 1.3787403893626005e-06 1.5389901216129542e-06 1.3910935060828456e-06 0.09648620864026368 1.3201306453787558e-06 0.3967886950899527 1.3683631864135255e-06 0.06399215176353532 0.0005973290631499531 0.22034985382377942 1.3030931217884657e-06 0.000169055757622844 0.00020844153853660926 0.0001779269591117039 4.8220831135826235e-05 0.004196881548946218 1.1444783413069318e-05 0.001763242890497637 1.5884097474206573e-06 1.9292180524766787e-05 2.411167720019045e-06 1.3091276123864974e-05 3.990676854782944e-05 0.006214340453006838 0.0008641943327615156 0.002213443571437749 1.36779839853923e-06 1.378676811261183e-06
73 1.3617341561426626e-06 1.4025375006194676e-06 1.3787403893626005e-06 1.5389901216129542e-06 1.3910935060828456e-06 0.09648620864026368 1.3201306453787558e-06 0.3967886950899527 1.3683631864135255e-06 0.06399215176353532 0.0005973290631499531 0.22034985382377942 1.3030931217884657e-06 0.000169055757622844 0.00020844153853660926 0.0001779269591117039 4.8220831135826235e-05 0.004196881548946218 1.1444783413069318e-05 0.001763242890497637 1.5884097474206573e-06 1.9292180524766787e-05 2.411167720019045e-06 1.3091276123864974e-05 3.990676854782944e-05 0.006214340453006838 0.0008641943327615156 0.002213443571437749 1.36779839853923e-06 1.378676811261183e-06
74 1.3617341561426626e-06 1.4025375006194676e-06 1.3787403893626005e-06 1.5389901216129542e-06 1.3910935060828456e-06 0.09648620864026368 1.3201306453787558e-06 0.3967886950899527 1.3683631864135255e-06 0.06399215176353532 0.0005973290631499531 0.22034985382377942 1.3030931217884657e-06 0.000169055757622844 0.00020844153853660926 0.0001779269591117039 4.8220831135826235e-05 0.004196881548946218 1.1444783413069318e-05 0.001763242890497637 1.5884097474206573e-06 1.9292180524766787e-05 2.411167720019045e-06 1.3091276123864974e-05 3.990676854782944e-05 0.006214340453006838 0.0008641943327615156 0.002213443571437749 1.36779839853923e-06 1.378676811261183e-06
75 1.3617341561426626e-06 1.4025375006194676e-06 1.3787403893626005e-06 1.5389901216129542e-06 1.3910935060828456e-06 0.09648620864026368 1.3201306453787558e-06 0.3967886950899527 1.3683631864135255e-06 0.06399215176353532 0.0005973290631499531 0.22034985382377942 1.3030931217884657e-06 0.000169055757622844 0.00020844153853660926 0.0001779269591117039 4.8220831135826235e-05 0.004196881548946218 1.1444783413069318e-05 0.001763242890497637 1.5884097474206573e-06 1.9292180524766787e-05 2.411167720019045e-06 1.3091276123864974e-05 3.990676854782944e-05 0.006214340453006838 0.0008641943327615156 0.002213443571437749 1.36779839853923e-06 1.378676811261183e-06
76 1.3617341561426626e-06 1.4025375006194676e-06 1.3787403893626005e-06 1.5389901216129542e-06 1.3910935060828456e-06 0.09648620864026368 1.3201306453787558e-06 0.3967886950899527 1.3683631864135255e-06 0.06399215176353532 0.0005973290631499531 0.22034985382377942 1.3030931217884657e-06 0.000169055757622844 0.00020844153853660926 0.0001779269591117039 4.8220831135826235e-05 0.004196881548946218 1.1444783413069318e-05 0.001763242890497637 1.5884097474206573e-06 1.9292180524766787e-05 2.411167720019045e-06 1.3091276123864974e-05 3.990676854782944e-05 0.006214340453006838 0.0008641943327615156 0.002213443571437749 1.36779839853923e-06 1.378676811261183e-06
77 1.3617341561426626e-06 1.4025375006194676e-06 1.3787403893626005e-06 1.5389901216129542e-06 1.3910935060828456e-06 0.09648620864026368 1.3201306453787558e-06 0.3967886950899527 1.3683631864135255e-06 0.06399215176353532 0.0005973290631499531 0.22034985382377942 1.3030931217884657e-06 0.000169055757622844 0.00020844153853660926 0.0001779269591117039 4.8220831135826235e-05 0.004196881548946218 1.1444783413069318e-05 0.001763242890497637 1.5884097474206573e-06 1.9292180524766787e-05 2.411167720019045e-06 1.3091276123864974e-05 3.990676854782944e-05 0.006214340453006838 0.0008641943327615156 0.002213443571437749 1.36779839853923e-06 1.378676811261183e-06
78 1.3617341561426626e-06 1.4025375006194676e-06 1.3787403893626005e-06 1.5389901216129542e-06 1.3910935060828456e-06 0.09648620864026368 1.3201306453787558e-06 0.3967886950899527 1.3683631864135255e-06 0.06399215176353532 0.0005973290631499531 0.22034985382377942 1.3030931217884657e-06 0.000169055757622844 0.00020844153853660926 0.0001779269591117039 4.8220831135826235e-05 0.004196881548946218 1.1444783413069318e-05 0.001763242890497637 1.5884097474206573e-06 1.9292180524766787e-05 2.411167720019045e-06 1.3091276123864974e-05 3.990676854782944e-05 0.006214340453006838 0.0008641943327615156 0.002213443571437749 1.36779839853923e-06 1.378676811261183e-06
79 1.3617341561426626e-06 1.4025375006194676e-06 1.3787403893626005e-06 1.5389901216129542e-06 1.3910935060828456e-06 0.09648620864026368 1.3201306453787558e-06 0.3967886950899527 1.3683631864135255e-06 0.06399215176353532 0.0005973290631499531 0.22034985382377942 1.3030931217884657e-06 0.000169055757622844 0.00020844153853660926 0.0001779269591117039 4.8220831135826235e-05 0.004196881548946218 1.1444783413069318e-05 0.001763242890497637 1.5884097474206573e-06 1.9292180524766787e-05 2.411167720019045e-06 1.3091276123864974e-05 3.990676854782944e-05 0.006214340453006838 0.0008641943327615156 0.002213443571437749 1.36779839853923e-06 1.378676811261183e-06
80 1.3617341561426626e-06 1.4025375006194676e-06 1.3787403893626005e-06 1.5389901216129542e-06 1.3910935060828456e-06 0.09648620864026368 1.3201306453787558e-06 0.3967886950899527 1.3683631864135255e-06 0.06399215176353532 0.0005973290631499531 0.22034985382377942 1.3030931217884657e-06 0.000169055757622844 0.00020844153853660926 0.0001779269591117039 4.8220831135826235e-05 0.004196881548946218 1.1444783413069318e-05 0.001763242890497637 1.5884097474206573e-06 1.9292180524766787e-05 2.411167720019045e-06 1.3091276123864974e-05 3.990676854782944e-05 0.006214340453006838 0.0008641943327615156 0.002213443571437749 1.36779839853923e-06 1.378676811261183e-06
81 1.3617341561426626e-06 1.4025375006194676e-06 1.3787403893626005e-06 1.5389901216129542e-06 1.3910935060828456e-06 0.09648620864026368 1.3201306453787558e-06 0.3967886950899527 1.3683631864135255e-06 0.06399215176353532 0.0005973290631499531 0.22034985382377942 1.3030931217884657e-06 0.000169055757622844 0.00020844153853660926 0.0001779269591117039 4.8220831135826235e-05 0.004196881548946218 1.1444783413069318e-05 0.001763242890497637 1.5884097474206573e-06 1.9292180524766787e-05 2.411167720019045e-06 1.3091276123864974e-05 3.990676854782944e-05 0.006214340453006838 0.0008641943327615156 0.002213443571437749 1.36779839853923e-06 1.378676811261183e-06
82 1.3617341561426626e-06 1.4025375006194676e-06 1.3787403893626005e-06 1.5389901216129542e-06 1.3910935060828456e-06 0.09648620864026368 1.3201306453787558e-06 0.3967886950899527 1.3683631864135255e-06 0.06399215176353532 0.0005973290631499531 0.22034985382377942 1.3030931217884657e-06 0.000169055757622844 0.00020844153853660926 0.0001779269591117039 4.8220831135826235e-05 0.004196881548946218 1.1444783413069318e-05 0.001763242890497637 1.5884097474206573e-06 1.9292180524766787e-05 2.411167720019045e-06 1.3091276123864974e-05 3.990676854782944e-05 0.006214340453006838 0.0008641943327615156 0.002213443571437749 1.36779839853923e-06 1.378676811261183e-06
83 1.3617341561426626e-06 1.4025375006194676e-06 1.3787403893626005e-06 1.5389901216129542e-06 1.3910935060828456e-06 0.09648620864026368 1.3201306453787558e-06 0.3967886950899527 1.3683631864135255e-06 0.06399215176353532 0.0005973290631499531 0.22034985382377942 1.3030931217884657e-06 0.000169055757622844 0.00020844153853660926 0.0001779269591117039 4.8220831135826235e-05 0.004196881548946218 1.1444783413069318e-05 0.001763242890497637 1.5884097474206573e-06 1.9292180524766787e-05 2.411167720019045e-06 1.3091276123864974e-05 3.990676854782944e-05 0.006214340453006838 0.0008641943327615156 0.002213443571437749 1.36779839853923e-06 1.378676811261183e-06
84 1.3617341561426626e-06 1.4025375006194676e-06 1.3787403893626005e-06 1.5389901216129542e-06 1.3910935060828456e-06 0.09648620864026368 1.3201306453787558e-06 0.3967886950899527 1.3683631864135255e-06 0.06399215176353532 0.0005973290631499531 0.22034985382377942 1.3030931217884657e-06 0.000169055757622844 0.00020844153853660926 0.0001779269591117039 4.8220831135826235e-05 0.004196881548946218 1.1444783413069318e-05 0.001763242890497637 1.5884097474206573e-06 1.9292180524766787e-05 2.411167720019045e-06 1.3091276123864974e-05 3.990676854782944e-05 0.006214340453006838 0.0008641943327615156 0.002213443571437749 1.36779839853923e-06 1.378676811261183e-06
85 1.3617341561426626e-06 1.4025375006194676e-06 1.3787403893626005e-06 1.5389901216129542e-06 1.3910935060828456e-06 0.09648620864026368 1.3201306453787558e-06 0.3967886950899527 1.3683631864135255e-06 0.06399215176353532 0.0005973290631499531 0.22034985382377942 1.3030931217884657e-06 0.000169055757622844 0.00020844153853660926 0.0001779269591117039 4.8220831135826235e-05 0.004196881548946218 1.1444783413069318e-05 0.001763242890497637 1.5884097474206573e-06 1.9292180524766787e-05 2.411167720019045e-06 1.3091276123864974e-05 3.990676854782944e-05 0.006214340453006838 0.0008641943327615156 0.002213443571437749 1.36779839853923e-06 1.378676811261183e-06
86 1.3617341561426626e-06 1.4025375006194676e-06 1.3787403893626005e-06 1.5389901216129542e-06 1.3910935060828456e-06 0.09648620864026368 1.3201306453787558e-06 0.3967886950899527 1.3683631864135255e-06 0.06399215176353532 0.0005973290631499531 0.22034985382377942 1.3030931217884657e-06 0.000169055757622844 0.00020844153853660926 0.0001779269591117039 4.8220831135826235e-05 0.004196881548946218 1.1444783413069318e-05 0.001763242890497637 1.5884097474206573e-06 1.9292180524766787e-05 2.411167720019045e-06 1.3091276123864974e-05 3.990676854782944e-05 0.006214340453006838 0.0008641943327615156 0.002213443571437749 1.36779839853923e-06 1.378676811261183e-06
87 1.3617341561426626e-06 1.4025375006194676e-06 1.3787403893626005e-06 1.5389901216129542e-06 1.3910935060828456e-06 0.09648620864026368 1.3201306453787558e-06 0.3967886950899527 1.3683631864135255e-06 0.06399215176353532 0.0005973290631499531 0.22034985382377942 1.3030931217884657e-06 0.000169055757622844 0.00020844153853660926 0.0001779269591117039 4.8220831135826235e-05 0.004196881548946218 1.1444783413069318e-05 0.001763242890497637 1.5884097474206573e-06 1.9292180524766787e-05 2.411167720019045e-06 1.3091276123864974e-05 3.990676854782944e-05 0.006214340453006838 0.0008641943327615156 0.002213443571437749 1.36779839853923e-06 1.378676811261183e-06
88 1.3617341561426626e-06 1.4025375006194676e-06 1.3787403893626005e-06 1.5389901216129542e-06 1.3910935060828456e-06 0.09648620864026368 1.3201306453787558e-06 0.3967886950899527 1.3683631864135255e-06 0.06399215176353532 0.0005973290631499531 0.22034985382377942 1.3030931217884657e-06 0.000169055757622844 0.00020844153853660926 0.0001779269591117039 4.8220831135826235e-05 0.004196881548946218 1.1444783413069318e-05 0.001763242890497637 1.5884097474206573e-06 1.9292180524766787e-05 2.411167720019045e-06 1.3091276123864974e-05 3.990676854782944e-05 0.006214340453006838 0.0008641943327615156 0.002213443571437749 1.36779839853923e-06 1.378676811261183e-06
89 1.3617341561426626e-06 1.4025375006194676e-06 1.3787403893626005e-06 1.5389901216129542e-06 1.3910935060828456e-06 0.09648620864026368 1.3201306453787558e-06 0.3967886950899527 1.3683631864135255e-06 0.06399215176353532 0.0005973290631499531 0.22034985382377942 1.3030931217884657e-06 0.000169055757622844 0.00020844153853660926 0.0001779269591117039 4.8220831135826235e-05 0.004196881548946218 1.1444783413069318e-05 0.001763242890497637 1.5884097474206573e-06 1.9292180524766787e-05 2.411167720019045e-06 1.3091276123864974e-05 3.990676854782944e-05 0.006214340453006838 0.0008641943327615156 0.002213443571437749 1.36779839853923e-06 1.378676811261183e-06
90 1.3617341561426626e-06 1.4025375006194676e-06 1.3787403893626005e-06 1.5389901216129542e-06 1.3910935060828456e-06 0.09648620864026368 1.3201306453787558e-06 0.3967886950899527 1.3683631864135255e-06 0.06399215176353532 0.0005973290631499531 0.22034985382377942 1.3030931217884657e-06 0.000169055757622844 0.00020844153853660926 0.0001779269591117039 4.8220831135826235e-05 0.004196881548946218 1.1444783413069318e-05 0.001763242890497637 1.5884097474206573e-06 1.9292180524766787e-05 2.411167720019045e-06 1.3091276123864974e-05 3.990676854782944e-05 0.006214340453006838 0.0008641943327615156 0.002213443571437749 1.36779839853923e-06 1.378676811261183e-06
91 1.3617341561426626e-06 1.4025375006194676e-06 1.3787403893626005e-06 1.5389901216129542e-06 1.3910935060828456e-06 0.09648620864026368 1.3201306453787558e-06 0.3967886950899527 1.3683631864135255e-06 0.06399215176353532 0.0005973290631499531 0.22034985382377942 1.3030931217884657e-06 0.000169055757622844 0.00020844153853660926 0.0001779269591117039 4.8220831135826235e-05 0.004196881548946218 1.1444783413069318e-05 0.001763242890497637 1.5884097474206573e-06 1.9292180524766787e-05 2.411167720019045e-06 1.3091276123864974e-05 3.990676854782944e-05 0.006214340453006838 0.0008641943327615156 0.002213443571437749 1.36779839853923e-06 1.378676811261183e-06
92 1.3617341561426626e-06 1.4025375006194676e-06 1.3787403893626005e-06 1.5389901216129542e-06 1.3910935060828456e-06 0.09648620864026368 1.3201306453787558e-06 0.3967886950899527 1.3683631864135255e-06 0.06399215176353532 0.0005973290631499531 0.22034985382377942 1.3030931217884657e-06 0.000169055757622844 0.00020844153853660926 0.0001779269591117039 4.8220831135826235e-05 0.004196881548946218 1.1444783413069318e-05 0.001763242890497637 1.5884097474206573e-06 1.9292180524766787e-05 2.411167720019045e-06 1.3091276123864974e-05 3.990676854782944e-05 0.006214340453006838 0.0008641943327615156 0.002213443571437749 1.36779839853923e-06 1.378676811261183e-06
93 1.3617341561426626e-06 1.4025375006194676e-06 1.3787403893626005e-06 1.5389901216129542e-06 1.3910935060828456e-06 0.09648620864026368 1.3201306453787558e-06 0.3967886950899527 1.3683631864135255e-06 0.06399215176353532 0.0005973290631499531 0.22034985382377942 1.3030931217884657e-06 0.000169055757622844 0.00020844153853660926 0.0001779269591117039 4.8220831135826235e-05 0.004196881548946218 1.1444783413069318e-05 0.001763242890497637 1.5884097474206573e-06 1.9292180524766787e-05 2.411167720019045e-06 1.3091276123864974e-05 3.990676854782944e-05 0.006214340453006838 0.0008641943327615156 0.002213443571437749 1.36779839853923e-06 1.378676811261183e-06
94 1.3617341561426626e-06 1.4025375006194676e-06 1.3787403893626005e-06 1.5389901216129542e-06 1.3910935060828456e-06 0.09648620864026368 1.3201306453787558e-06 0.3967886950899527 1.3683631864135255e-06 0.06399215176353532 0.0005973290631499531 0.22034985382377942 1.3030931217884657e-06 0.000169055757622844 0.00020844153853660926 0.0001779269591117039 4.8220831135826235e-05 0.004196881548946218 1.1444783413069318e-05 0.001763242890497637 1.5884097474206573e-06 1.9292180524766787e-05 2.411167720019045e-06 1.3091276123864974e-05 3.990676854782944e-05 0.006214340453006838 0.0008641943327615156 0.002213443571437749 1.36779839853923e-06 1.378676811261183e-06
95 1.3617341561426626e-06 1.4025375006194676e-06 1.3787403893626005e-06 1.5389901216129542e-06 1.3910935060828456e-06 0.09648620864026368 1.3201306453787558e-06 0.3967886950899527 1.3683631864135255e-06 0.06399215176353532 0.0005973290631499531 0.22034985382377942 1.3030931217884657e-06 0.000169055757622844 0.00020844153853660926 0.0001779269591117039 4.8220831135826235e-05 0.004196881548946218 1.1444783413069318e-05 0.001763242890497637 1.5884097474206573e-06 1.9292180524766787e-05 2.411167720019045e-06 1.3091276123864974e-05 3.990676854782944e-05 0.006214340453006838 0.0008641943327615156 0.002213443571437749 1.36779839853923e-06 1.378676811261183e-06
96 1.3617341561426626e-06 1.4025375006194676e-06 1.3787403893626005e-06 1.5389901216129542e-06 1.3910935060828456e-06 0.09648620864026368 1.3201306453787558e-06 0.3967886950899527 1.3683631864135255e-06 0.06399215176353532 0.0005973290631499531 0.22034985382377942 1.3030931217884657e-06 0.000169055757622844 0.00020844153853660926 0.0001779269591117039 4.8220831135826235e-05 0.004196881548946218 1.1444783413069318e-05 0.001763242890497637 1.5884097474206573e-06 1.9292180524766787e-05 2.411167720019045e-06 1.3091276123864974e-05 3.990676854782944e-05 0.006214340453006838 0.0008641943327615156 0.002213443571437749 1.36779839853923e-06 1.378676811261183e-06
97 1.3617341561426626e-06 1.4025375006194676e-06 1.3787403893626005e-06 1.5389901216129542e-06 1.3910935060828456e-06 0.09648620864026368 1.3201306453787558e-06 0.3967886950899527 1.3683631864135255e-06 0.06399215176353532 0.0005973290631499531 0.22034985382377942 1.3030931217884657e-06 0.000169055757622844 0.00020844153853660926 0.0001779269591117039 4.8220831135826235e-05 0.004196881548946218 1.1444783413069318e-05 0.001763242890497637 1.5884097474206573e-06 1.9292180524766787e-05 2.411167720019045e-06 1.3091276123864974e-05 3.990676854782944e-05 0.006214340453006838 0.0008641943327615156 0.002213443571437749 1.36779839853923e-06 1.378676811261183e-06
98 1.3617341561426626e-06 1.4025375006194676e-06 1.3787403893626005e-06 1.5389901216129542e-06 1.3910935060828456e-06 0.09648620864026368 1.3201306453787558e-06 0.3967886950899527 1.3683631864135255e-06 0.06399215176353532 0.0005973290631499531 0.22034985382377942 1.3030931217884657e-06 0.000169055757622844 0.00020844153853660926 0.0001779269591117039 4.8220831135826235e-05 0.004196881548946218 1.1444783413069318e-05 0.001763242890497637 1.5884097474206573e-06 1.9292180524766787e-05 2.411167720019045e-06 1.3091276123864974e-05 3.990676854782944e-05 0.006214340453006838 0.0008641943327615156 0.002213443571437749 1.36779839853923e-06 1.378676811261183e-06
99 1.3617341561426626e-06 1.4025375006194676e-06 1.3787403893626005e-06 1.5389901216129542e-06 1.3910935060828456e-06 0.09648620864026368 1.3201306453787558e-06 0.3967886950899527 1.3683631864135255e-06 0.06399215176353532 0.0005973290631499531 0.22034985382377942 1.3030931217884657e-06 0.000169055757622844 0.00020844153853660926 0.0001779269591117039 4.8220831135826235e-05 0.004196881548946218 1.1444783413069318e-05 0.001763242890497637 1.5884097474206573e-06 1.9292180524766787e-05 2.411167720019045e-06 1.3091276123864974e-05 3.990676854782944e-05 0.006214340453006838 0.0008641943327615156 0.002213443571437749 1.36779839853923e-06 1.378676811261183e-06
100 1.3617341561426626e-06 1.4025375006194676e-06 1.3787403893626005e-06 1.5389901216129542e-06 1.3910935060828456e-06 0.09648620864026368 1.3201306453787558e-06 0.3967886950899527 1.3683631864135255e-06 0.06399215176353532 0.0005973290631499531 0.22034985382377942 1.3030931217884657e-06 0.000169055757622844 0.00020844153853660926 0.0001779269591117039 4.8220831135826235e-05 0.004196881548946218 1.1444783413069318e-05 0.001763242890497637 1.5884097474206573e-06 1.9292180524766787e-05 2.411167720019045e-06 1.3091276123864974e-05 3.990676854782944e-05 0.006214340453006838 0.0008641943327615156 0.002213443571437749 1.36779839853923e-06 1.378676811261183e-06
101 1.3617341561426626e-06 1.4025375006194676e-06 1.3787403893626005e-06 1.5389901216129542e-06 1.3910935060828456e-06 0.09648620864026368 1.3201306453787558e-06 0.3967886950899527 1.3683631864135255e-06 0.06399215176353532 0.0005973290631499531 0.22034985382377942 1.3030931217884657e-06 0.000169055757622844 0.00020844153853660926 0.0001779269591117039 4.8220831135826235e-05 0.004196881548946218 1.1444783413069318e-05 0.001763242890497637 1.5884097474206573e-06 1.9292180524766787e-05 2.411167720019045e-06 1.3091276123864974e-05 3.990676854782944e-05 0.006214340453006838 0.0008641943327615156 0.002213443571437749 1.36779839853923e-06 1.378676811261183e-06
102 1.3617341561426626e-06 1.4025375006194676e-06 1.3787403893626005e-06 1.5389901216129542e-06 1.3910935060828456e-06 0.09648620864026368 1.3201306453787558e-06 0.3967886950899527 1.3683631864135255e-06 0.06399215176353532 0.0005973290631499531 0.22034985382377942 1.3030931217884657e-06 0.000169055757622844 0.00020844153853660926 0.0001779269591117039 4.8220831135826235e-05 0.004196881548946218 1.1444783413069318e-05 0.001763242890497637 1.5884097474206573e-06 1.9292180524766787e-05 2.411167720019045e-06 1.3091276123864974e-05 3.990676854782944e-05 0.006214340453006838 0.0008641943327615156 0.002213443571437749 1.36779839853923e-06 1.378676811261183e-06
103 1.3617341561426626e-06 1.4025375006194676e-06 1.3787403893626005e-06 1.5389901216129542e-06 1.3910935060828456e-06 0.09648620864026368 1.3201306453787558e-06 0.3967886950899527 1.3683631864135255e-06 0.06399215176353532 0.0005973290631499531 0.22034985382377942 1.3030931217884657e-06 0.000169055757622844 0.00020844153853660926 0.0001779269591117039 4.8220831135826235e-05 0.004196881548946218 1.1444783413069318e-05 0.001763242890497637 1.5884097474206573e-06 1.9292180524766787e-05 2.411167720019045e-06 1.3091276123864974e-05 3.990676854782944e-05 0.006214340453006838 0.0008641943327615156 0.002213443571437749 1.36779839853923e-06 1.378676811261183e-06
104 1.3617341561426626e-06 1.4025375006194676e-06 1.3787403893626005e-06 1.5389901216129542e-06 1.3910935060828456e-06 0.09648620864026368 1.3201306453787558e-06 0.3967886950899527 1.3683631864135255e-06 0.06399215176353532 0.0005973290631499531 0.22034985382377942 1.3030931217884657e-06 0.000169055757622844 0.00020844153853660926 0.0001779269591117039 4.8220831135826235e-05 0.004196881548946218 1.1444783413069318e-05 0.001763242890497637 1.5884097474206573e-06 1.9292180524766787e-05 2.411167720019045e-06 1.3091276123864974e-05 3.990676854782944e-05 0.006214340453006838 0.0008641943327615156 0.002213443571437749 1.36779839853923e-06 1.378676811261183e-06
105 1.3617341561426626e-06 1.4025375006194676e-06 1.3787403893626005e-06 1.5389901216129542e-06 1.3910935060828456e-06 0.09648620864026368 1.3201306453787558e-06 0.3967886950899527 1.3683631864135255e-06 0.06399215176353532 0.0005973290631499531 0.22034985382377942 1.3030931217884657e-06 0.000169055757622844 0.00020844153853660926 0.0001779269591117039 4.8220831135826235e-05 0.004196881548946218 1.1444783413069318e-05 0.001763242890497637 1.5884097474206573e-06 1.9292180524766787e-05 2.411167720019045e-06 1.3091276123864974e-05 3.990676854782944e-05 0.006214340453006838 0.0008641943327615156 0.002213443571437749 1.36779839853923e-06 1.378676811261183e-06
106 1.3617341561426626e-06 1.4025375006194676e-06 1.3787403893626005e-06 1.5389901216129542e-06 1.3910935060828456e-06 0.09648620864026368 1.3201306453787558e-06 0.3967886950899527 1.3683631864135255e-06 0.06399215176353532 0.0005973290631499531 0.22034985382377942 1.3030931217884657e-06 0.000169055757622844 0.00020844153853660926 0.0001779269591117039 4.8220831135826235e-05 0.004196881548946218 1.1444783413069318e-05 0.001763242890497637 1.5884097474206573e-06 1.9292180524766787e-05 2.411167720019045e-06 1.3091276123864974e-05 3.990676854782944e-05 0.006214340453006838 0.0008641943327615156 0.002213443571437749 1.36779839853923e-06 1.378676811261183e-06
107 1.3617341561426626e-06 1.4025375006194676e-06 1.3787403893626005e-06 1.5389901216129542e-06 1.3910935060828456e-06 0.09648620864026368 1.3201306453787558e-06 0.3967886950899527 1.3683631864135255e-06 0.06399215176353532 0.0005973290631499531 0.22034985382377942 1.3030931217884657e-06 0.000169055757622844 0.00020844153853660926 0.0001779269591117039 4.8220831135826235e-05 0.004196881548946218 1.1444783413069318e-05 0.001763242890497637 1.5884097474206573e-06 1.9292180524766787e-05 2.411167720019045e-06 1.3091276123864974e-05 3.990676854782944e-05 0.006214340453006838 0.0008641943327615156 0.002213443571437749 1.36779839853923e-06 1.378676811261183e-06
108 1.3617341561426626e-06 1.4025375006194676e-06 1.3787403893626005e-06 1.5389901216129542e-06 1.3910935060828456e-06 0.09648620864026368 1.3201306453787558e-06 0.3967886950899527 1.3683631864135255e-06 0.06399215176353532 0.0005973290631499531 0.22034985382377942 1.3030931217884657e-06 0.000169055757622844 0.00020844153853660926 0.0001779269591117039 4.8220831135826235e-05 0.004196881548946218 1.1444783413069318e-05 0.001763242890497637 1.5884097474206573e-06 1.9292180524766787e-05 2.411167720019045e-06 1.3091276123864974e-05 3.990676854782944e-05 0.006214340453006838 0.0008641943327615156 0.002213443571437749 1.36779839853923e-06 1.378676811261183e-06
