# index Z=1 - Z=30
0 6.290802557670522e-07 0.01043105390786074 6.220511584507184e-07 6.476549212511764e-07 6.251328875546195e-07 1.5052164406983578e-06 6.505434235813918e-07 0.003590644784885377 6.390899959680376e-07 6.726258765457788e-07 6.534067844489208e-07 7.353420650772327e-05 6.387560768616263e-07 0.02084956709739845 1.7833454788187928e-06 6.943683669928057e-05 8.255942194941025e-07 0.006794311473921787 9.26838998289763e-07 0.013417864477098756 6.453252975742854e-07 0.00011627259659360399 0.0002606965663735272 1.8266339110249468e-05 0.005389565979408853 0.22528328119447089 0.14112616471318684 0.2997276236095854 6.055816122963989e-07 6.423760280222635e-07
1 6.290802557670522e-07 0.01043105390786074 6.220511584507184e-07 6.476549212511764e-07 6.251328875546195e-07 1.5052164406983578e-06 6.505434235813918e-07 0.003590644784885377 6.390899959680376e-07 6.726258765457788e-07 6.534067844489208e-07 7.353420650772327e-05 6.387560768616263e-07 0.02084956709739845 1.7833454788187928e-06 6.943683669928057e-05 8.255942194941025e-07 0.006794311473921787 9.26838998289763e-07 0.013417864477098756 6.453252975742854e-07 0.00011627259659360399 0.0002606965663735272 1.8266339110249468e-05 0.005389565979408853 0.22528328119447089 0.14112616471318684 0.2997276236095854 6.055816122963989e-07 6.423760280222635e-07
2 6.290802557670522e-07 0.01043105390786074 6.220511584507184e-07 6.476549212511764e-07 6.251328875546195e-07 1.5052164406983578e-06 6.505434235813918e-07 0.003590644784885377 6.390899959680376e-07 6.726258765457788e-07 6.534067844489208e-07 7.353420650772327e-05 6.387560768616263e-07 0.02084956709739845 1.7833454788187928e-06 6.943683669928057e-05 8.255942194941025e-07 0.006794311473921787 9.26838998289763e-07 0.013417864477098756 6.453252975742854e-07 0.00011627259659360399 0.0002606965663735272 1.8266339110249468e-05 0.005389565979408853 0.22528328119447089 0.14112616471318684 0.2997276236095854 6.055816122963989e-07 6.423760280222635e-07
3 6.290802557670522e-07 0.01043105390786074 6.220511584507184e-07 6.476549212511764e-07 6.251328875546195e-07 1.5052164406983578e-06 6.505434235813918e-07 0.003590644784885377 6.390899959680376e-07 6.726258765457788e-07 6.534067844489208e-07 7.353420650772327e-05 6.387560768616263e-07 0.02084956709739845 1.7833454788187928e-06 6.943683669928057e-05 8.255942194941025e-07 0.006794311473921787 9.26838998289763e-07 0.013417864477098756 6.453252975742854e-07 0.00011627259659360399 0.0002606965663735272 1.8266339110249468e-05 0.005389565979408853 0.22528328119447089 0.14112616471318684 0.2997276236095854 6.055816122963989e-07 6.423760280222635e-07
4 6.290802557670522e-07 0.01043105390786074 6.220511584507184e-07 6.476549212511764e-07 6.251328875546195e-07 1.5052164406983578e-06 6.505434235813918e-07 0.003590644784885377 6.390899959680376e-07 6.726258765457788e-07 6.534067844489208e-07 7.353420650772327e-05 6.387560768616263e-07 0.02084956709739845 1.7833454788187928e-06 6.943683669928057e-05 8.255942194941025e-07 0.006794311473921787 9.26838998289763e-07 0.013417864477098756 6.453252975742854e-07 0.00011627259659360399 0.0002606965663735272 1.8266339110249468e-05 0.005389565979408853 0.22528328119447089 0.14112616471318684 0.2997276236095854 6.055816122963989e-07 6.423760280222635e-07
5 6.290802557670522e-07 0.01043105390786074 6.220511584507184e-07 6.476549212511764e-07 6.251328875546195e-07 1.5052164406983578e-06 6.505434235813918e-07 0.003590644784885377 6.390899959680376e-07 6.726258765457788e-07 6.534067844489208e-07 7.353420650772327e-05 6.387560768616263e-07 0.02084956709739845 1.7833454788187928e-06 6.943683669928057e-05 8.255942194941025e-07 0.006794311473921787 9.26838998289763e-07 0.013417864477098756 6.453252975742854e-07 0.00011627259659360399 0.0002606965663735272 1.8266339110249468e-05 0.005389565979408853 0.22528328119447089 0.14112616471318684 0.2997276236095854 6.055816122963989e-07 6.423760280222635e-07
6 6.290802557670522e-07 0.01043105390786074 6.220511584507184e-07 6.476549212511764e-07 6.251328875546195e-07 1.5052164406983578e-06 6.505434235813918e-07 0.003590644784885377 6.390899959680376e-07 6.726258765457788e-07 6.534067844489208e-07 7.353420650772327e-05 6.387560768616263e-07 0.02084956709739845 1.7833454788187928e-06 6.943683669928057e-05 8.255942194941025e-07 0.006794311473921787 9.26838998289763e-07 0.013417864477098756 6.453252975742854e-07 0.00011627259659360399 0.0002606965663735272 1.8266339110249468e-05 0.005389565979408853 0.22528328119447089 0.14112616471318684 0.2997276236095854 6.055816122963989e-07 6.423760280222635e-07
7 6.290802557670522e-07 0.01043105390786074 6.220511584507184e-07 6.476549212511764e-07 6.251328875546195e-07 1.5052164406983578e-06 6.505434235813918e-07 0.003590644784885377 6.390899959680376e-07 6.726258765457788e-07 6.534067844489208e-07 7.353420650772327e-05 6.387560768616263e-07 0.02084956709739845 1.7833454788187928e-06 6.943683669928057e-05 8.255942194941025e-07 0.006794311473921787 9.26838998289763e-07 0.013417864477098756 6.453252975742854e-07 0.00011627259659360399 0.0002606965663735272 1.8266339110249468e-05 0.005389565979408853 0.22528328119447089 0.14112616471318684 0.2997276236095854 6.055816122963989e-07 6.423760280222635e-07
8 6.290802557670522e-07 0.01043105390786074 6.220511584507184e-07 6.476549212511764e-07 6.251328875546195e-07 1.5052164406983578e-06 6.505434235813918e-07 0.003590644784885377 6.390899959680376e-07 6.726258765457788e-07 6.534067844489208e-07 7.353420650772327e-05 6.387560768616263e-07 0.02084956709739845 1.7833454788187928e-06 6.943683669928057e-05 8.255942194941025e-07 0.006794311473921787 9.26838998289763e-07 0.013417864477098756 6.453252975742854e-07 0.00011627259659360399 0.0002606965663735272 1.8266339110249468e-05 0.005389565979408853 0.22528328119447089 0.14112616471318684 0.2997276236095854 6.055816122963989e-07 6.423760280222635e-07
9 6.290802557670522e-07 0.01043105390786074 6.220511584507184e-07 6.476549212511764e-07 6.251328875546195e-07 1.5052164406983578e-06 6.505434235813918e-07 0.003590644784885377 6.390899959680376e-07 6.726258765457788e-07 6.534067844489208e-07 7.353420650772327e-05 6.387560768616263e-07 0.02084956709739845 1.7833454788187928e-06 6.943683669928057e-05 8.255942194941025e-07 0.006794311473921787 9.26838998289763e-07 0.013417864477098756 6.453252975742854e-07 0.00011627259659360399 0.0002606965663735272 1.8266339110249468e-05 0.005389565979408853 0.22528328119447089 0.14112616471318684 0.2997276236095854 6.055816122963989e-07 6.423760280222635e-07
10 6.290802557670522e-07 0.01043105390786074 6.220511584507184e-07 6.476549212511764e-07 6.251328875546195e-07 1.5052164406983578e-06 6.505434235813918e-07 0.003590644784885377 6.390899959680376e-07 6.726258765457788e-07 6.534067844489208e-07 7.353420650772327e-05 6.387560768616263e-07 0.02084956709739845 1.7833454788187928e-06 6.943683669928057e-05 8.255942194941025e-07 0.006794311473921787 9.26838998289763e-07 0.013417864477098756 6.453252975742854e-07 0.00011627259659360399 0.0002606965663735272 1.8266339110249468e-05 0.005389565979408853 0.22528328119447089 0.14112616471318684 0.2997276236095854 6.055816122963989e-07 6.423760280222635e-07
11 6.290802557670522e-07 0.01043105390786074 6.220511584507184e-07 6.476549212511764e-07 6.251328875546195e-07 1.5052164406983578e-06 6.505434235813918e-07 0.003590644784885377 6.390899959680376e-07 6.726258765457788e-07 6.534067844489208e-07 7.353420650772327e-05 6.387560768616263e-07 0.02084956709739845 1.7833454788187928e-06 6.943683669928057e-05 8.255942194941025e-07 0.006794311473921787 9.26838998289763e-07 0.013417864477098756 6.453252975742854e-07 0.00011627259659360399 0.0002606965663735272 1.8266339110249468e-05 0.005389565979408853 0.22528328119447089 0.14112616471318684 0.2997276236095854 6.055816122963989e-07 6.423760280222635e-07
12 8.771998425927808e-07 0.004389487883892206 9.36259950170253e-07 9.89076130418009e-07 9.581497520994762e-07 1.8208290140147125e-06 8.750191449097235e-07 0.004606742890786383 9.156601099664069e-07 9.214612193899262e-07 8.908034588936118e-07 0.002386300456694011 9.086725360806524e-07 0.07309568170473286 6.713067069213931e-06 0.0007778986597229003 2.7233317882765854e-06 0.013099342238388722 1.7340737118115678e-06 0.023177305863071422 9.453738399167857e-07 0.00013604541817284905 0.0007981361092850473 2.518766431834193e-05 0.036524500131997546 0.3402089712008086 0.29178917410798416 0.08828808748556269 8.790230109775426e-07 8.447037199167168e-07
13 8.771998425927808e-07 0.004389487883892206 9.36259950170253e-07 9.89076130418009e-07 9.581497520994762e-07 1.8208290140147125e-06 8.750191449097235e-07 0.004606742890786383 9.156601099664069e-07 9.214612193899262e-07 8.908034588936118e-07 0.002386300456694011 9.086725360806524e-07 0.07309568170473286 6.713067069213931e-06 0.0007778986597229003 2.7233317882765854e-06 0.013099342238388722 1.7340737118115678e-06 0.023177305863071422 9.453738399167857e-07 0.00013604541817284905 0.0007981361092850473 2.518766431834193e-05 0.036524500131997546 0.3402089712008086 0.29178917410798416 0.08828808748556269 8.790230109775426e-07 8.447037199167168e-07
14 8.771998425927808e-07 0.004389487883892206 9.36259950170253e-07 9.89076130418009e-07 9.581497520994762e-07 1.8208290140147125e-06 8.750191449097235e-07 0.004606742890786383 9.156601099664069e-07 9.214612193899262e-07 8.908034588936118e-07 0.002386300456694011 9.086725360806524e-07 0.07309568170473286 6.713067069213931e-06 0.0007778986597229003 2.7233317882765854e-06 0.013099342238388722 1.7340737118115678e-06 0.023177305863071422 9.453738399167857e-07 0.00013604541817284905 0.0007981361092850473 2.518766431834193e-05 0.036524500131997546 0.3402089712008086 0.29178917410798416 0.08828808748556269 8.790230109775426e-07 8.447037199167168e-07
15 8.771998425927808e-07 0.004389487883892206 9.36259950170253e-07 9.89076130418009e-07 9.581497520994762e-07 1.8208290140147125e-06 8.750191449097235e-07 0.004606742890786383 9.156601099664069e-07 9.214612193899262e-07 8.908034588936118e-07 0.002386300456694011 9.086725360806524e-07 0.07309568170473286 6.713067069213931e-06 0.0007778986597229003 2.7233317882765854e-06 0.013099342238388722 1.7340737118115678e-06 0.023177305863071422 9.453738399167857e-07 0.00013604541817284905 0.0007981361092850473 2.518766431834193e-05 0.036524500131997546 0.3402089712008086 0.29178917410798416 0.08828808748556269 8.790230109775426e-07 8.447037199167168e-07
16 8.771998425927808e-07 0.004389487883892206 9.36259950170253e-07 9.89076130418009e-07 9.581497520994762e-07 1.8208290140147125e-06 8.750191449097235e-07 0.004606742890786383 9.156601099664069e-07 9.214612193899262e-07 8.908034588936118e-07 0.002386300456694011 9.086725360806524e-07 0.07309568170473286 6.713067069213931e-06 0.0007778986597229003 2.7233317882765854e-06 0.013099342238388722 1.7340737118115678e-06 0.023177305863071422 9.453738399167857e-07 0.00013604541817284905 0.0007981361092850473 2.518766431834193e-05 0.036524500131997546 0.3402089712008086 0.29178917410798416 0.08828808748556269 8.790230109775426e-07 8.447037199167168e-07
17 8.771998425927808e-07 0.004389487883892206 9.36259950170253e-07 9.89076130418009e-07 9.581497520994762e-07 1.8208290140147125e-06 8.750191449097235e-07 0.004606742890786383 9.156601099664069e-07 9.214612193899262e-07 8.908034588936118e-07 0.002386300456694011 9.086725360806524e-07 0.07309568170473286 6.713067069213931e-06 0.0007778986597229003 2.7233317882765854e-06 0.013099342238388722 1.7340737118115678e-06 0.023177305863071422 9.453738399167857e-07 0.00013604541817284905 0.0007981361092850473 2.518766431834193e-05 0.036524500131997546 0.3402089712008086 0.29178917410798416 0.08828808748556269 8.790230109775426e-07 8.447037199167168e-07
18 8.771998425927808e-07 0.004389487883892206 9.36259950170253e-07 9.89076130418009e-07 9.581497520994762e-07 1.8208290140147125e-06 8.750191449097235e-07 0.004606742890786383 9.156601099664069e-07 9.214612193899262e-07 8.908034588936118e-07 0.002386300456694011 9.086725360806524e-07 0.07309568170473286 6.713067069213931e-06 0.0007778986597229003 2.7233317882765854e-06 0.013099342238388722 1.7340737118115678e-06 0.023177305863071422 9.453738399167857e-07 0.00013604541817284905 0.0007981361092850473 2.518766431834193e-05 0.036524500131997546 0.3402089712008086 0.29178917410798416 0.08828808748556269 8.790230109775426e-07 8.447037199167168e-07
19 8.771998425927808e-07 0.004389487883892206 9.36259950170253e-07 9.89076130418009e-07 9.581497520994762e-07 1.8208290140147125e-06 8.750191449097235e-07 0.004606742890786383 9.156601099664069e-07 9.214612193899262e-07 8.908034588936118e-07 0.002386300456694011 9.086725360806524e-07 0.07309568170473286 6.713067069213931e-06 0.0007778986597229003 2.7233317882765854e-06 0.013099342238388722 1.7340737118115678e-06 0.023177305863071422 9.453738399167857e-07 0.00013604541817284905 0.0007981361092850473 2.518766431834193e-05 0.036524500131997546 0.3402089712008086 0.29178917410798416 0.08828808748556269 8.790230109775426e-07 8.447037199167168e-07
20 8.771998425927808e-07 0.004389487883892206 9.36259950170253e-07 9.89076130418009e-07 9.581497520994762e-07 1.8208290140147125e-06 8.750191449097235e-07 0.004606742890786383 9.156601099664069e-07 9.214612193899262e-07 8.908034588936118e-07 0.002386300456694011 9.086725360806524e-07 0.07309568170473286 6.713067069213931e-06 0.0007778986597229003 2.7233317882765854e-06 0.013099342238388722 1.7340737118115678e-06 0.023177305863071422 9.453738399167857e-07 0.00013604541817284905 0.0007981361092850473 2.518766431834193e-05 0.036524500131997546 0.3402089712008086 0.29178917410798416 0.08828808748556269 8.790230109775426e-07 8.447037199167168e-07
21 8.771998425927808e-07 0.004389487883892206 9.36259950170253e-07 9.89076130418009e-07 9.581497520994762e-07 1.8208290140147125e-06 8.750191449097235e-07 0.004606742890786383 9.156601099664069e-07 9.214612193899262e-07 8.908034588936118e-07 0.002386300456694011 9.086725360806524e-07 0.07309568170473286 6.713067069213931e-06 0.0007778986597229003 2.7233317882765854e-06 0.013099342238388722 1.7340737118115678e-06 0.023177305863071422 9.453738399167857e-07 0.00013604541817284905 0.0007981361092850473 2.518766431834193e-05 0.036524500131997546 0.3402089712008086 0.29178917410798416 0.08828808748556269 8.790230109775426e-07 8.447037199167168e-07
22 4.941215874241971e-07 5.420392348729127e-07 4.847281455677451e-07 4.987141123936952e-07 5.156875043513374e-07 1.5936328983819146e-06 5.218480666510946e-07 0.0025932910496193947 5.189620187739988e-07 5.681645894410923e-07 5.000728314760985e-07 0.1103700727589981 5.572258871622698e-07 0.5125413008475289 7.4390285884760895e-06 0.07831467932782013 1.3957704976965998e-06 0.023558541209091857 1.0876770803082512e-06 0.06858510394568475 4.7263432707771643e-07 8.826710320070964e-05 0.0003803436019346327 3.955152199461297e-05 0.004171119278714898 0.04878785181531573 0.07631729297037793 0.008566767536607019 4.5055572482493114e-07 4.798822658389937e-07
23 4.941215874241971e-07 5.420392348729127e-07 4.847281455677451e-07 4.987141123936952e-07 5.156875043513374e-07 1.5936328983819146e-06 5.218480666510946e-07 0.0025932910496193947 5.189620187739988e-07 5.681645894410923e-07 5.000728314760985e-07 0.1103700727589981 5.572258871622698e-07 0.5125413008475289 7.4390285884760895e-06 0.07831467932782013 1.3957704976965998e-06 0.023558541209091857 1.0876770803082512e-06 0.06858510394568475 4.7263432707771643e-07 8.826710320070964e-05 0.0003803436019346327 3.955152199461297e-05 0.004171119278714898 0.04878785181531573 0.07631729297037793 0.008566767536607019 4.5055572482493114e-07 4.798822658389937e-07
24 4.941215874241971e-07 5.420392348729127e-07 4.847281455677451e-07 4.987141123936952e-07 5.156875043513374e-07 1.5936328983819146e-06 5.218480666510946e-07 0.0025932910496193947 5.189620187739988e-07 5.681645894410923e-07 5.000728314760985e-07 0.1103700727589981 5.572258871622698e-07 0.5125413008475289 7.4390285884760895e-06 0.07831467932782013 1.3957704976965998e-06 0.023558541209091857 1.0876770803082512e-06 0.06858510394568475 4.7263432707771643e-07 8.826710320070964e-05 0.0003803436019346327 3.955152199461297e-05 0.004171119278714898 0.04878785181531573 0.07631729297037793 0.008566767536607019 4.5055572482493114e-07 4.798822658389937e-07
25 4.941215874241971e-07 5.420392348729127e-07 4.847281455677451e-07 4.987141123936952e-07 5.156875043513374e-07 1.5936328983819146e-06 5.218480666510946e-07 0.0025932910496193947 5.189620187739988e-07 5.681645894410923e-07 5.000728314760985e-07 0.1103700727589981 5.572258871622698e-07 0.5125413008475289 7.4390285884760895e-06 0.07831467932782013 1.3957704976965998e-06 0.023558541209091857 1.0876770803082512e-06 0.06858510394568475 4.7263432707771643e-07 8.826710320070964e-05 0.0003803436019346327 3.955152199461297e-05 0.004171119278714898 0.04878785181531573 0.07631729297037793 0.008566767536607019 4.5055572482493114e-07 4.798822658389937e-07
26 4.941215874241971e-07 5.420392348729127e-07 4.847281455677451e-07 4.987141123936952e-07 5.156875043513374e-07 1.5936328983819146e-06 5.218480666510946e-07 0.0025932910496193947 5.189620187739988e-07 5.681645894410923e-07 5.000728314760985e-07 0.1103700727589981 5.572258871622698e-07 0.5125413008475289 7.4390285884760895e-06 0.07831467932782013 1.3957704976965998e-06 0.023558541209091857 1.0876770803082512e-06 0.06858510394568475 4.7263432707771643e-07 8.826710320070964e-05 0.0003803436019346327 3.955152199461297e-05 0.004171119278714898 0.04878785181531573 0.07631729297037793 0.008566767536607019 4.5055572482493114e-07 4.798822658389937e-07
27 4.941215874241971e-07 5.420392348729127e-07 4.847281455677451e-07 4.987141123936952e-07 5.156875043513374e-07 1.5936328983819146e-06 5.218480666510946e-07 0.0025932910496193947 5.189620187739988e-07 5.681645894410923e-07 5.000728314760985e-07 0.1103700727589981 5.572258871622698e-07 0.5125413008475289 7.4390285884760895e-06 0.07831467932782013 1.3957704976965998e-06 0.023558541209091857 1.0876770803082512e-06 0.06858510394568475 4.7263432707771643e-07 8.826710320070964e-05 0.0003803436019346327 3.955152199461297e-05 0.004171119278714898 0.04878785181531573 0.07631729297037793 0.008566767536607019 4.5055572482493114e-07 4.798822658389937e-07
28 4.941215874241971e-07 5.420392348729127e-07 4.847281455677451e-07 4.987141123936952e-07 5.156875043513374e-07 1.5936328983819146e-06 5.218480666510946e-07 0.0025932910496193947 5.189620187739988e-07 5.681645894410923e-07 5.000728314760985e-07 0.1103700727589981 5.572258871622698e-07 0.5125413008475289 7.4390285884760895e-06 0.07831467932782013 1.3957704976965998e-06 0.023558541209091857 1.0876770803082512e-06 0.06858510394568475 4.7263432707771643e-07 8.826710320070964e-05 0.0003803436019346327 3.955152199461297e-05 0.004171119278714898 0.04878785181531573 0.07631729297037793 0.008566767536607019 4.5055572482493114e-07 4.798822658389937e-07
29 4.941215874241971e-07 5.420392348729127e-07 4.847281455677451e-07 4.987141123936952e-07 5.156875043513374e-07 1.5936328983819146e-06 5.218480666510946e-07 0.0025932910496193947 5.189620187739988e-07 5.681645894410923e-07 5.000728314760985e-07 0.1103700727589981 5.572258871622698e-07 0.5125413008475289 7.4390285884760895e-06 0.07831467932782013 1.3957704976965998e-06 0.023558541209091857 1.0876770803082512e-06 0.06858510394568475 4.7263432707771643e-07 8.826710320070964e-05 0.0003803436019346327 3.955152199461297e-05 0.004171119278714898 0.04878785181531573 0.07631729297037793 0.008566767536607019 4.5055572482493114e-07 4.798822658389937e-07
30 4.941215874241971e-07 5.420392348729127e-07 4.847281455677451e-07 4.987141123936952e-07 5.156875043513374e-07 1.5936328983819146e-06 5.218480666510946e-07 0.0025932910496193947 5.189620187739988e-07 5.681645894410923e-07 5.000728314760985e-07 0.1103700727589981 5.572258871622698e-07 0.5125413008475289 7.4390285884760895e-06 0.07831467932782013 1.3957704976965998e-06 0.023558541209091857 1.0876770803082512e-06 0.06858510394568475 4.7263432707771643e-07 8.826710320070964e-05 0.0003803436019346327 3.955152199461297e-05 0.004171119278714898 0.04878785181531573 0.07631729297037793 0.008566767536607019 4.5055572482493114e-07 4.798822658389937e-07
31 4.941215874241971e-07 5.420392348729127e-07 4.847281455677451e-07 4.987141123936952e-07 5.156875043513374e-07 1.5936328983819146e-06 5.218480666510946e-07 0.0025932910496193947 5.189620187739988e-07 5.681645894410923e-07 5.000728314760985e-07 0.1103700727589981 5.572258871622698e-07 0.5125413008475289 7.4390285884760895e-06 0.07831467932782013 1.3957704976965998e-06 0.023558541209091857 1.0876770803082512e-06 0.06858510394568475 4.7263432707771643e-07 8.826710320070964e-05 0.0003803436019346327 3.955152199461297e-05 0.004171119278714898 0.04878785181531573 0.07631729297037793 0.008566767536607019 4.5055572482493114e-07 4.798822658389937e-07
32 1.886721166624614e-07 2.3740543951436142e-07 2.436050713006923e-07 1.6691947111169588e-07 2.1719779478189858e-07 5.7836344027130044e-06 2.4199942543921824e-07 0.7893014691296513 2.3152698274558214e-07 7.429135868956755e-07 2.0486876706317241e-07 0.022481306249131763 1.8980740862321632e-07 0.08213305909662845 2.268982499629089e-05 4.1620521542108686e-05 1.3047423790253248e-05 0.009257085919861463 1.2870524701362705e-05 0.002245370849975432 1.937826505254792e-07 1.7335730477938686e-05 1.540924406398594e-05 2.2029358090113214e-05 0.00018162386628875905 0.006128837021850906 0.011416849023337202 0.0024914856341085516 1.973885430064287e-07 2.0347978531621027e-07
33 1.886721166624614e-07 2.3740543951436142e-07 2.436050713006923e-07 1.6691947111169588e-07 2.1719779478189858e-07 5.7836344027130044e-06 2.4199942543921824e-07 0.7893014691296513 2.3152698274558214e-07 7.429135868956755e-07 2.0486876706317241e-07 0.022481306249131763 1.8980740862321632e-07 0.08213305909662845 2.268982499629089e-05 4.1620521542108686e-05 1.3047423790253248e-05 0.009257085919861463 1.2870524701362705e-05 0.002245370849975432 1.937826505254792e-07 1.7335730477938686e-05 1.540924406398594e-05 2.2029358090113214e-05 0.00018162386628875905 0.006128837021850906 0.011416849023337202 0.0024914856341085516 1.973885430064287e-07 2.0347978531621027e-07
34 1.886721166624614e-07 2.3740543951436142e-07 2.436050713006923e-07 1.6691947111169588e-07 2.1719779478189858e-07 5.7836344027130044e-06 2.4199942543921824e-07 0.7893014691296513 2.3152698274558214e-07 7.429135868956755e-07 2.0486876706317241e-07 0.022481306249131763 1.8980740862321632e-07 0.08213305909662845 2.268982499629089e-05 4.1620521542108686e-05 1.3047423790253248e-05 0.009257085919861463 1.2870524701362705e-05 0.002245370849975432 1.937826505254792e-07 1.7335730477938686e-05 1.540924406398594e-05 2.2029358090113214e-05 0.00018162386628875905 0.006128837021850906 0.011416849023337202 0.0024914856341085516 1.973885430064287e-07 2.0347978531621027e-07
35 1.886721166624614e-07 2.3740543951436142e-07 2.436050713006923e-07 1.6691947111169588e-07 2.1719779478189858e-07 5.7836344027130044e-06 2.4199942543921824e-07 0.7893014691296513 2.3152698274558214e-07 7.429135868956755e-07 2.0486876706317241e-07 0.022481306249131763 1.8980740862321632e-07 0.08213305909662845 2.268982499629089e-05 4.1620521542108686e-05 1.3047423790253248e-05 0.009257085919861463 1.2870524701362705e-05 0.002245370849975432 1.937826505254792e-07 1.7335730477938686e-05 1.540924406398594e-05 2.2029358090113214e-05 0.00018162386628875905 0.006128837021850906 0.011416849023337202 0.0024914856341085516 1.973885430064287e-07 2.0347978531621027e-07
36 1.886721166624614e-07 2.3740543951436142e-07 2.436050713006923e-07 1.6691947111169588e-07 2.1719779478189858e-07 5.7836344027130044e-06 2.4199942543921824e-07 0.7893014691296513 2.3152698274558214e-07 7.429135868956755e-07 2.0486876706317241e-07 0.022481306249131763 1.8980740862321632e-07 0.08213305909662845 2.268982499629089e-05 4.1620521542108686e-05 1.3047423790253248e-05 0.009257085919861463 1.2870524701362705e-05 0.002245370849975432 1.937826505254792e-07 1.7335730477938686e-05 1.540924406398594e-05 2.2029358090113214e-05 0.00018162386628875905 0.006128837021850906 0.011416849023337202 0.0024914856341085516 1.973885430064287e-07 2.0347978531621027e-07
37 1.886721166624614e-07 2.3740543951436142e-07 2.436050713006923e-07 1.6691947111169588e-07 2.1719779478189858e-07 5.7836344027130044e-06 2.4199942543921824e-07 0.7893014691296513 2.3152698274558214e-07 7.429135868956755e-07 2.0486876706317241e-07 0.022481306249131763 1.8980740862321632e-07 0.08213305909662845 2.268982499629089e-05 4.1620521542108686e-05 1.3047423790253248e-05 0.009257085919861463 1.2870524701362705e-05 0.002245370849975432 1.937826505254792e-07 1.7335730477938686e-05 1.540924406398594e-05 2.2029358090113214e-05 0.00018162386628875905 0.006128837021850906 0.011416849023337202 0.0024914856341085516 1.973885430064287e-07 2.0347978531621027e-07
38 1.886721166624614e-07 2.3740543951436142e-07 2.436050713006923e-07 1.6691947111169588e-07 2.1719779478189858e-07 5.7836344027130044e-06 2.4199942543921824e-07 0.7893014691296513 2.3152698274558214e-07 7.429135868956755e-07 2.0486876706317241e-07 0.022481306249131763 1.8980740862321632e-07 0.08213305909662845 2.268982499629089e-05 4.1620521542108686e-05 1.3047423790253248e-05 0.009257085919861463 1.2870524701362705e-05 0.002245370849975432 1.937826505254792e-07 1.7335730477938686e-05 1.540924406398594e-05 2.2029358090113214e-05 0.00018162386628875905 0.006128837021850906 0.011416849023337202 0.0024914856341085516 1.973885430064287e-07 2.0347978531621027e-07
39 1.886721166624614e-07 2.3740543951436142e-07 2.436050713006923e-07 1.6691947111169588e-07 2.1719779478189858e-07 5.7836344027130044e-06 2.4199942543921824e-07 0.7893014691296513 2.3152698274558214e-07 7.429135868956755e-07 2.0486876706317241e-07 0.022481306249131763 1.8980740862321632e-07 0.08213305909662845 2.268982499629089e-05 4.1620521542108686e-05 1.3047423790253248e-05 0.009257085919861463 1.2870524701362705e-05 0.002245370849975432 1.937826505254792e-07 1.7335730477938686e-05 1.540924406398594e-05 2.2029358090113214e-05 0.00018162386628875905 0.006128837021850906 0.011416849023337202 0.0024914856341085516 1.973885430064287e-07 2.0347978531621027e-07
40 1.886721166624614e-07 2.3740543951436142e-07 2.436050713006923e-07 1.6691947111169588e-07 2.1719779478189858e-07 5.7836344027130044e-06 2.4199942543921824e-07 0.7893014691296513 2.3152698274558214e-07 7.429135868956755e-07 2.0486876706317241e-07 0.022481306249131763 1.8980740862321632e-07 0.08213305909662845 2.268982499629089e-05 4.1620521542108686e-05 1.3047423790253248e-05 0.009257085919861463 1.2870524701362705e-05 0.002245370849975432 1.937826505254792e-07 1.7335730477938686e-05 1.540924406398594e-05 2.2029358090113214e-05 0.00018162386628875905 0.006128837021850906 0.011416849023337202 0.0024914856341085516 1.973885430064287e-07 2.0347978531621027e-07
41 1.886721166624614e-07 2.3740543951436142e-07 2.436050713006923e-07 1.6691947111169588e-07 2.1719779478189858e-07 5.7836344027130044e-06 2.4199942543921824e-07 0.7893014691296513 2.3152698274558214e-07 7.429135868956755e-07 2.0486876706317241e-07 0.022481306249131763 1.8980740862321632e-07 0.08213305909662845 2.268982499629089e-05 4.1620521542108686e-05 1.3047423790253248e-05 0.009257085919861463 1.2870524701362705e-05 0.002245370849975432 1.937826505254792e-07 1.7335730477938686e-05 1.540924406398594e-05 2.2029358090113214e-05 0.00018162386628875905 0.006128837021850906 0.011416849023337202 0.0024914856341085516 1.973885430064287e-07 2.0347978531621027e-07
42 1.886721166624614e-07 2.3740543951436142e-07 2.436050713006923e-07 1.6691947111169588e-07 2.1719779478189858e-07 5.7836344027130044e-06 2.4199942543921824e-07 0.7893014691296513 2.3152698274558214e-07 7.429135868956755e-07 2.0486876706317241e-07 0.022481306249131763 1.8980740862321632e-07 0.08213305909662845 2.268982499629089e-05 4.1620521542108686e-05 1.3047423790253248e-05 0.009257085919861463 1.2870524701362705e-05 0.002245370849975432 1.937826505254792e-07 1.7335730477938686e-05 1.540924406398594e-05 2.2029358090113214e-05 0.00018162386628875905 0.006128837021850906 0.011416849023337202 0.0024914856341085516 1.973885430064287e-07 2.0347978531621027e-07
43 1.886721166624614e-07 2.3740543951436142e-07 2.436050713006923e-07 1.6691947111169588e-07 2.1719779478189858e-07 5.7836344027130044e-06 2.4199942543921824e-07 0.7893014691296513 2.3152698274558214e-07 7.429135868956755e-07 2.0486876706317241e-07 0.022481306249131763 1.8980740862321632e-07 0.08213305909662845 2.268982499629089e-05 4.1620521542108686e-05 1.3047423790253248e-05 0.009257085919861463 1.2870524701362705e-05 0.002245370849975432 1.937826505254792e-07 1.7335730477938686e-05 1.540924406398594e-05 2.2029358090113214e-05 0.00018162386628875905 0.006128837021850906 0.011416849023337202 0.0024914856341085516 1.973885430064287e-07 2.0347978531621027e-07
44 1.886721166624614e-07 2.3740543951436142e-07 2.436050713006923e-07 1.6691947111169588e-07 2.1719779478189858e-07 5.7836344027130044e-06 2.4199942543921824e-07 0.7893014691296513 2.3152698274558214e-07 7.429135868956755e-07 2.0486876706317241e-07 0.022481306249131763 1.8980740862321632e-07 0.08213305909662845 2.268982499629089e-05 4.1620521542108686e-05 1.3047423790253248e-05 0.009257085919861463 1.2870524701362705e-05 0.002245370849975432 1.937826505254792e-07 1.7335730477938686e-05 1.540924406398594e-05 2.2029358090113214e-05 0.00018162386628875905 0.006128837021850906 0.011416849023337202 0.0024914856341085516 1.973885430064287e-07 2.0347978531621027e-07
45 1.0993362346376849e-06 1.084935021788144e-06 1.1603449493676348e-06 1.0802173831963726e-06 1.0824494289608133e-06 0.0876715522607002 1.068079436504954e-06 0.47892645145113266 1.0305739639697215e-06 0.058233572672502364 0.0004599030828797571 0.16788488098536253 1.1489971377854293e-06 0.00014111109656984581 0.00016801885056915724 0.00013493831967260672 3.601142884024228e-05 0.00331293661763519 8.86314729694397e-06 0.0009052459810233557 1.3155973257975104e-06 1.5879546267037957e-05 1.978109566687291e-06 1.1313673703419057e-05 3.282136761244584e-05 0.0036966301853000646 0.0007603701790075689 0.0023527825628614596 1.1136583457473298e-06 1.1194803519951977e-06
46 1.0993362346376849e-06 1.084935021788144e-06 1.1603449493676348e-06 1.0802173831963726e-06 1.0824494289608133e-06 0.0876715522607002 1.068079436504954e-06 0.47892645145113266 1.0305739639697215e-06 0.058233572672502364 0.0004599030828797571 0.16788488098536253 1.1489971377854293e-06 0.00014111109656984581 0.00016801885056915724 0.00013493831967260672 3.601142884024228e-05 0.00331293661763519 8.86314729694397e-06 0.0009052459810233557 1.3155973257975104e-06 1.5879546267037957e-05 1.978109566687291e-06 1.1313673703419057e-05 3.282136761244584e-05 0.0036966301853000646 0.0007603701790075689 0.0023527825628614596 1.1136583457473298e-06 1.1194803519951977e-06
47 1.0993362346376849e-06 1.084935021788144e-06 1.1603449493676348e-06 1.0802173831963726e-06 1.0824494289608133e-06 0.0876715522607002 1.068079436504954e-06 0.47892645145113266 1.0305739639697215e-06 0.058233572672502364 0.0004599030828797571 0.16788488098536253 1.1489971377854293e-06 0.00014111109656984581 0.00016801885056915724 0.00013493831967260672 3.601142884024228e-05 0.00331293661763519 8.86314729694397e-06 0.0009052459810233557 1.3155973257975104e-06 1.5879546267037957e-05 1.978109566687291e-06 1.1313673703419057e-05 3.282136761244584e-05 0.0036966301853000646 0.0007603701790075689 0.0023527825628614596 1.1136583457473298e-06 1.1194803519951977e-06
48 1.0993362346376849e-06 1.084935021788144e-06 1.1603449493676348e-06 1.0802173831963726e-06 1.0824494289608133e-06 0.0876715522607002 1.068079436504954e-06 0.47892645145113266 1.0305739639697215e-06 0.058233572672502364 0.0004599030828797571 0.16788488098536253 1.1489971377854293e-06 0.00014111109656984581 0.00016801885056915724 0.00013493831967260672 3.601142884024228e-05 0.00331293661763519 8.86314729694397e-06 0.0009052459810233557 1.3155973257975104e-06 1.5879546267037957e-05 1.978109566687291e-06 1.1313673703419057e-05 3.282136761244584e-05 0.0036966301853000646 0.0007603701790075689 0.0023527825628614596 1.1136583457473298e-06 1.1194803519951977e-06
49 1.0993362346376849e-06 1.084935021788144e-06 1.1603449493676348e-06 1.0802173831963726e-06 1.0824494289608133e-06 0.0876715522607002 1.068079436504954e-06 0.47892645145113266 1.0305739639697215e-06 0.058233572672502364 0.0004599030828797571 0.16788488098536253 1.1489971377854293e-06 0.00014111109656984581 0.00016801885056915724 0.00013493831967260672 3.601142884024228e-05 0.00331293661763519 8.86314729694397e-06 0.0009052459810233557 1.3155973257975104e-06 1.5879546267037957e-05 1.978109566687291e-06 1.1313673703419057e-05 3.282136761244584e-05 0.0036966301853000646 0.0007603701790075689 0.0023527825628614596 1.1136583457473298e-06 1.1194803519951977e-06
50 1.0993362346376849e-06 1.084935021788144e-06 1.1603449493676348e-06 1.0802173831963726e-06 1.0824494289608133e-06 0.0876715522607002 1.068079436504954e-06 0.47892645145113266 1.0305739639697215e-06 0.058233572672502364 0.0004599030828797571 0.16788488098536253 1.1489971377854293e-06 0.00014111109656984581 0.00016801885056915724 0.00013493831967260672 3.601142884024228e-05 0.00331293661763519 8.86314729694397e-06 0.0009052459810233557 1.3155973257975104e-06 1.5879546267037957e-05 1.978109566687291e-06 1.1313673703419057e-05 3.282136761244584e-05 0.0036966301853000646 0.0007603701790075689 0.0023527825628614596 1.1136583457473298e-06 1.1194803519951977e-06
51 1.0993362346376849e-06 1.084935021788144e-06 1.1603449493676348e-06 1.0802173831963726e-06 1.0824494289608133e-06 0.0876715522607002 1.068079436504954e-06 0.47892645145113266 1.0305739639697215e-06 0.058233572672502364 0.0004599030828797571 0.16788488098536253 1.1489971377854293e-06 0.00014111109656984581 0.00016801885056915724 0.00013493831967260672 3.601142884024228e-05 0.00331293661763519 8.86314729694397e-06 0.0009052459810233557 1.3155973257975104e-06 1.5879546267037957e-05 1.978109566687291e-06 1.1313673703419057e-05 3.282136761244584e-05 0.0036966301853000646 0.0007603701790075689 0.0023527825628614596 1.1136583457473298e-06 1.1194803519951977e-06
52 1.0993362346376849e-06 1.084935021788144e-06 1.1603449493676348e-06 1.0802173831963726e-06 1.0824494289608133e-06 0.0876715522607002 1.068079436504954e-06 0.47892645145113266 1.0305739639697215e-06 0.058233572672502364 0.0004599030828797571 0.16788488098536253 1.1489971377854293e-06 0.00014111109656984581 0.00016801885056915724 0.00013493831967260672 3.601142884024228e-05 0.00331293661763519 8.86314729694397e-06 0.0009052459810233557 1.3155973257975104e-06 1.5879546267037957e-05 1.978109566687291e-06 1.1313673703419057e-05 3.282136761244584e-05 0.0036966301853000646 0.0007603701790075689 0.0023527825628614596 1.1136583457473298e-06 1.1194803519951977e-06
53 1.0993362346376849e-06 1.084935021788144e-06 1.1603449493676348e-06 1.0802173831963726e-06 1.0824494289608133e-06 0.0876715522607002 1.068079436504954e-06 0.47892645145113266 1.0305739639697215e-06 0.058233572672502364 0.0004599030828797571 0.16788488098536253 1.1489971377854293e-06 0.00014111109656984581 0.00016801885056915724 0.00013493831967260672 3.601142884024228e-05 0.00331293661763519 8.86314729694397e-06 0.0009052459810233557 1.3155973257975104e-06 1.5879546267037957e-05 1.978109566687291e-06 1.1313673703419057e-05 3.282136761244584e-05 0.0036966301853000646 0.0007603701790075689 0.0023527825628614596 1.1136583457473298e-06 1.1194803519951977e-06
54 1.0993362346376849e-06 1.084935021788144e-06 1.1603449493676348e-06 1.0802173831963726e-06 1.0824494289608133e-06 0.0876715522607002 1.068079436504954e-06 0.47892645145113266 1.0305739639697215e-06 0.058233572672502364 0.0004599030828797571 0.16788488098536253 1.1489971377854293e-06 0.00014111109656984581 0.00016801885056915724 0.00013493831967260672 3.601142884024228e-05 0.00331293661763519 8.86314729694397e-06 0.0009052459810233557 1.3155973257975104e-06 1.5879546267037957e-05 1.978109566687291e-06 1.1313673703419057e-05 3.282136761244584e-05 0.0036966301853000646 0.0007603701790075689 0.0023527825628614596 1.1136583457473298e-06 1.1194803519951977e-06
55 1.0993362346376849e-06 1.084935021788144e-06 1.1603449493676348e-06 1.0802173831963726e-06 1.0824494289608133e-06 0.0876715522607002 1.068079436504954e-06 0.47892645145113266 1.0305739639697215e-06 0.058233572672502364 0.0004599030828797571 0.16788488098536253 1.1489971377854293e-06 0.00014111109656984581 0.00016801885056915724 0.00013493831967260672 3.601142884024228e-05 0.00331293661763519 8.86314729694397e-06 0.0009052459810233557 1.3155973257975104e-06 1.5879546267037957e-05 1.978109566687291e-06 1.1313673703419057e-05 3.282136761244584e-05 0.0036966301853000646 0.0007603701790075689 0.0023527825628614596 1.1136583457473298e-06 1.1194803519951977e-06
56 1.0993362346376849e-06 1.084935021788144e-06 1.1603449493676348e-06 1.0802173831963726e-06 1.0824494289608133e-06 0.0876715522607002 1.068079436504954e-06 0.47892645145113266 1.0305739639697215e-06 0.058233572672502364 0.0004599030828797571 0.16788488098536253 1.1489971377854293e-06 0.00014111109656984581 0.00016801885056915724 0.00013493831967260672 3.601142884024228e-05 0.00331293661763519 8.86314729694397e-06 0.0009052459810233557 1.3155973257975104e-06 1.5879546267037957e-05 1.978109566687291e-06 1.1313673703419057e-05 3.282136761244584e-05 0.0036966301853000646 0.0007603701790075689 0.0023527825628614596 1.1136583457473298e-06 1.1194803519951977e-06
57 1.0993362346376849e-06 1.084935021788144e-06 1.1603449493676348e-06 1.0802173831963726e-06 1.0824494289608133e-06 0.0876715522607002 1.068079436504954e-06 0.47892645145113266 1.0305739639697215e-06 0.058233572672502364 0.0004599030828797571 0.16788488098536253 1.1489971377854293e-06 0.00014111109656984581 0.00016801885056915724 0.00013493831967260672 3.601142884024228e-05 0.00331293661763519 8.86314729694397e-06 0.0009052459810233557 1.3155973257975104e-06 1.5879546267037957e-05 1.978109566687291e-06 1.1313673703419057e-05 3.282136761244584e-05 0.0036966301853000646 0.0007603701790075689 0.0023527825628614596 1.1136583457473298e-06 1.1194803519951977e-06
58 1.0993362346376849e-06 1.084935021788144e-06 1.1603449493676348e-06 1.0802173831963726e-06 1.0824494289608133e-06 0.0876715522607002 1.068079436504954e-06 0.47892645145113266 1.0305739639697215e-06 0.058233572672502364 0.0004599030828797571 0.16788488098536253 1.1489971377854293e-06 0.00014111109656984581 0.00016801885056915724 0.00013493831967260672 3.601142884024228e-05 0.00331293661763519 8.86314729694397e-06 0.0009052459810233557 1.3155973257975104e-06 1.5879546267037957e-05 1.978109566687291e-06 1.1313673703419057e-05 3.282136761244584e-05 0.0036966301853000646 0.0007603701790075689 0.0023527825628614596 1.1136583457473298e-06 1.1194803519951977e-06
59 1.0993362346376849e-06 1.084935021788144e-06 1.1603449493676348e-06 1.0802173831963726e-06 1.0824494289608133e-06 0.0876715522607002 1.068079436504954e-06 0.47892645145113266 1.0305739639697215e-06 0.058233572672502364 0.0004599030828797571 0.16788488098536253 1.1489971377854293e-06 0.00014111109656984581 0.00016801885056915724 0.00013493831967260672 3.601142884024228e-05 0.00331293661763519 8.86314729694397e-06 0.0009052459810233557 1.3155973257975104e-06 1.5879546267037957e-05 1.978109566687291e-06 1.1313673703419057e-05 3.282136761244584e-05 0.0036966301853000646 0.0007603701790075689 0.0023527825628614596 1.1136583457473298e-06 1.1194803519951977e-06
60 1.0993362346376849e-06 1.084935021788144e-06 1.1603449493676348e-06 1.0802173831963726e-06 1.0824494289608133e-06 0.0876715522607002 1.068079436504954e-06 0.47892645145113266 1.0305739639697215e-06 0.058233572672502364 0.0004599030828797571 0.16788488098536253 1.1489971377854293e-06 0.00014111109656984581 0.00016801885056915724 0.00013493831967260672 3.601142884024228e-05 0.00331293661763519 8.86314729694397e-06 0.0009052459810233557 1.3155973257975104e-06 1.5879546267037957e-05 1.978109566687291e-06 1.1313673703419057e-05 3.282136761244584e-05 0.0036966301853000646 0.0007603701790075689 0.0023527825628614596 1.1136583457473298e-06 1.1194803519951977e-06
61 1.0993362346376849e-06 1.084935021788144e-06 1.1603449493676348e-06 1.0802173831963726e-06 1.0824494289608133e-06 0.0876715522607002 1.068079436504954e-06 0.47892645145113266 1.0305739639697215e-06 0.058233572672502364 0.0004599030828797571 0.16788488098536253 1.1489971377854293e-06 0.00014111109656984581 0.00016801885056915724 0.00013493831967260672 3.601142884024228e-05 0.00331293661763519 8.86314729694397e-06 0.0009052459810233557 1.3155973257975104e-06 1.5879546267037957e-05 1.978109566687291e-06 1.1313673703419057e-05 3.282136761244584e-05 0.0036966301853000646 0.0007603701790075689 0.0023527825628614596 1.1136583457473298e-06 1.1194803519951977e-06
62 1.0993362346376849e-06 1.084935021788144e-06 1.1603449493676348e-06 1.0802173831963726e-06 1.0824494289608133e-06 0.0876715522607002 1.068079436504954e-06 0.47892645145113266 1.0305739639697215e-06 0.058233572672502364 0.0004599030828797571 0.16788488098536253 1.1489971377854293e-06 0.00014111109656984581 0.00016801885056915724 0.00013493831967260672 3.601142884024228e-05 0.00331293661763519 8.86314729694397e-06 0.0009052459810233557 1.3155973257975104e-06 1.5879546267037957e-05 1.978109566687291e-06 1.1313673703419057e-05 3.282136761244584e-05 0.0036966301853000646 0.0007603701790075689 0.0023527825628614596 1.1136583457473298e-06 1.1194803519951977e-06
63 1.0993362346376849e-06 1.084935021788144e-06 1.1603449493676348e-06 1.0802173831963726e-06 1.0824494289608133e-06 0.0876715522607002 1.068079436504954e-06 0.47892645145113266 1.0305739639697215e-06 0.058233572672502364 0.0004599030828797571 0.16788488098536253 1.1489971377854293e-06 0.00014111109656984581 0.00016801885056915724 0.00013493831967260672 3.601142884024228e-05 0.00331293661763519 8.86314729694397e-06 0.0009052459810233557 1.3155973257975104e-06 1.5879546267037957e-05 1.978109566687291e-06 1.1313673703419057e-05 3.282136761244584e-05 0.0036966301853000646 0.0007603701790075689 0.0023527825628614596 1.1136583457473298e-06 1.1194803519951977e-06
64 1.0993362346376849e-06 1.084935021788144e-06 1.1603449493676348e-06 1.0802173831963726e-06 1.0824494289608133e-06 0.0876715522607002 1.068079436504954e-06 0.47892645145113266 1.0305739639697215e-06 0.058233572672502364 0.0004599030828797571 0.16788488098536253 1.1489971377854293e-06 0.00014111109656984581 0.00016801885056915724 0.00013493831967260672 3.601142884024228e-05 0.00331293661763519 8.86314729694397e-06 0.0009052459810233557 1.3155973257975104e-06 1.5879546267037957e-05 1.978109566687291e-06 1.1313673703419057e-05 3.282136761244584e-05 0.0036966301853000646 0.0007603701790075689 0.0023527825628614596 1.1136583457473298e-06 1.1194803519951977e-06
65 1.0993362346376849e-06 1.084935021788144e-06 1.1603449493676348e-06 1.0802173831963726e-06 1.0824494289608133e-06 0.0876715522607002 1.068079436504954e-06 0.47892645145113266 1.0305739639697215e-06 0.058233572672502364 0.0004599030828797571 0.16788488098536253 1.1489971377854293e-06 0.00014111109656984581 0.00016801885056915724 0.00013493831967260672 3.601142884024228e-05 0.00331293661763519 8.86314729694397e-06 0.0009052459810233557 1.3155973257975104e-06 1.5879546267037957e-05 1.978109566687291e-06 1.1313673703419057e-05 3.282136761244584e-05 0.0036966301853000646 0.0007603701790075689 0.0023527825628614596 1.1136583457473298e-06 1.1194803519951977e-06
66 1.0993362346376849e-06 1.084935021788144e-06 1.1603449493676348e-06 1.0802173831963726e-06 1.0824494289608133e-06 0.0876715522607002 1.068079436504954e-06 0.47892645145113266 1.0305739639697215e-06 0.058233572672502364 0.0004599030828797571 0.16788488098536253 1.1489971377854293e-06 0.00014111109656984581 0.00016801885056915724 0.00013493831967260672 3.601142884024228e-05 0.00331293661763519 8.86314729694397e-06 0.0009052459810233557 1.3155973257975104e-06 1.5879546267037957e-05 1.978109566687291e-06 1.1313673703419057e-05 3.282136761244584e-05 0.0036966301853000646 0.0007603701790075689 0.0023527825628614596 1.1136583457473298e-06 1.1194803519951977e-06
67 1.0993362346376849e-06 1.084935021788144e-06 1.1603449493676348e-06 1.0802173831963726e-06 1.0824494289608133e-06 0.0876715522607002 1.068079436504954e-06 0.47892645145113266 1.0305739639697215e-06 0.058233572672502364 0.0004599030828797571 0.16788488098536253 1.1489971377854293e-06 0.00014111109656984581 0.00016801885056915724 0.00013493831967260672 3.601142884024228e-05 0.00331293661763519 8.86314729694397e-06 0.0009052459810233557 1.3155973257975104e-06 1.5879546267037957e-05 1.978109566687291e-06 1.1313673703419057e-05 3.282136761244584e-05 0.0036966301853000646 0.0007603701790075689 0.0023527825628614596 1.1136583457473298e-06 1.1194803519951977e-06
68 9.524783942724086e-07 9.394582885966904e-07 9.424419477301626e-07 9.816910478376803e-07 9.864310070759222e-07 0.07016838122950035 9.94781891375395e-07 0.45208096054131747 9.445811550269558e-07 0.05027287950167514 0.00040782838308992783 0.19179410085094634 9.315217115519103e-07 0.00011810803750185183 0.00014296479032046997 0.00012139861545834461 3.285745996654316e-05 0.0030568127156644703 7.909577851879323e-06 0.0008088800438817986 1.1327619708494469e-06 1.3601382962606758e-05 1.677939384893612e-06 9.776735002704168e-06 2.8604649727198993e-05 0.0034431529113826036 0.0005929995466479219 0.0016135742114059771 9.854794566302674e-07 1.0038877216995277e-06
69 9.524783942724086e-07 9.394582885966904e-07 9.424419477301626e-07 9.816910478376803e-07 9.864310070759222e-07 0.07016838122950035 9.94781891375395e-07 0.45208096054131747 9.445811550269558e-07 0.05027287950167514 0.00040782838308992783 0.19179410085094634 9.315217115519103e-07 0.00011810803750185183 0.00014296479032046997 0.00012139861545834461 3.285745996654316e-05 0.0030568127156644703 7.909577851879323e-06 0.0008088800438817986 1.1327619708494469e-06 1.3601382962606758e-05 1.677939384893612e-06 9.776735002704168e-06 2.8604649727198993e-05 0.0034431529113826036 0.0005929995466479219 0.0016135742114059771 9.854794566302674e-07 1.0038877216995277e-06
70 9.524783942724086e-07 9.394582885966904e-07 9.424419477301626e-07 9.816910478376803e-07 9.864310070759222e-07 0.07016838122950035 9.94781891375395e-07 0.45208096054131747 9.445811550269558e-07 0.05027287950167514 0.00040782838308992783 0.19179410085094634 9.315217115519103e-07 0.00011810803750185183 0.00014296479032046997 0.00012139861545834461 3.285745996654316e-05 0.0030568127156644703 7.909577851879323e-06 0.0008088800438817986 1.1327619708494469e-06 1.3601382962606758e-05 1.677939384893612e-06 9.776735002704168e-06 2.8604649727198993e-05 0.0034431529113826036 0.0005929995466479219 0.0016135742114059771 9.854794566302674e-07 1.0038877216995277e-06
71 9.524783942724086e-07 9.394582885966904e-07 9.424419477301626e-07 9.816910478376803e-07 9.864310070759222e-07 0.07016838122950035 9.94781891375395e-07 0.45208096054131747 9.445811550269558e-07 0.05027287950167514 0.00040782838308992783 0.19179410085094634 9.315217115519103e-07 0.00011810803750185183 0.00014296479032046997 0.00012139861545834461 3.285745996654316e-05 0.0030568127156644703 7.909577851879323e-06 0.0008088800438817986 1.1327619708494469e-06 1.3601382962606758e-05 1.677939384893612e-06 9.776735002704168e-06 2.8604649727198993e-05 0.0034431529113826036 0.0005929995466479219 0.0016135742114059771 9.854794566302674e-07 1.0038877216995277e-06
72 9.524783942724086e-07 9.394582885966904e-07 9.424419477301626e-07 9.816910478376803e-07 9.864310070759222e-07 0.07016838122950035 9.94781891375395e-07 0.45208096054131747 9.445811550269558e-07 0.05027287950167514 0.00040782838308992783 0.19179410085094634 9.315217115519103e-07 0.00011810803750185183 0.00014296479032046997 0.00012139861545834461 3.285745996654316e-05 0.0030568127156644703 7.909577851879323e-06 0.0008088800438817986 1.1327619708494469e-06 1.3601382962606758e-05 1.677939384893612e-06 9.776735002704168e-06 2.8604649727198993e-05 0.0034431529113826036 0.0005929995466479219 0.0016135742114059771 9.854794566302674e-07 1.0038877216995277e-06
73 9.524783942724086e-07 9.394582885966904e-07 9.424419477301626e-07 9.816910478376803e-07 9.864310070759222e-07 0.07016838122950035 9.94781891375395e-07 0.45208096054131747 9.445811550269558e-07 0.05027287950167514 0.00040782838308992783 0.19179410085094634 9.315217115519103e-07 0.00011810803750185183 0.00014296479032046997 0.00012139861545834461 3.285745996654316e-05 0.0030568127156644703 7.909577851879323e-06 0.0008088800438817986 1.1327619708494469e-06 1.3601382962606758e-05 1.677939384893612e-06 9.776735002704168e-06 2.8604649727198993e-05 0.0034431529113826036 0.0005929995466479219 0.0016135742114059771 9.854794566302674e-07 1.0038877216995277e-06
74 9.524783942724086e-07 9.394582885966904e-07 9.424419477301626e-07 9.816910478376803e-07 9.864310070759222e-07 0.07016838122950035 9.94781891375395e-07 0.45208096054131747 9.445811550269558e-07 0.05027287950167514 0.00040782838308992783 0.19179410085094634 9.315217115519103e-07 0.00011810803750185183 0.00014296479032046997 0.00012139861545834461 3.285745996654316e-05 0.0030568127156644703 7.909577851879323e-06 0.0008088800438817986 1.1327619708494469e-06 1.3601382962606758e-05 1.677939384893612e-06 9.776735002704168e-06 2.8604649727198993e-05 0.0034431529113826036 0.0005929995466479219 0.0016135742114059771 9.854794566302674e-07 1.0038877216995277e-06
75 9.524783942724086e-07 9.394582885966904e-07 9.424419477301626e-07 9.816910478376803e-07 9.864310070759222e-07 0.07016838122950035 9.94781891375395e-07 0.45208096054131747 9.445811550269558e-07 0.05027287950167514 0.00040782838308992783 0.19179410085094634 9.315217115519103e-07 0.00011810803750185183 0.00014296479032046997 0.00012139861545834461 3.285745996654316e-05 0.0030568127156644703 7.909577851879323e-06 0.0008088800438817986 1.1327619708494469e-06 1.3601382962606758e-05 1.677939384893612e-06 9.776735002704168e-06 2.8604649727198993e-05 0.0034431529113826036 0.0005929995466479219 0.0016135742114059771 9.854794566302674e-07 1.0038877216995277e-06
76 9.524783942724086e-07 9.394582885966904e-07 9.424419477301626e-07 9.816910478376803e-07 9.864310070759222e-07 0.07016838122950035 9.94781891375395e-07 0.45208096054131747 9.445811550269558e-07 0.05027287950167514 0.00040782838308992783 0.19179410085094634 9.315217115519103e-07 0.00011810803750185183 0.00014296479032046997 0.00012139861545834461 3.285745996654316e-05 0.0030568127156644703 7.909577851879323e-06 0.0008088800438817986 1.1327619708494469e-06 1.3601382962606758e-05 1.677939384893612e-06 9.776735002704168e-06 2.8604649727198993e-05 0.0034431529113826036 0.0005929995466479219 0.0016135742114059771 9.854794566302674e-07 1.0038877216995277e-06
77 9.524783942724086e-07 9.394582885966904e-07 9.424419477301626e-07 9.816910478376803e-07 9.864310070759222e-07 0.07016838122950035 9.94781891375395e-07 0.45208096054131747 9.445811550269558e-07 0.05027287950167514 0.00040782838308992783 0.19179410085094634 9.315217115519103e-07 0.00011810803750185183 0.00014296479032046997 0.00012139861545834461 3.285745996654316e-05 0.0030568127156644703 7.909577851879323e-06 0.0008088800438817986 1.1327619708494469e-06 1.3601382962606758e-05 1.677939384893612e-06 9.776735002704168e-06 2.8604649727198993e-05 0.0034431529113826036 0.0005929995466479219 0.0016135742114059771 9.854794566302674e-07 1.0038877216995277e-06
78 9.524783942724086e-07 9.394582885966904e-07 9.424419477301626e-07 9.816910478376803e-07 9.864310070759222e-07 0.07016838122950035 9.94781891375395e-07 0.45208096054131747 9.445811550269558e-07 0.05027287950167514 0.00040782838308992783 0.19179410085094634 9.315217115519103e-07 0.00011810803750185183 0.00014296479032046997 0.00012139861545834461 3.285745996654316e-05 0.0030568127156644703 7.909577851879323e-06 0.0008088800438817986 1.1327619708494469e-06 1.3601382962606758e-05 1.677939384893612e-06 9.776735002704168e-06 2.8604649727198993e-05 0.0034431529113826036 0.0005929995466479219 0.0016135742114059771 9.854794566302674e-07 1.0038877216995277e-06
79 9.524783942724086e-07 9.394582885966904e-07 9.424419477301626e-07 9.816910478376803e-07 9.864310070759222e-07 0.07016838122950035 9.94781891375395e-07 0.45208096054131747 9.445811550269558e-07 0.05027287950167514 0.00040782838308992783 0.19179410085094634 9.315217115519103e-07 0.00011810803750185183 0.00014296479032046997 0.00012139861545834461 3.285745996654316e-05 0.0030568127156644703 7.909577851879323e-06 0.0008088800438817986 1.1327619708494469e-06 1.3601382962606758e-05 1.677939384893612e-06 9.776735002704168e-06 2.8604649727198993e-05 0.0034431529113826036 0.0005929995466479219 0.0016135742114059771 9.854794566302674e-07 1.0038877216995277e-06
80 9.524783942724086e-07 9.394582885966904e-07 9.424419477301626e-07 9.816910478376803e-07 9.864310070759222e-07 0.07016838122950035 9.94781891375395e-07 0.45208096054131747 9.445811550269558e-07 0.05027287950167514 0.00040782838308992783 0.19179410085094634 9.315217115519103e-07 0.00011810803750185183 0.00014296479032046997 0.00012139861545834461 3.285745996654316e-05 0.0030568127156644703 7.909577851879323e-06 0.0008088800438817986 1.1327619708494469e-06 1.3601382962606758e-05 1.677939384893612e-06 9.776735002704168e-06 2.8604649727198993e-05 0.0034431529113826036 0.0005929995466479219 0.0016135742114059771 9.854794566302674e-07 1.0038877216995277e-06
81 9.524783942724086e-07 9.394582885966904e-07 9.424419477301626e-07 9.816910478376803e-07 9.864310070759222e-07 0.07016838122950035 9.94781891375395e-07 0.45208096054131747 9.445811550269558e-07 0.05027287950167514 0.00040782838308992783 0.19179410085094634 9.315217115519103e-07 0.00011810803750185183 0.00014296479032046997 0.00012139861545834461 3.285745996654316e-05 0.0030568127156644703 7.909577851879323e-06 0.0008088800438817986 1.1327619708494469e-06 1.3601382962606758e-05 1.677939384893612e-06 9.776735002704168e-06 2.8604649727198993e-05 0.0034431529113826036 0.0005929995466479219 0.0016135742114059771 9.854794566302674e-07 1.0038877216995277e-06
82 9.524783942724086e-07 9.394582885966904e-07 9.424419477301626e-07 9.816910478376803e-07 9.864310070759222e-07 0.07016838122950035 9.94781891375395e-07 0.45208096054131747 9.445811550269558e-07 0.05027287950167514 0.00040782838308992783 0.19179410085094634 9.315217115519103e-07 0.00011810803750185183 0.00014296479032046997 0.00012139861545834461 3.285745996654316e-05 0.0030568127156644703 7.909577851879323e-06 0.0008088800438817986 1.1327619708494469e-06 1.3601382962606758e-05 1.677939384893612e-06 9.776735002704168e-06 2.8604649727198993e-05 0.0034431529113826036 0.0005929995466479219 0.0016135742114059771 9.854794566302674e-07 1.0038877216995277e-06
83 9.524783942724086e-07 9.394582885966904e-07 9.424419477301626e-07 9.816910478376803e-07 9.864310070759222e-07 0.07016838122950035 9.94781891375395e-07 0.45208096054131747 9.445811550269558e-07 0.05027287950167514 0.00040782838308992783 0.19179410085094634 9.315217115519103e-07 0.00011810803750185183 0.00014296479032046997 0.00012139861545834461 3.285745996654316e-05 0.0030568127156644703 7.909577851879323e-06 0.0008088800438817986 1.1327619708494469e-06 1.3601382962606758e-05 1.677939384893612e-06 9.776735002704168e-06 2.8604649727198993e-05 0.0034431529113826036 0.0005929995466479219 0.0016135742114059771 9.854794566302674e-07 1.0038877216995277e-06
84 9.524783942724086e-07 9.394582885966904e-07 9.424419477301626e-07 9.816910478376803e-07 9.864310070759222e-07 0.07016838122950035 9.94781891375395e-07 0.45208096054131747 9.445811550269558e-07 0.05027287950167514 0.00040782838308992783 0.19179410085094634 9.315217115519103e-07 0.00011810803750185183 0.00014296479032046997 0.00012139861545834461 3.285745996654316e-05 0.0030568127156644703 7.909577851879323e-06 0.0008088800438817986 1.1327619708494469e-06 1.3601382962606758e-05 1.677939384893612e-06 9.776735002704168e-06 2.8604649727198993e-05 0.0034431529113826036 0.0005929995466479219 0.0016135742114059771 9.854794566302674e-07 1.0038877216995277e-06
85 9.524783942724086e-07 9.394582885966904e-07 9.424419477301626e-07 9.816910478376803e-07 9.864310070759222e-07 0.07016838122950035 9.94781891375395e-07 0.45208096054131747 9.445811550269558e-07 0.05027287950167514 0.00040782838308992783 0.19179410085094634 9.315217115519103e-07 0.00011810803750185183 0.00014296479032046997 0.00012139861545834461 3.285745996654316e-05 0.0030568127156644703 7.909577851879323e-06 0.0008088800438817986 1.1327619708494469e-06 1.3601382962606758e-05 1.677939384893612e-06 9.776735002704168e-06 2.8604649727198993e-05 0.0034431529113826036 0.0005929995466479219 0.0016135742114059771 9.854794566302674e-07 1.0038877216995277e-06
86 9.524783942724086e-07 9.394582885966904e-07 9.424419477301626e-07 9.816910478376803e-07 9.864310070759222e-07 0.07016838122950035 9.94781891375395e-07 0.45208096054131747 9.445811550269558e-07 0.05027287950167514 0.00040782838308992783 0.19179410085094634 9.315217115519103e-07 0.00011810803750185183 0.00014296479032046997 0.00012139861545834461 3.285745996654316e-05 0.0030568127156644703 7.909577851879323e-06 0.0008088800438817986 1.1327619708494469e-06 1.3601382962606758e-05 1.677939384893612e-06 9.776735002704168e-06 2.8604649727198993e-05 0.0034431529113826036 0.0005929995466479219 0.0016135742114059771 9.854794566302674e-07 1.0038877216995277e-06
87 9.524783942724086e-07 9.394582885966904e-07 9.424419477301626e-07 9.816910478376803e-07 9.864310070759222e-07 0.07016838122950035 9.94781891375395e-07 0.45208096054131747 9.445811550269558e-07 0.05027287950167514 0.00040782838308992783 0.19179410085094634 9.315217115519103e-07 0.00011810803750185183 0.00014296479032046997 0.00012139861545834461 3.285745996654316e-05 0.0030568127156644703 7.909577851879323e-06 0.0008088800438817986 1.1327619708494469e-06 1.3601382962606758e-05 1.677939384893612e-06 9.776735002704168e-06 2.8604649727198993e-05 0.0034431529113826036 0.0005929995466479219 0.0016135742114059771 9.854794566302674e-07 1.0038877216995277e-06
88 9.524783942724086e-07 9.394582885966904e-07 9.424419477301626e-07 9.816910478376803e-07 9.864310070759222e-07 0.07016838122950035 9.94781891375395e-07 0.45208096054131747 9.445811550269558e-07 0.05027287950167514 0.00040782838308992783 0.19179410085094634 9.315217115519103e-07 0.00011810803750185183 0.00014296479032046997 0.00012139861545834461 3.285745996654316e-05 0.0030568127156644703 7.909577851879323e-06 0.0008088800438817986 1.1327619708494469e-06 1.3601382962606758e-05 1.677939384893612e-06 9.776735002704168e-06 2.8604649727198993e-05 0.0034431529113826036 0.0005929995466479219 0.0016135742114059771 9.854794566302674e-07 1.0038877216995277e-06
89 9.524783942724086e-07 9.394582885966904e-07 9.424419477301626e-07 9.816910478376803e-07 9.864310070759222e-07 0.07016838122950035 9.94781891375395e-07 0.45208096054131747 9.445811550269558e-07 0.05027287950167514 0.00040782838308992783 0.19179410085094634 9.315217115519103e-07 0.00011810803750185183 0.00014296479032046997 0.00012139861545834461 3.285745996654316e-05 0.0030568127156644703 7.909577851879323e-06 0.0008088800438817986 1.1327619708494469e-06 1.3601382962606758e-05 1.677939384893612e-06 9.776735002704168e-06 2.8604649727198993e-05 0.0034431529113826036 0.0005929995466479219 0.0016135742114059771 9.854794566302674e-07 1.0038877216995277e-06
90 9.524783942724086e-07 9.394582885966904e-07 9.424419477301626e-07 9.816910478376803e-07 9.864310070759222e-07 0.07016838122950035 9.94781891375395e-07 0.45208096054131747 9.445811550269558e-07 0.05027287950167514 0.00040782838308992783 0.19179410085094634 9.315217115519103e-07 0.00011810803750185183 0.00014296479032046997 0.00012139861545834461 3.285745996654316e-05 0.0030568127156644703 7.909577851879323e-06 0.0008088800438817986 1.1327619708494469e-06 1.3601382962606758e-05 1.677939384893612e-06 9.776735002704168e-06 2.8604649727198993e-05 0.0034431529113826036 0.0005929995466479219 0.0016135742114059771 9.854794566302674e-07 1.0038877216995277e-06
91 9.524783942724086e-07 9.394582885966904e-07 9.424419477301626e-07 9.816910478376803e-07 9.864310070759222e-07 0.07016838122950035 9.94781891375395e-07 0.45208096054131747 9.445811550269558e-07 0.05027287950167514 0.00040782838308992783 0.19179410085094634 9.315217115519103e-07 0.00011810803750185183 0.00014296479032046997 0.00012139861545834461 3.285745996654316e-05 0.0030568127156644703 7.909577851879323e-06 0.0008088800438817986 1.1327619708494469e-06 1.3601382962606758e-05 1.677939384893612e-06 9.776735002704168e-06 2.8604649727198993e-05 0.0034431529113826036 0.0005929995466479219 0.0016135742114059771 9.854794566302674e-07 1.0038877216995277e-06
92 9.524783942724086e-07 9.394582885966904e-07 9.424419477301626e-07 9.816910478376803e-07 9.864310070759222e-07 0.07016838122950035 9.94781891375395e-07 0.45208096054131747 9.445811550269558e-07 0.05027287950167514 0.00040782838308992783 0.19179410085094634 9.315217115519103e-07 0.00011810803750185183 0.00014296479032046997 0.00012139861545834461 3.285745996654316e-05 0.0030568127156644703 7.909577851879323e-06 0.0008088800438817986 1.1327619708494469e-06 1.3601382962606758e-05 1.677939384893612e-06 9.776735002704168e-06 2.8604649727198993e-05 0.0034431529113826036 0.0005929995466479219 0.0016135742114059771 9.854794566302674e-07 1.0038877216995277e-06
93 9.524783942724086e-07 9.394582885966904e-07 9.424419477301626e-07 9.816910478376803e-07 9.864310070759222e-07 0.07016838122950035 9.94781891375395e-07 0.45208096054131747 9.445811550269558e-07 0.05027287950167514 0.00040782838308992783 0.19179410085094634 9.315217115519103e-07 0.00011810803750185183 0.00014296479032046997 0.00012139861545834461 3.285745996654316e-05 0.0030568127156644703 7.909577851879323e-06 0.0008088800438817986 1.1327619708494469e-06 1.3601382962606758e-05 1.677939384893612e-06 9.776735002704168e-06 2.8604649727198993e-05 0.0034431529113826036 0.0005929995466479219 0.0016135742114059771 9.854794566302674e-07 1.0038877216995277e-06
94 9.524783942724086e-07 9.394582885966904e-07 9.424419477301626e-07 9.816910478376803e-07 9.864310070759222e-07 0.07016838122950035 9.94781891375395e-07 0.45208096054131747 9.445811550269558e-07 0.05027287950167514 0.00040782838308992783 0.19179410085094634 9.315217115519103e-07 0.00011810803750185183 0.00014296479032046997 0.00012139861545834461 3.285745996654316e-05 0.0030568127156644703 7.909577851879323e-06 0.0008088800438817986 1.1327619708494469e-06 1.3601382962606758e-05 1.677939384893612e-06 9.776735002704168e-06 2.8604649727198993e-05 0.0034431529113826036 0.0005929995466479219 0.0016135742114059771 9.854794566302674e-07 1.0038877216995277e-06
95 9.524783942724086e-07 9.394582885966904e-07 9.424419477301626e-07 9.816910478376803e-07 9.864310070759222e-07 0.07016838122950035 9.94781891375395e-07 0.45208096054131747 9.445811550269558e-07 0.05027287950167514 0.00040782838308992783 0.19179410085094634 9.315217115519103e-07 0.00011810803750185183 0.00014296479032046997 0.00012139861545834461 3.285745996654316e-05 0.0030568127156644703 7.909577851879323e-06 0.0008088800438817986 1.1327619708494469e-06 1.3601382962606758e-05 1.677939384893612e-06 9.776735002704168e-06 2.8604649727198993e-05 0.0034431529113826036 0.0005929995466479219 0.0016135742114059771 9.854794566302674e-07 1.0038877216995277e-06
96 9.524783942724086e-07 9.394582885966904e-07 9.424419477301626e-07 9.816910478376803e-07 9.864310070759222e-07 0.07016838122950035 9.94781891375395e-07 0.45208096054131747 9.445811550269558e-07 0.05027287950167514 0.00040782838308992783 0.19179410085094634 9.315217115519103e-07 0.00011810803750185183 0.00014296479032046997 0.00012139861545834461 3.285745996654316e-05 0.0030568127156644703 7.909577851879323e-06 0.0008088800438817986 1.1327619708494469e-06 1.3601382962606758e-05 1.677939384893612e-06 9.776735002704168e-06 2.8604649727198993e-05 0.0034431529113826036 0.0005929995466479219 0.0016135742114059771 9.854794566302674e-07 1.0038877216995277e-06
97 9.524783942724086e-07 9.394582885966904e-07 9.424419477301626e-07 9.816910478376803e-07 9.864310070759222e-07 0.07016838122950035 9.94781891375395e-07 0.45208096054131747 9.445811550269558e-07 0.05027287950167514 0.00040782838308992783 0.19179410085094634 9.315217115519103e-07 0.00011810803750185183 0.00014296479032046997 0.00012139861545834461 3.285745996654316e-05 0.0030568127156644703 7.909577851879323e-06 0.0008088800438817986 1.1327619708494469e-06 1.3601382962606758e-05 1.677939384893612e-06 9.776735002704168e-06 2.8604649727198993e-05 0.0034431529113826036 0.0005929995466479219 0.0016135742114059771 9.854794566302674e-07 1.0038877216995277e-06
98 9.524783942724086e-07 9.394582885966904e-07 9.424419477301626e-07 9.816910478376803e-07 9.864310070759222e-07 0.07016838122950035 9.94781891375395e-07 0.45208096054131747 9.445811550269558e-07 0.05027287950167514 0.00040782838308992783 0.19179410085094634 9.315217115519103e-07 0.00011810803750185183 0.00014296479032046997 0.00012139861545834461 3.285745996654316e-05 0.0030568127156644703 7.909577851879323e-06 0.0008088800438817986 1.1327619708494469e-06 1.3601382962606758e-05 1.677939384893612e-06 9.776735002704168e-06 2.8604649727198993e-05 0.0034431529113826036 0.0005929995466479219 0.0016135742114059771 9.854794566302674e-07 1.0038877216995277e-06
99 9.524783942724086e-07 9.394582885966904e-07 9.424419477301626e-07 9.816910478376803e-07 9.864310070759222e-07 0.07016838122950035 9.94781891375395e-07 0.45208096054131747 9.445811550269558e-07 0.05027287950167514 0.00040782838308992783 0.19179410085094634 9.315217115519103e-07 0.00011810803750185183 0.00014296479032046997 0.00012139861545834461 3.285745996654316e-05 0.0030568127156644703 7.909577851879323e-06 0.0008088800438817986 1.1327619708494469e-06 1.3601382962606758e-05 1.677939384893612e-06 9.776735002704168e-06 2.8604649727198993e-05 0.0034431529113826036 0.0005929995466479219 0.0016135742114059771 9.854794566302674e-07 1.0038877216995277e-06
100 9.524783942724086e-07 9.394582885966904e-07 9.424419477301626e-07 9.816910478376803e-07 9.864310070759222e-07 0.07016838122950035 9.94781891375395e-07 0.45208096054131747 9.445811550269558e-07 0.05027287950167514 0.00040782838308992783 0.19179410085094634 9.315217115519103e-07 0.00011810803750185183 0.00014296479032046997 0.00012139861545834461 3.285745996654316e-05 0.0030568127156644703 7.909577851879323e-06 0.0008088800438817986 1.1327619708494469e-06 1.3601382962606758e-05 1.677939384893612e-06 9.776735002704168e-06 2.8604649727198993e-05 0.0034431529113826036 0.0005929995466479219 0.0016135742114059771 9.854794566302674e-07 1.0038877216995277e-06
101 9.524783942724086e-07 9.394582885966904e-07 9.424419477301626e-07 9.816910478376803e-07 9.864310070759222e-07 0.07016838122950035 9.94781891375395e-07 0.45208096054131747 9.445811550269558e-07 0.05027287950167514 0.00040782838308992783 0.19179410085094634 9.315217115519103e-07 0.00011810803750185183 0.00014296479032046997 0.00012139861545834461 3.285745996654316e-05 0.0030568127156644703 7.909577851879323e-06 0.0008088800438817986 1.1327619708494469e-06 1.3601382962606758e-05 1.677939384893612e-06 9.776735002704168e-06 2.8604649727198993e-05 0.0034431529113826036 0.0005929995466479219 0.0016135742114059771 9.854794566302674e-07 1.0038877216995277e-06
102 9.524783942724086e-07 9.394582885966904e-07 9.424419477301626e-07 9.816910478376803e-07 9.864310070759222e-07 0.07016838122950035 9.94781891375395e-07 0.45208096054131747 9.445811550269558e-07 0.05027287950167514 0.00040782838308992783 0.19179410085094634 9.315217115519103e-07 0.00011810803750185183 0.00014296479032046997 0.00012139861545834461 3.285745996654316e-05 0.0030568127156644703 7.909577851879323e-06 0.0008088800438817986 1.1327619708494469e-06 1.3601382962606758e-05 1.677939384893612e-06 9.776735002704168e-06 2.8604649727198993e-05 0.0034431529113826036 0.0005929995466479219 0.0016135742114059771 9.854794566302674e-07 1.0038877216995277e-06
103 9.524783942724086e-07 9.394582885966904e-07 9.424419477301626e-07 9.816910478376803e-07 9.864310070759222e-07 0.07016838122950035 9.94781891375395e-07 0.45208096054131747 9.445811550269558e-07 0.05027287950167514 0.00040782838308992783 0.19179410085094634 9.315217115519103e-07 0.00011810803750185183 0.00014296479032046997 0.00012139861545834461 3.285745996654316e-05 0.0030568127156644703 7.909577851879323e-06 0.0008088800438817986 1.1327619708494469e-06 1.3601382962606758e-05 1.677939384893612e-06 9.776735002704168e-06 2.8604649727198993e-05 0.0034431529113826036 0.0005929995466479219 0.0016135742114059771 9.854794566302674e-07 1.0038877216995277e-06
104 9.524783942724086e-07 9.394582885966904e-07 9.424419477301626e-07 9.816910478376803e-07 9.864310070759222e-07 0.07016838122950035 9.94781891375395e-07 0.45208096054131747 9.445811550269558e-07 0.05027287950167514 0.00040782838308992783 0.19179410085094634 9.315217115519103e-07 0.00011810803750185183 0.00014296479032046997 0.00012139861545834461 3.285745996654316e-05 0.0030568127156644703 7.909577851879323e-06 0.0008088800438817986 1.1327619708494469e-06 1.3601382962606758e-05 1.677939384893612e-06 9.776735002704168e-06 2.8604649727198993e-05 0.0034431529113826036 0.0005929995466479219 0.0016135742114059771 9.854794566302674e-07 1.0038877216995277e-06
105 9.524783942724086e-07 9.394582885966904e-07 9.424419477301626e-07 9.816910478376803e-07 9.864310070759222e-07 0.07016838122950035 9.94781891375395e-07 0.45208096054131747 9.445811550269558e-07 0.05027287950167514 0.00040782838308992783 0.19179410085094634 9.315217115519103e-07 0.00011810803750185183 0.00014296479032046997 0.00012139861545834461 3.285745996654316e-05 0.0030568127156644703 7.909577851879323e-06 0.0008088800438817986 1.1327619708494469e-06 1.3601382962606758e-05 1.677939384893612e-06 9.776735002704168e-06 2.8604649727198993e-05 0.0034431529113826036 0.0005929995466479219 0.0016135742114059771 9.854794566302674e-07 1.0038877216995277e-06
106 9.524783942724086e-07 9.394582885966904e-07 9.424419477301626e-07 9.816910478376803e-07 9.864310070759222e-07 0.07016838122950035 9.94781891375395e-07 0.45208096054131747 9.445811550269558e-07 0.05027287950167514 0.00040782838308992783 0.19179410085094634 9.315217115519103e-07 0.00011810803750185183 0.00014296479032046997 0.00012139861545834461 3.285745996654316e-05 0.0030568127156644703 7.909577851879323e-06 0.0008088800438817986 1.1327619708494469e-06 1.3601382962606758e-05 1.677939384893612e-06 9.776735002704168e-06 2.8604649727198993e-05 0.0034431529113826036 0.0005929995466479219 0.0016135742114059771 9.854794566302674e-07 1.0038877216995277e-06
107 9.524783942724086e-07 9.394582885966904e-07 9.424419477301626e-07 9.816910478376803e-07 9.864310070759222e-07 0.07016838122950035 9.94781891375395e-07 0.45208096054131747 9.445811550269558e-07 0.05027287950167514 0.00040782838308992783 0.19179410085094634 9.315217115519103e-07 0.00011810803750185183 0.00014296479032046997 0.00012139861545834461 3.285745996654316e-05 0.0030568127156644703 7.909577851879323e-06 0.0008088800438817986 1.1327619708494469e-06 1.3601382962606758e-05 1.677939384893612e-06 9.776735002704168e-06 2.8604649727198993e-05 0.0034431529113826036 0.0005929995466479219 0.0016135742114059771 9.854794566302674e-07 1.0038877216995277e-06
108 9.524783942724086e-07 9.394582885966904e-07 9.424419477301626e-07 9.816910478376803e-07 9.864310070759222e-07 0.07016838122950035 9.94781891375395e-07 0.45208096054131747 9.445811550269558e-07 0.05027287950167514 0.00040782838308992783 0.19179410085094634 9.315217115519103e-07 0.00011810803750185183 0.00014296479032046997 0.00012139861545834461 3.285745996654316e-05 0.0030568127156644703 7.909577851879323e-06 0.0008088800438817986 1.1327619708494469e-06 1.3601382962606758e-05 1.677939384893612e-06 9.776735002704168e-06 2.8604649727198993e-05 0.0034431529113826036 0.0005929995466479219 0.0016135742114059771 9.854794566302674e-07 1.0038877216995277e-06
