# index Z=1 - Z=30
0 3.245980177399791e-07 0.004041983743887118 2.443371596534259e-07 3.260661113008282e-07 2.280371075278757e-07 7.204487183792437e-07 2.664810508177623e-07 0.0015469397193427921 3.6637492547261155e-07 3.049108095566554e-07 2.6068168263483064e-07 2.888306592212524e-05 3.0818330531765786e-07 0.004437597353907526 7.098790642194682e-07 2.7783112600306417e-05 3.924495680728579e-07 0.003142999091245517 3.640284211323937e-07 0.006299490698235931 2.522724203154766e-07 4.6021727174523875e-05 0.0001295875064738551 7.14614944087002e-06 0.0025012459848842645 0.10818194186499011 0.04126448093051085 0.6656327890118738 2.3827790794375388e-07 2.692059815525081e-07
1 3.245980177399791e-07 0.004041983743887118 2.443371596534259e-07 3.260661113008282e-07 2.280371075278757e-07 7.204487183792437e-07 2.664810508177623e-07 0.0015469397193427921 3.6637492547261155e-07 3.049108095566554e-07 2.6068168263483064e-07 2.888306592212524e-05 3.0818330531765786e-07 0.004437597353907526 7.098790642194682e-07 2.7783112600306417e-05 3.924495680728579e-07 0.003142999091245517 3.640284211323937e-07 0.006299490698235931 2.522724203154766e-07 4.6021727174523875e-05 0.0001295875064738551 7.14614944087002e-06 0.0025012459848842645 0.10818194186499011 0.04126448093051085 0.6656327890118738 2.3827790794375388e-07 2.692059815525081e-07
2 3.245980177399791e-07 0.004041983743887118 2.443371596534259e-07 3.260661113008282e-07 2.280371075278757e-07 7.204487183792437e-07 2.664810508177623e-07 0.0015469397193427921 3.6637492547261155e-07 3.049108095566554e-07 2.6068168263483064e-07 2.888306592212524e-05 3.0818330531765786e-07 0.004437597353907526 7.098790642194682e-07 2.7783112600306417e-05 3.924495680728579e-07 0.003142999091245517 3.640284211323937e-07 0.006299490698235931 2.522724203154766e-07 4.6021727174523875e-05 0.0001295875064738551 7.14614944087002e-06 0.0025012459848842645 0.10818194186499011 0.04126448093051085 0.6656327890118738 2.3827790794375388e-07 2.692059815525081e-07
3 3.245980177399791e-07 0.004041983743887118 2.443371596534259e-07 3.260661113008282e-07 2.280371075278757e-07 7.204487183792437e-07 2.664810508177623e-07 0.0015469397193427921 3.6637492547261155e-07 3.049108095566554e-07 2.6068168263483064e-07 2.888306592212524e-05 3.0818330531765786e-07 0.004437597353907526 7.098790642194682e-07 2.7783112600306417e-05 3.924495680728579e-07 0.003142999091245517 3.640284211323937e-07 0.006299490698235931 2.522724203154766e-07 4.6021727174523875e-05 0.0001295875064738551 7.14614944087002e-06 0.0025012459848842645 0.10818194186499011 0.04126448093051085 0.6656327890118738 2.3827790794375388e-07 2.692059815525081e-07
4 3.245980177399791e-07 0.004041983743887118 2.443371596534259e-07 3.260661113008282e-07 2.280371075278757e-07 7.204487183792437e-07 2.664810508177623e-07 0.0015469397193427921 3.6637492547261155e-07 3.049108095566554e-07 2.6068168263483064e-07 2.888306592212524e-05 3.0818330531765786e-07 0.004437597353907526 7.098790642194682e-07 2.7783112600306417e-05 3.924495680728579e-07 0.003142999091245517 3.640284211323937e-07 0.006299490698235931 2.522724203154766e-07 4.6021727174523875e-05 0.0001295875064738551 7.14614944087002e-06 0.0025012459848842645 0.10818194186499011 0.04126448093051085 0.6656327890118738 2.3827790794375388e-07 2.692059815525081e-07
5 3.245980177399791e-07 0.004041983743887118 2.443371596534259e-07 3.260661113008282e-07 2.280371075278757e-07 7.204487183792437e-07 2.664810508177623e-07 0.0015469397193427921 3.6637492547261155e-07 3.049108095566554e-07 2.6068168263483064e-07 2.888306592212524e-05 3.0818330531765786e-07 0.004437597353907526 7.098790642194682e-07 2.7783112600306417e-05 3.924495680728579e-07 0.003142999091245517 3.640284211323937e-07 0.006299490698235931 2.522724203154766e-07 4.6021727174523875e-05 0.0001295875064738551 7.14614944087002e-06 0.0025012459848842645 0.10818194186499011 0.04126448093051085 0.6656327890118738 2.3827790794375388e-07 2.692059815525081e-07
6 3.245980177399791e-07 0.004041983743887118 2.443371596534259e-07 3.260661113008282e-07 2.280371075278757e-07 7.204487183792437e-07 2.664810508177623e-07 0.0015469397193427921 3.6637492547261155e-07 3.049108095566554e-07 2.6068168263483064e-07 2.888306592212524e-05 3.0818330531765786e-07 0.004437597353907526 7.098790642194682e-07 2.7783112600306417e-05 3.924495680728579e-07 0.003142999091245517 3.640284211323937e-07 0.006299490698235931 2.522724203154766e-07 4.6021727174523875e-05 0.0001295875064738551 7.14614944087002e-06 0.0025012459848842645 0.10818194186499011 0.04126448093051085 0.6656327890118738 2.3827790794375388e-07 2.692059815525081e-07
7 3.245980177399791e-07 0.004041983743887118 2.443371596534259e-07 3.260661113008282e-07 2.280371075278757e-07 7.204487183792437e-07 2.664810508177623e-07 0.0015469397193427921 3.6637492547261155e-07 3.049108095566554e-07 2.6068168263483064e-07 2.888306592212524e-05 3.0818330531765786e-07 0.004437597353907526 7.098790642194682e-07 2.7783112600306417e-05 3.924495680728579e-07 0.003142999091245517 3.640284211323937e-07 0.006299490698235931 2.522724203154766e-07 4.6021727174523875e-05 0.0001295875064738551 7.14614944087002e-06 0.0025012459848842645 0.10818194186499011 0.04126448093051085 0.6656327890118738 2.3827790794375388e-07 2.692059815525081e-07
8 3.245980177399791e-07 0.004041983743887118 2.443371596534259e-07 3.260661113008282e-07 2.280371075278757e-07 7.204487183792437e-07 2.664810508177623e-07 0.0015469397193427921 3.6637492547261155e-07 3.049108095566554e-07 2.6068168263483064e-07 2.888306592212524e-05 3.0818330531765786e-07 0.004437597353907526 7.098790642194682e-07 2.7783112600306417e-05 3.924495680728579e-07 0.003142999091245517 3.640284211323937e-07 0.006299490698235931 2.522724203154766e-07 4.6021727174523875e-05 0.0001295875064738551 7.14614944087002e-06 0.0025012459848842645 0.10818194186499011 0.04126448093051085 0.6656327890118738 2.3827790794375388e-07 2.692059815525081e-07
9 3.245980177399791e-07 0.004041983743887118 2.443371596534259e-07 3.260661113008282e-07 2.280371075278757e-07 7.204487183792437e-07 2.664810508177623e-07 0.0015469397193427921 3.6637492547261155e-07 3.049108095566554e-07 2.6068168263483064e-07 2.888306592212524e-05 3.0818330531765786e-07 0.004437597353907526 7.098790642194682e-07 2.7783112600306417e-05 3.924495680728579e-07 0.003142999091245517 3.640284211323937e-07 0.006299490698235931 2.522724203154766e-07 4.6021727174523875e-05 0.0001295875064738551 7.14614944087002e-06 0.0025012459848842645 0.10818194186499011 0.04126448093051085 0.6656327890118738 2.3827790794375388e-07 2.692059815525081e-07
10 3.245980177399791e-07 0.004041983743887118 2.443371596534259e-07 3.260661113008282e-07 2.280371075278757e-07 7.204487183792437e-07 2.664810508177623e-07 0.0015469397193427921 3.6637492547261155e-07 3.049108095566554e-07 2.6068168263483064e-07 2.888306592212524e-05 3.0818330531765786e-07 0.004437597353907526 7.098790642194682e-07 2.7783112600306417e-05 3.924495680728579e-07 0.003142999091245517 3.640284211323937e-07 0.006299490698235931 2.522724203154766e-07 4.6021727174523875e-05 0.0001295875064738551 7.14614944087002e-06 0.0025012459848842645 0.10818194186499011 0.04126448093051085 0.6656327890118738 2.3827790794375388e-07 2.692059815525081e-07
11 3.245980177399791e-07 0.004041983743887118 2.443371596534259e-07 3.260661113008282e-07 2.280371075278757e-07 7.204487183792437e-07 2.664810508177623e-07 0.0015469397193427921 3.6637492547261155e-07 3.049108095566554e-07 2.6068168263483064e-07 2.888306592212524e-05 3.0818330531765786e-07 0.004437597353907526 7.098790642194682e-07 2.7783112600306417e-05 3.924495680728579e-07 0.003142999091245517 3.640284211323937e-07 0.006299490698235931 2.522724203154766e-07 4.6021727174523875e-05 0.0001295875064738551 7.14614944087002e-06 0.0025012459848842645 0.10818194186499011 0.04126448093051085 0.6656327890118738 2.3827790794375388e-07 2.692059815525081e-07
12 5.158330391288283e-07 0.002544703951838448 4.861272151811655e-07 5.1699936456196e-07 5.089549518628243e-07 1.0703933438548227e-06 5.500512745653635e-07 0.0028646954408203993 5.516407031920257e-07 5.416293409635194e-07 5.741401842483183e-07 0.0013603660550007136 4.876796911217834e-07 0.008472999223286976 3.582894561971654e-06 0.0004430667057646885 1.3585562396685735e-06 0.008460375165202639 8.791957863080833e-07 0.01196249067814751 4.828986713001789e-07 8.60423790419203e-05 0.0004984844608389037 1.5799234857998056e-05 0.03230364987831346 0.46078962616115904 0.1772474187734342 0.13502868842162635 5.687787609505147e-07 5.050222234874776e-07
13 5.158330391288283e-07 0.002544703951838448 4.861272151811655e-07 5.1699936456196e-07 5.089549518628243e-07 1.0703933438548227e-06 5.500512745653635e-07 0.0028646954408203993 5.516407031920257e-07 5.416293409635194e-07 5.741401842483183e-07 0.0013603660550007136 4.876796911217834e-07 0.008472999223286976 3.582894561971654e-06 0.0004430667057646885 1.3585562396685735e-06 0.008460375165202639 8.791957863080833e-07 0.01196249067814751 4.828986713001789e-07 8.60423790419203e-05 0.0004984844608389037 1.5799234857998056e-05 0.03230364987831346 0.46078962616115904 0.1772474187734342 0.13502868842162635 5.687787609505147e-07 5.050222234874776e-07
14 5.158330391288283e-07 0.002544703951838448 4.861272151811655e-07 5.1699936456196e-07 5.089549518628243e-07 1.0703933438548227e-06 5.500512745653635e-07 0.0028646954408203993 5.516407031920257e-07 5.416293409635194e-07 5.741401842483183e-07 0.0013603660550007136 4.876796911217834e-07 0.008472999223286976 3.582894561971654e-06 0.0004430667057646885 1.3585562396685735e-06 0.008460375165202639 8.791957863080833e-07 0.01196249067814751 4.828986713001789e-07 8.60423790419203e-05 0.0004984844608389037 1.5799234857998056e-05 0.03230364987831346 0.46078962616115904 0.1772474187734342 0.13502868842162635 5.687787609505147e-07 5.050222234874776e-07
15 5.158330391288283e-07 0.002544703951838448 4.861272151811655e-07 5.1699936456196e-07 5.089549518628243e-07 1.0703933438548227e-06 5.500512745653635e-07 0.0028646954408203993 5.516407031920257e-07 5.416293409635194e-07 5.741401842483183e-07 0.0013603660550007136 4.876796911217834e-07 0.008472999223286976 3.582894561971654e-06 0.0004430667057646885 1.3585562396685735e-06 0.008460375165202639 8.791957863080833e-07 0.01196249067814751 4.828986713001789e-07 8.60423790419203e-05 0.0004984844608389037 1.5799234857998056e-05 0.03230364987831346 0.46078962616115904 0.1772474187734342 0.13502868842162635 5.687787609505147e-07 5.050222234874776e-07
16 5.158330391288283e-07 0.002544703951838448 4.861272151811655e-07 5.1699936456196e-07 5.089549518628243e-07 1.0703933438548227e-06 5.500512745653635e-07 0.0028646954408203993 5.516407031920257e-07 5.416293409635194e-07 5.741401842483183e-07 0.0013603660550007136 4.876796911217834e-07 0.008472999223286976 3.582894561971654e-06 0.0004430667057646885 1.3585562396685735e-06 0.008460375165202639 8.791957863080833e-07 0.01196249067814751 4.828986713001789e-07 8.60423790419203e-05 0.0004984844608389037 1.5799234857998056e-05 0.03230364987831346 0.46078962616115904 0.1772474187734342 0.13502868842162635 5.687787609505147e-07 5.050222234874776e-07
17 5.158330391288283e-07 0.002544703951838448 4.861272151811655e-07 5.1699936456196e-07 5.089549518628243e-07 1.0703933438548227e-06 5.500512745653635e-07 0.0028646954408203993 5.516407031920257e-07 5.416293409635194e-07 5.741401842483183e-07 0.0013603660550007136 4.876796911217834e-07 0.008472999223286976 3.582894561971654e-06 0.0004430667057646885 1.3585562396685735e-06 0.008460375165202639 8.791957863080833e-07 0.01196249067814751 4.828986713001789e-07 8.60423790419203e-05 0.0004984844608389037 1.5799234857998056e-05 0.03230364987831346 0.46078962616115904 0.1772474187734342 0.13502868842162635 5.687787609505147e-07 5.050222234874776e-07
18 5.158330391288283e-07 0.002544703951838448 4.861272151811655e-07 5.1699936456196e-07 5.089549518628243e-07 1.0703933438548227e-06 5.500512745653635e-07 0.0028646954408203993 5.516407031920257e-07 5.416293409635194e-07 5.741401842483183e-07 0.0013603660550007136 4.876796911217834e-07 0.008472999223286976 3.582894561971654e-06 0.0004430667057646885 1.3585562396685735e-06 0.008460375165202639 8.791957863080833e-07 0.01196249067814751 4.828986713001789e-07 8.60423790419203e-05 0.0004984844608389037 1.5799234857998056e-05 0.03230364987831346 0.46078962616115904 0.1772474187734342 0.13502868842162635 5.687787609505147e-07 5.050222234874776e-07
19 5.158330391288283e-07 0.002544703951838448 4.861272151811655e-07 5.1699936456196e-07 5.089549518628243e-07 1.0703933438548227e-06 5.500512745653635e-07 0.0028646954408203993 5.516407031920257e-07 5.416293409635194e-07 5.741401842483183e-07 0.0013603660550007136 4.876796911217834e-07 0.008472999223286976 3.582894561971654e-06 0.0004430667057646885 1.3585562396685735e-06 0.008460375165202639 8.791957863080833e-07 0.01196249067814751 4.828986713001789e-07 8.60423790419203e-05 0.0004984844608389037 1.5799234857998056e-05 0.03230364987831346 0.46078962616115904 0.1772474187734342 0.13502868842162635 5.687787609505147e-07 5.050222234874776e-07
20 5.158330391288283e-07 0.002544703951838448 4.861272151811655e-07 5.1699936456196e-07 5.089549518628243e-07 1.0703933438548227e-06 5.500512745653635e-07 0.0028646954408203993 5.516407031920257e-07 5.416293409635194e-07 5.741401842483183e-07 0.0013603660550007136 4.876796911217834e-07 0.008472999223286976 3.582894561971654e-06 0.0004430667057646885 1.3585562396685735e-06 0.008460375165202639 8.791957863080833e-07 0.01196249067814751 4.828986713001789e-07 8.60423790419203e-05 0.0004984844608389037 1.5799234857998056e-05 0.03230364987831346 0.46078962616115904 0.1772474187734342 0.13502868842162635 5.687787609505147e-07 5.050222234874776e-07
21 5.158330391288283e-07 0.002544703951838448 4.861272151811655e-07 5.1699936456196e-07 5.089549518628243e-07 1.0703933438548227e-06 5.500512745653635e-07 0.0028646954408203993 5.516407031920257e-07 5.416293409635194e-07 5.741401842483183e-07 0.0013603660550007136 4.876796911217834e-07 0.008472999223286976 3.582894561971654e-06 0.0004430667057646885 1.3585562396685735e-06 0.008460375165202639 8.791957863080833e-07 0.01196249067814751 4.828986713001789e-07 8.60423790419203e-05 0.0004984844608389037 1.5799234857998056e-05 0.03230364987831346 0.46078962616115904 0.1772474187734342 0.13502868842162635 5.687787609505147e-07 5.050222234874776e-07
22 1.0429049849817852e-06 8.898620801564667e-07 1.0367433377337289e-06 8.748913765655126e-07 8.943196772392822e-07 2.8512588098021915e-06 9.699922082856294e-07 0.005203470497368848 9.245663675155795e-07 9.971318625139094e-07 9.314859152253647e-07 0.11530364529116063 1.07327421857371e-06 0.32597187959315627 1.3804080901054046e-05 0.03574089600140536 2.218945234289084e-06 0.060946926030055866 2.0100348290652498e-06 0.09555621559837717 9.291172153050399e-07 0.00015382915699296588 0.001488241681746726 7.840734128289566e-05 0.0189660230698776 0.09030134076157048 0.10022384934301198 0.019985881786027466 9.076903481544393e-07 9.291049738040555e-07
23 1.0429049849817852e-06 8.898620801564667e-07 1.0367433377337289e-06 8.748913765655126e-07 8.943196772392822e-07 2.8512588098021915e-06 9.699922082856294e-07 0.005203470497368848 9.245663675155795e-07 9.971318625139094e-07 9.314859152253647e-07 0.11530364529116063 1.07327421857371e-06 0.32597187959315627 1.3804080901054046e-05 0.03574089600140536 2.218945234289084e-06 0.060946926030055866 2.0100348290652498e-06 0.09555621559837717 9.291172153050399e-07 0.00015382915699296588 0.001488241681746726 7.840734128289566e-05 0.0189660230698776 0.09030134076157048 0.10022384934301198 0.019985881786027466 9.076903481544393e-07 9.291049738040555e-07
24 1.0429049849817852e-06 8.898620801564667e-07 1.0367433377337289e-06 8.748913765655126e-07 8.943196772392822e-07 2.8512588098021915e-06 9.699922082856294e-07 0.005203470497368848 9.245663675155795e-07 9.971318625139094e-07 9.314859152253647e-07 0.11530364529116063 1.07327421857371e-06 0.32597187959315627 1.3804080901054046e-05 0.03574089600140536 2.218945234289084e-06 0.060946926030055866 2.0100348290652498e-06 0.09555621559837717 9.291172153050399e-07 0.00015382915699296588 0.001488241681746726 7.840734128289566e-05 0.0189660230698776 0.09030134076157048 0.10022384934301198 0.019985881786027466 9.076903481544393e-07 9.291049738040555e-07
25 1.0429049849817852e-06 8.898620801564667e-07 1.0367433377337289e-06 8.748913765655126e-07 8.943196772392822e-07 2.8512588098021915e-06 9.699922082856294e-07 0.005203470497368848 9.245663675155795e-07 9.971318625139094e-07 9.314859152253647e-07 0.11530364529116063 1.07327421857371e-06 0.32597187959315627 1.3804080901054046e-05 0.03574089600140536 2.218945234289084e-06 0.060946926030055866 2.0100348290652498e-06 0.09555621559837717 9.291172153050399e-07 0.00015382915699296588 0.001488241681746726 7.840734128289566e-05 0.0189660230698776 0.09030134076157048 0.10022384934301198 0.019985881786027466 9.076903481544393e-07 9.291049738040555e-07
26 1.0429049849817852e-06 8.898620801564667e-07 1.0367433377337289e-06 8.748913765655126e-07 8.943196772392822e-07 2.8512588098021915e-06 9.699922082856294e-07 0.005203470497368848 9.245663675155795e-07 9.971318625139094e-07 9.314859152253647e-07 0.11530364529116063 1.07327421857371e-06 0.32597187959315627 1.3804080901054046e-05 0.03574089600140536 2.218945234289084e-06 0.060946926030055866 2.0100348290652498e-06 0.09555621559837717 9.291172153050399e-07 0.00015382915699296588 0.001488241681746726 7.840734128289566e-05 0.0189660230698776 0.09030134076157048 0.10022384934301198 0.019985881786027466 9.076903481544393e-07 9.291049738040555e-07
27 1.0429049849817852e-06 8.898620801564667e-07 1.0367433377337289e-06 8.748913765655126e-07 8.943196772392822e-07 2.8512588098021915e-06 9.699922082856294e-07 0.005203470497368848 9.245663675155795e-07 9.971318625139094e-07 9.314859152253647e-07 0.11530364529116063 1.07327421857371e-06 0.32597187959315627 1.3804080901054046e-05 0.03574089600140536 2.218945234289084e-06 0.060946926030055866 2.0100348290652498e-06 0.09555621559837717 9.291172153050399e-07 0.00015382915699296588 0.001488241681746726 7.840734128289566e-05 0.0189660230698776 0.09030134076157048 0.10022384934301198 0.019985881786027466 9.076903481544393e-07 9.291049738040555e-07
28 1.0429049849817852e-06 8.898620801564667e-07 1.0367433377337289e-06 8.748913765655126e-07 8.943196772392822e-07 2.8512588098021915e-06 9.699922082856294e-07 0.005203470497368848 9.245663675155795e-07 9.971318625139094e-07 9.314859152253647e-07 0.11530364529116063 1.07327421857371e-06 0.32597187959315627 1.3804080901054046e-05 0.03574089600140536 2.218945234289084e-06 0.060946926030055866 2.0100348290652498e-06 0.09555621559837717 9.291172153050399e-07 0.00015382915699296588 0.001488241681746726 7.840734128289566e-05 0.0189660230698776 0.09030134076157048 0.10022384934301198 0.019985881786027466 9.076903481544393e-07 9.291049738040555e-07
29 1.0429049849817852e-06 8.898620801564667e-07 1.0367433377337289e-06 8.748913765655126e-07 8.943196772392822e-07 2.8512588098021915e-06 9.699922082856294e-07 0.005203470497368848 9.245663675155795e-07 9.971318625139094e-07 9.314859152253647e-07 0.11530364529116063 1.07327421857371e-06 0.32597187959315627 1.3804080901054046e-05 0.03574089600140536 2.218945234289084e-06 0.060946926030055866 2.0100348290652498e-06 0.09555621559837717 9.291172153050399e-07 0.00015382915699296588 0.001488241681746726 7.840734128289566e-05 0.0189660230698776 0.09030134076157048 0.10022384934301198 0.019985881786027466 9.076903481544393e-07 9.291049738040555e-07
30 1.0429049849817852e-06 8.898620801564667e-07 1.0367433377337289e-06 8.748913765655126e-07 8.943196772392822e-07 2.8512588098021915e-06 9.699922082856294e-07 0.005203470497368848 9.245663675155795e-07 9.971318625139094e-07 9.314859152253647e-07 0.11530364529116063 1.07327421857371e-06 0.32597187959315627 1.3804080901054046e-05 0.03574089600140536 2.218945234289084e-06 0.060946926030055866 2.0100348290652498e-06 0.09555621559837717 9.291172153050399e-07 0.00015382915699296588 0.001488241681746726 7.840734128289566e-05 0.0189660230698776 0.09030134076157048 0.10022384934301198 0.019985881786027466 9.076903481544393e-07 9.291049738040555e-07
31 1.0429049849817852e-06 8.898620801564667e-07 1.0367433377337289e-06 8.748913765655126e-07 8.943196772392822e-07 2.8512588098021915e-06 9.699922082856294e-07 0.005203470497368848 9.245663675155795e-07 9.971318625139094e-07 9.314859152253647e-07 0.11530364529116063 1.07327421857371e-06 0.32597187959315627 1.3804080901054046e-05 0.03574089600140536 2.218945234289084e-06 0.060946926030055866 2.0100348290652498e-06 0.09555621559837717 9.291172153050399e-07 0.00015382915699296588 0.001488241681746726 7.840734128289566e-05 0.0189660230698776 0.09030134076157048 0.10022384934301198 0.019985881786027466 9.076903481544393e-07 9.291049738040555e-07
32 1.5778449611210976e-07 1.784783258479794e-07 2.0598523804277137e-07 1.6226990424613142e-07 1.9477197253392489e-07 4.733172164464727e-06 1.6032732740261347e-07 0.4198458645268776 1.8868972558134729e-07 6.144033555918374e-07 2.0802782732516072e-07 0.009361915923797861 1.8845017812122048e-07 0.263109525231185 2.1477727832171178e-05 2.6021385098409365e-05 9.638146654774848e-06 0.008689210952768646 1.1923758039139195e-05 0.0018847842350811753 2.255126309652985e-07 1.2232933446279537e-05 1.3582743493599799e-05 1.5456859039139287e-05 0.00018671991599397692 0.0024362820839600573 0.004936682447705101 0.002259792264552478 1.5980992382982302e-07 1.8470373493355644e-07
33 1.5778449611210976e-07 1.784783258479794e-07 2.0598523804277137e-07 1.6226990424613142e-07 1.9477197253392489e-07 4.733172164464727e-06 1.6032732740261347e-07 0.4198458645268776 1.8868972558134729e-07 6.144033555918374e-07 2.0802782732516072e-07 0.009361915923797861 1.8845017812122048e-07 0.263109525231185 2.1477727832171178e-05 2.6021385098409365e-05 9.638146654774848e-06 0.008689210952768646 1.1923758039139195e-05 0.0018847842350811753 2.255126309652985e-07 1.2232933446279537e-05 1.3582743493599799e-05 1.5456859039139287e-05 0.00018671991599397692 0.0024362820839600573 0.004936682447705101 0.002259792264552478 1.5980992382982302e-07 1.8470373493355644e-07
34 1.5778449611210976e-07 1.784783258479794e-07 2.0598523804277137e-07 1.6226990424613142e-07 1.9477197253392489e-07 4.733172164464727e-06 1.6032732740261347e-07 0.4198458645268776 1.8868972558134729e-07 6.144033555918374e-07 2.0802782732516072e-07 0.009361915923797861 1.8845017812122048e-07 0.263109525231185 2.1477727832171178e-05 2.6021385098409365e-05 9.638146654774848e-06 0.008689210952768646 1.1923758039139195e-05 0.0018847842350811753 2.255126309652985e-07 1.2232933446279537e-05 1.3582743493599799e-05 1.5456859039139287e-05 0.00018671991599397692 0.0024362820839600573 0.004936682447705101 0.002259792264552478 1.5980992382982302e-07 1.8470373493355644e-07
35 1.5778449611210976e-07 1.784783258479794e-07 2.0598523804277137e-07 1.6226990424613142e-07 1.9477197253392489e-07 4.733172164464727e-06 1.6032732740261347e-07 0.4198458645268776 1.8868972558134729e-07 6.144033555918374e-07 2.0802782732516072e-07 0.009361915923797861 1.8845017812122048e-07 0.263109525231185 2.1477727832171178e-05 2.6021385098409365e-05 9.638146654774848e-06 0.008689210952768646 1.1923758039139195e-05 0.0018847842350811753 2.255126309652985e-07 1.2232933446279537e-05 1.3582743493599799e-05 1.5456859039139287e-05 0.00018671991599397692 0.0024362820839600573 0.004936682447705101 0.002259792264552478 1.5980992382982302e-07 1.8470373493355644e-07
36 1.5778449611210976e-07 1.784783258479794e-07 2.0598523804277137e-07 1.6226990424613142e-07 1.9477197253392489e-07 4.733172164464727e-06 1.6032732740261347e-07 0.4198458645268776 1.8868972558134729e-07 6.144033555918374e-07 2.0802782732516072e-07 0.009361915923797861 1.8845017812122048e-07 0.263109525231185 2.1477727832171178e-05 2.6021385098409365e-05 9.638146654774848e-06 0.008689210952768646 1.1923758039139195e-05 0.0018847842350811753 2.255126309652985e-07 1.2232933446279537e-05 1.3582743493599799e-05 1.5456859039139287e-05 0.00018671991599397692 0.0024362820839600573 0.004936682447705101 0.002259792264552478 1.5980992382982302e-07 1.8470373493355644e-07
37 1.5778449611210976e-07 1.784783258479794e-07 2.0598523804277137e-07 1.6226990424613142e-07 1.9477197253392489e-07 4.733172164464727e-06 1.6032732740261347e-07 0.4198458645268776 1.8868972558134729e-07 6.144033555918374e-07 2.0802782732516072e-07 0.009361915923797861 1.8845017812122048e-07 0.263109525231185 2.1477727832171178e-05 2.6021385098409365e-05 9.638146654774848e-06 0.008689210952768646 1.1923758039139195e-05 0.0018847842350811753 2.255126309652985e-07 1.2232933446279537e-05 1.3582743493599799e-05 1.5456859039139287e-05 0.00018671991599397692 0.0024362820839600573 0.004936682447705101 0.002259792264552478 1.5980992382982302e-07 1.8470373493355644e-07
38 1.5778449611210976e-07 1.784783258479794e-07 2.0598523804277137e-07 1.6226990424613142e-07 1.9477197253392489e-07 4.733172164464727e-06 1.6032732740261347e-07 0.4198458645268776 1.8868972558134729e-07 6.144033555918374e-07 2.0802782732516072e-07 0.009361915923797861 1.8845017812122048e-07 0.263109525231185 2.1477727832171178e-05 2.6021385098409365e-05 9.638146654774848e-06 0.008689210952768646 1.1923758039139195e-05 0.0018847842350811753 2.255126309652985e-07 1.2232933446279537e-05 1.3582743493599799e-05 1.5456859039139287e-05 0.00018671991599397692 0.0024362820839600573 0.004936682447705101 0.002259792264552478 1.5980992382982302e-07 1.8470373493355644e-07
39 1.5778449611210976e-07 1.784783258479794e-07 2.0598523804277137e-07 1.6226990424613142e-07 1.9477197253392489e-07 4.733172164464727e-06 1.6032732740261347e-07 0.4198458645268776 1.8868972558134729e-07 6.144033555918374e-07 2.0802782732516072e-07 0.009361915923797861 1.8845017812122048e-07 0.263109525231185 2.1477727832171178e-05 2.6021385098409365e-05 9.638146654774848e-06 0.008689210952768646 1.1923758039139195e-05 0.0018847842350811753 2.255126309652985e-07 1.2232933446279537e-05 1.3582743493599799e-05 1.5456859039139287e-05 0.00018671991599397692 0.0024362820839600573 0.004936682447705101 0.002259792264552478 1.5980992382982302e-07 1.8470373493355644e-07
40 1.5778449611210976e-07 1.784783258479794e-07 2.0598523804277137e-07 1.6226990424613142e-07 1.9477197253392489e-07 4.733172164464727e-06 1.6032732740261347e-07 0.4198458645268776 1.8868972558134729e-07 6.144033555918374e-07 2.0802782732516072e-07 0.009361915923797861 1.8845017812122048e-07 0.263109525231185 2.1477727832171178e-05 2.6021385098409365e-05 9.638146654774848e-06 0.008689210952768646 1.1923758039139195e-05 0.0018847842350811753 2.255126309652985e-07 1.2232933446279537e-05 1.3582743493599799e-05 1.5456859039139287e-05 0.00018671991599397692 0.0024362820839600573 0.004936682447705101 0.002259792264552478 1.5980992382982302e-07 1.8470373493355644e-07
41 1.5778449611210976e-07 1.784783258479794e-07 2.0598523804277137e-07 1.6226990424613142e-07 1.9477197253392489e-07 4.733172164464727e-06 1.6032732740261347e-07 0.4198458645268776 1.8868972558134729e-07 6.144033555918374e-07 2.0802782732516072e-07 0.009361915923797861 1.8845017812122048e-07 0.263109525231185 2.1477727832171178e-05 2.6021385098409365e-05 9.638146654774848e-06 0.008689210952768646 1.1923758039139195e-05 0.0018847842350811753 2.255126309652985e-07 1.2232933446279537e-05 1.3582743493599799e-05 1.5456859039139287e-05 0.00018671991599397692 0.0024362820839600573 0.004936682447705101 0.002259792264552478 1.5980992382982302e-07 1.8470373493355644e-07
42 1.5778449611210976e-07 1.784783258479794e-07 2.0598523804277137e-07 1.6226990424613142e-07 1.9477197253392489e-07 4.733172164464727e-06 1.6032732740261347e-07 0.4198458645268776 1.8868972558134729e-07 6.144033555918374e-07 2.0802782732516072e-07 0.009361915923797861 1.8845017812122048e-07 0.263109525231185 2.1477727832171178e-05 2.6021385098409365e-05 9.638146654774848e-06 0.008689210952768646 1.1923758039139195e-05 0.0018847842350811753 2.255126309652985e-07 1.2232933446279537e-05 1.3582743493599799e-05 1.5456859039139287e-05 0.00018671991599397692 0.0024362820839600573 0.004936682447705101 0.002259792264552478 1.5980992382982302e-07 1.8470373493355644e-07
43 1.5778449611210976e-07 1.784783258479794e-07 2.0598523804277137e-07 1.6226990424613142e-07 1.9477197253392489e-07 4.733172164464727e-06 1.6032732740261347e-07 0.4198458645268776 1.8868972558134729e-07 6.144033555918374e-07 2.0802782732516072e-07 0.009361915923797861 1.8845017812122048e-07 0.263109525231185 2.1477727832171178e-05 2.6021385098409365e-05 9.638146654774848e-06 0.008689210952768646 1.1923758039139195e-05 0.0018847842350811753 2.255126309652985e-07 1.2232933446279537e-05 1.3582743493599799e-05 1.5456859039139287e-05 0.00018671991599397692 0.0024362820839600573 0.004936682447705101 0.002259792264552478 1.5980992382982302e-07 1.8470373493355644e-07
44 1.5778449611210976e-07 1.784783258479794e-07 2.0598523804277137e-07 1.6226990424613142e-07 1.9477197253392489e-07 4.733172164464727e-06 1.6032732740261347e-07 0.4198458645268776 1.8868972558134729e-07 6.144033555918374e-07 2.0802782732516072e-07 0.009361915923797861 1.8845017812122048e-07 0.263109525231185 2.1477727832171178e-05 2.6021385098409365e-05 9.638146654774848e-06 0.008689210952768646 1.1923758039139195e-05 0.0018847842350811753 2.255126309652985e-07 1.2232933446279537e-05 1.3582743493599799e-05 1.5456859039139287e-05 0.00018671991599397692 0.0024362820839600573 0.004936682447705101 0.002259792264552478 1.5980992382982302e-07 1.8470373493355644e-07
45 5.132906910712008e-07 5.168319367994277e-07 5.439649380426384e-07 5.601174393314113e-07 5.358732526365276e-07 0.04635427289279751 5.205976335564413e-07 0.5564044872596962 5.014803998488901e-07 0.032752412257432126 0.0002208843000581473 0.1297478146933322 5.343034414655789e-07 6.748799001980146e-05 7.5940361478615e-05 6.355750880574782e-05 1.6803434740749312e-05 0.001559694056748354 4.228843924724041e-06 0.00019873463585509947 7.15820347113227e-07 7.395378060578991e-06 9.56991140011999e-07 5.31679983572828e-06 1.6010251538495844e-05 0.0017436081054581906 0.000335334597346775 0.0009327979815401921 4.7306004350713596e-07 5.320934480082996e-07
46 5.132906910712008e-07 5.168319367994277e-07 5.439649380426384e-07 5.601174393314113e-07 5.358732526365276e-07 0.04635427289279751 5.205976335564413e-07 0.5564044872596962 5.014803998488901e-07 0.032752412257432126 0.0002208843000581473 0.1297478146933322 5.343034414655789e-07 6.748799001980146e-05 7.5940361478615e-05 6.355750880574782e-05 1.6803434740749312e-05 0.001559694056748354 4.228843924724041e-06 0.00019873463585509947 7.15820347113227e-07 7.395378060578991e-06 9.56991140011999e-07 5.31679983572828e-06 1.6010251538495844e-05 0.0017436081054581906 0.000335334597346775 0.0009327979815401921 4.7306004350713596e-07 5.320934480082996e-07
47 5.132906910712008e-07 5.168319367994277e-07 5.439649380426384e-07 5.601174393314113e-07 5.358732526365276e-07 0.04635427289279751 5.205976335564413e-07 0.5564044872596962 5.014803998488901e-07 0.032752412257432126 0.0002208843000581473 0.1297478146933322 5.343034414655789e-07 6.748799001980146e-05 7.5940361478615e-05 6.355750880574782e-05 1.6803434740749312e-05 0.001559694056748354 4.228843924724041e-06 0.00019873463585509947 7.15820347113227e-07 7.395378060578991e-06 9.56991140011999e-07 5.31679983572828e-06 1.6010251538495844e-05 0.0017436081054581906 0.000335334597346775 0.0009327979815401921 4.7306004350713596e-07 5.320934480082996e-07
48 5.132906910712008e-07 5.168319367994277e-07 5.439649380426384e-07 5.601174393314113e-07 5.358732526365276e-07 0.04635427289279751 5.205976335564413e-07 0.5564044872596962 5.014803998488901e-07 0.032752412257432126 0.0002208843000581473 0.1297478146933322 5.343034414655789e-07 6.748799001980146e-05 7.5940361478615e-05 6.355750880574782e-05 1.6803434740749312e-05 0.001559694056748354 4.228843924724041e-06 0.00019873463585509947 7.15820347113227e-07 7.395378060578991e-06 9.56991140011999e-07 5.31679983572828e-06 1.6010251538495844e-05 0.0017436081054581906 0.000335334597346775 0.0009327979815401921 4.7306004350713596e-07 5.320934480082996e-07
49 5.132906910712008e-07 5.168319367994277e-07 5.439649380426384e-07 5.601174393314113e-07 5.358732526365276e-07 0.04635427289279751 5.205976335564413e-07 0.5564044872596962 5.014803998488901e-07 0.032752412257432126 0.0002208843000581473 0.1297478146933322 5.343034414655789e-07 6.748799001980146e-05 7.5940361478615e-05 6.355750880574782e-05 1.6803434740749312e-05 0.001559694056748354 4.228843924724041e-06 0.00019873463585509947 7.15820347113227e-07 7.395378060578991e-06 9.56991140011999e-07 5.31679983572828e-06 1.6010251538495844e-05 0.0017436081054581906 0.000335334597346775 0.0009327979815401921 4.7306004350713596e-07 5.320934480082996e-07
50 5.132906910712008e-07 5.168319367994277e-07 5.439649380426384e-07 5.601174393314113e-07 5.358732526365276e-07 0.04635427289279751 5.205976335564413e-07 0.5564044872596962 5.014803998488901e-07 0.032752412257432126 0.0002208843000581473 0.1297478146933322 5.343034414655789e-07 6.748799001980146e-05 7.5940361478615e-05 6.355750880574782e-05 1.6803434740749312e-05 0.001559694056748354 4.228843924724041e-06 0.00019873463585509947 7.15820347113227e-07 7.395378060578991e-06 9.56991140011999e-07 5.31679983572828e-06 1.6010251538495844e-05 0.0017436081054581906 0.000335334597346775 0.0009327979815401921 4.7306004350713596e-07 5.320934480082996e-07
51 5.132906910712008e-07 5.168319367994277e-07 5.439649380426384e-07 5.601174393314113e-07 5.358732526365276e-07 0.04635427289279751 5.205976335564413e-07 0.5564044872596962 5.014803998488901e-07 0.032752412257432126 0.0002208843000581473 0.1297478146933322 5.343034414655789e-07 6.748799001980146e-05 7.5940361478615e-05 6.355750880574782e-05 1.6803434740749312e-05 0.001559694056748354 4.228843924724041e-06 0.00019873463585509947 7.15820347113227e-07 7.395378060578991e-06 9.56991140011999e-07 5.31679983572828e-06 1.6010251538495844e-05 0.0017436081054581906 0.000335334597346775 0.0009327979815401921 4.7306004350713596e-07 5.320934480082996e-07
52 5.132906910712008e-07 5.168319367994277e-07 5.439649380426384e-07 5.601174393314113e-07 5.358732526365276e-07 0.04635427289279751 5.205976335564413e-07 0.5564044872596962 5.014803998488901e-07 0.032752412257432126 0.0002208843000581473 0.1297478146933322 5.343034414655789e-07 6.748799001980146e-05 7.5940361478615e-05 6.355750880574782e-05 1.6803434740749312e-05 0.001559694056748354 4.228843924724041e-06 0.00019873463585509947 7.15820347113227e-07 7.395378060578991e-06 9.56991140011999e-07 5.31679983572828e-06 1.6010251538495844e-05 0.0017436081054581906 0.000335334597346775 0.0009327979815401921 4.7306004350713596e-07 5.320934480082996e-07
53 5.132906910712008e-07 5.168319367994277e-07 5.439649380426384e-07 5.601174393314113e-07 5.358732526365276e-07 0.04635427289279751 5.205976335564413e-07 0.5564044872596962 5.014803998488901e-07 0.032752412257432126 0.0002208843000581473 0.1297478146933322 5.343034414655789e-07 6.748799001980146e-05 7.5940361478615e-05 6.355750880574782e-05 1.6803434740749312e-05 0.001559694056748354 4.228843924724041e-06 0.00019873463585509947 7.15820347113227e-07 7.395378060578991e-06 9.56991140011999e-07 5.31679983572828e-06 1.6010251538495844e-05 0.0017436081054581906 0.000335334597346775 0.0009327979815401921 4.7306004350713596e-07 5.320934480082996e-07
54 5.132906910712008e-07 5.168319367994277e-07 5.439649380426384e-07 5.601174393314113e-07 5.358732526365276e-07 0.04635427289279751 5.205976335564413e-07 0.5564044872596962 5.014803998488901e-07 0.032752412257432126 0.0002208843000581473 0.1297478146933322 5.343034414655789e-07 6.748799001980146e-05 7.5940361478615e-05 6.355750880574782e-05 1.6803434740749312e-05 0.001559694056748354 4.228843924724041e-06 0.00019873463585509947 7.15820347113227e-07 7.395378060578991e-06 9.56991140011999e-07 5.31679983572828e-06 1.6010251538495844e-05 0.0017436081054581906 0.000335334597346775 0.0009327979815401921 4.7306004350713596e-07 5.320934480082996e-07
55 5.132906910712008e-07 5.168319367994277e-07 5.439649380426384e-07 5.601174393314113e-07 5.358732526365276e-07 0.04635427289279751 5.205976335564413e-07 0.5564044872596962 5.014803998488901e-07 0.032752412257432126 0.0002208843000581473 0.1297478146933322 5.343034414655789e-07 6.748799001980146e-05 7.5940361478615e-05 6.355750880574782e-05 1.6803434740749312e-05 0.001559694056748354 4.228843924724041e-06 0.00019873463585509947 7.15820347113227e-07 7.395378060578991e-06 9.56991140011999e-07 5.31679983572828e-06 1.6010251538495844e-05 0.0017436081054581906 0.000335334597346775 0.0009327979815401921 4.7306004350713596e-07 5.320934480082996e-07
56 5.132906910712008e-07 5.168319367994277e-07 5.439649380426384e-07 5.601174393314113e-07 5.358732526365276e-07 0.04635427289279751 5.205976335564413e-07 0.5564044872596962 5.014803998488901e-07 0.032752412257432126 0.0002208843000581473 0.1297478146933322 5.343034414655789e-07 6.748799001980146e-05 7.5940361478615e-05 6.355750880574782e-05 1.6803434740749312e-05 0.001559694056748354 4.228843924724041e-06 0.00019873463585509947 7.15820347113227e-07 7.395378060578991e-06 9.56991140011999e-07 5.31679983572828e-06 1.6010251538495844e-05 0.0017436081054581906 0.000335334597346775 0.0009327979815401921 4.7306004350713596e-07 5.320934480082996e-07
57 5.132906910712008e-07 5.168319367994277e-07 5.439649380426384e-07 5.601174393314113e-07 5.358732526365276e-07 0.04635427289279751 5.205976335564413e-07 0.5564044872596962 5.014803998488901e-07 0.032752412257432126 0.0002208843000581473 0.1297478146933322 5.343034414655789e-07 6.748799001980146e-05 7.5940361478615e-05 6.355750880574782e-05 1.6803434740749312e-05 0.001559694056748354 4.228843924724041e-06 0.00019873463585509947 7.15820347113227e-07 7.395378060578991e-06 9.56991140011999e-07 5.31679983572828e-06 1.6010251538495844e-05 0.0017436081054581906 0.000335334597346775 0.0009327979815401921 4.7306004350713596e-07 5.320934480082996e-07
58 5.132906910712008e-07 5.168319367994277e-07 5.439649380426384e-07 5.601174393314113e-07 5.358732526365276e-07 0.04635427289279751 5.205976335564413e-07 0.5564044872596962 5.014803998488901e-07 0.032752412257432126 0.0002208843000581473 0.1297478146933322 5.343034414655789e-07 6.748799001980146e-05 7.5940361478615e-05 6.355750880574782e-05 1.6803434740749312e-05 0.001559694056748354 4.228843924724041e-06 0.00019873463585509947 7.15820347113227e-07 7.395378060578991e-06 9.56991140011999e-07 5.31679983572828e-06 1.6010251538495844e-05 0.0017436081054581906 0.000335334597346775 0.0009327979815401921 4.7306004350713596e-07 5.320934480082996e-07
59 5.132906910712008e-07 5.168319367994277e-07 5.439649380426384e-07 5.601174393314113e-07 5.358732526365276e-07 0.04635427289279751 5.205976335564413e-07 0.5564044872596962 5.014803998488901e-07 0.032752412257432126 0.0002208843000581473 0.1297478146933322 5.343034414655789e-07 6.748799001980146e-05 7.5940361478615e-05 6.355750880574782e-05 1.6803434740749312e-05 0.001559694056748354 4.228843924724041e-06 0.00019873463585509947 7.15820347113227e-07 7.395378060578991e-06 9.56991140011999e-07 5.31679983572828e-06 1.6010251538495844e-05 0.0017436081054581906 0.000335334597346775 0.0009327979815401921 4.7306004350713596e-07 5.320934480082996e-07
60 5.132906910712008e-07 5.168319367994277e-07 5.439649380426384e-07 5.601174393314113e-07 5.358732526365276e-07 0.04635427289279751 5.205976335564413e-07 0.5564044872596962 5.014803998488901e-07 0.032752412257432126 0.0002208843000581473 0.1297478146933322 5.343034414655789e-07 6.748799001980146e-05 7.5940361478615e-05 6.355750880574782e-05 1.6803434740749312e-05 0.001559694056748354 4.228843924724041e-06 0.00019873463585509947 7.15820347113227e-07 7.395378060578991e-06 9.56991140011999e-07 5.31679983572828e-06 1.6010251538495844e-05 0.0017436081054581906 0.000335334597346775 0.0009327979815401921 4.7306004350713596e-07 5.320934480082996e-07
61 5.132906910712008e-07 5.168319367994277e-07 5.439649380426384e-07 5.601174393314113e-07 5.358732526365276e-07 0.04635427289279751 5.205976335564413e-07 0.5564044872596962 5.014803998488901e-07 0.032752412257432126 0.0002208843000581473 0.1297478146933322 5.343034414655789e-07 6.748799001980146e-05 7.5940361478615e-05 6.355750880574782e-05 1.6803434740749312e-05 0.001559694056748354 4.228843924724041e-06 0.00019873463585509947 7.15820347113227e-07 7.395378060578991e-06 9.56991140011999e-07 5.31679983572828e-06 1.6010251538495844e-05 0.0017436081054581906 0.000335334597346775 0.0009327979815401921 4.7306004350713596e-07 5.320934480082996e-07
62 5.132906910712008e-07 5.168319367994277e-07 5.439649380426384e-07 5.601174393314113e-07 5.358732526365276e-07 0.04635427289279751 5.205976335564413e-07 0.5564044872596962 5.014803998488901e-07 0.032752412257432126 0.0002208843000581473 0.1297478146933322 5.343034414655789e-07 6.748799001980146e-05 7.5940361478615e-05 6.355750880574782e-05 1.6803434740749312e-05 0.001559694056748354 4.228843924724041e-06 0.00019873463585509947 7.15820347113227e-07 7.395378060578991e-06 9.56991140011999e-07 5.31679983572828e-06 1.6010251538495844e-05 0.0017436081054581906 0.000335334597346775 0.0009327979815401921 4.7306004350713596e-07 5.320934480082996e-07
63 5.132906910712008e-07 5.168319367994277e-07 5.439649380426384e-07 5.601174393314113e-07 5.358732526365276e-07 0.04635427289279751 5.205976335564413e-07 0.5564044872596962 5.014803998488901e-07 0.032752412257432126 0.0002208843000581473 0.1297478146933322 5.343034414655789e-07 6.748799001980146e-05 7.5940361478615e-05 6.355750880574782e-05 1.6803434740749312e-05 0.001559694056748354 4.228843924724041e-06 0.00019873463585509947 7.15820347113227e-07 7.395378060578991e-06 9.56991140011999e-07 5.31679983572828e-06 1.6010251538495844e-05 0.0017436081054581906 0.000335334597346775 0.0009327979815401921 4.7306004350713596e-07 5.320934480082996e-07
64 5.132906910712008e-07 5.168319367994277e-07 5.439649380426384e-07 5.601174393314113e-07 5.358732526365276e-07 0.04635427289279751 5.205976335564413e-07 0.5564044872596962 5.014803998488901e-07 0.032752412257432126 0.0002208843000581473 0.1297478146933322 5.343034414655789e-07 6.748799001980146e-05 7.5940361478615e-05 6.355750880574782e-05 1.6803434740749312e-05 0.001559694056748354 4.228843924724041e-06 0.00019873463585509947 7.15820347113227e-07 7.395378060578991e-06 9.56991140011999e-07 5.31679983572828e-06 1.6010251538495844e-05 0.0017436081054581906 0.000335334597346775 0.0009327979815401921 4.7306004350713596e-07 5.320934480082996e-07
65 5.132906910712008e-07 5.168319367994277e-07 5.439649380426384e-07 5.601174393314113e-07 5.358732526365276e-07 0.04635427289279751 5.205976335564413e-07 0.5564044872596962 5.014803998488901e-07 0.032752412257432126 0.0002208843000581473 0.1297478146933322 5.343034414655789e-07 6.748799001980146e-05 7.5940361478615e-05 6.355750880574782e-05 1.6803434740749312e-05 0.001559694056748354 4.228843924724041e-06 0.00019873463585509947 7.15820347113227e-07 7.395378060578991e-06 9.56991140011999e-07 5.31679983572828e-06 1.6010251538495844e-05 0.0017436081054581906 0.000335334597346775 0.0009327979815401921 4.7306004350713596e-07 5.320934480082996e-07
66 5.132906910712008e-07 5.168319367994277e-07 5.439649380426384e-07 5.601174393314113e-07 5.358732526365276e-07 0.04635427289279751 5.205976335564413e-07 0.5564044872596962 5.014803998488901e-07 0.032752412257432126 0.0002208843000581473 0.1297478146933322 5.343034414655789e-07 6.748799001980146e-05 7.5940361478615e-05 6.355750880574782e-05 1.6803434740749312e-05 0.001559694056748354 4.228843924724041e-06 0.00019873463585509947 7.15820347113227e-07 7.395378060578991e-06 9.56991140011999e-07 5.31679983572828e-06 1.6010251538495844e-05 0.0017436081054581906 0.000335334597346775 0.0009327979815401921 4.7306004350713596e-07 5.320934480082996e-07
67 5.132906910712008e-07 5.168319367994277e-07 5.439649380426384e-07 5.601174393314113e-07 5.358732526365276e-07 0.04635427289279751 5.205976335564413e-07 0.5564044872596962 5.014803998488901e-07 0.032752412257432126 0.0002208843000581473 0.1297478146933322 5.343034414655789e-07 6.748799001980146e-05 7.5940361478615e-05 6.355750880574782e-05 1.6803434740749312e-05 0.001559694056748354 4.228843924724041e-06 0.00019873463585509947 7.15820347113227e-07 7.395378060578991e-06 9.56991140011999e-07 5.31679983572828e-06 1.6010251538495844e-05 0.0017436081054581906 0.000335334597346775 0.0009327979815401921 4.7306004350713596e-07 5.320934480082996e-07
68 9.427224099013726e-07 9.769019981885988e-07 9.490898298132694e-07 1.1012727996707777e-06 8.966971277553411e-07 0.0679209998259343 9.566969790936973e-07 0.4552337135723 9.551258020719503e-07 0.04963440049386101 0.0003831709891280292 0.18256256396165124 9.14193465372329e-07 0.00011318861052232368 0.00013966120924841833 0.00011641144851117912 3.276764518792618e-05 0.002903906672075935 7.903752775343601e-06 0.0007155622121246025 1.1159937986208552e-06 1.3007745239614444e-05 1.7222961320002492e-06 9.330888920625145e-06 2.7743180175407233e-05 0.0033544267657283616 0.0005677760818909576 0.001586053598629171 9.557720124723015e-07 9.516243739685406e-07
69 9.427224099013726e-07 9.769019981885988e-07 9.490898298132694e-07 1.1012727996707777e-06 8.966971277553411e-07 0.0679209998259343 9.566969790936973e-07 0.4552337135723 9.551258020719503e-07 0.04963440049386101 0.0003831709891280292 0.18256256396165124 9.14193465372329e-07 0.00011318861052232368 0.00013966120924841833 0.00011641144851117912 3.276764518792618e-05 0.002903906672075935 7.903752775343601e-06 0.0007155622121246025 1.1159937986208552e-06 1.3007745239614444e-05 1.7222961320002492e-06 9.330888920625145e-06 2.7743180175407233e-05 0.0033544267657283616 0.0005677760818909576 0.001586053598629171 9.557720124723015e-07 9.516243739685406e-07
70 9.427224099013726e-07 9.769019981885988e-07 9.490898298132694e-07 1.1012727996707777e-06 8.966971277553411e-07 0.0679209998259343 9.566969790936973e-07 0.4552337135723 9.551258020719503e-07 0.04963440049386101 0.0003831709891280292 0.18256256396165124 9.14193465372329e-07 0.00011318861052232368 0.00013966120924841833 0.00011641144851117912 3.276764518792618e-05 0.002903906672075935 7.903752775343601e-06 0.0007155622121246025 1.1159937986208552e-06 1.3007745239614444e-05 1.7222961320002492e-06 9.330888920625145e-06 2.7743180175407233e-05 0.0033544267657283616 0.0005677760818909576 0.001586053598629171 9.557720124723015e-07 9.516243739685406e-07
71 9.427224099013726e-07 9.769019981885988e-07 9.490898298132694e-07 1.1012727996707777e-06 8.966971277553411e-07 0.0679209998259343 9.566969790936973e-07 0.4552337135723 9.551258020719503e-07 0.04963440049386101 0.0003831709891280292 0.18256256396165124 9.14193465372329e-07 0.00011318861052232368 0.00013966120924841833 0.00011641144851117912 3.276764518792618e-05 0.002903906672075935 7.903752775343601e-06 0.0007155622121246025 1.1159937986208552e-06 1.3007745239614444e-05 1.7222961320002492e-06 9.330888920625145e-06 2.7743180175407233e-05 0.0033544267657283616 0.0005677760818909576 0.001586053598629171 9.557720124723015e-07 9.516243739685406e-07
72 9.427224099013726e-07 9.769019981885988e-07 9.490898298132694e-07 1.1012727996707777e-06 8.966971277553411e-07 0.0679209998259343 9.566969790936973e-07 0.4552337135723 9.551258020719503e-07 0.04963440049386101 0.0003831709891280292 0.18256256396165124 9.14193465372329e-07 0.00011318861052232368 0.00013966120924841833 0.00011641144851117912 3.276764518792618e-05 0.002903906672075935 7.903752775343601e-06 0.0007155622121246025 1.1159937986208552e-06 1.3007745239614444e-05 1.7222961320002492e-06 9.330888920625145e-06 2.7743180175407233e-05 0.0033544267657283616 0.0005677760818909576 0.001586053598629171 9.557720124723015e-07 9.516243739685406e-07
73 9.427224099013726e-07 9.769019981885988e-07 9.490898298132694e-07 1.1012727996707777e-06 8.966971277553411e-07 0.0679209998259343 9.566969790936973e-07 0.4552337135723 9.551258020719503e-07 0.04963440049386101 0.0003831709891280292 0.18256256396165124 9.14193465372329e-07 0.00011318861052232368 0.00013966120924841833 0.00011641144851117912 3.276764518792618e-05 0.002903906672075935 7.903752775343601e-06 0.0007155622121246025 1.1159937986208552e-06 1.3007745239614444e-05 1.7222961320002492e-06 9.330888920625145e-06 2.7743180175407233e-05 0.0033544267657283616 0.0005677760818909576 0.001586053598629171 9.557720124723015e-07 9.516243739685406e-07
74 9.427224099013726e-07 9.769019981885988e-07 9.490898298132694e-07 1.1012727996707777e-06 8.966971277553411e-07 0.0679209998259343 9.566969790936973e-07 0.4552337135723 9.551258020719503e-07 0.04963440049386101 0.0003831709891280292 0.18256256396165124 9.14193465372329e-07 0.00011318861052232368 0.00013966120924841833 0.00011641144851117912 3.276764518792618e-05 0.002903906672075935 7.903752775343601e-06 0.0007155622121246025 1.1159937986208552e-06 1.3007745239614444e-05 1.7222961320002492e-06 9.330888920625145e-06 2.7743180175407233e-05 0.0033544267657283616 0.0005677760818909576 0.001586053598629171 9.557720124723015e-07 9.516243739685406e-07
75 9.427224099013726e-07 9.769019981885988e-07 9.490898298132694e-07 1.1012727996707777e-06 8.966971277553411e-07 0.0679209998259343 9.566969790936973e-07 0.4552337135723 9.551258020719503e-07 0.04963440049386101 0.0003831709891280292 0.18256256396165124 9.14193465372329e-07 0.00011318861052232368 0.00013966120924841833 0.00011641144851117912 3.276764518792618e-05 0.002903906672075935 7.903752775343601e-06 0.0007155622121246025 1.1159937986208552e-06 1.3007745239614444e-05 1.7222961320002492e-06 9.330888920625145e-06 2.7743180175407233e-05 0.0033544267657283616 0.0005677760818909576 0.001586053598629171 9.557720124723015e-07 9.516243739685406e-07
76 9.427224099013726e-07 9.769019981885988e-07 9.490898298132694e-07 1.1012727996707777e-06 8.966971277553411e-07 0.0679209998259343 9.566969790936973e-07 0.4552337135723 9.551258020719503e-07 0.04963440049386101 0.0003831709891280292 0.18256256396165124 9.14193465372329e-07 0.00011318861052232368 0.00013966120924841833 0.00011641144851117912 3.276764518792618e-05 0.002903906672075935 7.903752775343601e-06 0.0007155622121246025 1.1159937986208552e-06 1.3007745239614444e-05 1.7222961320002492e-06 9.330888920625145e-06 2.7743180175407233e-05 0.0033544267657283616 0.0005677760818909576 0.001586053598629171 9.557720124723015e-07 9.516243739685406e-07
77 9.427224099013726e-07 9.769019981885988e-07 9.490898298132694e-07 1.1012727996707777e-06 8.966971277553411e-07 0.0679209998259343 9.566969790936973e-07 0.4552337135723 9.551258020719503e-07 0.04963440049386101 0.0003831709891280292 0.18256256396165124 9.14193465372329e-07 0.00011318861052232368 0.00013966120924841833 0.00011641144851117912 3.276764518792618e-05 0.002903906672075935 7.903752775343601e-06 0.0007155622121246025 1.1159937986208552e-06 1.3007745239614444e-05 1.7222961320002492e-06 9.330888920625145e-06 2.7743180175407233e-05 0.0033544267657283616 0.0005677760818909576 0.001586053598629171 9.557720124723015e-07 9.516243739685406e-07
78 9.427224099013726e-07 9.769019981885988e-07 9.490898298132694e-07 1.1012727996707777e-06 8.966971277553411e-07 0.0679209998259343 9.566969790936973e-07 0.4552337135723 9.551258020719503e-07 0.04963440049386101 0.0003831709891280292 0.18256256396165124 9.14193465372329e-07 0.00011318861052232368 0.00013966120924841833 0.00011641144851117912 3.276764518792618e-05 0.002903906672075935 7.903752775343601e-06 0.0007155622121246025 1.1159937986208552e-06 1.3007745239614444e-05 1.7222961320002492e-06 9.330888920625145e-06 2.7743180175407233e-05 0.0033544267657283616 0.0005677760818909576 0.001586053598629171 9.557720124723015e-07 9.516243739685406e-07
79 9.427224099013726e-07 9.769019981885988e-07 9.490898298132694e-07 1.1012727996707777e-06 8.966971277553411e-07 0.0679209998259343 9.566969790936973e-07 0.4552337135723 9.551258020719503e-07 0.04963440049386101 0.0003831709891280292 0.18256256396165124 9.14193465372329e-07 0.00011318861052232368 0.00013966120924841833 0.00011641144851117912 3.276764518792618e-05 0.002903906672075935 7.903752775343601e-06 0.0007155622121246025 1.1159937986208552e-06 1.3007745239614444e-05 1.7222961320002492e-06 9.330888920625145e-06 2.7743180175407233e-05 0.0033544267657283616 0.0005677760818909576 0.001586053598629171 9.557720124723015e-07 9.516243739685406e-07
80 9.427224099013726e-07 9.769019981885988e-07 9.490898298132694e-07 1.1012727996707777e-06 8.966971277553411e-07 0.0679209998259343 9.566969790936973e-07 0.4552337135723 9.551258020719503e-07 0.04963440049386101 0.0003831709891280292 0.18256256396165124 9.14193465372329e-07 0.00011318861052232368 0.00013966120924841833 0.00011641144851117912 3.276764518792618e-05 0.002903906672075935 7.903752775343601e-06 0.0007155622121246025 1.1159937986208552e-06 1.3007745239614444e-05 1.7222961320002492e-06 9.330888920625145e-06 2.7743180175407233e-05 0.0033544267657283616 0.0005677760818909576 0.001586053598629171 9.557720124723015e-07 9.516243739685406e-07
81 9.427224099013726e-07 9.769019981885988e-07 9.490898298132694e-07 1.1012727996707777e-06 8.966971277553411e-07 0.0679209998259343 9.566969790936973e-07 0.4552337135723 9.551258020719503e-07 0.04963440049386101 0.0003831709891280292 0.18256256396165124 9.14193465372329e-07 0.00011318861052232368 0.00013966120924841833 0.00011641144851117912 3.276764518792618e-05 0.002903906672075935 7.903752775343601e-06 0.0007155622121246025 1.1159937986208552e-06 1.3007745239614444e-05 1.7222961320002492e-06 9.330888920625145e-06 2.7743180175407233e-05 0.0033544267657283616 0.0005677760818909576 0.001586053598629171 9.557720124723015e-07 9.516243739685406e-07
82 9.427224099013726e-07 9.769019981885988e-07 9.490898298132694e-07 1.1012727996707777e-06 8.966971277553411e-07 0.0679209998259343 9.566969790936973e-07 0.4552337135723 9.551258020719503e-07 0.04963440049386101 0.0003831709891280292 0.18256256396165124 9.14193465372329e-07 0.00011318861052232368 0.00013966120924841833 0.00011641144851117912 3.276764518792618e-05 0.002903906672075935 7.903752775343601e-06 0.0007155622121246025 1.1159937986208552e-06 1.3007745239614444e-05 1.7222961320002492e-06 9.330888920625145e-06 2.7743180175407233e-05 0.0033544267657283616 0.0005677760818909576 0.001586053598629171 9.557720124723015e-07 9.516243739685406e-07
83 9.427224099013726e-07 9.769019981885988e-07 9.490898298132694e-07 1.1012727996707777e-06 8.966971277553411e-07 0.0679209998259343 9.566969790936973e-07 0.4552337135723 9.551258020719503e-07 0.04963440049386101 0.0003831709891280292 0.18256256396165124 9.14193465372329e-07 0.00011318861052232368 0.00013966120924841833 0.00011641144851117912 3.276764518792618e-05 0.002903906672075935 7.903752775343601e-06 0.0007155622121246025 1.1159937986208552e-06 1.3007745239614444e-05 1.7222961320002492e-06 9.330888920625145e-06 2.7743180175407233e-05 0.0033544267657283616 0.0005677760818909576 0.001586053598629171 9.557720124723015e-07 9.516243739685406e-07
84 9.427224099013726e-07 9.769019981885988e-07 9.490898298132694e-07 1.1012727996707777e-06 8.966971277553411e-07 0.0679209998259343 9.566969790936973e-07 0.4552337135723 9.551258020719503e-07 0.04963440049386101 0.0003831709891280292 0.18256256396165124 9.14193465372329e-07 0.00011318861052232368 0.00013966120924841833 0.00011641144851117912 3.276764518792618e-05 0.002903906672075935 7.903752775343601e-06 0.0007155622121246025 1.1159937986208552e-06 1.3007745239614444e-05 1.7222961320002492e-06 9.330888920625145e-06 2.7743180175407233e-05 0.0033544267657283616 0.0005677760818909576 0.001586053598629171 9.557720124723015e-07 9.516243739685406e-07
85 9.427224099013726e-07 9.769019981885988e-07 9.490898298132694e-07 1.1012727996707777e-06 8.966971277553411e-07 0.0679209998259343 9.566969790936973e-07 0.4552337135723 9.551258020719503e-07 0.04963440049386101 0.0003831709891280292 0.18256256396165124 9.14193465372329e-07 0.00011318861052232368 0.00013966120924841833 0.00011641144851117912 3.276764518792618e-05 0.002903906672075935 7.903752775343601e-06 0.0007155622121246025 1.1159937986208552e-06 1.3007745239614444e-05 1.7222961320002492e-06 9.330888920625145e-06 2.7743180175407233e-05 0.0033544267657283616 0.0005677760818909576 0.001586053598629171 9.557720124723015e-07 9.516243739685406e-07
86 9.427224099013726e-07 9.769019981885988e-07 9.490898298132694e-07 1.1012727996707777e-06 8.966971277553411e-07 0.0679209998259343 9.566969790936973e-07 0.4552337135723 9.551258020719503e-07 0.04963440049386101 0.0003831709891280292 0.18256256396165124 9.14193465372329e-07 0.00011318861052232368 0.00013966120924841833 0.00011641144851117912 3.276764518792618e-05 0.002903906672075935 7.903752775343601e-06 0.0007155622121246025 1.1159937986208552e-06 1.3007745239614444e-05 1.7222961320002492e-06 9.330888920625145e-06 2.7743180175407233e-05 0.0033544267657283616 0.0005677760818909576 0.001586053598629171 9.557720124723015e-07 9.516243739685406e-07
87 9.427224099013726e-07 9.769019981885988e-07 9.490898298132694e-07 1.1012727996707777e-06 8.966971277553411e-07 0.0679209998259343 9.566969790936973e-07 0.4552337135723 9.551258020719503e-07 0.04963440049386101 0.0003831709891280292 0.18256256396165124 9.14193465372329e-07 0.00011318861052232368 0.00013966120924841833 0.00011641144851117912 3.276764518792618e-05 0.002903906672075935 7.903752775343601e-06 0.0007155622121246025 1.1159937986208552e-06 1.3007745239614444e-05 1.7222961320002492e-06 9.330888920625145e-06 2.7743180175407233e-05 0.0033544267657283616 0.0005677760818909576 0.001586053598629171 9.557720124723015e-07 9.516243739685406e-07
88 9.427224099013726e-07 9.769019981885988e-07 9.490898298132694e-07 1.1012727996707777e-06 8.966971277553411e-07 0.0679209998259343 9.566969790936973e-07 0.4552337135723 9.551258020719503e-07 0.04963440049386101 0.0003831709891280292 0.18256256396165124 9.14193465372329e-07 0.00011318861052232368 0.00013966120924841833 0.00011641144851117912 3.276764518792618e-05 0.002903906672075935 7.903752775343601e-06 0.0007155622121246025 1.1159937986208552e-06 1.3007745239614444e-05 1.7222961320002492e-06 9.330888920625145e-06 2.7743180175407233e-05 0.0033544267657283616 0.0005677760818909576 0.001586053598629171 9.557720124723015e-07 9.516243739685406e-07
89 9.427224099013726e-07 9.769019981885988e-07 9.490898298132694e-07 1.1012727996707777e-06 8.966971277553411e-07 0.0679209998259343 9.566969790936973e-07 0.4552337135723 9.551258020719503e-07 0.04963440049386101 0.0003831709891280292 0.18256256396165124 9.14193465372329e-07 0.00011318861052232368 0.00013966120924841833 0.00011641144851117912 3.276764518792618e-05 0.002903906672075935 7.903752775343601e-06 0.0007155622121246025 1.1159937986208552e-06 1.3007745239614444e-05 1.7222961320002492e-06 9.330888920625145e-06 2.7743180175407233e-05 0.0033544267657283616 0.0005677760818909576 0.001586053598629171 9.557720124723015e-07 9.516243739685406e-07
90 9.427224099013726e-07 9.769019981885988e-07 9.490898298132694e-07 1.1012727996707777e-06 8.966971277553411e-07 0.0679209998259343 9.566969790936973e-07 0.4552337135723 9.551258020719503e-07 0.04963440049386101 0.0003831709891280292 0.18256256396165124 9.14193465372329e-07 0.00011318861052232368 0.00013966120924841833 0.00011641144851117912 3.276764518792618e-05 0.002903906672075935 7.903752775343601e-06 0.0007155622121246025 1.1159937986208552e-06 1.3007745239614444e-05 1.7222961320002492e-06 9.330888920625145e-06 2.7743180175407233e-05 0.0033544267657283616 0.0005677760818909576 0.001586053598629171 9.557720124723015e-07 9.516243739685406e-07
91 9.427224099013726e-07 9.769019981885988e-07 9.490898298132694e-07 1.1012727996707777e-06 8.966971277553411e-07 0.0679209998259343 9.566969790936973e-07 0.4552337135723 9.551258020719503e-07 0.04963440049386101 0.0003831709891280292 0.18256256396165124 9.14193465372329e-07 0.00011318861052232368 0.00013966120924841833 0.00011641144851117912 3.276764518792618e-05 0.002903906672075935 7.903752775343601e-06 0.0007155622121246025 1.1159937986208552e-06 1.3007745239614444e-05 1.7222961320002492e-06 9.330888920625145e-06 2.7743180175407233e-05 0.0033544267657283616 0.0005677760818909576 0.001586053598629171 9.557720124723015e-07 9.516243739685406e-07
92 9.427224099013726e-07 9.769019981885988e-07 9.490898298132694e-07 1.1012727996707777e-06 8.966971277553411e-07 0.0679209998259343 9.566969790936973e-07 0.4552337135723 9.551258020719503e-07 0.04963440049386101 0.0003831709891280292 0.18256256396165124 9.14193465372329e-07 0.00011318861052232368 0.00013966120924841833 0.00011641144851117912 3.276764518792618e-05 0.002903906672075935 7.903752775343601e-06 0.0007155622121246025 1.1159937986208552e-06 1.3007745239614444e-05 1.7222961320002492e-06 9.330888920625145e-06 2.7743180175407233e-05 0.0033544267657283616 0.0005677760818909576 0.001586053598629171 9.557720124723015e-07 9.516243739685406e-07
93 9.427224099013726e-07 9.769019981885988e-07 9.490898298132694e-07 1.1012727996707777e-06 8.966971277553411e-07 0.0679209998259343 9.566969790936973e-07 0.4552337135723 9.551258020719503e-07 0.04963440049386101 0.0003831709891280292 0.18256256396165124 9.14193465372329e-07 0.00011318861052232368 0.00013966120924841833 0.00011641144851117912 3.276764518792618e-05 0.002903906672075935 7.903752775343601e-06 0.0007155622121246025 1.1159937986208552e-06 1.3007745239614444e-05 1.7222961320002492e-06 9.330888920625145e-06 2.7743180175407233e-05 0.0033544267657283616 0.0005677760818909576 0.001586053598629171 9.557720124723015e-07 9.516243739685406e-07
94 9.427224099013726e-07 9.769019981885988e-07 9.490898298132694e-07 1.1012727996707777e-06 8.966971277553411e-07 0.0679209998259343 9.566969790936973e-07 0.4552337135723 9.551258020719503e-07 0.04963440049386101 0.0003831709891280292 0.18256256396165124 9.14193465372329e-07 0.00011318861052232368 0.00013966120924841833 0.00011641144851117912 3.276764518792618e-05 0.002903906672075935 7.903752775343601e-06 0.0007155622121246025 1.1159937986208552e-06 1.3007745239614444e-05 1.7222961320002492e-06 9.330888920625145e-06 2.7743180175407233e-05 0.0033544267657283616 0.0005677760818909576 0.001586053598629171 9.557720124723015e-07 9.516243739685406e-07
95 9.427224099013726e-07 9.769019981885988e-07 9.490898298132694e-07 1.1012727996707777e-06 8.966971277553411e-07 0.0679209998259343 9.566969790936973e-07 0.4552337135723 9.551258020719503e-07 0.04963440049386101 0.0003831709891280292 0.18256256396165124 9.14193465372329e-07 0.00011318861052232368 0.00013966120924841833 0.00011641144851117912 3.276764518792618e-05 0.002903906672075935 7.903752775343601e-06 0.0007155622121246025 1.1159937986208552e-06 1.3007745239614444e-05 1.7222961320002492e-06 9.330888920625145e-06 2.7743180175407233e-05 0.0033544267657283616 0.0005677760818909576 0.001586053598629171 9.557720124723015e-07 9.516243739685406e-07
96 9.427224099013726e-07 9.769019981885988e-07 9.490898298132694e-07 1.1012727996707777e-06 8.966971277553411e-07 0.0679209998259343 9.566969790936973e-07 0.4552337135723 9.551258020719503e-07 0.04963440049386101 0.0003831709891280292 0.18256256396165124 9.14193465372329e-07 0.00011318861052232368 0.00013966120924841833 0.00011641144851117912 3.276764518792618e-05 0.002903906672075935 7.903752775343601e-06 0.0007155622121246025 1.1159937986208552e-06 1.3007745239614444e-05 1.7222961320002492e-06 9.330888920625145e-06 2.7743180175407233e-05 0.0033544267657283616 0.0005677760818909576 0.001586053598629171 9.557720124723015e-07 9.516243739685406e-07
97 9.427224099013726e-07 9.769019981885988e-07 9.490898298132694e-07 1.1012727996707777e-06 8.966971277553411e-07 0.0679209998259343 9.566969790936973e-07 0.4552337135723 9.551258020719503e-07 0.04963440049386101 0.0003831709891280292 0.18256256396165124 9.14193465372329e-07 0.00011318861052232368 0.00013966120924841833 0.00011641144851117912 3.276764518792618e-05 0.002903906672075935 7.903752775343601e-06 0.0007155622121246025 1.1159937986208552e-06 1.3007745239614444e-05 1.7222961320002492e-06 9.330888920625145e-06 2.7743180175407233e-05 0.0033544267657283616 0.0005677760818909576 0.001586053598629171 9.557720124723015e-07 9.516243739685406e-07
98 9.427224099013726e-07 9.769019981885988e-07 9.490898298132694e-07 1.1012727996707777e-06 8.966971277553411e-07 0.0679209998259343 9.566969790936973e-07 0.4552337135723 9.551258020719503e-07 0.04963440049386101 0.0003831709891280292 0.18256256396165124 9.14193465372329e-07 0.00011318861052232368 0.00013966120924841833 0.00011641144851117912 3.276764518792618e-05 0.002903906672075935 7.903752775343601e-06 0.0007155622121246025 1.1159937986208552e-06 1.3007745239614444e-05 1.7222961320002492e-06 9.330888920625145e-06 2.7743180175407233e-05 0.0033544267657283616 0.0005677760818909576 0.001586053598629171 9.557720124723015e-07 9.516243739685406e-07
99 9.427224099013726e-07 9.769019981885988e-07 9.490898298132694e-07 1.1012727996707777e-06 8.966971277553411e-07 0.0679209998259343 9.566969790936973e-07 0.4552337135723 9.551258020719503e-07 0.04963440049386101 0.0003831709891280292 0.18256256396165124 9.14193465372329e-07 0.00011318861052232368 0.00013966120924841833 0.00011641144851117912 3.276764518792618e-05 0.002903906672075935 7.903752775343601e-06 0.0007155622121246025 1.1159937986208552e-06 1.3007745239614444e-05 1.7222961320002492e-06 9.330888920625145e-06 2.7743180175407233e-05 0.0033544267657283616 0.0005677760818909576 0.001586053598629171 9.557720124723015e-07 9.516243739685406e-07
100 9.427224099013726e-07 9.769019981885988e-07 9.490898298132694e-07 1.1012727996707777e-06 8.966971277553411e-07 0.0679209998259343 9.566969790936973e-07 0.4552337135723 9.551258020719503e-07 0.04963440049386101 0.0003831709891280292 0.18256256396165124 9.14193465372329e-07 0.00011318861052232368 0.00013966120924841833 0.00011641144851117912 3.276764518792618e-05 0.002903906672075935 7.903752775343601e-06 0.0007155622121246025 1.1159937986208552e-06 1.3007745239614444e-05 1.7222961320002492e-06 9.330888920625145e-06 2.7743180175407233e-05 0.0033544267657283616 0.0005677760818909576 0.001586053598629171 9.557720124723015e-07 9.516243739685406e-07
101 9.427224099013726e-07 9.769019981885988e-07 9.490898298132694e-07 1.1012727996707777e-06 8.966971277553411e-07 0.0679209998259343 9.566969790936973e-07 0.4552337135723 9.551258020719503e-07 0.04963440049386101 0.0003831709891280292 0.18256256396165124 9.14193465372329e-07 0.00011318861052232368 0.00013966120924841833 0.00011641144851117912 3.276764518792618e-05 0.002903906672075935 7.903752775343601e-06 0.0007155622121246025 1.1159937986208552e-06 1.3007745239614444e-05 1.7222961320002492e-06 9.330888920625145e-06 2.7743180175407233e-05 0.0033544267657283616 0.0005677760818909576 0.001586053598629171 9.557720124723015e-07 9.516243739685406e-07
102 9.427224099013726e-07 9.769019981885988e-07 9.490898298132694e-07 1.1012727996707777e-06 8.966971277553411e-07 0.0679209998259343 9.566969790936973e-07 0.4552337135723 9.551258020719503e-07 0.04963440049386101 0.0003831709891280292 0.18256256396165124 9.14193465372329e-07 0.00011318861052232368 0.00013966120924841833 0.00011641144851117912 3.276764518792618e-05 0.002903906672075935 7.903752775343601e-06 0.0007155622121246025 1.1159937986208552e-06 1.3007745239614444e-05 1.7222961320002492e-06 9.330888920625145e-06 2.7743180175407233e-05 0.0033544267657283616 0.0005677760818909576 0.001586053598629171 9.557720124723015e-07 9.516243739685406e-07
103 9.427224099013726e-07 9.769019981885988e-07 9.490898298132694e-07 1.1012727996707777e-06 8.966971277553411e-07 0.0679209998259343 9.566969790936973e-07 0.4552337135723 9.551258020719503e-07 0.04963440049386101 0.0003831709891280292 0.18256256396165124 9.14193465372329e-07 0.00011318861052232368 0.00013966120924841833 0.00011641144851117912 3.276764518792618e-05 0.002903906672075935 7.903752775343601e-06 0.0007155622121246025 1.1159937986208552e-06 1.3007745239614444e-05 1.7222961320002492e-06 9.330888920625145e-06 2.7743180175407233e-05 0.0033544267657283616 0.0005677760818909576 0.001586053598629171 9.557720124723015e-07 9.516243739685406e-07
104 9.427224099013726e-07 9.769019981885988e-07 9.490898298132694e-07 1.1012727996707777e-06 8.966971277553411e-07 0.0679209998259343 9.566969790936973e-07 0.4552337135723 9.551258020719503e-07 0.04963440049386101 0.0003831709891280292 0.18256256396165124 9.14193465372329e-07 0.00011318861052232368 0.00013966120924841833 0.00011641144851117912 3.276764518792618e-05 0.002903906672075935 7.903752775343601e-06 0.0007155622121246025 1.1159937986208552e-06 1.3007745239614444e-05 1.7222961320002492e-06 9.330888920625145e-06 2.7743180175407233e-05 0.0033544267657283616 0.0005677760818909576 0.001586053598629171 9.557720124723015e-07 9.516243739685406e-07
105 9.427224099013726e-07 9.769019981885988e-07 9.490898298132694e-07 1.1012727996707777e-06 8.966971277553411e-07 0.0679209998259343 9.566969790936973e-07 0.4552337135723 9.551258020719503e-07 0.04963440049386101 0.0003831709891280292 0.18256256396165124 9.14193465372329e-07 0.00011318861052232368 0.00013966120924841833 0.00011641144851117912 3.276764518792618e-05 0.002903906672075935 7.903752775343601e-06 0.0007155622121246025 1.1159937986208552e-06 1.3007745239614444e-05 1.7222961320002492e-06 9.330888920625145e-06 2.7743180175407233e-05 0.0033544267657283616 0.0005677760818909576 0.001586053598629171 9.557720124723015e-07 9.516243739685406e-07
106 9.427224099013726e-07 9.769019981885988e-07 9.490898298132694e-07 1.1012727996707777e-06 8.966971277553411e-07 0.0679209998259343 9.566969790936973e-07 0.4552337135723 9.551258020719503e-07 0.04963440049386101 0.0003831709891280292 0.18256256396165124 9.14193465372329e-07 0.00011318861052232368 0.00013966120924841833 0.00011641144851117912 3.276764518792618e-05 0.002903906672075935 7.903752775343601e-06 0.0007155622121246025 1.1159937986208552e-06 1.3007745239614444e-05 1.7222961320002492e-06 9.330888920625145e-06 2.7743180175407233e-05 0.0033544267657283616 0.0005677760818909576 0.001586053598629171 9.557720124723015e-07 9.516243739685406e-07
107 9.427224099013726e-07 9.769019981885988e-07 9.490898298132694e-07 1.1012727996707777e-06 8.966971277553411e-07 0.0679209998259343 9.566969790936973e-07 0.4552337135723 9.551258020719503e-07 0.04963440049386101 0.0003831709891280292 0.18256256396165124 9.14193465372329e-07 0.00011318861052232368 0.00013966120924841833 0.00011641144851117912 3.276764518792618e-05 0.002903906672075935 7.903752775343601e-06 0.0007155622121246025 1.1159937986208552e-06 1.3007745239614444e-05 1.7222961320002492e-06 9.330888920625145e-06 2.7743180175407233e-05 0.0033544267657283616 0.0005677760818909576 0.001586053598629171 9.557720124723015e-07 9.516243739685406e-07
108 9.427224099013726e-07 9.769019981885988e-07 9.490898298132694e-07 1.1012727996707777e-06 8.966971277553411e-07 0.0679209998259343 9.566969790936973e-07 0.4552337135723 9.551258020719503e-07 0.04963440049386101 0.0003831709891280292 0.18256256396165124 9.14193465372329e-07 0.00011318861052232368 0.00013966120924841833 0.00011641144851117912 3.276764518792618e-05 0.002903906672075935 7.903752775343601e-06 0.0007155622121246025 1.1159937986208552e-06 1.3007745239614444e-05 1.7222961320002492e-06 9.330888920625145e-06 2.7743180175407233e-05 0.0033544267657283616 0.0005677760818909576 0.001586053598629171 9.557720124723015e-07 9.516243739685406e-07
