# index Z=1 - Z=30
0 4.927644299703872e-07 0.008082665881745497 4.8287216190168e-07 5.570203566828387e-07 4.922361224653501e-07 1.1365504603934673e-06 4.902480322992102e-07 0.0030480269501382638 5.36853778662077e-07 4.962463295857298e-07 4.784528371419244e-07 5.586949422988777e-05 5.752172551405877e-07 0.004203282329307697 1.1679347363666004e-06 5.004402869062659e-05 6.206989517827551e-07 0.0059790517033270095 7.318094319821806e-07 0.014115587962249617 4.26596961124843e-07 9.401857676536228e-05 0.00022252312713964554 1.2618783089902099e-05 0.00502629725236779 0.10828003857892123 0.09735687019462891 0.6284093360537886 4.980410592963096e-07 4.952850431650923e-07
1 4.927644299703872e-07 0.008082665881745497 4.8287216190168e-07 5.570203566828387e-07 4.922361224653501e-07 1.1365504603934673e-06 4.902480322992102e-07 0.0030480269501382638 5.36853778662077e-07 4.962463295857298e-07 4.784528371419244e-07 5.586949422988777e-05 5.752172551405877e-07 0.004203282329307697 1.1679347363666004e-06 5.004402869062659e-05 6.206989517827551e-07 0.0059790517033270095 7.318094319821806e-07 0.014115587962249617 4.26596961124843e-07 9.401857676536228e-05 0.00022252312713964554 1.2618783089902099e-05 0.00502629725236779 0.10828003857892123 0.09735687019462891 0.6284093360537886 4.980410592963096e-07 4.952850431650923e-07
2 4.927644299703872e-07 0.008082665881745497 4.8287216190168e-07 5.570203566828387e-07 4.922361224653501e-07 1.1365504603934673e-06 4.902480322992102e-07 0.0030480269501382638 5.36853778662077e-07 4.962463295857298e-07 4.784528371419244e-07 5.586949422988777e-05 5.752172551405877e-07 0.004203282329307697 1.1679347363666004e-06 5.004402869062659e-05 6.206989517827551e-07 0.0059790517033270095 7.318094319821806e-07 0.014115587962249617 4.26596961124843e-07 9.401857676536228e-05 0.00022252312713964554 1.2618783089902099e-05 0.00502629725236779 0.10828003857892123 0.09735687019462891 0.6284093360537886 4.980410592963096e-07 4.952850431650923e-07
3 4.927644299703872e-07 0.008082665881745497 4.8287216190168e-07 5.570203566828387e-07 4.922361224653501e-07 1.1365504603934673e-06 4.902480322992102e-07 0.0030480269501382638 5.36853778662077e-07 4.962463295857298e-07 4.784528371419244e-07 5.586949422988777e-05 5.752172551405877e-07 0.004203282329307697 1.1679347363666004e-06 5.004402869062659e-05 6.206989517827551e-07 0.0059790517033270095 7.318094319821806e-07 0.014115587962249617 4.26596961124843e-07 9.401857676536228e-05 0.00022252312713964554 1.2618783089902099e-05 0.00502629725236779 0.10828003857892123 0.09735687019462891 0.6284093360537886 4.980410592963096e-07 4.952850431650923e-07
4 4.927644299703872e-07 0.008082665881745497 4.8287216190168e-07 5.570203566828387e-07 4.922361224653501e-07 1.1365504603934673e-06 4.902480322992102e-07 0.0030480269501382638 5.36853778662077e-07 4.962463295857298e-07 4.784528371419244e-07 5.586949422988777e-05 5.752172551405877e-07 0.004203282329307697 1.1679347363666004e-06 5.004402869062659e-05 6.206989517827551e-07 0.0059790517033270095 7.318094319821806e-07 0.014115587962249617 4.26596961124843e-07 9.401857676536228e-05 0.00022252312713964554 1.2618783089902099e-05 0.00502629725236779 0.10828003857892123 0.09735687019462891 0.6284093360537886 4.980410592963096e-07 4.952850431650923e-07
5 4.927644299703872e-07 0.008082665881745497 4.8287216190168e-07 5.570203566828387e-07 4.922361224653501e-07 1.1365504603934673e-06 4.902480322992102e-07 0.0030480269501382638 5.36853778662077e-07 4.962463295857298e-07 4.784528371419244e-07 5.586949422988777e-05 5.752172551405877e-07 0.004203282329307697 1.1679347363666004e-06 5.004402869062659e-05 6.206989517827551e-07 0.0059790517033270095 7.318094319821806e-07 0.014115587962249617 4.26596961124843e-07 9.401857676536228e-05 0.00022252312713964554 1.2618783089902099e-05 0.00502629725236779 0.10828003857892123 0.09735687019462891 0.6284093360537886 4.980410592963096e-07 4.952850431650923e-07
6 4.927644299703872e-07 0.008082665881745497 4.8287216190168e-07 5.570203566828387e-07 4.922361224653501e-07 1.1365504603934673e-06 4.902480322992102e-07 0.0030480269501382638 5.36853778662077e-07 4.962463295857298e-07 4.784528371419244e-07 5.586949422988777e-05 5.752172551405877e-07 0.004203282329307697 1.1679347363666004e-06 5.004402869062659e-05 6.206989517827551e-07 0.0059790517033270095 7.318094319821806e-07 0.014115587962249617 4.26596961124843e-07 9.401857676536228e-05 0.00022252312713964554 1.2618783089902099e-05 0.00502629725236779 0.10828003857892123 0.09735687019462891 0.6284093360537886 4.980410592963096e-07 4.952850431650923e-07
7 4.927644299703872e-07 0.008082665881745497 4.8287216190168e-07 5.570203566828387e-07 4.922361224653501e-07 1.1365504603934673e-06 4.902480322992102e-07 0.0030480269501382638 5.36853778662077e-07 4.962463295857298e-07 4.784528371419244e-07 5.586949422988777e-05 5.752172551405877e-07 0.004203282329307697 1.1679347363666004e-06 5.004402869062659e-05 6.206989517827551e-07 0.0059790517033270095 7.318094319821806e-07 0.014115587962249617 4.26596961124843e-07 9.401857676536228e-05 0.00022252312713964554 1.2618783089902099e-05 0.00502629725236779 0.10828003857892123 0.09735687019462891 0.6284093360537886 4.980410592963096e-07 4.952850431650923e-07
8 4.927644299703872e-07 0.008082665881745497 4.8287216190168e-07 5.570203566828387e-07 4.922361224653501e-07 1.1365504603934673e-06 4.902480322992102e-07 0.0030480269501382638 5.36853778662077e-07 4.962463295857298e-07 4.784528371419244e-07 5.586949422988777e-05 5.752172551405877e-07 0.004203282329307697 1.1679347363666004e-06 5.004402869062659e-05 6.206989517827551e-07 0.0059790517033270095 7.318094319821806e-07 0.014115587962249617 4.26596961124843e-07 9.401857676536228e-05 0.00022252312713964554 1.2618783089902099e-05 0.00502629725236779 0.10828003857892123 0.09735687019462891 0.6284093360537886 4.980410592963096e-07 4.952850431650923e-07
9 4.927644299703872e-07 0.008082665881745497 4.8287216190168e-07 5.570203566828387e-07 4.922361224653501e-07 1.1365504603934673e-06 4.902480322992102e-07 0.0030480269501382638 5.36853778662077e-07 4.962463295857298e-07 4.784528371419244e-07 5.586949422988777e-05 5.752172551405877e-07 0.004203282329307697 1.1679347363666004e-06 5.004402869062659e-05 6.206989517827551e-07 0.0059790517033270095 7.318094319821806e-07 0.014115587962249617 4.26596961124843e-07 9.401857676536228e-05 0.00022252312713964554 1.2618783089902099e-05 0.00502629725236779 0.10828003857892123 0.09735687019462891 0.6284093360537886 4.980410592963096e-07 4.952850431650923e-07
10 4.927644299703872e-07 0.008082665881745497 4.8287216190168e-07 5.570203566828387e-07 4.922361224653501e-07 1.1365504603934673e-06 4.902480322992102e-07 0.0030480269501382638 5.36853778662077e-07 4.962463295857298e-07 4.784528371419244e-07 5.586949422988777e-05 5.752172551405877e-07 0.004203282329307697 1.1679347363666004e-06 5.004402869062659e-05 6.206989517827551e-07 0.0059790517033270095 7.318094319821806e-07 0.014115587962249617 4.26596961124843e-07 9.401857676536228e-05 0.00022252312713964554 1.2618783089902099e-05 0.00502629725236779 0.10828003857892123 0.09735687019462891 0.6284093360537886 4.980410592963096e-07 4.952850431650923e-07
11 4.927644299703872e-07 0.008082665881745497 4.8287216190168e-07 5.570203566828387e-07 4.922361224653501e-07 1.1365504603934673e-06 4.902480322992102e-07 0.0030480269501382638 5.36853778662077e-07 4.962463295857298e-07 4.784528371419244e-07 5.586949422988777e-05 5.752172551405877e-07 0.004203282329307697 1.1679347363666004e-06 5.004402869062659e-05 6.206989517827551e-07 0.0059790517033270095 7.318094319821806e-07 0.014115587962249617 4.26596961124843e-07 9.401857676536228e-05 0.00022252312713964554 1.2618783089902099e-05 0.00502629725236779 0.10828003857892123 0.09735687019462891 0.6284093360537886 4.980410592963096e-07 4.952850431650923e-07
12 8.742086606743178e-07 0.003955543052009224 7.949112119270749e-07 9.17659933918209e-07 8.217831870499078e-07 1.810671557850282e-06 7.842103046625837e-07 0.004887957771135076 9.722804162338534e-07 1.011379819582761e-06 9.262479435593648e-07 0.0023568831773544295 8.580548923665266e-07 0.024302735749932053 5.928468860074127e-06 0.0007092024627750498 2.196036320770096e-06 0.013558095584817038 1.4631084798918894e-06 0.022983849922113428 8.116753244658969e-07 0.00014016330849680837 0.0008509358707821378 2.195990509285133e-05 0.08255074297560593 0.43870092658440585 0.13301869783701 0.15271938180761274 9.76028222232872e-07 7.928445435771373e-07
13 8.742086606743178e-07 0.003955543052009224 7.949112119270749e-07 9.17659933918209e-07 8.217831870499078e-07 1.810671557850282e-06 7.842103046625837e-07 0.004887957771135076 9.722804162338534e-07 1.011379819582761e-06 9.262479435593648e-07 0.0023568831773544295 8.580548923665266e-07 0.024302735749932053 5.928468860074127e-06 0.0007092024627750498 2.196036320770096e-06 0.013558095584817038 1.4631084798918894e-06 0.022983849922113428 8.116753244658969e-07 0.00014016330849680837 0.0008509358707821378 2.195990509285133e-05 0.08255074297560593 0.43870092658440585 0.13301869783701 0.15271938180761274 9.76028222232872e-07 7.928445435771373e-07
14 8.742086606743178e-07 0.003955543052009224 7.949112119270749e-07 9.17659933918209e-07 8.217831870499078e-07 1.810671557850282e-06 7.842103046625837e-07 0.004887957771135076 9.722804162338534e-07 1.011379819582761e-06 9.262479435593648e-07 0.0023568831773544295 8.580548923665266e-07 0.024302735749932053 5.928468860074127e-06 0.0007092024627750498 2.196036320770096e-06 0.013558095584817038 1.4631084798918894e-06 0.022983849922113428 8.116753244658969e-07 0.00014016330849680837 0.0008509358707821378 2.195990509285133e-05 0.08255074297560593 0.43870092658440585 0.13301869783701 0.15271938180761274 9.76028222232872e-07 7.928445435771373e-07
15 8.742086606743178e-07 0.003955543052009224 7.949112119270749e-07 9.17659933918209e-07 8.217831870499078e-07 1.810671557850282e-06 7.842103046625837e-07 0.004887957771135076 9.722804162338534e-07 1.011379819582761e-06 9.262479435593648e-07 0.0023568831773544295 8.580548923665266e-07 0.024302735749932053 5.928468860074127e-06 0.0007092024627750498 2.196036320770096e-06 0.013558095584817038 1.4631084798918894e-06 0.022983849922113428 8.116753244658969e-07 0.00014016330849680837 0.0008509358707821378 2.195990509285133e-05 0.08255074297560593 0.43870092658440585 0.13301869783701 0.15271938180761274 9.76028222232872e-07 7.928445435771373e-07
16 8.742086606743178e-07 0.003955543052009224 7.949112119270749e-07 9.17659933918209e-07 8.217831870499078e-07 1.810671557850282e-06 7.842103046625837e-07 0.004887957771135076 9.722804162338534e-07 1.011379819582761e-06 9.262479435593648e-07 0.0023568831773544295 8.580548923665266e-07 0.024302735749932053 5.928468860074127e-06 0.0007092024627750498 2.196036320770096e-06 0.013558095584817038 1.4631084798918894e-06 0.022983849922113428 8.116753244658969e-07 0.00014016330849680837 0.0008509358707821378 2.195990509285133e-05 0.08255074297560593 0.43870092658440585 0.13301869783701 0.15271938180761274 9.76028222232872e-07 7.928445435771373e-07
17 8.742086606743178e-07 0.003955543052009224 7.949112119270749e-07 9.17659933918209e-07 8.217831870499078e-07 1.810671557850282e-06 7.842103046625837e-07 0.004887957771135076 9.722804162338534e-07 1.011379819582761e-06 9.262479435593648e-07 0.0023568831773544295 8.580548923665266e-07 0.024302735749932053 5.928468860074127e-06 0.0007092024627750498 2.196036320770096e-06 0.013558095584817038 1.4631084798918894e-06 0.022983849922113428 8.116753244658969e-07 0.00014016330849680837 0.0008509358707821378 2.195990509285133e-05 0.08255074297560593 0.43870092658440585 0.13301869783701 0.15271938180761274 9.76028222232872e-07 7.928445435771373e-07
18 8.742086606743178e-07 0.003955543052009224 7.949112119270749e-07 9.17659933918209e-07 8.217831870499078e-07 1.810671557850282e-06 7.842103046625837e-07 0.004887957771135076 9.722804162338534e-07 1.011379819582761e-06 9.262479435593648e-07 0.0023568831773544295 8.580548923665266e-07 0.024302735749932053 5.928468860074127e-06 0.0007092024627750498 2.196036320770096e-06 0.013558095584817038 1.4631084798918894e-06 0.022983849922113428 8.116753244658969e-07 0.00014016330849680837 0.0008509358707821378 2.195990509285133e-05 0.08255074297560593 0.43870092658440585 0.13301869783701 0.15271938180761274 9.76028222232872e-07 7.928445435771373e-07
19 8.742086606743178e-07 0.003955543052009224 7.949112119270749e-07 9.17659933918209e-07 8.217831870499078e-07 1.810671557850282e-06 7.842103046625837e-07 0.004887957771135076 9.722804162338534e-07 1.011379819582761e-06 9.262479435593648e-07 0.0023568831773544295 8.580548923665266e-07 0.024302735749932053 5.928468860074127e-06 0.0007092024627750498 2.196036320770096e-06 0.013558095584817038 1.4631084798918894e-06 0.022983849922113428 8.116753244658969e-07 0.00014016330849680837 0.0008509358707821378 2.195990509285133e-05 0.08255074297560593 0.43870092658440585 0.13301869783701 0.15271938180761274 9.76028222232872e-07 7.928445435771373e-07
20 8.742086606743178e-07 0.003955543052009224 7.949112119270749e-07 9.17659933918209e-07 8.217831870499078e-07 1.810671557850282e-06 7.842103046625837e-07 0.004887957771135076 9.722804162338534e-07 1.011379819582761e-06 9.262479435593648e-07 0.0023568831773544295 8.580548923665266e-07 0.024302735749932053 5.928468860074127e-06 0.0007092024627750498 2.196036320770096e-06 0.013558095584817038 1.4631084798918894e-06 0.022983849922113428 8.116753244658969e-07 0.00014016330849680837 0.0008509358707821378 2.195990509285133e-05 0.08255074297560593 0.43870092658440585 0.13301869783701 0.15271938180761274 9.76028222232872e-07 7.928445435771373e-07
21 8.742086606743178e-07 0.003955543052009224 7.949112119270749e-07 9.17659933918209e-07 8.217831870499078e-07 1.810671557850282e-06 7.842103046625837e-07 0.004887957771135076 9.722804162338534e-07 1.011379819582761e-06 9.262479435593648e-07 0.0023568831773544295 8.580548923665266e-07 0.024302735749932053 5.928468860074127e-06 0.0007092024627750498 2.196036320770096e-06 0.013558095584817038 1.4631084798918894e-06 0.022983849922113428 8.116753244658969e-07 0.00014016330849680837 0.0008509358707821378 2.195990509285133e-05 0.08255074297560593 0.43870092658440585 0.13301869783701 0.15271938180761274 9.76028222232872e-07 7.928445435771373e-07
22 6.606828280357348e-07 6.014091569634536e-07 6.565703191797964e-07 6.024341890341104e-07 5.647991015484732e-07 1.6938545454453858e-06 6.163993270583355e-07 0.0033202359470769303 5.673056141703358e-07 6.836812179308224e-07 5.546932575775188e-07 0.055195317028716315 5.441369734505187e-07 0.5751300663804024 9.568535034677282e-06 0.026167201140146715 1.397076796525255e-06 0.01935855174894753 1.0768874003422388e-06 0.05949800400506311 6.354473971110476e-07 9.515094480995603e-05 0.0011264892626122872 4.6607477730730886e-05 0.009467704358079707 0.11237721195433371 0.09943887666824278 0.014646671468262724 6.158953316280977e-07 6.238479530432403e-07
23 6.606828280357348e-07 6.014091569634536e-07 6.565703191797964e-07 6.024341890341104e-07 5.647991015484732e-07 1.6938545454453858e-06 6.163993270583355e-07 0.0033202359470769303 5.673056141703358e-07 6.836812179308224e-07 5.546932575775188e-07 0.055195317028716315 5.441369734505187e-07 0.5751300663804024 9.568535034677282e-06 0.026167201140146715 1.397076796525255e-06 0.01935855174894753 1.0768874003422388e-06 0.05949800400506311 6.354473971110476e-07 9.515094480995603e-05 0.0011264892626122872 4.6607477730730886e-05 0.009467704358079707 0.11237721195433371 0.09943887666824278 0.014646671468262724 6.158953316280977e-07 6.238479530432403e-07
24 6.606828280357348e-07 6.014091569634536e-07 6.565703191797964e-07 6.024341890341104e-07 5.647991015484732e-07 1.6938545454453858e-06 6.163993270583355e-07 0.0033202359470769303 5.673056141703358e-07 6.836812179308224e-07 5.546932575775188e-07 0.055195317028716315 5.441369734505187e-07 0.5751300663804024 9.568535034677282e-06 0.026167201140146715 1.397076796525255e-06 0.01935855174894753 1.0768874003422388e-06 0.05949800400506311 6.354473971110476e-07 9.515094480995603e-05 0.0011264892626122872 4.6607477730730886e-05 0.009467704358079707 0.11237721195433371 0.09943887666824278 0.014646671468262724 6.158953316280977e-07 6.238479530432403e-07
25 6.606828280357348e-07 6.014091569634536e-07 6.565703191797964e-07 6.024341890341104e-07 5.647991015484732e-07 1.6938545454453858e-06 6.163993270583355e-07 0.0033202359470769303 5.673056141703358e-07 6.836812179308224e-07 5.546932575775188e-07 0.055195317028716315 5.441369734505187e-07 0.5751300663804024 9.568535034677282e-06 0.026167201140146715 1.397076796525255e-06 0.01935855174894753 1.0768874003422388e-06 0.05949800400506311 6.354473971110476e-07 9.515094480995603e-05 0.0011264892626122872 4.6607477730730886e-05 0.009467704358079707 0.11237721195433371 0.09943887666824278 0.014646671468262724 6.158953316280977e-07 6.238479530432403e-07
26 6.606828280357348e-07 6.014091569634536e-07 6.565703191797964e-07 6.024341890341104e-07 5.647991015484732e-07 1.6938545454453858e-06 6.163993270583355e-07 0.0033202359470769303 5.673056141703358e-07 6.836812179308224e-07 5.546932575775188e-07 0.055195317028716315 5.441369734505187e-07 0.5751300663804024 9.568535034677282e-06 0.026167201140146715 1.397076796525255e-06 0.01935855174894753 1.0768874003422388e-06 0.05949800400506311 6.354473971110476e-07 9.515094480995603e-05 0.0011264892626122872 4.6607477730730886e-05 0.009467704358079707 0.11237721195433371 0.09943887666824278 0.014646671468262724 6.158953316280977e-07 6.238479530432403e-07
27 6.606828280357348e-07 6.014091569634536e-07 6.565703191797964e-07 6.024341890341104e-07 5.647991015484732e-07 1.6938545454453858e-06 6.163993270583355e-07 0.0033202359470769303 5.673056141703358e-07 6.836812179308224e-07 5.546932575775188e-07 0.055195317028716315 5.441369734505187e-07 0.5751300663804024 9.568535034677282e-06 0.026167201140146715 1.397076796525255e-06 0.01935855174894753 1.0768874003422388e-06 0.05949800400506311 6.354473971110476e-07 9.515094480995603e-05 0.0011264892626122872 4.6607477730730886e-05 0.009467704358079707 0.11237721195433371 0.09943887666824278 0.014646671468262724 6.158953316280977e-07 6.238479530432403e-07
28 6.606828280357348e-07 6.014091569634536e-07 6.565703191797964e-07 6.024341890341104e-07 5.647991015484732e-07 1.6938545454453858e-06 6.163993270583355e-07 0.0033202359470769303 5.673056141703358e-07 6.836812179308224e-07 5.546932575775188e-07 0.055195317028716315 5.441369734505187e-07 0.5751300663804024 9.568535034677282e-06 0.026167201140146715 1.397076796525255e-06 0.01935855174894753 1.0768874003422388e-06 0.05949800400506311 6.354473971110476e-07 9.515094480995603e-05 0.0011264892626122872 4.6607477730730886e-05 0.009467704358079707 0.11237721195433371 0.09943887666824278 0.014646671468262724 6.158953316280977e-07 6.238479530432403e-07
29 6.606828280357348e-07 6.014091569634536e-07 6.565703191797964e-07 6.024341890341104e-07 5.647991015484732e-07 1.6938545454453858e-06 6.163993270583355e-07 0.0033202359470769303 5.673056141703358e-07 6.836812179308224e-07 5.546932575775188e-07 0.055195317028716315 5.441369734505187e-07 0.5751300663804024 9.568535034677282e-06 0.026167201140146715 1.397076796525255e-06 0.01935855174894753 1.0768874003422388e-06 0.05949800400506311 6.354473971110476e-07 9.515094480995603e-05 0.0011264892626122872 4.6607477730730886e-05 0.009467704358079707 0.11237721195433371 0.09943887666824278 0.014646671468262724 6.158953316280977e-07 6.238479530432403e-07
30 6.606828280357348e-07 6.014091569634536e-07 6.565703191797964e-07 6.024341890341104e-07 5.647991015484732e-07 1.6938545454453858e-06 6.163993270583355e-07 0.0033202359470769303 5.673056141703358e-07 6.836812179308224e-07 5.546932575775188e-07 0.055195317028716315 5.441369734505187e-07 0.5751300663804024 9.568535034677282e-06 0.026167201140146715 1.397076796525255e-06 0.01935855174894753 1.0768874003422388e-06 0.05949800400506311 6.354473971110476e-07 9.515094480995603e-05 0.0011264892626122872 4.6607477730730886e-05 0.009467704358079707 0.11237721195433371 0.09943887666824278 0.014646671468262724 6.158953316280977e-07 6.238479530432403e-07
31 6.606828280357348e-07 6.014091569634536e-07 6.565703191797964e-07 6.024341890341104e-07 5.647991015484732e-07 1.6938545454453858e-06 6.163993270583355e-07 0.0033202359470769303 5.673056141703358e-07 6.836812179308224e-07 5.546932575775188e-07 0.055195317028716315 5.441369734505187e-07 0.5751300663804024 9.568535034677282e-06 0.026167201140146715 1.397076796525255e-06 0.01935855174894753 1.0768874003422388e-06 0.05949800400506311 6.354473971110476e-07 9.515094480995603e-05 0.0011264892626122872 4.6607477730730886e-05 0.009467704358079707 0.11237721195433371 0.09943887666824278 0.014646671468262724 6.158953316280977e-07 6.238479530432403e-07
32 7.86903917062733e-08 9.252040922333115e-08 1.1746439190165956e-07 8.951497893585026e-08 9.76344406682364e-08 2.99205650837116e-06 7.774845314189874e-08 0.14081911592926288 9.786024708913091e-08 3.379103087806317e-07 1.1180002145708385e-07 0.0061862350917577255 1.0183719694655291e-07 0.5126573457690926 1.074261001227363e-05 1.4369356661350323e-05 4.518397910319927e-06 0.004350611279999553 6.366751287924397e-06 0.0008817697116055214 1.0680548099522961e-07 6.279823053061724e-06 7.765946888079804e-06 7.4365868344605746e-06 7.771414416643723e-05 0.0018334303559416959 0.0018376636045839103 0.0014424983148681242 9.048167084526431e-08 8.22586611876942e-08
33 7.86903917062733e-08 9.252040922333115e-08 1.1746439190165956e-07 8.951497893585026e-08 9.76344406682364e-08 2.99205650837116e-06 7.774845314189874e-08 0.14081911592926288 9.786024708913091e-08 3.379103087806317e-07 1.1180002145708385e-07 0.0061862350917577255 1.0183719694655291e-07 0.5126573457690926 1.074261001227363e-05 1.4369356661350323e-05 4.518397910319927e-06 0.004350611279999553 6.366751287924397e-06 0.0008817697116055214 1.0680548099522961e-07 6.279823053061724e-06 7.765946888079804e-06 7.4365868344605746e-06 7.771414416643723e-05 0.0018334303559416959 0.0018376636045839103 0.0014424983148681242 9.048167084526431e-08 8.22586611876942e-08
34 7.86903917062733e-08 9.252040922333115e-08 1.1746439190165956e-07 8.951497893585026e-08 9.76344406682364e-08 2.99205650837116e-06 7.774845314189874e-08 0.14081911592926288 9.786024708913091e-08 3.379103087806317e-07 1.1180002145708385e-07 0.0061862350917577255 1.0183719694655291e-07 0.5126573457690926 1.074261001227363e-05 1.4369356661350323e-05 4.518397910319927e-06 0.004350611279999553 6.366751287924397e-06 0.0008817697116055214 1.0680548099522961e-07 6.279823053061724e-06 7.765946888079804e-06 7.4365868344605746e-06 7.771414416643723e-05 0.0018334303559416959 0.0018376636045839103 0.0014424983148681242 9.048167084526431e-08 8.22586611876942e-08
35 7.86903917062733e-08 9.252040922333115e-08 1.1746439190165956e-07 8.951497893585026e-08 9.76344406682364e-08 2.99205650837116e-06 7.774845314189874e-08 0.14081911592926288 9.786024708913091e-08 3.379103087806317e-07 1.1180002145708385e-07 0.0061862350917577255 1.0183719694655291e-07 0.5126573457690926 1.074261001227363e-05 1.4369356661350323e-05 4.518397910319927e-06 0.004350611279999553 6.366751287924397e-06 0.0008817697116055214 1.0680548099522961e-07 6.279823053061724e-06 7.765946888079804e-06 7.4365868344605746e-06 7.771414416643723e-05 0.0018334303559416959 0.0018376636045839103 0.0014424983148681242 9.048167084526431e-08 8.22586611876942e-08
36 7.86903917062733e-08 9.252040922333115e-08 1.1746439190165956e-07 8.951497893585026e-08 9.76344406682364e-08 2.99205650837116e-06 7.774845314189874e-08 0.14081911592926288 9.786024708913091e-08 3.379103087806317e-07 1.1180002145708385e-07 0.0061862350917577255 1.0183719694655291e-07 0.5126573457690926 1.074261001227363e-05 1.4369356661350323e-05 4.518397910319927e-06 0.004350611279999553 6.366751287924397e-06 0.0008817697116055214 1.0680548099522961e-07 6.279823053061724e-06 7.765946888079804e-06 7.4365868344605746e-06 7.771414416643723e-05 0.0018334303559416959 0.0018376636045839103 0.0014424983148681242 9.048167084526431e-08 8.22586611876942e-08
37 7.86903917062733e-08 9.252040922333115e-08 1.1746439190165956e-07 8.951497893585026e-08 9.76344406682364e-08 2.99205650837116e-06 7.774845314189874e-08 0.14081911592926288 9.786024708913091e-08 3.379103087806317e-07 1.1180002145708385e-07 0.0061862350917577255 1.0183719694655291e-07 0.5126573457690926 1.074261001227363e-05 1.4369356661350323e-05 4.518397910319927e-06 0.004350611279999553 6.366751287924397e-06 0.0008817697116055214 1.0680548099522961e-07 6.279823053061724e-06 7.765946888079804e-06 7.4365868344605746e-06 7.771414416643723e-05 0.0018334303559416959 0.0018376636045839103 0.0014424983148681242 9.048167084526431e-08 8.22586611876942e-08
38 7.86903917062733e-08 9.252040922333115e-08 1.1746439190165956e-07 8.951497893585026e-08 9.76344406682364e-08 2.99205650837116e-06 7.774845314189874e-08 0.14081911592926288 9.786024708913091e-08 3.379103087806317e-07 1.1180002145708385e-07 0.0061862350917577255 1.0183719694655291e-07 0.5126573457690926 1.074261001227363e-05 1.4369356661350323e-05 4.518397910319927e-06 0.004350611279999553 6.366751287924397e-06 0.0008817697116055214 1.0680548099522961e-07 6.279823053061724e-06 7.765946888079804e-06 7.4365868344605746e-06 7.771414416643723e-05 0.0018334303559416959 0.0018376636045839103 0.0014424983148681242 9.048167084526431e-08 8.22586611876942e-08
39 7.86903917062733e-08 9.252040922333115e-08 1.1746439190165956e-07 8.951497893585026e-08 9.76344406682364e-08 2.99205650837116e-06 7.774845314189874e-08 0.14081911592926288 9.786024708913091e-08 3.379103087806317e-07 1.1180002145708385e-07 0.0061862350917577255 1.0183719694655291e-07 0.5126573457690926 1.074261001227363e-05 1.4369356661350323e-05 4.518397910319927e-06 0.004350611279999553 6.366751287924397e-06 0.0008817697116055214 1.0680548099522961e-07 6.279823053061724e-06 7.765946888079804e-06 7.4365868344605746e-06 7.771414416643723e-05 0.0018334303559416959 0.0018376636045839103 0.0014424983148681242 9.048167084526431e-08 8.22586611876942e-08
40 7.86903917062733e-08 9.252040922333115e-08 1.1746439190165956e-07 8.951497893585026e-08 9.76344406682364e-08 2.99205650837116e-06 7.774845314189874e-08 0.14081911592926288 9.786024708913091e-08 3.379103087806317e-07 1.1180002145708385e-07 0.0061862350917577255 1.0183719694655291e-07 0.5126573457690926 1.074261001227363e-05 1.4369356661350323e-05 4.518397910319927e-06 0.004350611279999553 6.366751287924397e-06 0.0008817697116055214 1.0680548099522961e-07 6.279823053061724e-06 7.765946888079804e-06 7.4365868344605746e-06 7.771414416643723e-05 0.0018334303559416959 0.0018376636045839103 0.0014424983148681242 9.048167084526431e-08 8.22586611876942e-08
41 7.86903917062733e-08 9.252040922333115e-08 1.1746439190165956e-07 8.951497893585026e-08 9.76344406682364e-08 2.99205650837116e-06 7.774845314189874e-08 0.14081911592926288 9.786024708913091e-08 3.379103087806317e-07 1.1180002145708385e-07 0.0061862350917577255 1.0183719694655291e-07 0.5126573457690926 1.074261001227363e-05 1.4369356661350323e-05 4.518397910319927e-06 0.004350611279999553 6.366751287924397e-06 0.0008817697116055214 1.0680548099522961e-07 6.279823053061724e-06 7.765946888079804e-06 7.4365868344605746e-06 7.771414416643723e-05 0.0018334303559416959 0.0018376636045839103 0.0014424983148681242 9.048167084526431e-08 8.22586611876942e-08
42 7.86903917062733e-08 9.252040922333115e-08 1.1746439190165956e-07 8.951497893585026e-08 9.76344406682364e-08 2.99205650837116e-06 7.774845314189874e-08 0.14081911592926288 9.786024708913091e-08 3.379103087806317e-07 1.1180002145708385e-07 0.0061862350917577255 1.0183719694655291e-07 0.5126573457690926 1.074261001227363e-05 1.4369356661350323e-05 4.518397910319927e-06 0.004350611279999553 6.366751287924397e-06 0.0008817697116055214 1.0680548099522961e-07 6.279823053061724e-06 7.765946888079804e-06 7.4365868344605746e-06 7.771414416643723e-05 0.0018334303559416959 0.0018376636045839103 0.0014424983148681242 9.048167084526431e-08 8.22586611876942e-08
43 7.86903917062733e-08 9.252040922333115e-08 1.1746439190165956e-07 8.951497893585026e-08 9.76344406682364e-08 2.99205650837116e-06 7.774845314189874e-08 0.14081911592926288 9.786024708913091e-08 3.379103087806317e-07 1.1180002145708385e-07 0.0061862350917577255 1.0183719694655291e-07 0.5126573457690926 1.074261001227363e-05 1.4369356661350323e-05 4.518397910319927e-06 0.004350611279999553 6.366751287924397e-06 0.0008817697116055214 1.0680548099522961e-07 6.279823053061724e-06 7.765946888079804e-06 7.4365868344605746e-06 7.771414416643723e-05 0.0018334303559416959 0.0018376636045839103 0.0014424983148681242 9.048167084526431e-08 8.22586611876942e-08
44 7.86903917062733e-08 9.252040922333115e-08 1.1746439190165956e-07 8.951497893585026e-08 9.76344406682364e-08 2.99205650837116e-06 7.774845314189874e-08 0.14081911592926288 9.786024708913091e-08 3.379103087806317e-07 1.1180002145708385e-07 0.0061862350917577255 1.0183719694655291e-07 0.5126573457690926 1.074261001227363e-05 1.4369356661350323e-05 4.518397910319927e-06 0.004350611279999553 6.366751287924397e-06 0.0008817697116055214 1.0680548099522961e-07 6.279823053061724e-06 7.765946888079804e-06 7.4365868344605746e-06 7.771414416643723e-05 0.0018334303559416959 0.0018376636045839103 0.0014424983148681242 9.048167084526431e-08 8.22586611876942e-08
45 5.081040356633676e-07 5.302941895803805e-07 5.661930011114981e-07 5.840325517138532e-07 5.2185895314389e-07 0.05021382527176561 5.37049509400743e-07 0.4992509485478174 5.472681675730393e-07 0.03437526551322273 0.0002193862534705936 0.16716507385252175 5.661849196384436e-07 6.746961597258971e-05 7.995960776552539e-05 6.444154654518738e-05 1.8885387829078497e-05 0.0017812300946307273 4.398347777286781e-06 0.0001700268024117384 7.222600601187774e-07 7.52820334593452e-06 9.456094909452778e-07 5.274488703368876e-06 1.685700495922533e-05 0.0014231156802888727 0.00033221977947248463 0.0009693454299320412 5.417018975563503e-07 5.729028191255645e-07
46 5.081040356633676e-07 5.302941895803805e-07 5.661930011114981e-07 5.840325517138532e-07 5.2185895314389e-07 0.05021382527176561 5.37049509400743e-07 0.4992509485478174 5.472681675730393e-07 0.03437526551322273 0.0002193862534705936 0.16716507385252175 5.661849196384436e-07 6.746961597258971e-05 7.995960776552539e-05 6.444154654518738e-05 1.8885387829078497e-05 0.0017812300946307273 4.398347777286781e-06 0.0001700268024117384 7.222600601187774e-07 7.52820334593452e-06 9.456094909452778e-07 5.274488703368876e-06 1.685700495922533e-05 0.0014231156802888727 0.00033221977947248463 0.0009693454299320412 5.417018975563503e-07 5.729028191255645e-07
47 5.081040356633676e-07 5.302941895803805e-07 5.661930011114981e-07 5.840325517138532e-07 5.2185895314389e-07 0.05021382527176561 5.37049509400743e-07 0.4992509485478174 5.472681675730393e-07 0.03437526551322273 0.0002193862534705936 0.16716507385252175 5.661849196384436e-07 6.746961597258971e-05 7.995960776552539e-05 6.444154654518738e-05 1.8885387829078497e-05 0.0017812300946307273 4.398347777286781e-06 0.0001700268024117384 7.222600601187774e-07 7.52820334593452e-06 9.456094909452778e-07 5.274488703368876e-06 1.685700495922533e-05 0.0014231156802888727 0.00033221977947248463 0.0009693454299320412 5.417018975563503e-07 5.729028191255645e-07
48 5.081040356633676e-07 5.302941895803805e-07 5.661930011114981e-07 5.840325517138532e-07 5.2185895314389e-07 0.05021382527176561 5.37049509400743e-07 0.4992509485478174 5.472681675730393e-07 0.03437526551322273 0.0002193862534705936 0.16716507385252175 5.661849196384436e-07 6.746961597258971e-05 7.995960776552539e-05 6.444154654518738e-05 1.8885387829078497e-05 0.0017812300946307273 4.398347777286781e-06 0.0001700268024117384 7.222600601187774e-07 7.52820334593452e-06 9.456094909452778e-07 5.274488703368876e-06 1.685700495922533e-05 0.0014231156802888727 0.00033221977947248463 0.0009693454299320412 5.417018975563503e-07 5.729028191255645e-07
49 5.081040356633676e-07 5.302941895803805e-07 5.661930011114981e-07 5.840325517138532e-07 5.2185895314389e-07 0.05021382527176561 5.37049509400743e-07 0.4992509485478174 5.472681675730393e-07 0.03437526551322273 0.0002193862534705936 0.16716507385252175 5.661849196384436e-07 6.746961597258971e-05 7.995960776552539e-05 6.444154654518738e-05 1.8885387829078497e-05 0.0017812300946307273 4.398347777286781e-06 0.0001700268024117384 7.222600601187774e-07 7.52820334593452e-06 9.456094909452778e-07 5.274488703368876e-06 1.685700495922533e-05 0.0014231156802888727 0.00033221977947248463 0.0009693454299320412 5.417018975563503e-07 5.729028191255645e-07
50 5.081040356633676e-07 5.302941895803805e-07 5.661930011114981e-07 5.840325517138532e-07 5.2185895314389e-07 0.05021382527176561 5.37049509400743e-07 0.4992509485478174 5.472681675730393e-07 0.03437526551322273 0.0002193862534705936 0.16716507385252175 5.661849196384436e-07 6.746961597258971e-05 7.995960776552539e-05 6.444154654518738e-05 1.8885387829078497e-05 0.0017812300946307273 4.398347777286781e-06 0.0001700268024117384 7.222600601187774e-07 7.52820334593452e-06 9.456094909452778e-07 5.274488703368876e-06 1.685700495922533e-05 0.0014231156802888727 0.00033221977947248463 0.0009693454299320412 5.417018975563503e-07 5.729028191255645e-07
51 5.081040356633676e-07 5.302941895803805e-07 5.661930011114981e-07 5.840325517138532e-07 5.2185895314389e-07 0.05021382527176561 5.37049509400743e-07 0.4992509485478174 5.472681675730393e-07 0.03437526551322273 0.0002193862534705936 0.16716507385252175 5.661849196384436e-07 6.746961597258971e-05 7.995960776552539e-05 6.444154654518738e-05 1.8885387829078497e-05 0.0017812300946307273 4.398347777286781e-06 0.0001700268024117384 7.222600601187774e-07 7.52820334593452e-06 9.456094909452778e-07 5.274488703368876e-06 1.685700495922533e-05 0.0014231156802888727 0.00033221977947248463 0.0009693454299320412 5.417018975563503e-07 5.729028191255645e-07
52 5.081040356633676e-07 5.302941895803805e-07 5.661930011114981e-07 5.840325517138532e-07 5.2185895314389e-07 0.05021382527176561 5.37049509400743e-07 0.4992509485478174 5.472681675730393e-07 0.03437526551322273 0.0002193862534705936 0.16716507385252175 5.661849196384436e-07 6.746961597258971e-05 7.995960776552539e-05 6.444154654518738e-05 1.8885387829078497e-05 0.0017812300946307273 4.398347777286781e-06 0.0001700268024117384 7.222600601187774e-07 7.52820334593452e-06 9.456094909452778e-07 5.274488703368876e-06 1.685700495922533e-05 0.0014231156802888727 0.00033221977947248463 0.0009693454299320412 5.417018975563503e-07 5.729028191255645e-07
53 5.081040356633676e-07 5.302941895803805e-07 5.661930011114981e-07 5.840325517138532e-07 5.2185895314389e-07 0.05021382527176561 5.37049509400743e-07 0.4992509485478174 5.472681675730393e-07 0.03437526551322273 0.0002193862534705936 0.16716507385252175 5.661849196384436e-07 6.746961597258971e-05 7.995960776552539e-05 6.444154654518738e-05 1.8885387829078497e-05 0.0017812300946307273 4.398347777286781e-06 0.0001700268024117384 7.222600601187774e-07 7.52820334593452e-06 9.456094909452778e-07 5.274488703368876e-06 1.685700495922533e-05 0.0014231156802888727 0.00033221977947248463 0.0009693454299320412 5.417018975563503e-07 5.729028191255645e-07
54 5.081040356633676e-07 5.302941895803805e-07 5.661930011114981e-07 5.840325517138532e-07 5.2185895314389e-07 0.05021382527176561 5.37049509400743e-07 0.4992509485478174 5.472681675730393e-07 0.03437526551322273 0.0002193862534705936 0.16716507385252175 5.661849196384436e-07 6.746961597258971e-05 7.995960776552539e-05 6.444154654518738e-05 1.8885387829078497e-05 0.0017812300946307273 4.398347777286781e-06 0.0001700268024117384 7.222600601187774e-07 7.52820334593452e-06 9.456094909452778e-07 5.274488703368876e-06 1.685700495922533e-05 0.0014231156802888727 0.00033221977947248463 0.0009693454299320412 5.417018975563503e-07 5.729028191255645e-07
55 5.081040356633676e-07 5.302941895803805e-07 5.661930011114981e-07 5.840325517138532e-07 5.2185895314389e-07 0.05021382527176561 5.37049509400743e-07 0.4992509485478174 5.472681675730393e-07 0.03437526551322273 0.0002193862534705936 0.16716507385252175 5.661849196384436e-07 6.746961597258971e-05 7.995960776552539e-05 6.444154654518738e-05 1.8885387829078497e-05 0.0017812300946307273 4.398347777286781e-06 0.0001700268024117384 7.222600601187774e-07 7.52820334593452e-06 9.456094909452778e-07 5.274488703368876e-06 1.685700495922533e-05 0.0014231156802888727 0.00033221977947248463 0.0009693454299320412 5.417018975563503e-07 5.729028191255645e-07
56 5.081040356633676e-07 5.302941895803805e-07 5.661930011114981e-07 5.840325517138532e-07 5.2185895314389e-07 0.05021382527176561 5.37049509400743e-07 0.4992509485478174 5.472681675730393e-07 0.03437526551322273 0.0002193862534705936 0.16716507385252175 5.661849196384436e-07 6.746961597258971e-05 7.995960776552539e-05 6.444154654518738e-05 1.8885387829078497e-05 0.0017812300946307273 4.398347777286781e-06 0.0001700268024117384 7.222600601187774e-07 7.52820334593452e-06 9.456094909452778e-07 5.274488703368876e-06 1.685700495922533e-05 0.0014231156802888727 0.00033221977947248463 0.0009693454299320412 5.417018975563503e-07 5.729028191255645e-07
57 5.081040356633676e-07 5.302941895803805e-07 5.661930011114981e-07 5.840325517138532e-07 5.2185895314389e-07 0.05021382527176561 5.37049509400743e-07 0.4992509485478174 5.472681675730393e-07 0.03437526551322273 0.0002193862534705936 0.16716507385252175 5.661849196384436e-07 6.746961597258971e-05 7.995960776552539e-05 6.444154654518738e-05 1.8885387829078497e-05 0.0017812300946307273 4.398347777286781e-06 0.0001700268024117384 7.222600601187774e-07 7.52820334593452e-06 9.456094909452778e-07 5.274488703368876e-06 1.685700495922533e-05 0.0014231156802888727 0.00033221977947248463 0.0009693454299320412 5.417018975563503e-07 5.729028191255645e-07
58 5.081040356633676e-07 5.302941895803805e-07 5.661930011114981e-07 5.840325517138532e-07 5.2185895314389e-07 0.05021382527176561 5.37049509400743e-07 0.4992509485478174 5.472681675730393e-07 0.03437526551322273 0.0002193862534705936 0.16716507385252175 5.661849196384436e-07 6.746961597258971e-05 7.995960776552539e-05 6.444154654518738e-05 1.8885387829078497e-05 0.0017812300946307273 4.398347777286781e-06 0.0001700268024117384 7.222600601187774e-07 7.52820334593452e-06 9.456094909452778e-07 5.274488703368876e-06 1.685700495922533e-05 0.0014231156802888727 0.00033221977947248463 0.0009693454299320412 5.417018975563503e-07 5.729028191255645e-07
59 5.081040356633676e-07 5.302941895803805e-07 5.661930011114981e-07 5.840325517138532e-07 5.2185895314389e-07 0.05021382527176561 5.37049509400743e-07 0.4992509485478174 5.472681675730393e-07 0.03437526551322273 0.0002193862534705936 0.16716507385252175 5.661849196384436e-07 6.746961597258971e-05 7.995960776552539e-05 6.444154654518738e-05 1.8885387829078497e-05 0.0017812300946307273 4.398347777286781e-06 0.0001700268024117384 7.222600601187774e-07 7.52820334593452e-06 9.456094909452778e-07 5.274488703368876e-06 1.685700495922533e-05 0.0014231156802888727 0.00033221977947248463 0.0009693454299320412 5.417018975563503e-07 5.729028191255645e-07
60 5.081040356633676e-07 5.302941895803805e-07 5.661930011114981e-07 5.840325517138532e-07 5.2185895314389e-07 0.05021382527176561 5.37049509400743e-07 0.4992509485478174 5.472681675730393e-07 0.03437526551322273 0.0002193862534705936 0.16716507385252175 5.661849196384436e-07 6.746961597258971e-05 7.995960776552539e-05 6.444154654518738e-05 1.8885387829078497e-05 0.0017812300946307273 4.398347777286781e-06 0.0001700268024117384 7.222600601187774e-07 7.52820334593452e-06 9.456094909452778e-07 5.274488703368876e-06 1.685700495922533e-05 0.0014231156802888727 0.00033221977947248463 0.0009693454299320412 5.417018975563503e-07 5.729028191255645e-07
61 5.081040356633676e-07 5.302941895803805e-07 5.661930011114981e-07 5.840325517138532e-07 5.2185895314389e-07 0.05021382527176561 5.37049509400743e-07 0.4992509485478174 5.472681675730393e-07 0.03437526551322273 0.0002193862534705936 0.16716507385252175 5.661849196384436e-07 6.746961597258971e-05 7.995960776552539e-05 6.444154654518738e-05 1.8885387829078497e-05 0.0017812300946307273 4.398347777286781e-06 0.0001700268024117384 7.222600601187774e-07 7.52820334593452e-06 9.456094909452778e-07 5.274488703368876e-06 1.685700495922533e-05 0.0014231156802888727 0.00033221977947248463 0.0009693454299320412 5.417018975563503e-07 5.729028191255645e-07
62 5.081040356633676e-07 5.302941895803805e-07 5.661930011114981e-07 5.840325517138532e-07 5.2185895314389e-07 0.05021382527176561 5.37049509400743e-07 0.4992509485478174 5.472681675730393e-07 0.03437526551322273 0.0002193862534705936 0.16716507385252175 5.661849196384436e-07 6.746961597258971e-05 7.995960776552539e-05 6.444154654518738e-05 1.8885387829078497e-05 0.0017812300946307273 4.398347777286781e-06 0.0001700268024117384 7.222600601187774e-07 7.52820334593452e-06 9.456094909452778e-07 5.274488703368876e-06 1.685700495922533e-05 0.0014231156802888727 0.00033221977947248463 0.0009693454299320412 5.417018975563503e-07 5.729028191255645e-07
63 5.081040356633676e-07 5.302941895803805e-07 5.661930011114981e-07 5.840325517138532e-07 5.2185895314389e-07 0.05021382527176561 5.37049509400743e-07 0.4992509485478174 5.472681675730393e-07 0.03437526551322273 0.0002193862534705936 0.16716507385252175 5.661849196384436e-07 6.746961597258971e-05 7.995960776552539e-05 6.444154654518738e-05 1.8885387829078497e-05 0.0017812300946307273 4.398347777286781e-06 0.0001700268024117384 7.222600601187774e-07 7.52820334593452e-06 9.456094909452778e-07 5.274488703368876e-06 1.685700495922533e-05 0.0014231156802888727 0.00033221977947248463 0.0009693454299320412 5.417018975563503e-07 5.729028191255645e-07
64 5.081040356633676e-07 5.302941895803805e-07 5.661930011114981e-07 5.840325517138532e-07 5.2185895314389e-07 0.05021382527176561 5.37049509400743e-07 0.4992509485478174 5.472681675730393e-07 0.03437526551322273 0.0002193862534705936 0.16716507385252175 5.661849196384436e-07 6.746961597258971e-05 7.995960776552539e-05 6.444154654518738e-05 1.8885387829078497e-05 0.0017812300946307273 4.398347777286781e-06 0.0001700268024117384 7.222600601187774e-07 7.52820334593452e-06 9.456094909452778e-07 5.274488703368876e-06 1.685700495922533e-05 0.0014231156802888727 0.00033221977947248463 0.0009693454299320412 5.417018975563503e-07 5.729028191255645e-07
65 5.081040356633676e-07 5.302941895803805e-07 5.661930011114981e-07 5.840325517138532e-07 5.2185895314389e-07 0.05021382527176561 5.37049509400743e-07 0.4992509485478174 5.472681675730393e-07 0.03437526551322273 0.0002193862534705936 0.16716507385252175 5.661849196384436e-07 6.746961597258971e-05 7.995960776552539e-05 6.444154654518738e-05 1.8885387829078497e-05 0.0017812300946307273 4.398347777286781e-06 0.0001700268024117384 7.222600601187774e-07 7.52820334593452e-06 9.456094909452778e-07 5.274488703368876e-06 1.685700495922533e-05 0.0014231156802888727 0.00033221977947248463 0.0009693454299320412 5.417018975563503e-07 5.729028191255645e-07
66 5.081040356633676e-07 5.302941895803805e-07 5.661930011114981e-07 5.840325517138532e-07 5.2185895314389e-07 0.05021382527176561 5.37049509400743e-07 0.4992509485478174 5.472681675730393e-07 0.03437526551322273 0.0002193862534705936 0.16716507385252175 5.661849196384436e-07 6.746961597258971e-05 7.995960776552539e-05 6.444154654518738e-05 1.8885387829078497e-05 0.0017812300946307273 4.398347777286781e-06 0.0001700268024117384 7.222600601187774e-07 7.52820334593452e-06 9.456094909452778e-07 5.274488703368876e-06 1.685700495922533e-05 0.0014231156802888727 0.00033221977947248463 0.0009693454299320412 5.417018975563503e-07 5.729028191255645e-07
67 5.081040356633676e-07 5.302941895803805e-07 5.661930011114981e-07 5.840325517138532e-07 5.2185895314389e-07 0.05021382527176561 5.37049509400743e-07 0.4992509485478174 5.472681675730393e-07 0.03437526551322273 0.0002193862534705936 0.16716507385252175 5.661849196384436e-07 6.746961597258971e-05 7.995960776552539e-05 6.444154654518738e-05 1.8885387829078497e-05 0.0017812300946307273 4.398347777286781e-06 0.0001700268024117384 7.222600601187774e-07 7.52820334593452e-06 9.456094909452778e-07 5.274488703368876e-06 1.685700495922533e-05 0.0014231156802888727 0.00033221977947248463 0.0009693454299320412 5.417018975563503e-07 5.729028191255645e-07
68 1.1090800236198824e-06 1.1285275583045326e-06 1.0992686433067556e-06 1.2784696034005442e-06 1.0778147832167128e-06 0.07969526410477581 1.076973717342735e-06 0.4210236577359749 1.1189335171578765e-06 0.054977610083097074 0.0004757098855629092 0.20352966822222338 1.0659168126765625e-06 0.0001313455476562226 0.00016647837283584687 0.0001384348279025332 3.7869744047833687e-05 0.003361465024714057 8.96023958005293e-06 0.0010098635237504167 1.3025824470964637e-06 1.5323956909454787e-05 1.942033178054081e-06 1.0680641914292123e-05 3.180282686601854e-05 0.004210737588322715 0.000680368006337218 0.0018810536740323145 1.0988450851459117e-06 1.1260261619803788e-06
69 1.1090800236198824e-06 1.1285275583045326e-06 1.0992686433067556e-06 1.2784696034005442e-06 1.0778147832167128e-06 0.07969526410477581 1.076973717342735e-06 0.4210236577359749 1.1189335171578765e-06 0.054977610083097074 0.0004757098855629092 0.20352966822222338 1.0659168126765625e-06 0.0001313455476562226 0.00016647837283584687 0.0001384348279025332 3.7869744047833687e-05 0.003361465024714057 8.96023958005293e-06 0.0010098635237504167 1.3025824470964637e-06 1.5323956909454787e-05 1.942033178054081e-06 1.0680641914292123e-05 3.180282686601854e-05 0.004210737588322715 0.000680368006337218 0.0018810536740323145 1.0988450851459117e-06 1.1260261619803788e-06
70 1.1090800236198824e-06 1.1285275583045326e-06 1.0992686433067556e-06 1.2784696034005442e-06 1.0778147832167128e-06 0.07969526410477581 1.076973717342735e-06 0.4210236577359749 1.1189335171578765e-06 0.054977610083097074 0.0004757098855629092 0.20352966822222338 1.0659168126765625e-06 0.0001313455476562226 0.00016647837283584687 0.0001384348279025332 3.7869744047833687e-05 0.003361465024714057 8.96023958005293e-06 0.0010098635237504167 1.3025824470964637e-06 1.5323956909454787e-05 1.942033178054081e-06 1.0680641914292123e-05 3.180282686601854e-05 0.004210737588322715 0.000680368006337218 0.0018810536740323145 1.0988450851459117e-06 1.1260261619803788e-06
71 1.1090800236198824e-06 1.1285275583045326e-06 1.0992686433067556e-06 1.2784696034005442e-06 1.0778147832167128e-06 0.07969526410477581 1.076973717342735e-06 0.4210236577359749 1.1189335171578765e-06 0.054977610083097074 0.0004757098855629092 0.20352966822222338 1.0659168126765625e-06 0.0001313455476562226 0.00016647837283584687 0.0001384348279025332 3.7869744047833687e-05 0.003361465024714057 8.96023958005293e-06 0.0010098635237504167 1.3025824470964637e-06 1.5323956909454787e-05 1.942033178054081e-06 1.0680641914292123e-05 3.180282686601854e-05 0.004210737588322715 0.000680368006337218 0.0018810536740323145 1.0988450851459117e-06 1.1260261619803788e-06
72 1.1090800236198824e-06 1.1285275583045326e-06 1.0992686433067556e-06 1.2784696034005442e-06 1.0778147832167128e-06 0.07969526410477581 1.076973717342735e-06 0.4210236577359749 1.1189335171578765e-06 0.054977610083097074 0.0004757098855629092 0.20352966822222338 1.0659168126765625e-06 0.0001313455476562226 0.00016647837283584687 0.0001384348279025332 3.7869744047833687e-05 0.003361465024714057 8.96023958005293e-06 0.0010098635237504167 1.3025824470964637e-06 1.5323956909454787e-05 1.942033178054081e-06 1.0680641914292123e-05 3.180282686601854e-05 0.004210737588322715 0.000680368006337218 0.0018810536740323145 1.0988450851459117e-06 1.1260261619803788e-06
73 1.1090800236198824e-06 1.1285275583045326e-06 1.0992686433067556e-06 1.2784696034005442e-06 1.0778147832167128e-06 0.07969526410477581 1.076973717342735e-06 0.4210236577359749 1.1189335171578765e-06 0.054977610083097074 0.0004757098855629092 0.20352966822222338 1.0659168126765625e-06 0.0001313455476562226 0.00016647837283584687 0.0001384348279025332 3.7869744047833687e-05 0.003361465024714057 8.96023958005293e-06 0.0010098635237504167 1.3025824470964637e-06 1.5323956909454787e-05 1.942033178054081e-06 1.0680641914292123e-05 3.180282686601854e-05 0.004210737588322715 0.000680368006337218 0.0018810536740323145 1.0988450851459117e-06 1.1260261619803788e-06
74 1.1090800236198824e-06 1.1285275583045326e-06 1.0992686433067556e-06 1.2784696034005442e-06 1.0778147832167128e-06 0.07969526410477581 1.076973717342735e-06 0.4210236577359749 1.1189335171578765e-06 0.054977610083097074 0.0004757098855629092 0.20352966822222338 1.0659168126765625e-06 0.0001313455476562226 0.00016647837283584687 0.0001384348279025332 3.7869744047833687e-05 0.003361465024714057 8.96023958005293e-06 0.0010098635237504167 1.3025824470964637e-06 1.5323956909454787e-05 1.942033178054081e-06 1.0680641914292123e-05 3.180282686601854e-05 0.004210737588322715 0.000680368006337218 0.0018810536740323145 1.0988450851459117e-06 1.1260261619803788e-06
75 1.1090800236198824e-06 1.1285275583045326e-06 1.0992686433067556e-06 1.2784696034005442e-06 1.0778147832167128e-06 0.07969526410477581 1.076973717342735e-06 0.4210236577359749 1.1189335171578765e-06 0.054977610083097074 0.0004757098855629092 0.20352966822222338 1.0659168126765625e-06 0.0001313455476562226 0.00016647837283584687 0.0001384348279025332 3.7869744047833687e-05 0.003361465024714057 8.96023958005293e-06 0.0010098635237504167 1.3025824470964637e-06 1.5323956909454787e-05 1.942033178054081e-06 1.0680641914292123e-05 3.180282686601854e-05 0.004210737588322715 0.000680368006337218 0.0018810536740323145 1.0988450851459117e-06 1.1260261619803788e-06
76 1.1090800236198824e-06 1.1285275583045326e-06 1.0992686433067556e-06 1.2784696034005442e-06 1.0778147832167128e-06 0.07969526410477581 1.076973717342735e-06 0.4210236577359749 1.1189335171578765e-06 0.054977610083097074 0.0004757098855629092 0.20352966822222338 1.0659168126765625e-06 0.0001313455476562226 0.00016647837283584687 0.0001384348279025332 3.7869744047833687e-05 0.003361465024714057 8.96023958005293e-06 0.0010098635237504167 1.3025824470964637e-06 1.5323956909454787e-05 1.942033178054081e-06 1.0680641914292123e-05 3.180282686601854e-05 0.004210737588322715 0.000680368006337218 0.0018810536740323145 1.0988450851459117e-06 1.1260261619803788e-06
77 1.1090800236198824e-06 1.1285275583045326e-06 1.0992686433067556e-06 1.2784696034005442e-06 1.0778147832167128e-06 0.07969526410477581 1.076973717342735e-06 0.4210236577359749 1.1189335171578765e-06 0.054977610083097074 0.0004757098855629092 0.20352966822222338 1.0659168126765625e-06 0.0001313455476562226 0.00016647837283584687 0.0001384348279025332 3.7869744047833687e-05 0.003361465024714057 8.96023958005293e-06 0.0010098635237504167 1.3025824470964637e-06 1.5323956909454787e-05 1.942033178054081e-06 1.0680641914292123e-05 3.180282686601854e-05 0.004210737588322715 0.000680368006337218 0.0018810536740323145 1.0988450851459117e-06 1.1260261619803788e-06
78 1.1090800236198824e-06 1.1285275583045326e-06 1.0992686433067556e-06 1.2784696034005442e-06 1.0778147832167128e-06 0.07969526410477581 1.076973717342735e-06 0.4210236577359749 1.1189335171578765e-06 0.054977610083097074 0.0004757098855629092 0.20352966822222338 1.0659168126765625e-06 0.0001313455476562226 0.00016647837283584687 0.0001384348279025332 3.7869744047833687e-05 0.003361465024714057 8.96023958005293e-06 0.0010098635237504167 1.3025824470964637e-06 1.5323956909454787e-05 1.942033178054081e-06 1.0680641914292123e-05 3.180282686601854e-05 0.004210737588322715 0.000680368006337218 0.0018810536740323145 1.0988450851459117e-06 1.1260261619803788e-06
79 1.1090800236198824e-06 1.1285275583045326e-06 1.0992686433067556e-06 1.2784696034005442e-06 1.0778147832167128e-06 0.07969526410477581 1.076973717342735e-06 0.4210236577359749 1.1189335171578765e-06 0.054977610083097074 0.0004757098855629092 0.20352966822222338 1.0659168126765625e-06 0.0001313455476562226 0.00016647837283584687 0.0001384348279025332 3.7869744047833687e-05 0.003361465024714057 8.96023958005293e-06 0.0010098635237504167 1.3025824470964637e-06 1.5323956909454787e-05 1.942033178054081e-06 1.0680641914292123e-05 3.180282686601854e-05 0.004210737588322715 0.000680368006337218 0.0018810536740323145 1.0988450851459117e-06 1.1260261619803788e-06
80 1.1090800236198824e-06 1.1285275583045326e-06 1.0992686433067556e-06 1.2784696034005442e-06 1.0778147832167128e-06 0.07969526410477581 1.076973717342735e-06 0.4210236577359749 1.1189335171578765e-06 0.054977610083097074 0.0004757098855629092 0.20352966822222338 1.0659168126765625e-06 0.0001313455476562226 0.00016647837283584687 0.0001384348279025332 3.7869744047833687e-05 0.003361465024714057 8.96023958005293e-06 0.0010098635237504167 1.3025824470964637e-06 1.5323956909454787e-05 1.942033178054081e-06 1.0680641914292123e-05 3.180282686601854e-05 0.004210737588322715 0.000680368006337218 0.0018810536740323145 1.0988450851459117e-06 1.1260261619803788e-06
81 1.1090800236198824e-06 1.1285275583045326e-06 1.0992686433067556e-06 1.2784696034005442e-06 1.0778147832167128e-06 0.07969526410477581 1.076973717342735e-06 0.4210236577359749 1.1189335171578765e-06 0.054977610083097074 0.0004757098855629092 0.20352966822222338 1.0659168126765625e-06 0.0001313455476562226 0.00016647837283584687 0.0001384348279025332 3.7869744047833687e-05 0.003361465024714057 8.96023958005293e-06 0.0010098635237504167 1.3025824470964637e-06 1.5323956909454787e-05 1.942033178054081e-06 1.0680641914292123e-05 3.180282686601854e-05 0.004210737588322715 0.000680368006337218 0.0018810536740323145 1.0988450851459117e-06 1.1260261619803788e-06
82 1.1090800236198824e-06 1.1285275583045326e-06 1.0992686433067556e-06 1.2784696034005442e-06 1.0778147832167128e-06 0.07969526410477581 1.076973717342735e-06 0.4210236577359749 1.1189335171578765e-06 0.054977610083097074 0.0004757098855629092 0.20352966822222338 1.0659168126765625e-06 0.0001313455476562226 0.00016647837283584687 0.0001384348279025332 3.7869744047833687e-05 0.003361465024714057 8.96023958005293e-06 0.0010098635237504167 1.3025824470964637e-06 1.5323956909454787e-05 1.942033178054081e-06 1.0680641914292123e-05 3.180282686601854e-05 0.004210737588322715 0.000680368006337218 0.0018810536740323145 1.0988450851459117e-06 1.1260261619803788e-06
83 1.1090800236198824e-06 1.1285275583045326e-06 1.0992686433067556e-06 1.2784696034005442e-06 1.0778147832167128e-06 0.07969526410477581 1.076973717342735e-06 0.4210236577359749 1.1189335171578765e-06 0.054977610083097074 0.0004757098855629092 0.20352966822222338 1.0659168126765625e-06 0.0001313455476562226 0.00016647837283584687 0.0001384348279025332 3.7869744047833687e-05 0.003361465024714057 8.96023958005293e-06 0.0010098635237504167 1.3025824470964637e-06 1.5323956909454787e-05 1.942033178054081e-06 1.0680641914292123e-05 3.180282686601854e-05 0.004210737588322715 0.000680368006337218 0.0018810536740323145 1.0988450851459117e-06 1.1260261619803788e-06
84 1.1090800236198824e-06 1.1285275583045326e-06 1.0992686433067556e-06 1.2784696034005442e-06 1.0778147832167128e-06 0.07969526410477581 1.076973717342735e-06 0.4210236577359749 1.1189335171578765e-06 0.054977610083097074 0.0004757098855629092 0.20352966822222338 1.0659168126765625e-06 0.0001313455476562226 0.00016647837283584687 0.0001384348279025332 3.7869744047833687e-05 0.003361465024714057 8.96023958005293e-06 0.0010098635237504167 1.3025824470964637e-06 1.5323956909454787e-05 1.942033178054081e-06 1.0680641914292123e-05 3.180282686601854e-05 0.004210737588322715 0.000680368006337218 0.0018810536740323145 1.0988450851459117e-06 1.1260261619803788e-06
85 1.1090800236198824e-06 1.1285275583045326e-06 1.0992686433067556e-06 1.2784696034005442e-06 1.0778147832167128e-06 0.07969526410477581 1.076973717342735e-06 0.4210236577359749 1.1189335171578765e-06 0.054977610083097074 0.0004757098855629092 0.20352966822222338 1.0659168126765625e-06 0.0001313455476562226 0.00016647837283584687 0.0001384348279025332 3.7869744047833687e-05 0.003361465024714057 8.96023958005293e-06 0.0010098635237504167 1.3025824470964637e-06 1.5323956909454787e-05 1.942033178054081e-06 1.0680641914292123e-05 3.180282686601854e-05 0.004210737588322715 0.000680368006337218 0.0018810536740323145 1.0988450851459117e-06 1.1260261619803788e-06
86 1.1090800236198824e-06 1.1285275583045326e-06 1.0992686433067556e-06 1.2784696034005442e-06 1.0778147832167128e-06 0.07969526410477581 1.076973717342735e-06 0.4210236577359749 1.1189335171578765e-06 0.054977610083097074 0.0004757098855629092 0.20352966822222338 1.0659168126765625e-06 0.0001313455476562226 0.00016647837283584687 0.0001384348279025332 3.7869744047833687e-05 0.003361465024714057 8.96023958005293e-06 0.0010098635237504167 1.3025824470964637e-06 1.5323956909454787e-05 1.942033178054081e-06 1.0680641914292123e-05 3.180282686601854e-05 0.004210737588322715 0.000680368006337218 0.0018810536740323145 1.0988450851459117e-06 1.1260261619803788e-06
87 1.1090800236198824e-06 1.1285275583045326e-06 1.0992686433067556e-06 1.2784696034005442e-06 1.0778147832167128e-06 0.07969526410477581 1.076973717342735e-06 0.4210236577359749 1.1189335171578765e-06 0.054977610083097074 0.0004757098855629092 0.20352966822222338 1.0659168126765625e-06 0.0001313455476562226 0.00016647837283584687 0.0001384348279025332 3.7869744047833687e-05 0.003361465024714057 8.96023958005293e-06 0.0010098635237504167 1.3025824470964637e-06 1.5323956909454787e-05 1.942033178054081e-06 1.0680641914292123e-05 3.180282686601854e-05 0.004210737588322715 0.000680368006337218 0.0018810536740323145 1.0988450851459117e-06 1.1260261619803788e-06
88 1.1090800236198824e-06 1.1285275583045326e-06 1.0992686433067556e-06 1.2784696034005442e-06 1.0778147832167128e-06 0.07969526410477581 1.076973717342735e-06 0.4210236577359749 1.1189335171578765e-06 0.054977610083097074 0.0004757098855629092 0.20352966822222338 1.0659168126765625e-06 0.0001313455476562226 0.00016647837283584687 0.0001384348279025332 3.7869744047833687e-05 0.003361465024714057 8.96023958005293e-06 0.0010098635237504167 1.3025824470964637e-06 1.5323956909454787e-05 1.942033178054081e-06 1.0680641914292123e-05 3.180282686601854e-05 0.004210737588322715 0.000680368006337218 0.0018810536740323145 1.0988450851459117e-06 1.1260261619803788e-06
89 1.1090800236198824e-06 1.1285275583045326e-06 1.0992686433067556e-06 1.2784696034005442e-06 1.0778147832167128e-06 0.07969526410477581 1.076973717342735e-06 0.4210236577359749 1.1189335171578765e-06 0.054977610083097074 0.0004757098855629092 0.20352966822222338 1.0659168126765625e-06 0.0001313455476562226 0.00016647837283584687 0.0001384348279025332 3.7869744047833687e-05 0.003361465024714057 8.96023958005293e-06 0.0010098635237504167 1.3025824470964637e-06 1.5323956909454787e-05 1.942033178054081e-06 1.0680641914292123e-05 3.180282686601854e-05 0.004210737588322715 0.000680368006337218 0.0018810536740323145 1.0988450851459117e-06 1.1260261619803788e-06
90 1.1090800236198824e-06 1.1285275583045326e-06 1.0992686433067556e-06 1.2784696034005442e-06 1.0778147832167128e-06 0.07969526410477581 1.076973717342735e-06 0.4210236577359749 1.1189335171578765e-06 0.054977610083097074 0.0004757098855629092 0.20352966822222338 1.0659168126765625e-06 0.0001313455476562226 0.00016647837283584687 0.0001384348279025332 3.7869744047833687e-05 0.003361465024714057 8.96023958005293e-06 0.0010098635237504167 1.3025824470964637e-06 1.5323956909454787e-05 1.942033178054081e-06 1.0680641914292123e-05 3.180282686601854e-05 0.004210737588322715 0.000680368006337218 0.0018810536740323145 1.0988450851459117e-06 1.1260261619803788e-06
91 1.1090800236198824e-06 1.1285275583045326e-06 1.0992686433067556e-06 1.2784696034005442e-06 1.0778147832167128e-06 0.07969526410477581 1.076973717342735e-06 0.4210236577359749 1.1189335171578765e-06 0.054977610083097074 0.0004757098855629092 0.20352966822222338 1.0659168126765625e-06 0.0001313455476562226 0.00016647837283584687 0.0001384348279025332 3.7869744047833687e-05 0.003361465024714057 8.96023958005293e-06 0.0010098635237504167 1.3025824470964637e-06 1.5323956909454787e-05 1.942033178054081e-06 1.0680641914292123e-05 3.180282686601854e-05 0.004210737588322715 0.000680368006337218 0.0018810536740323145 1.0988450851459117e-06 1.1260261619803788e-06
92 1.1090800236198824e-06 1.1285275583045326e-06 1.0992686433067556e-06 1.2784696034005442e-06 1.0778147832167128e-06 0.07969526410477581 1.076973717342735e-06 0.4210236577359749 1.1189335171578765e-06 0.054977610083097074 0.0004757098855629092 0.20352966822222338 1.0659168126765625e-06 0.0001313455476562226 0.00016647837283584687 0.0001384348279025332 3.7869744047833687e-05 0.003361465024714057 8.96023958005293e-06 0.0010098635237504167 1.3025824470964637e-06 1.5323956909454787e-05 1.942033178054081e-06 1.0680641914292123e-05 3.180282686601854e-05 0.004210737588322715 0.000680368006337218 0.0018810536740323145 1.0988450851459117e-06 1.1260261619803788e-06
93 1.1090800236198824e-06 1.1285275583045326e-06 1.0992686433067556e-06 1.2784696034005442e-06 1.0778147832167128e-06 0.07969526410477581 1.076973717342735e-06 0.4210236577359749 1.1189335171578765e-06 0.054977610083097074 0.0004757098855629092 0.20352966822222338 1.0659168126765625e-06 0.0001313455476562226 0.00016647837283584687 0.0001384348279025332 3.7869744047833687e-05 0.003361465024714057 8.96023958005293e-06 0.0010098635237504167 1.3025824470964637e-06 1.5323956909454787e-05 1.942033178054081e-06 1.0680641914292123e-05 3.180282686601854e-05 0.004210737588322715 0.000680368006337218 0.0018810536740323145 1.0988450851459117e-06 1.1260261619803788e-06
94 1.1090800236198824e-06 1.1285275583045326e-06 1.0992686433067556e-06 1.2784696034005442e-06 1.0778147832167128e-06 0.07969526410477581 1.076973717342735e-06 0.4210236577359749 1.1189335171578765e-06 0.054977610083097074 0.0004757098855629092 0.20352966822222338 1.0659168126765625e-06 0.0001313455476562226 0.00016647837283584687 0.0001384348279025332 3.7869744047833687e-05 0.003361465024714057 8.96023958005293e-06 0.0010098635237504167 1.3025824470964637e-06 1.5323956909454787e-05 1.942033178054081e-06 1.0680641914292123e-05 3.180282686601854e-05 0.004210737588322715 0.000680368006337218 0.0018810536740323145 1.0988450851459117e-06 1.1260261619803788e-06
95 1.1090800236198824e-06 1.1285275583045326e-06 1.0992686433067556e-06 1.2784696034005442e-06 1.0778147832167128e-06 0.07969526410477581 1.076973717342735e-06 0.4210236577359749 1.1189335171578765e-06 0.054977610083097074 0.0004757098855629092 0.20352966822222338 1.0659168126765625e-06 0.0001313455476562226 0.00016647837283584687 0.0001384348279025332 3.7869744047833687e-05 0.003361465024714057 8.96023958005293e-06 0.0010098635237504167 1.3025824470964637e-06 1.5323956909454787e-05 1.942033178054081e-06 1.0680641914292123e-05 3.180282686601854e-05 0.004210737588322715 0.000680368006337218 0.0018810536740323145 1.0988450851459117e-06 1.1260261619803788e-06
96 1.1090800236198824e-06 1.1285275583045326e-06 1.0992686433067556e-06 1.2784696034005442e-06 1.0778147832167128e-06 0.07969526410477581 1.076973717342735e-06 0.4210236577359749 1.1189335171578765e-06 0.054977610083097074 0.0004757098855629092 0.20352966822222338 1.0659168126765625e-06 0.0001313455476562226 0.00016647837283584687 0.0001384348279025332 3.7869744047833687e-05 0.003361465024714057 8.96023958005293e-06 0.0010098635237504167 1.3025824470964637e-06 1.5323956909454787e-05 1.942033178054081e-06 1.0680641914292123e-05 3.180282686601854e-05 0.004210737588322715 0.000680368006337218 0.0018810536740323145 1.0988450851459117e-06 1.1260261619803788e-06
97 1.1090800236198824e-06 1.1285275583045326e-06 1.0992686433067556e-06 1.2784696034005442e-06 1.0778147832167128e-06 0.07969526410477581 1.076973717342735e-06 0.4210236577359749 1.1189335171578765e-06 0.054977610083097074 0.0004757098855629092 0.20352966822222338 1.0659168126765625e-06 0.0001313455476562226 0.00016647837283584687 0.0001384348279025332 3.7869744047833687e-05 0.003361465024714057 8.96023958005293e-06 0.0010098635237504167 1.3025824470964637e-06 1.5323956909454787e-05 1.942033178054081e-06 1.0680641914292123e-05 3.180282686601854e-05 0.004210737588322715 0.000680368006337218 0.0018810536740323145 1.0988450851459117e-06 1.1260261619803788e-06
98 1.1090800236198824e-06 1.1285275583045326e-06 1.0992686433067556e-06 1.2784696034005442e-06 1.0778147832167128e-06 0.07969526410477581 1.076973717342735e-06 0.4210236577359749 1.1189335171578765e-06 0.054977610083097074 0.0004757098855629092 0.20352966822222338 1.0659168126765625e-06 0.0001313455476562226 0.00016647837283584687 0.0001384348279025332 3.7869744047833687e-05 0.003361465024714057 8.96023958005293e-06 0.0010098635237504167 1.3025824470964637e-06 1.5323956909454787e-05 1.942033178054081e-06 1.0680641914292123e-05 3.180282686601854e-05 0.004210737588322715 0.000680368006337218 0.0018810536740323145 1.0988450851459117e-06 1.1260261619803788e-06
99 1.1090800236198824e-06 1.1285275583045326e-06 1.0992686433067556e-06 1.2784696034005442e-06 1.0778147832167128e-06 0.07969526410477581 1.076973717342735e-06 0.4210236577359749 1.1189335171578765e-06 0.054977610083097074 0.0004757098855629092 0.20352966822222338 1.0659168126765625e-06 0.0001313455476562226 0.00016647837283584687 0.0001384348279025332 3.7869744047833687e-05 0.003361465024714057 8.96023958005293e-06 0.0010098635237504167 1.3025824470964637e-06 1.5323956909454787e-05 1.942033178054081e-06 1.0680641914292123e-05 3.180282686601854e-05 0.004210737588322715 0.000680368006337218 0.0018810536740323145 1.0988450851459117e-06 1.1260261619803788e-06
100 1.1090800236198824e-06 1.1285275583045326e-06 1.0992686433067556e-06 1.2784696034005442e-06 1.0778147832167128e-06 0.07969526410477581 1.076973717342735e-06 0.4210236577359749 1.1189335171578765e-06 0.054977610083097074 0.0004757098855629092 0.20352966822222338 1.0659168126765625e-06 0.0001313455476562226 0.00016647837283584687 0.0001384348279025332 3.7869744047833687e-05 0.003361465024714057 8.96023958005293e-06 0.0010098635237504167 1.3025824470964637e-06 1.5323956909454787e-05 1.942033178054081e-06 1.0680641914292123e-05 3.180282686601854e-05 0.004210737588322715 0.000680368006337218 0.0018810536740323145 1.0988450851459117e-06 1.1260261619803788e-06
101 1.1090800236198824e-06 1.1285275583045326e-06 1.0992686433067556e-06 1.2784696034005442e-06 1.0778147832167128e-06 0.07969526410477581 1.076973717342735e-06 0.4210236577359749 1.1189335171578765e-06 0.054977610083097074 0.0004757098855629092 0.20352966822222338 1.0659168126765625e-06 0.0001313455476562226 0.00016647837283584687 0.0001384348279025332 3.7869744047833687e-05 0.003361465024714057 8.96023958005293e-06 0.0010098635237504167 1.3025824470964637e-06 1.5323956909454787e-05 1.942033178054081e-06 1.0680641914292123e-05 3.180282686601854e-05 0.004210737588322715 0.000680368006337218 0.0018810536740323145 1.0988450851459117e-06 1.1260261619803788e-06
102 1.1090800236198824e-06 1.1285275583045326e-06 1.0992686433067556e-06 1.2784696034005442e-06 1.0778147832167128e-06 0.07969526410477581 1.076973717342735e-06 0.4210236577359749 1.1189335171578765e-06 0.054977610083097074 0.0004757098855629092 0.20352966822222338 1.0659168126765625e-06 0.0001313455476562226 0.00016647837283584687 0.0001384348279025332 3.7869744047833687e-05 0.003361465024714057 8.96023958005293e-06 0.0010098635237504167 1.3025824470964637e-06 1.5323956909454787e-05 1.942033178054081e-06 1.0680641914292123e-05 3.180282686601854e-05 0.004210737588322715 0.000680368006337218 0.0018810536740323145 1.0988450851459117e-06 1.1260261619803788e-06
103 1.1090800236198824e-06 1.1285275583045326e-06 1.0992686433067556e-06 1.2784696034005442e-06 1.0778147832167128e-06 0.07969526410477581 1.076973717342735e-06 0.4210236577359749 1.1189335171578765e-06 0.054977610083097074 0.0004757098855629092 0.20352966822222338 1.0659168126765625e-06 0.0001313455476562226 0.00016647837283584687 0.0001384348279025332 3.7869744047833687e-05 0.003361465024714057 8.96023958005293e-06 0.0010098635237504167 1.3025824470964637e-06 1.5323956909454787e-05 1.942033178054081e-06 1.0680641914292123e-05 3.180282686601854e-05 0.004210737588322715 0.000680368006337218 0.0018810536740323145 1.0988450851459117e-06 1.1260261619803788e-06
104 1.1090800236198824e-06 1.1285275583045326e-06 1.0992686433067556e-06 1.2784696034005442e-06 1.0778147832167128e-06 0.07969526410477581 1.076973717342735e-06 0.4210236577359749 1.1189335171578765e-06 0.054977610083097074 0.0004757098855629092 0.20352966822222338 1.0659168126765625e-06 0.0001313455476562226 0.00016647837283584687 0.0001384348279025332 3.7869744047833687e-05 0.003361465024714057 8.96023958005293e-06 0.0010098635237504167 1.3025824470964637e-06 1.5323956909454787e-05 1.942033178054081e-06 1.0680641914292123e-05 3.180282686601854e-05 0.004210737588322715 0.000680368006337218 0.0018810536740323145 1.0988450851459117e-06 1.1260261619803788e-06
105 1.1090800236198824e-06 1.1285275583045326e-06 1.0992686433067556e-06 1.2784696034005442e-06 1.0778147832167128e-06 0.07969526410477581 1.076973717342735e-06 0.4210236577359749 1.1189335171578765e-06 0.054977610083097074 0.0004757098855629092 0.20352966822222338 1.0659168126765625e-06 0.0001313455476562226 0.00016647837283584687 0.0001384348279025332 3.7869744047833687e-05 0.003361465024714057 8.96023958005293e-06 0.0010098635237504167 1.3025824470964637e-06 1.5323956909454787e-05 1.942033178054081e-06 1.0680641914292123e-05 3.180282686601854e-05 0.004210737588322715 0.000680368006337218 0.0018810536740323145 1.0988450851459117e-06 1.1260261619803788e-06
106 1.1090800236198824e-06 1.1285275583045326e-06 1.0992686433067556e-06 1.2784696034005442e-06 1.0778147832167128e-06 0.07969526410477581 1.076973717342735e-06 0.4210236577359749 1.1189335171578765e-06 0.054977610083097074 0.0004757098855629092 0.20352966822222338 1.0659168126765625e-06 0.0001313455476562226 0.00016647837283584687 0.0001384348279025332 3.7869744047833687e-05 0.003361465024714057 8.96023958005293e-06 0.0010098635237504167 1.3025824470964637e-06 1.5323956909454787e-05 1.942033178054081e-06 1.0680641914292123e-05 3.180282686601854e-05 0.004210737588322715 0.000680368006337218 0.0018810536740323145 1.0988450851459117e-06 1.1260261619803788e-06
107 1.1090800236198824e-06 1.1285275583045326e-06 1.0992686433067556e-06 1.2784696034005442e-06 1.0778147832167128e-06 0.07969526410477581 1.076973717342735e-06 0.4210236577359749 1.1189335171578765e-06 0.054977610083097074 0.0004757098855629092 0.20352966822222338 1.0659168126765625e-06 0.0001313455476562226 0.00016647837283584687 0.0001384348279025332 3.7869744047833687e-05 0.003361465024714057 8.96023958005293e-06 0.0010098635237504167 1.3025824470964637e-06 1.5323956909454787e-05 1.942033178054081e-06 1.0680641914292123e-05 3.180282686601854e-05 0.004210737588322715 0.000680368006337218 0.0018810536740323145 1.0988450851459117e-06 1.1260261619803788e-06
108 1.1090800236198824e-06 1.1285275583045326e-06 1.0992686433067556e-06 1.2784696034005442e-06 1.0778147832167128e-06 0.07969526410477581 1.076973717342735e-06 0.4210236577359749 1.1189335171578765e-06 0.054977610083097074 0.0004757098855629092 0.20352966822222338 1.0659168126765625e-06 0.0001313455476562226 0.00016647837283584687 0.0001384348279025332 3.7869744047833687e-05 0.003361465024714057 8.96023958005293e-06 0.0010098635237504167 1.3025824470964637e-06 1.5323956909454787e-05 1.942033178054081e-06 1.0680641914292123e-05 3.180282686601854e-05 0.004210737588322715 0.000680368006337218 0.0018810536740323145 1.0988450851459117e-06 1.1260261619803788e-06
