# index Z=1 - Z=30
0 2.963543419458484e-07 0.004185278545251498 2.2124643899334986e-07 2.9007487178009997e-07 2.2334936306984093e-07 6.855370954338738e-07 2.976924068811909e-07 0.0014786499393296996 3.307731859481832e-07 2.7724331314987053e-07 2.5557893880389475e-07 2.8838671007524644e-05 2.857457791933382e-07 0.00276243335385822 7.362210137420536e-07 2.647519482910018e-05 4.0878640920891257e-07 0.0031976897209217694 3.6113266979222346e-07 0.005585995630628694 2.5970037692391476e-07 4.462420223060275e-05 0.00012122998678777267 6.141841532266062e-06 0.003003111710034044 0.0972778009325843 0.04536317798918033 0.8429915890496309 2.2015213055291195e-07 2.413941100983691e-07
1 2.963543419458484e-07 0.004185278545251498 2.2124643899334986e-07 2.9007487178009997e-07 2.2334936306984093e-07 6.855370954338738e-07 2.976924068811909e-07 0.0014786499393296996 3.307731859481832e-07 2.7724331314987053e-07 2.5557893880389475e-07 2.8838671007524644e-05 2.857457791933382e-07 0.00276243335385822 7.362210137420536e-07 2.647519482910018e-05 4.0878640920891257e-07 0.0031976897209217694 3.6113266979222346e-07 0.005585995630628694 2.5970037692391476e-07 4.462420223060275e-05 0.00012122998678777267 6.141841532266062e-06 0.003003111710034044 0.0972778009325843 0.04536317798918033 0.8429915890496309 2.2015213055291195e-07 2.413941100983691e-07
2 2.963543419458484e-07 0.004185278545251498 2.2124643899334986e-07 2.9007487178009997e-07 2.2334936306984093e-07 6.855370954338738e-07 2.976924068811909e-07 0.0014786499393296996 3.307731859481832e-07 2.7724331314987053e-07 2.5557893880389475e-07 2.8838671007524644e-05 2.857457791933382e-07 0.00276243335385822 7.362210137420536e-07 2.647519482910018e-05 4.0878640920891257e-07 0.0031976897209217694 3.6113266979222346e-07 0.005585995630628694 2.5970037692391476e-07 4.462420223060275e-05 0.00012122998678777267 6.141841532266062e-06 0.003003111710034044 0.0972778009325843 0.04536317798918033 0.8429915890496309 2.2015213055291195e-07 2.413941100983691e-07
3 2.963543419458484e-07 0.004185278545251498 2.2124643899334986e-07 2.9007487178009997e-07 2.2334936306984093e-07 6.855370954338738e-07 2.976924068811909e-07 0.0014786499393296996 3.307731859481832e-07 2.7724331314987053e-07 2.5557893880389475e-07 2.8838671007524644e-05 2.857457791933382e-07 0.00276243335385822 7.362210137420536e-07 2.647519482910018e-05 4.0878640920891257e-07 0.0031976897209217694 3.6113266979222346e-07 0.005585995630628694 2.5970037692391476e-07 4.462420223060275e-05 0.00012122998678777267 6.141841532266062e-06 0.003003111710034044 0.0972778009325843 0.04536317798918033 0.8429915890496309 2.2015213055291195e-07 2.413941100983691e-07
4 2.963543419458484e-07 0.004185278545251498 2.2124643899334986e-07 2.9007487178009997e-07 2.2334936306984093e-07 6.855370954338738e-07 2.976924068811909e-07 0.0014786499393296996 3.307731859481832e-07 2.7724331314987053e-07 2.5557893880389475e-07 2.8838671007524644e-05 2.857457791933382e-07 0.00276243335385822 7.362210137420536e-07 2.647519482910018e-05 4.0878640920891257e-07 0.0031976897209217694 3.6113266979222346e-07 0.005585995630628694 2.5970037692391476e-07 4.462420223060275e-05 0.00012122998678777267 6.141841532266062e-06 0.003003111710034044 0.0972778009325843 0.04536317798918033 0.8429915890496309 2.2015213055291195e-07 2.413941100983691e-07
5 2.963543419458484e-07 0.004185278545251498 2.2124643899334986e-07 2.9007487178009997e-07 2.2334936306984093e-07 6.855370954338738e-07 2.976924068811909e-07 0.0014786499393296996 3.307731859481832e-07 2.7724331314987053e-07 2.5557893880389475e-07 2.8838671007524644e-05 2.857457791933382e-07 0.00276243335385822 7.362210137420536e-07 2.647519482910018e-05 4.0878640920891257e-07 0.0031976897209217694 3.6113266979222346e-07 0.005585995630628694 2.5970037692391476e-07 4.462420223060275e-05 0.00012122998678777267 6.141841532266062e-06 0.003003111710034044 0.0972778009325843 0.04536317798918033 0.8429915890496309 2.2015213055291195e-07 2.413941100983691e-07
6 2.963543419458484e-07 0.004185278545251498 2.2124643899334986e-07 2.9007487178009997e-07 2.2334936306984093e-07 6.855370954338738e-07 2.976924068811909e-07 0.0014786499393296996 3.307731859481832e-07 2.7724331314987053e-07 2.5557893880389475e-07 2.8838671007524644e-05 2.857457791933382e-07 0.00276243335385822 7.362210137420536e-07 2.647519482910018e-05 4.0878640920891257e-07 0.0031976897209217694 3.6113266979222346e-07 0.005585995630628694 2.5970037692391476e-07 4.462420223060275e-05 0.00012122998678777267 6.141841532266062e-06 0.003003111710034044 0.0972778009325843 0.04536317798918033 0.8429915890496309 2.2015213055291195e-07 2.413941100983691e-07
7 2.963543419458484e-07 0.004185278545251498 2.2124643899334986e-07 2.9007487178009997e-07 2.2334936306984093e-07 6.855370954338738e-07 2.976924068811909e-07 0.0014786499393296996 3.307731859481832e-07 2.7724331314987053e-07 2.5557893880389475e-07 2.8838671007524644e-05 2.857457791933382e-07 0.00276243335385822 7.362210137420536e-07 2.647519482910018e-05 4.0878640920891257e-07 0.0031976897209217694 3.6113266979222346e-07 0.005585995630628694 2.5970037692391476e-07 4.462420223060275e-05 0.00012122998678777267 6.141841532266062e-06 0.003003111710034044 0.0972778009325843 0.04536317798918033 0.8429915890496309 2.2015213055291195e-07 2.413941100983691e-07
8 2.963543419458484e-07 0.004185278545251498 2.2124643899334986e-07 2.9007487178009997e-07 2.2334936306984093e-07 6.855370954338738e-07 2.976924068811909e-07 0.0014786499393296996 3.307731859481832e-07 2.7724331314987053e-07 2.5557893880389475e-07 2.8838671007524644e-05 2.857457791933382e-07 0.00276243335385822 7.362210137420536e-07 2.647519482910018e-05 4.0878640920891257e-07 0.0031976897209217694 3.6113266979222346e-07 0.005585995630628694 2.5970037692391476e-07 4.462420223060275e-05 0.00012122998678777267 6.141841532266062e-06 0.003003111710034044 0.0972778009325843 0.04536317798918033 0.8429915890496309 2.2015213055291195e-07 2.413941100983691e-07
9 2.963543419458484e-07 0.004185278545251498 2.2124643899334986e-07 2.9007487178009997e-07 2.2334936306984093e-07 6.855370954338738e-07 2.976924068811909e-07 0.0014786499393296996 3.307731859481832e-07 2.7724331314987053e-07 2.5557893880389475e-07 2.8838671007524644e-05 2.857457791933382e-07 0.00276243335385822 7.362210137420536e-07 2.647519482910018e-05 4.0878640920891257e-07 0.0031976897209217694 3.6113266979222346e-07 0.005585995630628694 2.5970037692391476e-07 4.462420223060275e-05 0.00012122998678777267 6.141841532266062e-06 0.003003111710034044 0.0972778009325843 0.04536317798918033 0.8429915890496309 2.2015213055291195e-07 2.413941100983691e-07
10 2.963543419458484e-07 0.004185278545251498 2.2124643899334986e-07 2.9007487178009997e-07 2.2334936306984093e-07 6.855370954338738e-07 2.976924068811909e-07 0.0014786499393296996 3.307731859481832e-07 2.7724331314987053e-07 2.5557893880389475e-07 2.8838671007524644e-05 2.857457791933382e-07 0.00276243335385822 7.362210137420536e-07 2.647519482910018e-05 4.0878640920891257e-07 0.0031976897209217694 3.6113266979222346e-07 0.005585995630628694 2.5970037692391476e-07 4.462420223060275e-05 0.00012122998678777267 6.141841532266062e-06 0.003003111710034044 0.0972778009325843 0.04536317798918033 0.8429915890496309 2.2015213055291195e-07 2.413941100983691e-07
11 2.963543419458484e-07 0.004185278545251498 2.2124643899334986e-07 2.9007487178009997e-07 2.2334936306984093e-07 6.855370954338738e-07 2.976924068811909e-07 0.0014786499393296996 3.307731859481832e-07 2.7724331314987053e-07 2.5557893880389475e-07 2.8838671007524644e-05 2.857457791933382e-07 0.00276243335385822 7.362210137420536e-07 2.647519482910018e-05 4.0878640920891257e-07 0.0031976897209217694 3.6113266979222346e-07 0.005585995630628694 2.5970037692391476e-07 4.462420223060275e-05 0.00012122998678777267 6.141841532266062e-06 0.003003111710034044 0.0972778009325843 0.04536317798918033 0.8429915890496309 2.2015213055291195e-07 2.413941100983691e-07
12 8.41128570399947e-07 0.00389590072367484 8.095908491476318e-07 8.259260534105418e-07 8.248367600269191e-07 1.628403216121558e-06 7.497550756780373e-07 0.004658212837603247 8.931588133761116e-07 9.331892977328796e-07 8.414444748998899e-07 0.002329975173690023 8.318278466150454e-07 0.017179862509065783 5.9351706228875456e-06 0.0007266751088434233 2.3032491901095283e-06 0.013200284632370336 1.424097282126663e-06 0.017000402869518216 7.189173465547109e-07 0.00015507013121522815 0.00084326137786427 2.1924755222764943e-05 0.04553897489839637 0.44362001384904304 0.1253630200675747 0.23818720876413238 8.499265002998112e-07 7.469630547174104e-07
13 8.41128570399947e-07 0.00389590072367484 8.095908491476318e-07 8.259260534105418e-07 8.248367600269191e-07 1.628403216121558e-06 7.497550756780373e-07 0.004658212837603247 8.931588133761116e-07 9.331892977328796e-07 8.414444748998899e-07 0.002329975173690023 8.318278466150454e-07 0.017179862509065783 5.9351706228875456e-06 0.0007266751088434233 2.3032491901095283e-06 0.013200284632370336 1.424097282126663e-06 0.017000402869518216 7.189173465547109e-07 0.00015507013121522815 0.00084326137786427 2.1924755222764943e-05 0.04553897489839637 0.44362001384904304 0.1253630200675747 0.23818720876413238 8.499265002998112e-07 7.469630547174104e-07
14 8.41128570399947e-07 0.00389590072367484 8.095908491476318e-07 8.259260534105418e-07 8.248367600269191e-07 1.628403216121558e-06 7.497550756780373e-07 0.004658212837603247 8.931588133761116e-07 9.331892977328796e-07 8.414444748998899e-07 0.002329975173690023 8.318278466150454e-07 0.017179862509065783 5.9351706228875456e-06 0.0007266751088434233 2.3032491901095283e-06 0.013200284632370336 1.424097282126663e-06 0.017000402869518216 7.189173465547109e-07 0.00015507013121522815 0.00084326137786427 2.1924755222764943e-05 0.04553897489839637 0.44362001384904304 0.1253630200675747 0.23818720876413238 8.499265002998112e-07 7.469630547174104e-07
15 8.41128570399947e-07 0.00389590072367484 8.095908491476318e-07 8.259260534105418e-07 8.248367600269191e-07 1.628403216121558e-06 7.497550756780373e-07 0.004658212837603247 8.931588133761116e-07 9.331892977328796e-07 8.414444748998899e-07 0.002329975173690023 8.318278466150454e-07 0.017179862509065783 5.9351706228875456e-06 0.0007266751088434233 2.3032491901095283e-06 0.013200284632370336 1.424097282126663e-06 0.017000402869518216 7.189173465547109e-07 0.00015507013121522815 0.00084326137786427 2.1924755222764943e-05 0.04553897489839637 0.44362001384904304 0.1253630200675747 0.23818720876413238 8.499265002998112e-07 7.469630547174104e-07
16 8.41128570399947e-07 0.00389590072367484 8.095908491476318e-07 8.259260534105418e-07 8.248367600269191e-07 1.628403216121558e-06 7.497550756780373e-07 0.004658212837603247 8.931588133761116e-07 9.331892977328796e-07 8.414444748998899e-07 0.002329975173690023 8.318278466150454e-07 0.017179862509065783 5.9351706228875456e-06 0.0007266751088434233 2.3032491901095283e-06 0.013200284632370336 1.424097282126663e-06 0.017000402869518216 7.189173465547109e-07 0.00015507013121522815 0.00084326137786427 2.1924755222764943e-05 0.04553897489839637 0.44362001384904304 0.1253630200675747 0.23818720876413238 8.499265002998112e-07 7.469630547174104e-07
17 8.41128570399947e-07 0.00389590072367484 8.095908491476318e-07 8.259260534105418e-07 8.248367600269191e-07 1.628403216121558e-06 7.497550756780373e-07 0.004658212837603247 8.931588133761116e-07 9.331892977328796e-07 8.414444748998899e-07 0.002329975173690023 8.318278466150454e-07 0.017179862509065783 5.9351706228875456e-06 0.0007266751088434233 2.3032491901095283e-06 0.013200284632370336 1.424097282126663e-06 0.017000402869518216 7.189173465547109e-07 0.00015507013121522815 0.00084326137786427 2.1924755222764943e-05 0.04553897489839637 0.44362001384904304 0.1253630200675747 0.23818720876413238 8.499265002998112e-07 7.469630547174104e-07
18 8.41128570399947e-07 0.00389590072367484 8.095908491476318e-07 8.259260534105418e-07 8.248367600269191e-07 1.628403216121558e-06 7.497550756780373e-07 0.004658212837603247 8.931588133761116e-07 9.331892977328796e-07 8.414444748998899e-07 0.002329975173690023 8.318278466150454e-07 0.017179862509065783 5.9351706228875456e-06 0.0007266751088434233 2.3032491901095283e-06 0.013200284632370336 1.424097282126663e-06 0.017000402869518216 7.189173465547109e-07 0.00015507013121522815 0.00084326137786427 2.1924755222764943e-05 0.04553897489839637 0.44362001384904304 0.1253630200675747 0.23818720876413238 8.499265002998112e-07 7.469630547174104e-07
19 8.41128570399947e-07 0.00389590072367484 8.095908491476318e-07 8.259260534105418e-07 8.248367600269191e-07 1.628403216121558e-06 7.497550756780373e-07 0.004658212837603247 8.931588133761116e-07 9.331892977328796e-07 8.414444748998899e-07 0.002329975173690023 8.318278466150454e-07 0.017179862509065783 5.9351706228875456e-06 0.0007266751088434233 2.3032491901095283e-06 0.013200284632370336 1.424097282126663e-06 0.017000402869518216 7.189173465547109e-07 0.00015507013121522815 0.00084326137786427 2.1924755222764943e-05 0.04553897489839637 0.44362001384904304 0.1253630200675747 0.23818720876413238 8.499265002998112e-07 7.469630547174104e-07
20 8.41128570399947e-07 0.00389590072367484 8.095908491476318e-07 8.259260534105418e-07 8.248367600269191e-07 1.628403216121558e-06 7.497550756780373e-07 0.004658212837603247 8.931588133761116e-07 9.331892977328796e-07 8.414444748998899e-07 0.002329975173690023 8.318278466150454e-07 0.017179862509065783 5.9351706228875456e-06 0.0007266751088434233 2.3032491901095283e-06 0.013200284632370336 1.424097282126663e-06 0.017000402869518216 7.189173465547109e-07 0.00015507013121522815 0.00084326137786427 2.1924755222764943e-05 0.04553897489839637 0.44362001384904304 0.1253630200675747 0.23818720876413238 8.499265002998112e-07 7.469630547174104e-07
21 8.41128570399947e-07 0.00389590072367484 8.095908491476318e-07 8.259260534105418e-07 8.248367600269191e-07 1.628403216121558e-06 7.497550756780373e-07 0.004658212837603247 8.931588133761116e-07 9.331892977328796e-07 8.414444748998899e-07 0.002329975173690023 8.318278466150454e-07 0.017179862509065783 5.9351706228875456e-06 0.0007266751088434233 2.3032491901095283e-06 0.013200284632370336 1.424097282126663e-06 0.017000402869518216 7.189173465547109e-07 0.00015507013121522815 0.00084326137786427 2.1924755222764943e-05 0.04553897489839637 0.44362001384904304 0.1253630200675747 0.23818720876413238 8.499265002998112e-07 7.469630547174104e-07
22 1.0305830162259947e-06 9.485022894029228e-07 9.814173106695386e-07 9.98794071729247e-07 9.327949090258635e-07 2.6575846946028083e-06 9.870106143633022e-07 0.005183122856750596 9.6103870545281e-07 9.550775636356084e-07 9.396976237992299e-07 0.07517572964217982 1.0775793132362444e-06 0.32423371929999883 1.3589306923691857e-05 0.036747314071100046 2.3387856543417064e-06 0.04353976634618291 1.914512644363803e-06 0.08261457627354175 9.433229415421945e-07 0.00017085638234184774 0.002635055207529204 8.286264706143835e-05 0.010877803855807685 0.14063985914017982 0.1290280212927886 0.040106850157421006 8.565516636315568e-07 9.136275277899119e-07
23 1.0305830162259947e-06 9.485022894029228e-07 9.814173106695386e-07 9.98794071729247e-07 9.327949090258635e-07 2.6575846946028083e-06 9.870106143633022e-07 0.005183122856750596 9.6103870545281e-07 9.550775636356084e-07 9.396976237992299e-07 0.07517572964217982 1.0775793132362444e-06 0.32423371929999883 1.3589306923691857e-05 0.036747314071100046 2.3387856543417064e-06 0.04353976634618291 1.914512644363803e-06 0.08261457627354175 9.433229415421945e-07 0.00017085638234184774 0.002635055207529204 8.286264706143835e-05 0.010877803855807685 0.14063985914017982 0.1290280212927886 0.040106850157421006 8.565516636315568e-07 9.136275277899119e-07
24 1.0305830162259947e-06 9.485022894029228e-07 9.814173106695386e-07 9.98794071729247e-07 9.327949090258635e-07 2.6575846946028083e-06 9.870106143633022e-07 0.005183122856750596 9.6103870545281e-07 9.550775636356084e-07 9.396976237992299e-07 0.07517572964217982 1.0775793132362444e-06 0.32423371929999883 1.3589306923691857e-05 0.036747314071100046 2.3387856543417064e-06 0.04353976634618291 1.914512644363803e-06 0.08261457627354175 9.433229415421945e-07 0.00017085638234184774 0.002635055207529204 8.286264706143835e-05 0.010877803855807685 0.14063985914017982 0.1290280212927886 0.040106850157421006 8.565516636315568e-07 9.136275277899119e-07
25 1.0305830162259947e-06 9.485022894029228e-07 9.814173106695386e-07 9.98794071729247e-07 9.327949090258635e-07 2.6575846946028083e-06 9.870106143633022e-07 0.005183122856750596 9.6103870545281e-07 9.550775636356084e-07 9.396976237992299e-07 0.07517572964217982 1.0775793132362444e-06 0.32423371929999883 1.3589306923691857e-05 0.036747314071100046 2.3387856543417064e-06 0.04353976634618291 1.914512644363803e-06 0.08261457627354175 9.433229415421945e-07 0.00017085638234184774 0.002635055207529204 8.286264706143835e-05 0.010877803855807685 0.14063985914017982 0.1290280212927886 0.040106850157421006 8.565516636315568e-07 9.136275277899119e-07
26 1.0305830162259947e-06 9.485022894029228e-07 9.814173106695386e-07 9.98794071729247e-07 9.327949090258635e-07 2.6575846946028083e-06 9.870106143633022e-07 0.005183122856750596 9.6103870545281e-07 9.550775636356084e-07 9.396976237992299e-07 0.07517572964217982 1.0775793132362444e-06 0.32423371929999883 1.3589306923691857e-05 0.036747314071100046 2.3387856543417064e-06 0.04353976634618291 1.914512644363803e-06 0.08261457627354175 9.433229415421945e-07 0.00017085638234184774 0.002635055207529204 8.286264706143835e-05 0.010877803855807685 0.14063985914017982 0.1290280212927886 0.040106850157421006 8.565516636315568e-07 9.136275277899119e-07
27 1.0305830162259947e-06 9.485022894029228e-07 9.814173106695386e-07 9.98794071729247e-07 9.327949090258635e-07 2.6575846946028083e-06 9.870106143633022e-07 0.005183122856750596 9.6103870545281e-07 9.550775636356084e-07 9.396976237992299e-07 0.07517572964217982 1.0775793132362444e-06 0.32423371929999883 1.3589306923691857e-05 0.036747314071100046 2.3387856543417064e-06 0.04353976634618291 1.914512644363803e-06 0.08261457627354175 9.433229415421945e-07 0.00017085638234184774 0.002635055207529204 8.286264706143835e-05 0.010877803855807685 0.14063985914017982 0.1290280212927886 0.040106850157421006 8.565516636315568e-07 9.136275277899119e-07
28 1.0305830162259947e-06 9.485022894029228e-07 9.814173106695386e-07 9.98794071729247e-07 9.327949090258635e-07 2.6575846946028083e-06 9.870106143633022e-07 0.005183122856750596 9.6103870545281e-07 9.550775636356084e-07 9.396976237992299e-07 0.07517572964217982 1.0775793132362444e-06 0.32423371929999883 1.3589306923691857e-05 0.036747314071100046 2.3387856543417064e-06 0.04353976634618291 1.914512644363803e-06 0.08261457627354175 9.433229415421945e-07 0.00017085638234184774 0.002635055207529204 8.286264706143835e-05 0.010877803855807685 0.14063985914017982 0.1290280212927886 0.040106850157421006 8.565516636315568e-07 9.136275277899119e-07
29 1.0305830162259947e-06 9.485022894029228e-07 9.814173106695386e-07 9.98794071729247e-07 9.327949090258635e-07 2.6575846946028083e-06 9.870106143633022e-07 0.005183122856750596 9.6103870545281e-07 9.550775636356084e-07 9.396976237992299e-07 0.07517572964217982 1.0775793132362444e-06 0.32423371929999883 1.3589306923691857e-05 0.036747314071100046 2.3387856543417064e-06 0.04353976634618291 1.914512644363803e-06 0.08261457627354175 9.433229415421945e-07 0.00017085638234184774 0.002635055207529204 8.286264706143835e-05 0.010877803855807685 0.14063985914017982 0.1290280212927886 0.040106850157421006 8.565516636315568e-07 9.136275277899119e-07
30 1.0305830162259947e-06 9.485022894029228e-07 9.814173106695386e-07 9.98794071729247e-07 9.327949090258635e-07 2.6575846946028083e-06 9.870106143633022e-07 0.005183122856750596 9.6103870545281e-07 9.550775636356084e-07 9.396976237992299e-07 0.07517572964217982 1.0775793132362444e-06 0.32423371929999883 1.3589306923691857e-05 0.036747314071100046 2.3387856543417064e-06 0.04353976634618291 1.914512644363803e-06 0.08261457627354175 9.433229415421945e-07 0.00017085638234184774 0.002635055207529204 8.286264706143835e-05 0.010877803855807685 0.14063985914017982 0.1290280212927886 0.040106850157421006 8.565516636315568e-07 9.136275277899119e-07
31 1.0305830162259947e-06 9.485022894029228e-07 9.814173106695386e-07 9.98794071729247e-07 9.327949090258635e-07 2.6575846946028083e-06 9.870106143633022e-07 0.005183122856750596 9.6103870545281e-07 9.550775636356084e-07 9.396976237992299e-07 0.07517572964217982 1.0775793132362444e-06 0.32423371929999883 1.3589306923691857e-05 0.036747314071100046 2.3387856543417064e-06 0.04353976634618291 1.914512644363803e-06 0.08261457627354175 9.433229415421945e-07 0.00017085638234184774 0.002635055207529204 8.286264706143835e-05 0.010877803855807685 0.14063985914017982 0.1290280212927886 0.040106850157421006 8.565516636315568e-07 9.136275277899119e-07
32 6.701622819367005e-08 7.8433516396317e-08 1.2685559637081104e-07 8.071615903758219e-08 9.793376806754233e-08 3.0152404917563136e-06 6.347939934000893e-08 0.09382499070975622 8.038671265920328e-08 2.450321658302269e-07 7.993933031543265e-08 0.004792098979675646 9.645790091191779e-08 0.5590432454261882 9.157284767581076e-06 1.1513005120418478e-05 3.977876876354466e-06 0.004058577845720865 5.3348570115399805e-06 0.0007184001195822437 8.333736920594722e-08 4.663573382116887e-06 5.628898679390886e-06 6.98216850862049e-06 6.113899593175189e-05 0.0017583536215277655 0.0014753004084314745 0.002026543916378717 9.70688975502625e-08 6.073008282785711e-08
33 6.701622819367005e-08 7.8433516396317e-08 1.2685559637081104e-07 8.071615903758219e-08 9.793376806754233e-08 3.0152404917563136e-06 6.347939934000893e-08 0.09382499070975622 8.038671265920328e-08 2.450321658302269e-07 7.993933031543265e-08 0.004792098979675646 9.645790091191779e-08 0.5590432454261882 9.157284767581076e-06 1.1513005120418478e-05 3.977876876354466e-06 0.004058577845720865 5.3348570115399805e-06 0.0007184001195822437 8.333736920594722e-08 4.663573382116887e-06 5.628898679390886e-06 6.98216850862049e-06 6.113899593175189e-05 0.0017583536215277655 0.0014753004084314745 0.002026543916378717 9.70688975502625e-08 6.073008282785711e-08
34 6.701622819367005e-08 7.8433516396317e-08 1.2685559637081104e-07 8.071615903758219e-08 9.793376806754233e-08 3.0152404917563136e-06 6.347939934000893e-08 0.09382499070975622 8.038671265920328e-08 2.450321658302269e-07 7.993933031543265e-08 0.004792098979675646 9.645790091191779e-08 0.5590432454261882 9.157284767581076e-06 1.1513005120418478e-05 3.977876876354466e-06 0.004058577845720865 5.3348570115399805e-06 0.0007184001195822437 8.333736920594722e-08 4.663573382116887e-06 5.628898679390886e-06 6.98216850862049e-06 6.113899593175189e-05 0.0017583536215277655 0.0014753004084314745 0.002026543916378717 9.70688975502625e-08 6.073008282785711e-08
35 6.701622819367005e-08 7.8433516396317e-08 1.2685559637081104e-07 8.071615903758219e-08 9.793376806754233e-08 3.0152404917563136e-06 6.347939934000893e-08 0.09382499070975622 8.038671265920328e-08 2.450321658302269e-07 7.993933031543265e-08 0.004792098979675646 9.645790091191779e-08 0.5590432454261882 9.157284767581076e-06 1.1513005120418478e-05 3.977876876354466e-06 0.004058577845720865 5.3348570115399805e-06 0.0007184001195822437 8.333736920594722e-08 4.663573382116887e-06 5.628898679390886e-06 6.98216850862049e-06 6.113899593175189e-05 0.0017583536215277655 0.0014753004084314745 0.002026543916378717 9.70688975502625e-08 6.073008282785711e-08
36 6.701622819367005e-08 7.8433516396317e-08 1.2685559637081104e-07 8.071615903758219e-08 9.793376806754233e-08 3.0152404917563136e-06 6.347939934000893e-08 0.09382499070975622 8.038671265920328e-08 2.450321658302269e-07 7.993933031543265e-08 0.004792098979675646 9.645790091191779e-08 0.5590432454261882 9.157284767581076e-06 1.1513005120418478e-05 3.977876876354466e-06 0.004058577845720865 5.3348570115399805e-06 0.0007184001195822437 8.333736920594722e-08 4.663573382116887e-06 5.628898679390886e-06 6.98216850862049e-06 6.113899593175189e-05 0.0017583536215277655 0.0014753004084314745 0.002026543916378717 9.70688975502625e-08 6.073008282785711e-08
37 6.701622819367005e-08 7.8433516396317e-08 1.2685559637081104e-07 8.071615903758219e-08 9.793376806754233e-08 3.0152404917563136e-06 6.347939934000893e-08 0.09382499070975622 8.038671265920328e-08 2.450321658302269e-07 7.993933031543265e-08 0.004792098979675646 9.645790091191779e-08 0.5590432454261882 9.157284767581076e-06 1.1513005120418478e-05 3.977876876354466e-06 0.004058577845720865 5.3348570115399805e-06 0.0007184001195822437 8.333736920594722e-08 4.663573382116887e-06 5.628898679390886e-06 6.98216850862049e-06 6.113899593175189e-05 0.0017583536215277655 0.0014753004084314745 0.002026543916378717 9.70688975502625e-08 6.073008282785711e-08
38 6.701622819367005e-08 7.8433516396317e-08 1.2685559637081104e-07 8.071615903758219e-08 9.793376806754233e-08 3.0152404917563136e-06 6.347939934000893e-08 0.09382499070975622 8.038671265920328e-08 2.450321658302269e-07 7.993933031543265e-08 0.004792098979675646 9.645790091191779e-08 0.5590432454261882 9.157284767581076e-06 1.1513005120418478e-05 3.977876876354466e-06 0.004058577845720865 5.3348570115399805e-06 0.0007184001195822437 8.333736920594722e-08 4.663573382116887e-06 5.628898679390886e-06 6.98216850862049e-06 6.113899593175189e-05 0.0017583536215277655 0.0014753004084314745 0.002026543916378717 9.70688975502625e-08 6.073008282785711e-08
39 6.701622819367005e-08 7.8433516396317e-08 1.2685559637081104e-07 8.071615903758219e-08 9.793376806754233e-08 3.0152404917563136e-06 6.347939934000893e-08 0.09382499070975622 8.038671265920328e-08 2.450321658302269e-07 7.993933031543265e-08 0.004792098979675646 9.645790091191779e-08 0.5590432454261882 9.157284767581076e-06 1.1513005120418478e-05 3.977876876354466e-06 0.004058577845720865 5.3348570115399805e-06 0.0007184001195822437 8.333736920594722e-08 4.663573382116887e-06 5.628898679390886e-06 6.98216850862049e-06 6.113899593175189e-05 0.0017583536215277655 0.0014753004084314745 0.002026543916378717 9.70688975502625e-08 6.073008282785711e-08
40 6.701622819367005e-08 7.8433516396317e-08 1.2685559637081104e-07 8.071615903758219e-08 9.793376806754233e-08 3.0152404917563136e-06 6.347939934000893e-08 0.09382499070975622 8.038671265920328e-08 2.450321658302269e-07 7.993933031543265e-08 0.004792098979675646 9.645790091191779e-08 0.5590432454261882 9.157284767581076e-06 1.1513005120418478e-05 3.977876876354466e-06 0.004058577845720865 5.3348570115399805e-06 0.0007184001195822437 8.333736920594722e-08 4.663573382116887e-06 5.628898679390886e-06 6.98216850862049e-06 6.113899593175189e-05 0.0017583536215277655 0.0014753004084314745 0.002026543916378717 9.70688975502625e-08 6.073008282785711e-08
41 6.701622819367005e-08 7.8433516396317e-08 1.2685559637081104e-07 8.071615903758219e-08 9.793376806754233e-08 3.0152404917563136e-06 6.347939934000893e-08 0.09382499070975622 8.038671265920328e-08 2.450321658302269e-07 7.993933031543265e-08 0.004792098979675646 9.645790091191779e-08 0.5590432454261882 9.157284767581076e-06 1.1513005120418478e-05 3.977876876354466e-06 0.004058577845720865 5.3348570115399805e-06 0.0007184001195822437 8.333736920594722e-08 4.663573382116887e-06 5.628898679390886e-06 6.98216850862049e-06 6.113899593175189e-05 0.0017583536215277655 0.0014753004084314745 0.002026543916378717 9.70688975502625e-08 6.073008282785711e-08
42 6.701622819367005e-08 7.8433516396317e-08 1.2685559637081104e-07 8.071615903758219e-08 9.793376806754233e-08 3.0152404917563136e-06 6.347939934000893e-08 0.09382499070975622 8.038671265920328e-08 2.450321658302269e-07 7.993933031543265e-08 0.004792098979675646 9.645790091191779e-08 0.5590432454261882 9.157284767581076e-06 1.1513005120418478e-05 3.977876876354466e-06 0.004058577845720865 5.3348570115399805e-06 0.0007184001195822437 8.333736920594722e-08 4.663573382116887e-06 5.628898679390886e-06 6.98216850862049e-06 6.113899593175189e-05 0.0017583536215277655 0.0014753004084314745 0.002026543916378717 9.70688975502625e-08 6.073008282785711e-08
43 6.701622819367005e-08 7.8433516396317e-08 1.2685559637081104e-07 8.071615903758219e-08 9.793376806754233e-08 3.0152404917563136e-06 6.347939934000893e-08 0.09382499070975622 8.038671265920328e-08 2.450321658302269e-07 7.993933031543265e-08 0.004792098979675646 9.645790091191779e-08 0.5590432454261882 9.157284767581076e-06 1.1513005120418478e-05 3.977876876354466e-06 0.004058577845720865 5.3348570115399805e-06 0.0007184001195822437 8.333736920594722e-08 4.663573382116887e-06 5.628898679390886e-06 6.98216850862049e-06 6.113899593175189e-05 0.0017583536215277655 0.0014753004084314745 0.002026543916378717 9.70688975502625e-08 6.073008282785711e-08
44 6.701622819367005e-08 7.8433516396317e-08 1.2685559637081104e-07 8.071615903758219e-08 9.793376806754233e-08 3.0152404917563136e-06 6.347939934000893e-08 0.09382499070975622 8.038671265920328e-08 2.450321658302269e-07 7.993933031543265e-08 0.004792098979675646 9.645790091191779e-08 0.5590432454261882 9.157284767581076e-06 1.1513005120418478e-05 3.977876876354466e-06 0.004058577845720865 5.3348570115399805e-06 0.0007184001195822437 8.333736920594722e-08 4.663573382116887e-06 5.628898679390886e-06 6.98216850862049e-06 6.113899593175189e-05 0.0017583536215277655 0.0014753004084314745 0.002026543916378717 9.70688975502625e-08 6.073008282785711e-08
45 7.354308816685923e-07 7.725330030103213e-07 7.054440610981038e-07 8.896579040405733e-07 8.7344879425504e-07 0.06682190708400079 7.360690615336403e-07 0.4527723680987607 7.055013799818572e-07 0.04207541849450362 0.00031077303072024815 0.15720611172260815 7.515757307831817e-07 9.518636732630188e-05 0.00010665993346728154 9.012611977669426e-05 2.3852107614475648e-05 0.002180746406383086 6.02723972720281e-06 0.0002762949018130004 9.847136875558131e-07 1.0348384360993725e-05 1.3697295547368884e-06 7.239837411902338e-06 2.394920257987453e-05 0.0024328485507910344 0.0005188469322259444 0.0013582997021788393 7.120616639831648e-07 7.499444355135715e-07
46 7.354308816685923e-07 7.725330030103213e-07 7.054440610981038e-07 8.896579040405733e-07 8.7344879425504e-07 0.06682190708400079 7.360690615336403e-07 0.4527723680987607 7.055013799818572e-07 0.04207541849450362 0.00031077303072024815 0.15720611172260815 7.515757307831817e-07 9.518636732630188e-05 0.00010665993346728154 9.012611977669426e-05 2.3852107614475648e-05 0.002180746406383086 6.02723972720281e-06 0.0002762949018130004 9.847136875558131e-07 1.0348384360993725e-05 1.3697295547368884e-06 7.239837411902338e-06 2.394920257987453e-05 0.0024328485507910344 0.0005188469322259444 0.0013582997021788393 7.120616639831648e-07 7.499444355135715e-07
47 7.354308816685923e-07 7.725330030103213e-07 7.054440610981038e-07 8.896579040405733e-07 8.7344879425504e-07 0.06682190708400079 7.360690615336403e-07 0.4527723680987607 7.055013799818572e-07 0.04207541849450362 0.00031077303072024815 0.15720611172260815 7.515757307831817e-07 9.518636732630188e-05 0.00010665993346728154 9.012611977669426e-05 2.3852107614475648e-05 0.002180746406383086 6.02723972720281e-06 0.0002762949018130004 9.847136875558131e-07 1.0348384360993725e-05 1.3697295547368884e-06 7.239837411902338e-06 2.394920257987453e-05 0.0024328485507910344 0.0005188469322259444 0.0013582997021788393 7.120616639831648e-07 7.499444355135715e-07
48 7.354308816685923e-07 7.725330030103213e-07 7.054440610981038e-07 8.896579040405733e-07 8.7344879425504e-07 0.06682190708400079 7.360690615336403e-07 0.4527723680987607 7.055013799818572e-07 0.04207541849450362 0.00031077303072024815 0.15720611172260815 7.515757307831817e-07 9.518636732630188e-05 0.00010665993346728154 9.012611977669426e-05 2.3852107614475648e-05 0.002180746406383086 6.02723972720281e-06 0.0002762949018130004 9.847136875558131e-07 1.0348384360993725e-05 1.3697295547368884e-06 7.239837411902338e-06 2.394920257987453e-05 0.0024328485507910344 0.0005188469322259444 0.0013582997021788393 7.120616639831648e-07 7.499444355135715e-07
49 7.354308816685923e-07 7.725330030103213e-07 7.054440610981038e-07 8.896579040405733e-07 8.7344879425504e-07 0.06682190708400079 7.360690615336403e-07 0.4527723680987607 7.055013799818572e-07 0.04207541849450362 0.00031077303072024815 0.15720611172260815 7.515757307831817e-07 9.518636732630188e-05 0.00010665993346728154 9.012611977669426e-05 2.3852107614475648e-05 0.002180746406383086 6.02723972720281e-06 0.0002762949018130004 9.847136875558131e-07 1.0348384360993725e-05 1.3697295547368884e-06 7.239837411902338e-06 2.394920257987453e-05 0.0024328485507910344 0.0005188469322259444 0.0013582997021788393 7.120616639831648e-07 7.499444355135715e-07
50 7.354308816685923e-07 7.725330030103213e-07 7.054440610981038e-07 8.896579040405733e-07 8.7344879425504e-07 0.06682190708400079 7.360690615336403e-07 0.4527723680987607 7.055013799818572e-07 0.04207541849450362 0.00031077303072024815 0.15720611172260815 7.515757307831817e-07 9.518636732630188e-05 0.00010665993346728154 9.012611977669426e-05 2.3852107614475648e-05 0.002180746406383086 6.02723972720281e-06 0.0002762949018130004 9.847136875558131e-07 1.0348384360993725e-05 1.3697295547368884e-06 7.239837411902338e-06 2.394920257987453e-05 0.0024328485507910344 0.0005188469322259444 0.0013582997021788393 7.120616639831648e-07 7.499444355135715e-07
51 7.354308816685923e-07 7.725330030103213e-07 7.054440610981038e-07 8.896579040405733e-07 8.7344879425504e-07 0.06682190708400079 7.360690615336403e-07 0.4527723680987607 7.055013799818572e-07 0.04207541849450362 0.00031077303072024815 0.15720611172260815 7.515757307831817e-07 9.518636732630188e-05 0.00010665993346728154 9.012611977669426e-05 2.3852107614475648e-05 0.002180746406383086 6.02723972720281e-06 0.0002762949018130004 9.847136875558131e-07 1.0348384360993725e-05 1.3697295547368884e-06 7.239837411902338e-06 2.394920257987453e-05 0.0024328485507910344 0.0005188469322259444 0.0013582997021788393 7.120616639831648e-07 7.499444355135715e-07
52 7.354308816685923e-07 7.725330030103213e-07 7.054440610981038e-07 8.896579040405733e-07 8.7344879425504e-07 0.06682190708400079 7.360690615336403e-07 0.4527723680987607 7.055013799818572e-07 0.04207541849450362 0.00031077303072024815 0.15720611172260815 7.515757307831817e-07 9.518636732630188e-05 0.00010665993346728154 9.012611977669426e-05 2.3852107614475648e-05 0.002180746406383086 6.02723972720281e-06 0.0002762949018130004 9.847136875558131e-07 1.0348384360993725e-05 1.3697295547368884e-06 7.239837411902338e-06 2.394920257987453e-05 0.0024328485507910344 0.0005188469322259444 0.0013582997021788393 7.120616639831648e-07 7.499444355135715e-07
53 7.354308816685923e-07 7.725330030103213e-07 7.054440610981038e-07 8.896579040405733e-07 8.7344879425504e-07 0.06682190708400079 7.360690615336403e-07 0.4527723680987607 7.055013799818572e-07 0.04207541849450362 0.00031077303072024815 0.15720611172260815 7.515757307831817e-07 9.518636732630188e-05 0.00010665993346728154 9.012611977669426e-05 2.3852107614475648e-05 0.002180746406383086 6.02723972720281e-06 0.0002762949018130004 9.847136875558131e-07 1.0348384360993725e-05 1.3697295547368884e-06 7.239837411902338e-06 2.394920257987453e-05 0.0024328485507910344 0.0005188469322259444 0.0013582997021788393 7.120616639831648e-07 7.499444355135715e-07
54 7.354308816685923e-07 7.725330030103213e-07 7.054440610981038e-07 8.896579040405733e-07 8.7344879425504e-07 0.06682190708400079 7.360690615336403e-07 0.4527723680987607 7.055013799818572e-07 0.04207541849450362 0.00031077303072024815 0.15720611172260815 7.515757307831817e-07 9.518636732630188e-05 0.00010665993346728154 9.012611977669426e-05 2.3852107614475648e-05 0.002180746406383086 6.02723972720281e-06 0.0002762949018130004 9.847136875558131e-07 1.0348384360993725e-05 1.3697295547368884e-06 7.239837411902338e-06 2.394920257987453e-05 0.0024328485507910344 0.0005188469322259444 0.0013582997021788393 7.120616639831648e-07 7.499444355135715e-07
55 7.354308816685923e-07 7.725330030103213e-07 7.054440610981038e-07 8.896579040405733e-07 8.7344879425504e-07 0.06682190708400079 7.360690615336403e-07 0.4527723680987607 7.055013799818572e-07 0.04207541849450362 0.00031077303072024815 0.15720611172260815 7.515757307831817e-07 9.518636732630188e-05 0.00010665993346728154 9.012611977669426e-05 2.3852107614475648e-05 0.002180746406383086 6.02723972720281e-06 0.0002762949018130004 9.847136875558131e-07 1.0348384360993725e-05 1.3697295547368884e-06 7.239837411902338e-06 2.394920257987453e-05 0.0024328485507910344 0.0005188469322259444 0.0013582997021788393 7.120616639831648e-07 7.499444355135715e-07
56 7.354308816685923e-07 7.725330030103213e-07 7.054440610981038e-07 8.896579040405733e-07 8.7344879425504e-07 0.06682190708400079 7.360690615336403e-07 0.4527723680987607 7.055013799818572e-07 0.04207541849450362 0.00031077303072024815 0.15720611172260815 7.515757307831817e-07 9.518636732630188e-05 0.00010665993346728154 9.012611977669426e-05 2.3852107614475648e-05 0.002180746406383086 6.02723972720281e-06 0.0002762949018130004 9.847136875558131e-07 1.0348384360993725e-05 1.3697295547368884e-06 7.239837411902338e-06 2.394920257987453e-05 0.0024328485507910344 0.0005188469322259444 0.0013582997021788393 7.120616639831648e-07 7.499444355135715e-07
57 7.354308816685923e-07 7.725330030103213e-07 7.054440610981038e-07 8.896579040405733e-07 8.7344879425504e-07 0.06682190708400079 7.360690615336403e-07 0.4527723680987607 7.055013799818572e-07 0.04207541849450362 0.00031077303072024815 0.15720611172260815 7.515757307831817e-07 9.518636732630188e-05 0.00010665993346728154 9.012611977669426e-05 2.3852107614475648e-05 0.002180746406383086 6.02723972720281e-06 0.0002762949018130004 9.847136875558131e-07 1.0348384360993725e-05 1.3697295547368884e-06 7.239837411902338e-06 2.394920257987453e-05 0.0024328485507910344 0.0005188469322259444 0.0013582997021788393 7.120616639831648e-07 7.499444355135715e-07
58 7.354308816685923e-07 7.725330030103213e-07 7.054440610981038e-07 8.896579040405733e-07 8.7344879425504e-07 0.06682190708400079 7.360690615336403e-07 0.4527723680987607 7.055013799818572e-07 0.04207541849450362 0.00031077303072024815 0.15720611172260815 7.515757307831817e-07 9.518636732630188e-05 0.00010665993346728154 9.012611977669426e-05 2.3852107614475648e-05 0.002180746406383086 6.02723972720281e-06 0.0002762949018130004 9.847136875558131e-07 1.0348384360993725e-05 1.3697295547368884e-06 7.239837411902338e-06 2.394920257987453e-05 0.0024328485507910344 0.0005188469322259444 0.0013582997021788393 7.120616639831648e-07 7.499444355135715e-07
59 7.354308816685923e-07 7.725330030103213e-07 7.054440610981038e-07 8.896579040405733e-07 8.7344879425504e-07 0.06682190708400079 7.360690615336403e-07 0.4527723680987607 7.055013799818572e-07 0.04207541849450362 0.00031077303072024815 0.15720611172260815 7.515757307831817e-07 9.518636732630188e-05 0.00010665993346728154 9.012611977669426e-05 2.3852107614475648e-05 0.002180746406383086 6.02723972720281e-06 0.0002762949018130004 9.847136875558131e-07 1.0348384360993725e-05 1.3697295547368884e-06 7.239837411902338e-06 2.394920257987453e-05 0.0024328485507910344 0.0005188469322259444 0.0013582997021788393 7.120616639831648e-07 7.499444355135715e-07
60 7.354308816685923e-07 7.725330030103213e-07 7.054440610981038e-07 8.896579040405733e-07 8.7344879425504e-07 0.06682190708400079 7.360690615336403e-07 0.4527723680987607 7.055013799818572e-07 0.04207541849450362 0.00031077303072024815 0.15720611172260815 7.515757307831817e-07 9.518636732630188e-05 0.00010665993346728154 9.012611977669426e-05 2.3852107614475648e-05 0.002180746406383086 6.02723972720281e-06 0.0002762949018130004 9.847136875558131e-07 1.0348384360993725e-05 1.3697295547368884e-06 7.239837411902338e-06 2.394920257987453e-05 0.0024328485507910344 0.0005188469322259444 0.0013582997021788393 7.120616639831648e-07 7.499444355135715e-07
61 7.354308816685923e-07 7.725330030103213e-07 7.054440610981038e-07 8.896579040405733e-07 8.7344879425504e-07 0.06682190708400079 7.360690615336403e-07 0.4527723680987607 7.055013799818572e-07 0.04207541849450362 0.00031077303072024815 0.15720611172260815 7.515757307831817e-07 9.518636732630188e-05 0.00010665993346728154 9.012611977669426e-05 2.3852107614475648e-05 0.002180746406383086 6.02723972720281e-06 0.0002762949018130004 9.847136875558131e-07 1.0348384360993725e-05 1.3697295547368884e-06 7.239837411902338e-06 2.394920257987453e-05 0.0024328485507910344 0.0005188469322259444 0.0013582997021788393 7.120616639831648e-07 7.499444355135715e-07
62 7.354308816685923e-07 7.725330030103213e-07 7.054440610981038e-07 8.896579040405733e-07 8.7344879425504e-07 0.06682190708400079 7.360690615336403e-07 0.4527723680987607 7.055013799818572e-07 0.04207541849450362 0.00031077303072024815 0.15720611172260815 7.515757307831817e-07 9.518636732630188e-05 0.00010665993346728154 9.012611977669426e-05 2.3852107614475648e-05 0.002180746406383086 6.02723972720281e-06 0.0002762949018130004 9.847136875558131e-07 1.0348384360993725e-05 1.3697295547368884e-06 7.239837411902338e-06 2.394920257987453e-05 0.0024328485507910344 0.0005188469322259444 0.0013582997021788393 7.120616639831648e-07 7.499444355135715e-07
63 7.354308816685923e-07 7.725330030103213e-07 7.054440610981038e-07 8.896579040405733e-07 8.7344879425504e-07 0.06682190708400079 7.360690615336403e-07 0.4527723680987607 7.055013799818572e-07 0.04207541849450362 0.00031077303072024815 0.15720611172260815 7.515757307831817e-07 9.518636732630188e-05 0.00010665993346728154 9.012611977669426e-05 2.3852107614475648e-05 0.002180746406383086 6.02723972720281e-06 0.0002762949018130004 9.847136875558131e-07 1.0348384360993725e-05 1.3697295547368884e-06 7.239837411902338e-06 2.394920257987453e-05 0.0024328485507910344 0.0005188469322259444 0.0013582997021788393 7.120616639831648e-07 7.499444355135715e-07
64 7.354308816685923e-07 7.725330030103213e-07 7.054440610981038e-07 8.896579040405733e-07 8.7344879425504e-07 0.06682190708400079 7.360690615336403e-07 0.4527723680987607 7.055013799818572e-07 0.04207541849450362 0.00031077303072024815 0.15720611172260815 7.515757307831817e-07 9.518636732630188e-05 0.00010665993346728154 9.012611977669426e-05 2.3852107614475648e-05 0.002180746406383086 6.02723972720281e-06 0.0002762949018130004 9.847136875558131e-07 1.0348384360993725e-05 1.3697295547368884e-06 7.239837411902338e-06 2.394920257987453e-05 0.0024328485507910344 0.0005188469322259444 0.0013582997021788393 7.120616639831648e-07 7.499444355135715e-07
65 7.354308816685923e-07 7.725330030103213e-07 7.054440610981038e-07 8.896579040405733e-07 8.7344879425504e-07 0.06682190708400079 7.360690615336403e-07 0.4527723680987607 7.055013799818572e-07 0.04207541849450362 0.00031077303072024815 0.15720611172260815 7.515757307831817e-07 9.518636732630188e-05 0.00010665993346728154 9.012611977669426e-05 2.3852107614475648e-05 0.002180746406383086 6.02723972720281e-06 0.0002762949018130004 9.847136875558131e-07 1.0348384360993725e-05 1.3697295547368884e-06 7.239837411902338e-06 2.394920257987453e-05 0.0024328485507910344 0.0005188469322259444 0.0013582997021788393 7.120616639831648e-07 7.499444355135715e-07
66 7.354308816685923e-07 7.725330030103213e-07 7.054440610981038e-07 8.896579040405733e-07 8.7344879425504e-07 0.06682190708400079 7.360690615336403e-07 0.4527723680987607 7.055013799818572e-07 0.04207541849450362 0.00031077303072024815 0.15720611172260815 7.515757307831817e-07 9.518636732630188e-05 0.00010665993346728154 9.012611977669426e-05 2.3852107614475648e-05 0.002180746406383086 6.02723972720281e-06 0.0002762949018130004 9.847136875558131e-07 1.0348384360993725e-05 1.3697295547368884e-06 7.239837411902338e-06 2.394920257987453e-05 0.0024328485507910344 0.0005188469322259444 0.0013582997021788393 7.120616639831648e-07 7.499444355135715e-07
67 7.354308816685923e-07 7.725330030103213e-07 7.054440610981038e-07 8.896579040405733e-07 8.7344879425504e-07 0.06682190708400079 7.360690615336403e-07 0.4527723680987607 7.055013799818572e-07 0.04207541849450362 0.00031077303072024815 0.15720611172260815 7.515757307831817e-07 9.518636732630188e-05 0.00010665993346728154 9.012611977669426e-05 2.3852107614475648e-05 0.002180746406383086 6.02723972720281e-06 0.0002762949018130004 9.847136875558131e-07 1.0348384360993725e-05 1.3697295547368884e-06 7.239837411902338e-06 2.394920257987453e-05 0.0024328485507910344 0.0005188469322259444 0.0013582997021788393 7.120616639831648e-07 7.499444355135715e-07
68 9.534305309259182e-07 9.828428728866894e-07 9.528287954786357e-07 1.0915796230394035e-06 9.067161906073696e-07 0.0678447716516196 9.523194487633394e-07 0.4519288499682886 9.66991399025222e-07 0.04970244509296245 0.00038902093458630896 0.18099291765579464 9.22602140152347e-07 0.00011460520437788552 0.0001432165551328733 0.00011578327766718273 3.26382384715871e-05 0.002836252951175245 7.801910191620699e-06 0.000690993501094762 1.1351349932702996e-06 1.315974386695819e-05 1.712026545377211e-06 9.239798055335353e-06 2.7619329482197633e-05 0.003445578916458695 0.0005771907983259326 0.0016232799661502072 9.404924061763322e-07 9.469913583679828e-07
69 9.534305309259182e-07 9.828428728866894e-07 9.528287954786357e-07 1.0915796230394035e-06 9.067161906073696e-07 0.0678447716516196 9.523194487633394e-07 0.4519288499682886 9.66991399025222e-07 0.04970244509296245 0.00038902093458630896 0.18099291765579464 9.22602140152347e-07 0.00011460520437788552 0.0001432165551328733 0.00011578327766718273 3.26382384715871e-05 0.002836252951175245 7.801910191620699e-06 0.000690993501094762 1.1351349932702996e-06 1.315974386695819e-05 1.712026545377211e-06 9.239798055335353e-06 2.7619329482197633e-05 0.003445578916458695 0.0005771907983259326 0.0016232799661502072 9.404924061763322e-07 9.469913583679828e-07
70 9.534305309259182e-07 9.828428728866894e-07 9.528287954786357e-07 1.0915796230394035e-06 9.067161906073696e-07 0.0678447716516196 9.523194487633394e-07 0.4519288499682886 9.66991399025222e-07 0.04970244509296245 0.00038902093458630896 0.18099291765579464 9.22602140152347e-07 0.00011460520437788552 0.0001432165551328733 0.00011578327766718273 3.26382384715871e-05 0.002836252951175245 7.801910191620699e-06 0.000690993501094762 1.1351349932702996e-06 1.315974386695819e-05 1.712026545377211e-06 9.239798055335353e-06 2.7619329482197633e-05 0.003445578916458695 0.0005771907983259326 0.0016232799661502072 9.404924061763322e-07 9.469913583679828e-07
71 9.534305309259182e-07 9.828428728866894e-07 9.528287954786357e-07 1.0915796230394035e-06 9.067161906073696e-07 0.0678447716516196 9.523194487633394e-07 0.4519288499682886 9.66991399025222e-07 0.04970244509296245 0.00038902093458630896 0.18099291765579464 9.22602140152347e-07 0.00011460520437788552 0.0001432165551328733 0.00011578327766718273 3.26382384715871e-05 0.002836252951175245 7.801910191620699e-06 0.000690993501094762 1.1351349932702996e-06 1.315974386695819e-05 1.712026545377211e-06 9.239798055335353e-06 2.7619329482197633e-05 0.003445578916458695 0.0005771907983259326 0.0016232799661502072 9.404924061763322e-07 9.469913583679828e-07
72 9.534305309259182e-07 9.828428728866894e-07 9.528287954786357e-07 1.0915796230394035e-06 9.067161906073696e-07 0.0678447716516196 9.523194487633394e-07 0.4519288499682886 9.66991399025222e-07 0.04970244509296245 0.00038902093458630896 0.18099291765579464 9.22602140152347e-07 0.00011460520437788552 0.0001432165551328733 0.00011578327766718273 3.26382384715871e-05 0.002836252951175245 7.801910191620699e-06 0.000690993501094762 1.1351349932702996e-06 1.315974386695819e-05 1.712026545377211e-06 9.239798055335353e-06 2.7619329482197633e-05 0.003445578916458695 0.0005771907983259326 0.0016232799661502072 9.404924061763322e-07 9.469913583679828e-07
73 9.534305309259182e-07 9.828428728866894e-07 9.528287954786357e-07 1.0915796230394035e-06 9.067161906073696e-07 0.0678447716516196 9.523194487633394e-07 0.4519288499682886 9.66991399025222e-07 0.04970244509296245 0.00038902093458630896 0.18099291765579464 9.22602140152347e-07 0.00011460520437788552 0.0001432165551328733 0.00011578327766718273 3.26382384715871e-05 0.002836252951175245 7.801910191620699e-06 0.000690993501094762 1.1351349932702996e-06 1.315974386695819e-05 1.712026545377211e-06 9.239798055335353e-06 2.7619329482197633e-05 0.003445578916458695 0.0005771907983259326 0.0016232799661502072 9.404924061763322e-07 9.469913583679828e-07
74 9.534305309259182e-07 9.828428728866894e-07 9.528287954786357e-07 1.0915796230394035e-06 9.067161906073696e-07 0.0678447716516196 9.523194487633394e-07 0.4519288499682886 9.66991399025222e-07 0.04970244509296245 0.00038902093458630896 0.18099291765579464 9.22602140152347e-07 0.00011460520437788552 0.0001432165551328733 0.00011578327766718273 3.26382384715871e-05 0.002836252951175245 7.801910191620699e-06 0.000690993501094762 1.1351349932702996e-06 1.315974386695819e-05 1.712026545377211e-06 9.239798055335353e-06 2.7619329482197633e-05 0.003445578916458695 0.0005771907983259326 0.0016232799661502072 9.404924061763322e-07 9.469913583679828e-07
75 9.534305309259182e-07 9.828428728866894e-07 9.528287954786357e-07 1.0915796230394035e-06 9.067161906073696e-07 0.0678447716516196 9.523194487633394e-07 0.4519288499682886 9.66991399025222e-07 0.04970244509296245 0.00038902093458630896 0.18099291765579464 9.22602140152347e-07 0.00011460520437788552 0.0001432165551328733 0.00011578327766718273 3.26382384715871e-05 0.002836252951175245 7.801910191620699e-06 0.000690993501094762 1.1351349932702996e-06 1.315974386695819e-05 1.712026545377211e-06 9.239798055335353e-06 2.7619329482197633e-05 0.003445578916458695 0.0005771907983259326 0.0016232799661502072 9.404924061763322e-07 9.469913583679828e-07
76 9.534305309259182e-07 9.828428728866894e-07 9.528287954786357e-07 1.0915796230394035e-06 9.067161906073696e-07 0.0678447716516196 9.523194487633394e-07 0.4519288499682886 9.66991399025222e-07 0.04970244509296245 0.00038902093458630896 0.18099291765579464 9.22602140152347e-07 0.00011460520437788552 0.0001432165551328733 0.00011578327766718273 3.26382384715871e-05 0.002836252951175245 7.801910191620699e-06 0.000690993501094762 1.1351349932702996e-06 1.315974386695819e-05 1.712026545377211e-06 9.239798055335353e-06 2.7619329482197633e-05 0.003445578916458695 0.0005771907983259326 0.0016232799661502072 9.404924061763322e-07 9.469913583679828e-07
77 9.534305309259182e-07 9.828428728866894e-07 9.528287954786357e-07 1.0915796230394035e-06 9.067161906073696e-07 0.0678447716516196 9.523194487633394e-07 0.4519288499682886 9.66991399025222e-07 0.04970244509296245 0.00038902093458630896 0.18099291765579464 9.22602140152347e-07 0.00011460520437788552 0.0001432165551328733 0.00011578327766718273 3.26382384715871e-05 0.002836252951175245 7.801910191620699e-06 0.000690993501094762 1.1351349932702996e-06 1.315974386695819e-05 1.712026545377211e-06 9.239798055335353e-06 2.7619329482197633e-05 0.003445578916458695 0.0005771907983259326 0.0016232799661502072 9.404924061763322e-07 9.469913583679828e-07
78 9.534305309259182e-07 9.828428728866894e-07 9.528287954786357e-07 1.0915796230394035e-06 9.067161906073696e-07 0.0678447716516196 9.523194487633394e-07 0.4519288499682886 9.66991399025222e-07 0.04970244509296245 0.00038902093458630896 0.18099291765579464 9.22602140152347e-07 0.00011460520437788552 0.0001432165551328733 0.00011578327766718273 3.26382384715871e-05 0.002836252951175245 7.801910191620699e-06 0.000690993501094762 1.1351349932702996e-06 1.315974386695819e-05 1.712026545377211e-06 9.239798055335353e-06 2.7619329482197633e-05 0.003445578916458695 0.0005771907983259326 0.0016232799661502072 9.404924061763322e-07 9.469913583679828e-07
79 9.534305309259182e-07 9.828428728866894e-07 9.528287954786357e-07 1.0915796230394035e-06 9.067161906073696e-07 0.0678447716516196 9.523194487633394e-07 0.4519288499682886 9.66991399025222e-07 0.04970244509296245 0.00038902093458630896 0.18099291765579464 9.22602140152347e-07 0.00011460520437788552 0.0001432165551328733 0.00011578327766718273 3.26382384715871e-05 0.002836252951175245 7.801910191620699e-06 0.000690993501094762 1.1351349932702996e-06 1.315974386695819e-05 1.712026545377211e-06 9.239798055335353e-06 2.7619329482197633e-05 0.003445578916458695 0.0005771907983259326 0.0016232799661502072 9.404924061763322e-07 9.469913583679828e-07
80 9.534305309259182e-07 9.828428728866894e-07 9.528287954786357e-07 1.0915796230394035e-06 9.067161906073696e-07 0.0678447716516196 9.523194487633394e-07 0.4519288499682886 9.66991399025222e-07 0.04970244509296245 0.00038902093458630896 0.18099291765579464 9.22602140152347e-07 0.00011460520437788552 0.0001432165551328733 0.00011578327766718273 3.26382384715871e-05 0.002836252951175245 7.801910191620699e-06 0.000690993501094762 1.1351349932702996e-06 1.315974386695819e-05 1.712026545377211e-06 9.239798055335353e-06 2.7619329482197633e-05 0.003445578916458695 0.0005771907983259326 0.0016232799661502072 9.404924061763322e-07 9.469913583679828e-07
81 9.534305309259182e-07 9.828428728866894e-07 9.528287954786357e-07 1.0915796230394035e-06 9.067161906073696e-07 0.0678447716516196 9.523194487633394e-07 0.4519288499682886 9.66991399025222e-07 0.04970244509296245 0.00038902093458630896 0.18099291765579464 9.22602140152347e-07 0.00011460520437788552 0.0001432165551328733 0.00011578327766718273 3.26382384715871e-05 0.002836252951175245 7.801910191620699e-06 0.000690993501094762 1.1351349932702996e-06 1.315974386695819e-05 1.712026545377211e-06 9.239798055335353e-06 2.7619329482197633e-05 0.003445578916458695 0.0005771907983259326 0.0016232799661502072 9.404924061763322e-07 9.469913583679828e-07
82 9.534305309259182e-07 9.828428728866894e-07 9.528287954786357e-07 1.0915796230394035e-06 9.067161906073696e-07 0.0678447716516196 9.523194487633394e-07 0.4519288499682886 9.66991399025222e-07 0.04970244509296245 0.00038902093458630896 0.18099291765579464 9.22602140152347e-07 0.00011460520437788552 0.0001432165551328733 0.00011578327766718273 3.26382384715871e-05 0.002836252951175245 7.801910191620699e-06 0.000690993501094762 1.1351349932702996e-06 1.315974386695819e-05 1.712026545377211e-06 9.239798055335353e-06 2.7619329482197633e-05 0.003445578916458695 0.0005771907983259326 0.0016232799661502072 9.404924061763322e-07 9.469913583679828e-07
83 9.534305309259182e-07 9.828428728866894e-07 9.528287954786357e-07 1.0915796230394035e-06 9.067161906073696e-07 0.0678447716516196 9.523194487633394e-07 0.4519288499682886 9.66991399025222e-07 0.04970244509296245 0.00038902093458630896 0.18099291765579464 9.22602140152347e-07 0.00011460520437788552 0.0001432165551328733 0.00011578327766718273 3.26382384715871e-05 0.002836252951175245 7.801910191620699e-06 0.000690993501094762 1.1351349932702996e-06 1.315974386695819e-05 1.712026545377211e-06 9.239798055335353e-06 2.7619329482197633e-05 0.003445578916458695 0.0005771907983259326 0.0016232799661502072 9.404924061763322e-07 9.469913583679828e-07
84 9.534305309259182e-07 9.828428728866894e-07 9.528287954786357e-07 1.0915796230394035e-06 9.067161906073696e-07 0.0678447716516196 9.523194487633394e-07 0.4519288499682886 9.66991399025222e-07 0.04970244509296245 0.00038902093458630896 0.18099291765579464 9.22602140152347e-07 0.00011460520437788552 0.0001432165551328733 0.00011578327766718273 3.26382384715871e-05 0.002836252951175245 7.801910191620699e-06 0.000690993501094762 1.1351349932702996e-06 1.315974386695819e-05 1.712026545377211e-06 9.239798055335353e-06 2.7619329482197633e-05 0.003445578916458695 0.0005771907983259326 0.0016232799661502072 9.404924061763322e-07 9.469913583679828e-07
85 9.534305309259182e-07 9.828428728866894e-07 9.528287954786357e-07 1.0915796230394035e-06 9.067161906073696e-07 0.0678447716516196 9.523194487633394e-07 0.4519288499682886 9.66991399025222e-07 0.04970244509296245 0.00038902093458630896 0.18099291765579464 9.22602140152347e-07 0.00011460520437788552 0.0001432165551328733 0.00011578327766718273 3.26382384715871e-05 0.002836252951175245 7.801910191620699e-06 0.000690993501094762 1.1351349932702996e-06 1.315974386695819e-05 1.712026545377211e-06 9.239798055335353e-06 2.7619329482197633e-05 0.003445578916458695 0.0005771907983259326 0.0016232799661502072 9.404924061763322e-07 9.469913583679828e-07
86 9.534305309259182e-07 9.828428728866894e-07 9.528287954786357e-07 1.0915796230394035e-06 9.067161906073696e-07 0.0678447716516196 9.523194487633394e-07 0.4519288499682886 9.66991399025222e-07 0.04970244509296245 0.00038902093458630896 0.18099291765579464 9.22602140152347e-07 0.00011460520437788552 0.0001432165551328733 0.00011578327766718273 3.26382384715871e-05 0.002836252951175245 7.801910191620699e-06 0.000690993501094762 1.1351349932702996e-06 1.315974386695819e-05 1.712026545377211e-06 9.239798055335353e-06 2.7619329482197633e-05 0.003445578916458695 0.0005771907983259326 0.0016232799661502072 9.404924061763322e-07 9.469913583679828e-07
87 9.534305309259182e-07 9.828428728866894e-07 9.528287954786357e-07 1.0915796230394035e-06 9.067161906073696e-07 0.0678447716516196 9.523194487633394e-07 0.4519288499682886 9.66991399025222e-07 0.04970244509296245 0.00038902093458630896 0.18099291765579464 9.22602140152347e-07 0.00011460520437788552 0.0001432165551328733 0.00011578327766718273 3.26382384715871e-05 0.002836252951175245 7.801910191620699e-06 0.000690993501094762 1.1351349932702996e-06 1.315974386695819e-05 1.712026545377211e-06 9.239798055335353e-06 2.7619329482197633e-05 0.003445578916458695 0.0005771907983259326 0.0016232799661502072 9.404924061763322e-07 9.469913583679828e-07
88 9.534305309259182e-07 9.828428728866894e-07 9.528287954786357e-07 1.0915796230394035e-06 9.067161906073696e-07 0.0678447716516196 9.523194487633394e-07 0.4519288499682886 9.66991399025222e-07 0.04970244509296245 0.00038902093458630896 0.18099291765579464 9.22602140152347e-07 0.00011460520437788552 0.0001432165551328733 0.00011578327766718273 3.26382384715871e-05 0.002836252951175245 7.801910191620699e-06 0.000690993501094762 1.1351349932702996e-06 1.315974386695819e-05 1.712026545377211e-06 9.239798055335353e-06 2.7619329482197633e-05 0.003445578916458695 0.0005771907983259326 0.0016232799661502072 9.404924061763322e-07 9.469913583679828e-07
89 9.534305309259182e-07 9.828428728866894e-07 9.528287954786357e-07 1.0915796230394035e-06 9.067161906073696e-07 0.0678447716516196 9.523194487633394e-07 0.4519288499682886 9.66991399025222e-07 0.04970244509296245 0.00038902093458630896 0.18099291765579464 9.22602140152347e-07 0.00011460520437788552 0.0001432165551328733 0.00011578327766718273 3.26382384715871e-05 0.002836252951175245 7.801910191620699e-06 0.000690993501094762 1.1351349932702996e-06 1.315974386695819e-05 1.712026545377211e-06 9.239798055335353e-06 2.7619329482197633e-05 0.003445578916458695 0.0005771907983259326 0.0016232799661502072 9.404924061763322e-07 9.469913583679828e-07
90 9.534305309259182e-07 9.828428728866894e-07 9.528287954786357e-07 1.0915796230394035e-06 9.067161906073696e-07 0.0678447716516196 9.523194487633394e-07 0.4519288499682886 9.66991399025222e-07 0.04970244509296245 0.00038902093458630896 0.18099291765579464 9.22602140152347e-07 0.00011460520437788552 0.0001432165551328733 0.00011578327766718273 3.26382384715871e-05 0.002836252951175245 7.801910191620699e-06 0.000690993501094762 1.1351349932702996e-06 1.315974386695819e-05 1.712026545377211e-06 9.239798055335353e-06 2.7619329482197633e-05 0.003445578916458695 0.0005771907983259326 0.0016232799661502072 9.404924061763322e-07 9.469913583679828e-07
91 9.534305309259182e-07 9.828428728866894e-07 9.528287954786357e-07 1.0915796230394035e-06 9.067161906073696e-07 0.0678447716516196 9.523194487633394e-07 0.4519288499682886 9.66991399025222e-07 0.04970244509296245 0.00038902093458630896 0.18099291765579464 9.22602140152347e-07 0.00011460520437788552 0.0001432165551328733 0.00011578327766718273 3.26382384715871e-05 0.002836252951175245 7.801910191620699e-06 0.000690993501094762 1.1351349932702996e-06 1.315974386695819e-05 1.712026545377211e-06 9.239798055335353e-06 2.7619329482197633e-05 0.003445578916458695 0.0005771907983259326 0.0016232799661502072 9.404924061763322e-07 9.469913583679828e-07
92 9.534305309259182e-07 9.828428728866894e-07 9.528287954786357e-07 1.0915796230394035e-06 9.067161906073696e-07 0.0678447716516196 9.523194487633394e-07 0.4519288499682886 9.66991399025222e-07 0.04970244509296245 0.00038902093458630896 0.18099291765579464 9.22602140152347e-07 0.00011460520437788552 0.0001432165551328733 0.00011578327766718273 3.26382384715871e-05 0.002836252951175245 7.801910191620699e-06 0.000690993501094762 1.1351349932702996e-06 1.315974386695819e-05 1.712026545377211e-06 9.239798055335353e-06 2.7619329482197633e-05 0.003445578916458695 0.0005771907983259326 0.0016232799661502072 9.404924061763322e-07 9.469913583679828e-07
93 9.534305309259182e-07 9.828428728866894e-07 9.528287954786357e-07 1.0915796230394035e-06 9.067161906073696e-07 0.0678447716516196 9.523194487633394e-07 0.4519288499682886 9.66991399025222e-07 0.04970244509296245 0.00038902093458630896 0.18099291765579464 9.22602140152347e-07 0.00011460520437788552 0.0001432165551328733 0.00011578327766718273 3.26382384715871e-05 0.002836252951175245 7.801910191620699e-06 0.000690993501094762 1.1351349932702996e-06 1.315974386695819e-05 1.712026545377211e-06 9.239798055335353e-06 2.7619329482197633e-05 0.003445578916458695 0.0005771907983259326 0.0016232799661502072 9.404924061763322e-07 9.469913583679828e-07
94 9.534305309259182e-07 9.828428728866894e-07 9.528287954786357e-07 1.0915796230394035e-06 9.067161906073696e-07 0.0678447716516196 9.523194487633394e-07 0.4519288499682886 9.66991399025222e-07 0.04970244509296245 0.00038902093458630896 0.18099291765579464 9.22602140152347e-07 0.00011460520437788552 0.0001432165551328733 0.00011578327766718273 3.26382384715871e-05 0.002836252951175245 7.801910191620699e-06 0.000690993501094762 1.1351349932702996e-06 1.315974386695819e-05 1.712026545377211e-06 9.239798055335353e-06 2.7619329482197633e-05 0.003445578916458695 0.0005771907983259326 0.0016232799661502072 9.404924061763322e-07 9.469913583679828e-07
95 9.534305309259182e-07 9.828428728866894e-07 9.528287954786357e-07 1.0915796230394035e-06 9.067161906073696e-07 0.0678447716516196 9.523194487633394e-07 0.4519288499682886 9.66991399025222e-07 0.04970244509296245 0.00038902093458630896 0.18099291765579464 9.22602140152347e-07 0.00011460520437788552 0.0001432165551328733 0.00011578327766718273 3.26382384715871e-05 0.002836252951175245 7.801910191620699e-06 0.000690993501094762 1.1351349932702996e-06 1.315974386695819e-05 1.712026545377211e-06 9.239798055335353e-06 2.7619329482197633e-05 0.003445578916458695 0.0005771907983259326 0.0016232799661502072 9.404924061763322e-07 9.469913583679828e-07
96 9.534305309259182e-07 9.828428728866894e-07 9.528287954786357e-07 1.0915796230394035e-06 9.067161906073696e-07 0.0678447716516196 9.523194487633394e-07 0.4519288499682886 9.66991399025222e-07 0.04970244509296245 0.00038902093458630896 0.18099291765579464 9.22602140152347e-07 0.00011460520437788552 0.0001432165551328733 0.00011578327766718273 3.26382384715871e-05 0.002836252951175245 7.801910191620699e-06 0.000690993501094762 1.1351349932702996e-06 1.315974386695819e-05 1.712026545377211e-06 9.239798055335353e-06 2.7619329482197633e-05 0.003445578916458695 0.0005771907983259326 0.0016232799661502072 9.404924061763322e-07 9.469913583679828e-07
97 9.534305309259182e-07 9.828428728866894e-07 9.528287954786357e-07 1.0915796230394035e-06 9.067161906073696e-07 0.0678447716516196 9.523194487633394e-07 0.4519288499682886 9.66991399025222e-07 0.04970244509296245 0.00038902093458630896 0.18099291765579464 9.22602140152347e-07 0.00011460520437788552 0.0001432165551328733 0.00011578327766718273 3.26382384715871e-05 0.002836252951175245 7.801910191620699e-06 0.000690993501094762 1.1351349932702996e-06 1.315974386695819e-05 1.712026545377211e-06 9.239798055335353e-06 2.7619329482197633e-05 0.003445578916458695 0.0005771907983259326 0.0016232799661502072 9.404924061763322e-07 9.469913583679828e-07
98 9.534305309259182e-07 9.828428728866894e-07 9.528287954786357e-07 1.0915796230394035e-06 9.067161906073696e-07 0.0678447716516196 9.523194487633394e-07 0.4519288499682886 9.66991399025222e-07 0.04970244509296245 0.00038902093458630896 0.18099291765579464 9.22602140152347e-07 0.00011460520437788552 0.0001432165551328733 0.00011578327766718273 3.26382384715871e-05 0.002836252951175245 7.801910191620699e-06 0.000690993501094762 1.1351349932702996e-06 1.315974386695819e-05 1.712026545377211e-06 9.239798055335353e-06 2.7619329482197633e-05 0.003445578916458695 0.0005771907983259326 0.0016232799661502072 9.404924061763322e-07 9.469913583679828e-07
99 9.534305309259182e-07 9.828428728866894e-07 9.528287954786357e-07 1.0915796230394035e-06 9.067161906073696e-07 0.0678447716516196 9.523194487633394e-07 0.4519288499682886 9.66991399025222e-07 0.04970244509296245 0.00038902093458630896 0.18099291765579464 9.22602140152347e-07 0.00011460520437788552 0.0001432165551328733 0.00011578327766718273 3.26382384715871e-05 0.002836252951175245 7.801910191620699e-06 0.000690993501094762 1.1351349932702996e-06 1.315974386695819e-05 1.712026545377211e-06 9.239798055335353e-06 2.7619329482197633e-05 0.003445578916458695 0.0005771907983259326 0.0016232799661502072 9.404924061763322e-07 9.469913583679828e-07
100 9.534305309259182e-07 9.828428728866894e-07 9.528287954786357e-07 1.0915796230394035e-06 9.067161906073696e-07 0.0678447716516196 9.523194487633394e-07 0.4519288499682886 9.66991399025222e-07 0.04970244509296245 0.00038902093458630896 0.18099291765579464 9.22602140152347e-07 0.00011460520437788552 0.0001432165551328733 0.00011578327766718273 3.26382384715871e-05 0.002836252951175245 7.801910191620699e-06 0.000690993501094762 1.1351349932702996e-06 1.315974386695819e-05 1.712026545377211e-06 9.239798055335353e-06 2.7619329482197633e-05 0.003445578916458695 0.0005771907983259326 0.0016232799661502072 9.404924061763322e-07 9.469913583679828e-07
101 9.534305309259182e-07 9.828428728866894e-07 9.528287954786357e-07 1.0915796230394035e-06 9.067161906073696e-07 0.0678447716516196 9.523194487633394e-07 0.4519288499682886 9.66991399025222e-07 0.04970244509296245 0.00038902093458630896 0.18099291765579464 9.22602140152347e-07 0.00011460520437788552 0.0001432165551328733 0.00011578327766718273 3.26382384715871e-05 0.002836252951175245 7.801910191620699e-06 0.000690993501094762 1.1351349932702996e-06 1.315974386695819e-05 1.712026545377211e-06 9.239798055335353e-06 2.7619329482197633e-05 0.003445578916458695 0.0005771907983259326 0.0016232799661502072 9.404924061763322e-07 9.469913583679828e-07
102 9.534305309259182e-07 9.828428728866894e-07 9.528287954786357e-07 1.0915796230394035e-06 9.067161906073696e-07 0.0678447716516196 9.523194487633394e-07 0.4519288499682886 9.66991399025222e-07 0.04970244509296245 0.00038902093458630896 0.18099291765579464 9.22602140152347e-07 0.00011460520437788552 0.0001432165551328733 0.00011578327766718273 3.26382384715871e-05 0.002836252951175245 7.801910191620699e-06 0.000690993501094762 1.1351349932702996e-06 1.315974386695819e-05 1.712026545377211e-06 9.239798055335353e-06 2.7619329482197633e-05 0.003445578916458695 0.0005771907983259326 0.0016232799661502072 9.404924061763322e-07 9.469913583679828e-07
103 9.534305309259182e-07 9.828428728866894e-07 9.528287954786357e-07 1.0915796230394035e-06 9.067161906073696e-07 0.0678447716516196 9.523194487633394e-07 0.4519288499682886 9.66991399025222e-07 0.04970244509296245 0.00038902093458630896 0.18099291765579464 9.22602140152347e-07 0.00011460520437788552 0.0001432165551328733 0.00011578327766718273 3.26382384715871e-05 0.002836252951175245 7.801910191620699e-06 0.000690993501094762 1.1351349932702996e-06 1.315974386695819e-05 1.712026545377211e-06 9.239798055335353e-06 2.7619329482197633e-05 0.003445578916458695 0.0005771907983259326 0.0016232799661502072 9.404924061763322e-07 9.469913583679828e-07
104 9.534305309259182e-07 9.828428728866894e-07 9.528287954786357e-07 1.0915796230394035e-06 9.067161906073696e-07 0.0678447716516196 9.523194487633394e-07 0.4519288499682886 9.66991399025222e-07 0.04970244509296245 0.00038902093458630896 0.18099291765579464 9.22602140152347e-07 0.00011460520437788552 0.0001432165551328733 0.00011578327766718273 3.26382384715871e-05 0.002836252951175245 7.801910191620699e-06 0.000690993501094762 1.1351349932702996e-06 1.315974386695819e-05 1.712026545377211e-06 9.239798055335353e-06 2.7619329482197633e-05 0.003445578916458695 0.0005771907983259326 0.0016232799661502072 9.404924061763322e-07 9.469913583679828e-07
105 9.534305309259182e-07 9.828428728866894e-07 9.528287954786357e-07 1.0915796230394035e-06 9.067161906073696e-07 0.0678447716516196 9.523194487633394e-07 0.4519288499682886 9.66991399025222e-07 0.04970244509296245 0.00038902093458630896 0.18099291765579464 9.22602140152347e-07 0.00011460520437788552 0.0001432165551328733 0.00011578327766718273 3.26382384715871e-05 0.002836252951175245 7.801910191620699e-06 0.000690993501094762 1.1351349932702996e-06 1.315974386695819e-05 1.712026545377211e-06 9.239798055335353e-06 2.7619329482197633e-05 0.003445578916458695 0.0005771907983259326 0.0016232799661502072 9.404924061763322e-07 9.469913583679828e-07
106 9.534305309259182e-07 9.828428728866894e-07 9.528287954786357e-07 1.0915796230394035e-06 9.067161906073696e-07 0.0678447716516196 9.523194487633394e-07 0.4519288499682886 9.66991399025222e-07 0.04970244509296245 0.00038902093458630896 0.18099291765579464 9.22602140152347e-07 0.00011460520437788552 0.0001432165551328733 0.00011578327766718273 3.26382384715871e-05 0.002836252951175245 7.801910191620699e-06 0.000690993501094762 1.1351349932702996e-06 1.315974386695819e-05 1.712026545377211e-06 9.239798055335353e-06 2.7619329482197633e-05 0.003445578916458695 0.0005771907983259326 0.0016232799661502072 9.404924061763322e-07 9.469913583679828e-07
107 9.534305309259182e-07 9.828428728866894e-07 9.528287954786357e-07 1.0915796230394035e-06 9.067161906073696e-07 0.0678447716516196 9.523194487633394e-07 0.4519288499682886 9.66991399025222e-07 0.04970244509296245 0.00038902093458630896 0.18099291765579464 9.22602140152347e-07 0.00011460520437788552 0.0001432165551328733 0.00011578327766718273 3.26382384715871e-05 0.002836252951175245 7.801910191620699e-06 0.000690993501094762 1.1351349932702996e-06 1.315974386695819e-05 1.712026545377211e-06 9.239798055335353e-06 2.7619329482197633e-05 0.003445578916458695 0.0005771907983259326 0.0016232799661502072 9.404924061763322e-07 9.469913583679828e-07
108 9.534305309259182e-07 9.828428728866894e-07 9.528287954786357e-07 1.0915796230394035e-06 9.067161906073696e-07 0.0678447716516196 9.523194487633394e-07 0.4519288499682886 9.66991399025222e-07 0.04970244509296245 0.00038902093458630896 0.18099291765579464 9.22602140152347e-07 0.00011460520437788552 0.0001432165551328733 0.00011578327766718273 3.26382384715871e-05 0.002836252951175245 7.801910191620699e-06 0.000690993501094762 1.1351349932702996e-06 1.315974386695819e-05 1.712026545377211e-06 9.239798055335353e-06 2.7619329482197633e-05 0.003445578916458695 0.0005771907983259326 0.0016232799661502072 9.404924061763322e-07 9.469913583679828e-07
