# index Z=1 - Z=30
0 6.853820586156466e-07 0.010809728540557928 6.51989280752932e-07 6.792055238092346e-07 6.536127145079315e-07 1.6735751177525473e-06 6.617907194838309e-07 0.003887869384619709 6.698628741178658e-07 6.927828892866078e-07 6.706274753196071e-07 7.477943128119862e-05 6.901143691149275e-07 0.021234852827543445 1.788398489693912e-06 7.726789087165591e-05 8.542375071875288e-07 0.007165665936180755 9.709394651427437e-07 0.014149236120061297 6.897969588414477e-07 0.0001215006256002155 0.0002907061680645744 1.8323547071877776e-05 0.005240178084016561 0.24487294882564892 0.1667272622854047 0.2588951446245345 6.78431887423118e-07 6.782888836536813e-07
1 6.853820586156466e-07 0.010809728540557928 6.51989280752932e-07 6.792055238092346e-07 6.536127145079315e-07 1.6735751177525473e-06 6.617907194838309e-07 0.003887869384619709 6.698628741178658e-07 6.927828892866078e-07 6.706274753196071e-07 7.477943128119862e-05 6.901143691149275e-07 0.021234852827543445 1.788398489693912e-06 7.726789087165591e-05 8.542375071875288e-07 0.007165665936180755 9.709394651427437e-07 0.014149236120061297 6.897969588414477e-07 0.0001215006256002155 0.0002907061680645744 1.8323547071877776e-05 0.005240178084016561 0.24487294882564892 0.1667272622854047 0.2588951446245345 6.78431887423118e-07 6.782888836536813e-07
2 6.853820586156466e-07 0.010809728540557928 6.51989280752932e-07 6.792055238092346e-07 6.536127145079315e-07 1.6735751177525473e-06 6.617907194838309e-07 0.003887869384619709 6.698628741178658e-07 6.927828892866078e-07 6.706274753196071e-07 7.477943128119862e-05 6.901143691149275e-07 0.021234852827543445 1.788398489693912e-06 7.726789087165591e-05 8.542375071875288e-07 0.007165665936180755 9.709394651427437e-07 0.014149236120061297 6.897969588414477e-07 0.0001215006256002155 0.0002907061680645744 1.8323547071877776e-05 0.005240178084016561 0.24487294882564892 0.1667272622854047 0.2588951446245345 6.78431887423118e-07 6.782888836536813e-07
3 6.853820586156466e-07 0.010809728540557928 6.51989280752932e-07 6.792055238092346e-07 6.536127145079315e-07 1.6735751177525473e-06 6.617907194838309e-07 0.003887869384619709 6.698628741178658e-07 6.927828892866078e-07 6.706274753196071e-07 7.477943128119862e-05 6.901143691149275e-07 0.021234852827543445 1.788398489693912e-06 7.726789087165591e-05 8.542375071875288e-07 0.007165665936180755 9.709394651427437e-07 0.014149236120061297 6.897969588414477e-07 0.0001215006256002155 0.0002907061680645744 1.8323547071877776e-05 0.005240178084016561 0.24487294882564892 0.1667272622854047 0.2588951446245345 6.78431887423118e-07 6.782888836536813e-07
4 6.853820586156466e-07 0.010809728540557928 6.51989280752932e-07 6.792055238092346e-07 6.536127145079315e-07 1.6735751177525473e-06 6.617907194838309e-07 0.003887869384619709 6.698628741178658e-07 6.927828892866078e-07 6.706274753196071e-07 7.477943128119862e-05 6.901143691149275e-07 0.021234852827543445 1.788398489693912e-06 7.726789087165591e-05 8.542375071875288e-07 0.007165665936180755 9.709394651427437e-07 0.014149236120061297 6.897969588414477e-07 0.0001215006256002155 0.0002907061680645744 1.8323547071877776e-05 0.005240178084016561 0.24487294882564892 0.1667272622854047 0.2588951446245345 6.78431887423118e-07 6.782888836536813e-07
5 6.853820586156466e-07 0.010809728540557928 6.51989280752932e-07 6.792055238092346e-07 6.536127145079315e-07 1.6735751177525473e-06 6.617907194838309e-07 0.003887869384619709 6.698628741178658e-07 6.927828892866078e-07 6.706274753196071e-07 7.477943128119862e-05 6.901143691149275e-07 0.021234852827543445 1.788398489693912e-06 7.726789087165591e-05 8.542375071875288e-07 0.007165665936180755 9.709394651427437e-07 0.014149236120061297 6.897969588414477e-07 0.0001215006256002155 0.0002907061680645744 1.8323547071877776e-05 0.005240178084016561 0.24487294882564892 0.1667272622854047 0.2588951446245345 6.78431887423118e-07 6.782888836536813e-07
6 6.853820586156466e-07 0.010809728540557928 6.51989280752932e-07 6.792055238092346e-07 6.536127145079315e-07 1.6735751177525473e-06 6.617907194838309e-07 0.003887869384619709 6.698628741178658e-07 6.927828892866078e-07 6.706274753196071e-07 7.477943128119862e-05 6.901143691149275e-07 0.021234852827543445 1.788398489693912e-06 7.726789087165591e-05 8.542375071875288e-07 0.007165665936180755 9.709394651427437e-07 0.014149236120061297 6.897969588414477e-07 0.0001215006256002155 0.0002907061680645744 1.8323547071877776e-05 0.005240178084016561 0.24487294882564892 0.1667272622854047 0.2588951446245345 6.78431887423118e-07 6.782888836536813e-07
7 6.853820586156466e-07 0.010809728540557928 6.51989280752932e-07 6.792055238092346e-07 6.536127145079315e-07 1.6735751177525473e-06 6.617907194838309e-07 0.003887869384619709 6.698628741178658e-07 6.927828892866078e-07 6.706274753196071e-07 7.477943128119862e-05 6.901143691149275e-07 0.021234852827543445 1.788398489693912e-06 7.726789087165591e-05 8.542375071875288e-07 0.007165665936180755 9.709394651427437e-07 0.014149236120061297 6.897969588414477e-07 0.0001215006256002155 0.0002907061680645744 1.8323547071877776e-05 0.005240178084016561 0.24487294882564892 0.1667272622854047 0.2588951446245345 6.78431887423118e-07 6.782888836536813e-07
8 6.853820586156466e-07 0.010809728540557928 6.51989280752932e-07 6.792055238092346e-07 6.536127145079315e-07 1.6735751177525473e-06 6.617907194838309e-07 0.003887869384619709 6.698628741178658e-07 6.927828892866078e-07 6.706274753196071e-07 7.477943128119862e-05 6.901143691149275e-07 0.021234852827543445 1.788398489693912e-06 7.726789087165591e-05 8.542375071875288e-07 0.007165665936180755 9.709394651427437e-07 0.014149236120061297 6.897969588414477e-07 0.0001215006256002155 0.0002907061680645744 1.8323547071877776e-05 0.005240178084016561 0.24487294882564892 0.1667272622854047 0.2588951446245345 6.78431887423118e-07 6.782888836536813e-07
9 6.853820586156466e-07 0.010809728540557928 6.51989280752932e-07 6.792055238092346e-07 6.536127145079315e-07 1.6735751177525473e-06 6.617907194838309e-07 0.003887869384619709 6.698628741178658e-07 6.927828892866078e-07 6.706274753196071e-07 7.477943128119862e-05 6.901143691149275e-07 0.021234852827543445 1.788398489693912e-06 7.726789087165591e-05 8.542375071875288e-07 0.007165665936180755 9.709394651427437e-07 0.014149236120061297 6.897969588414477e-07 0.0001215006256002155 0.0002907061680645744 1.8323547071877776e-05 0.005240178084016561 0.24487294882564892 0.1667272622854047 0.2588951446245345 6.78431887423118e-07 6.782888836536813e-07
10 6.853820586156466e-07 0.010809728540557928 6.51989280752932e-07 6.792055238092346e-07 6.536127145079315e-07 1.6735751177525473e-06 6.617907194838309e-07 0.003887869384619709 6.698628741178658e-07 6.927828892866078e-07 6.706274753196071e-07 7.477943128119862e-05 6.901143691149275e-07 0.021234852827543445 1.788398489693912e-06 7.726789087165591e-05 8.542375071875288e-07 0.007165665936180755 9.709394651427437e-07 0.014149236120061297 6.897969588414477e-07 0.0001215006256002155 0.0002907061680645744 1.8323547071877776e-05 0.005240178084016561 0.24487294882564892 0.1667272622854047 0.2588951446245345 6.78431887423118e-07 6.782888836536813e-07
11 6.853820586156466e-07 0.010809728540557928 6.51989280752932e-07 6.792055238092346e-07 6.536127145079315e-07 1.6735751177525473e-06 6.617907194838309e-07 0.003887869384619709 6.698628741178658e-07 6.927828892866078e-07 6.706274753196071e-07 7.477943128119862e-05 6.901143691149275e-07 0.021234852827543445 1.788398489693912e-06 7.726789087165591e-05 8.542375071875288e-07 0.007165665936180755 9.709394651427437e-07 0.014149236120061297 6.897969588414477e-07 0.0001215006256002155 0.0002907061680645744 1.8323547071877776e-05 0.005240178084016561 0.24487294882564892 0.1667272622854047 0.2588951446245345 6.78431887423118e-07 6.782888836536813e-07
12 1.1784197966697234e-06 0.005251657356894563 1.189260108829573e-06 1.2553281478736757e-06 1.2501179981889177e-06 2.329400925156512e-06 1.191551306517143e-06 0.006615564264998593 1.2931617524620056e-06 1.2017613949584695e-06 1.2502621271051048e-06 0.0033060035976192853 1.242067785550425e-06 0.09890945919813778 8.277253519488408e-06 0.0010671938241035629 3.2805515387379492e-06 0.0166454018345207 2.1468910107154234e-06 0.04512681482901596 1.2628984414275161e-06 0.00018872463753175393 0.0015198070141585064 3.4491501220502764e-05 0.03437859645925046 0.27149190689716574 0.1046522640076422 0.2517581693763578 1.2699077201002103e-06 1.1693500179967389e-06
13 1.1784197966697234e-06 0.005251657356894563 1.189260108829573e-06 1.2553281478736757e-06 1.2501179981889177e-06 2.329400925156512e-06 1.191551306517143e-06 0.006615564264998593 1.2931617524620056e-06 1.2017613949584695e-06 1.2502621271051048e-06 0.0033060035976192853 1.242067785550425e-06 0.09890945919813778 8.277253519488408e-06 0.0010671938241035629 3.2805515387379492e-06 0.0166454018345207 2.1468910107154234e-06 0.04512681482901596 1.2628984414275161e-06 0.00018872463753175393 0.0015198070141585064 3.4491501220502764e-05 0.03437859645925046 0.27149190689716574 0.1046522640076422 0.2517581693763578 1.2699077201002103e-06 1.1693500179967389e-06
14 1.1784197966697234e-06 0.005251657356894563 1.189260108829573e-06 1.2553281478736757e-06 1.2501179981889177e-06 2.329400925156512e-06 1.191551306517143e-06 0.006615564264998593 1.2931617524620056e-06 1.2017613949584695e-06 1.2502621271051048e-06 0.0033060035976192853 1.242067785550425e-06 0.09890945919813778 8.277253519488408e-06 0.0010671938241035629 3.2805515387379492e-06 0.0166454018345207 2.1468910107154234e-06 0.04512681482901596 1.2628984414275161e-06 0.00018872463753175393 0.0015198070141585064 3.4491501220502764e-05 0.03437859645925046 0.27149190689716574 0.1046522640076422 0.2517581693763578 1.2699077201002103e-06 1.1693500179967389e-06
15 1.1784197966697234e-06 0.005251657356894563 1.189260108829573e-06 1.2553281478736757e-06 1.2501179981889177e-06 2.329400925156512e-06 1.191551306517143e-06 0.006615564264998593 1.2931617524620056e-06 1.2017613949584695e-06 1.2502621271051048e-06 0.0033060035976192853 1.242067785550425e-06 0.09890945919813778 8.277253519488408e-06 0.0010671938241035629 3.2805515387379492e-06 0.0166454018345207 2.1468910107154234e-06 0.04512681482901596 1.2628984414275161e-06 0.00018872463753175393 0.0015198070141585064 3.4491501220502764e-05 0.03437859645925046 0.27149190689716574 0.1046522640076422 0.2517581693763578 1.2699077201002103e-06 1.1693500179967389e-06
16 1.1784197966697234e-06 0.005251657356894563 1.189260108829573e-06 1.2553281478736757e-06 1.2501179981889177e-06 2.329400925156512e-06 1.191551306517143e-06 0.006615564264998593 1.2931617524620056e-06 1.2017613949584695e-06 1.2502621271051048e-06 0.0033060035976192853 1.242067785550425e-06 0.09890945919813778 8.277253519488408e-06 0.0010671938241035629 3.2805515387379492e-06 0.0166454018345207 2.1468910107154234e-06 0.04512681482901596 1.2628984414275161e-06 0.00018872463753175393 0.0015198070141585064 3.4491501220502764e-05 0.03437859645925046 0.27149190689716574 0.1046522640076422 0.2517581693763578 1.2699077201002103e-06 1.1693500179967389e-06
17 1.1784197966697234e-06 0.005251657356894563 1.189260108829573e-06 1.2553281478736757e-06 1.2501179981889177e-06 2.329400925156512e-06 1.191551306517143e-06 0.006615564264998593 1.2931617524620056e-06 1.2017613949584695e-06 1.2502621271051048e-06 0.0033060035976192853 1.242067785550425e-06 0.09890945919813778 8.277253519488408e-06 0.0010671938241035629 3.2805515387379492e-06 0.0166454018345207 2.1468910107154234e-06 0.04512681482901596 1.2628984414275161e-06 0.00018872463753175393 0.0015198070141585064 3.4491501220502764e-05 0.03437859645925046 0.27149190689716574 0.1046522640076422 0.2517581693763578 1.2699077201002103e-06 1.1693500179967389e-06
18 1.1784197966697234e-06 0.005251657356894563 1.189260108829573e-06 1.2553281478736757e-06 1.2501179981889177e-06 2.329400925156512e-06 1.191551306517143e-06 0.006615564264998593 1.2931617524620056e-06 1.2017613949584695e-06 1.2502621271051048e-06 0.0033060035976192853 1.242067785550425e-06 0.09890945919813778 8.277253519488408e-06 0.0010671938241035629 3.2805515387379492e-06 0.0166454018345207 2.1468910107154234e-06 0.04512681482901596 1.2628984414275161e-06 0.00018872463753175393 0.0015198070141585064 3.4491501220502764e-05 0.03437859645925046 0.27149190689716574 0.1046522640076422 0.2517581693763578 1.2699077201002103e-06 1.1693500179967389e-06
19 1.1784197966697234e-06 0.005251657356894563 1.189260108829573e-06 1.2553281478736757e-06 1.2501179981889177e-06 2.329400925156512e-06 1.191551306517143e-06 0.006615564264998593 1.2931617524620056e-06 1.2017613949584695e-06 1.2502621271051048e-06 0.0033060035976192853 1.242067785550425e-06 0.09890945919813778 8.277253519488408e-06 0.0010671938241035629 3.2805515387379492e-06 0.0166454018345207 2.1468910107154234e-06 0.04512681482901596 1.2628984414275161e-06 0.00018872463753175393 0.0015198070141585064 3.4491501220502764e-05 0.03437859645925046 0.27149190689716574 0.1046522640076422 0.2517581693763578 1.2699077201002103e-06 1.1693500179967389e-06
20 1.1784197966697234e-06 0.005251657356894563 1.189260108829573e-06 1.2553281478736757e-06 1.2501179981889177e-06 2.329400925156512e-06 1.191551306517143e-06 0.006615564264998593 1.2931617524620056e-06 1.2017613949584695e-06 1.2502621271051048e-06 0.0033060035976192853 1.242067785550425e-06 0.09890945919813778 8.277253519488408e-06 0.0010671938241035629 3.2805515387379492e-06 0.0166454018345207 2.1468910107154234e-06 0.04512681482901596 1.2628984414275161e-06 0.00018872463753175393 0.0015198070141585064 3.4491501220502764e-05 0.03437859645925046 0.27149190689716574 0.1046522640076422 0.2517581693763578 1.2699077201002103e-06 1.1693500179967389e-06
21 1.1784197966697234e-06 0.005251657356894563 1.189260108829573e-06 1.2553281478736757e-06 1.2501179981889177e-06 2.329400925156512e-06 1.191551306517143e-06 0.006615564264998593 1.2931617524620056e-06 1.2017613949584695e-06 1.2502621271051048e-06 0.0033060035976192853 1.242067785550425e-06 0.09890945919813778 8.277253519488408e-06 0.0010671938241035629 3.2805515387379492e-06 0.0166454018345207 2.1468910107154234e-06 0.04512681482901596 1.2628984414275161e-06 0.00018872463753175393 0.0015198070141585064 3.4491501220502764e-05 0.03437859645925046 0.27149190689716574 0.1046522640076422 0.2517581693763578 1.2699077201002103e-06 1.1693500179967389e-06
22 3.751853998778047e-07 3.870610959259531e-07 3.917155824075425e-07 4.1988865078027607e-07 4.3536312583445086e-07 8.586533397624154e-07 3.654982352892209e-07 0.001896347231375951 3.146004519538753e-07 3.5339911464480356e-07 4.1601926777960407e-07 0.10573238026894288 3.953528403649769e-07 0.5613911365703479 5.341626657402188e-06 0.13072418882267917 1.0717233739370099e-06 0.01229042627582956 7.674057066514603e-07 0.04876147719023531 4.846052203676977e-07 6.68774511299209e-05 0.0001770093029417803 2.8764704740251976e-05 0.0029713580557438864 0.05049646980885497 0.0052671506119131035 0.012502542339010688 3.957958508697537e-07 4.130844047477897e-07
23 3.751853998778047e-07 3.870610959259531e-07 3.917155824075425e-07 4.1988865078027607e-07 4.3536312583445086e-07 8.586533397624154e-07 3.654982352892209e-07 0.001896347231375951 3.146004519538753e-07 3.5339911464480356e-07 4.1601926777960407e-07 0.10573238026894288 3.953528403649769e-07 0.5613911365703479 5.341626657402188e-06 0.13072418882267917 1.0717233739370099e-06 0.01229042627582956 7.674057066514603e-07 0.04876147719023531 4.846052203676977e-07 6.68774511299209e-05 0.0001770093029417803 2.8764704740251976e-05 0.0029713580557438864 0.05049646980885497 0.0052671506119131035 0.012502542339010688 3.957958508697537e-07 4.130844047477897e-07
24 3.751853998778047e-07 3.870610959259531e-07 3.917155824075425e-07 4.1988865078027607e-07 4.3536312583445086e-07 8.586533397624154e-07 3.654982352892209e-07 0.001896347231375951 3.146004519538753e-07 3.5339911464480356e-07 4.1601926777960407e-07 0.10573238026894288 3.953528403649769e-07 0.5613911365703479 5.341626657402188e-06 0.13072418882267917 1.0717233739370099e-06 0.01229042627582956 7.674057066514603e-07 0.04876147719023531 4.846052203676977e-07 6.68774511299209e-05 0.0001770093029417803 2.8764704740251976e-05 0.0029713580557438864 0.05049646980885497 0.0052671506119131035 0.012502542339010688 3.957958508697537e-07 4.130844047477897e-07
25 3.751853998778047e-07 3.870610959259531e-07 3.917155824075425e-07 4.1988865078027607e-07 4.3536312583445086e-07 8.586533397624154e-07 3.654982352892209e-07 0.001896347231375951 3.146004519538753e-07 3.5339911464480356e-07 4.1601926777960407e-07 0.10573238026894288 3.953528403649769e-07 0.5613911365703479 5.341626657402188e-06 0.13072418882267917 1.0717233739370099e-06 0.01229042627582956 7.674057066514603e-07 0.04876147719023531 4.846052203676977e-07 6.68774511299209e-05 0.0001770093029417803 2.8764704740251976e-05 0.0029713580557438864 0.05049646980885497 0.0052671506119131035 0.012502542339010688 3.957958508697537e-07 4.130844047477897e-07
26 3.751853998778047e-07 3.870610959259531e-07 3.917155824075425e-07 4.1988865078027607e-07 4.3536312583445086e-07 8.586533397624154e-07 3.654982352892209e-07 0.001896347231375951 3.146004519538753e-07 3.5339911464480356e-07 4.1601926777960407e-07 0.10573238026894288 3.953528403649769e-07 0.5613911365703479 5.341626657402188e-06 0.13072418882267917 1.0717233739370099e-06 0.01229042627582956 7.674057066514603e-07 0.04876147719023531 4.846052203676977e-07 6.68774511299209e-05 0.0001770093029417803 2.8764704740251976e-05 0.0029713580557438864 0.05049646980885497 0.0052671506119131035 0.012502542339010688 3.957958508697537e-07 4.130844047477897e-07
27 3.751853998778047e-07 3.870610959259531e-07 3.917155824075425e-07 4.1988865078027607e-07 4.3536312583445086e-07 8.586533397624154e-07 3.654982352892209e-07 0.001896347231375951 3.146004519538753e-07 3.5339911464480356e-07 4.1601926777960407e-07 0.10573238026894288 3.953528403649769e-07 0.5613911365703479 5.341626657402188e-06 0.13072418882267917 1.0717233739370099e-06 0.01229042627582956 7.674057066514603e-07 0.04876147719023531 4.846052203676977e-07 6.68774511299209e-05 0.0001770093029417803 2.8764704740251976e-05 0.0029713580557438864 0.05049646980885497 0.0052671506119131035 0.012502542339010688 3.957958508697537e-07 4.130844047477897e-07
28 3.751853998778047e-07 3.870610959259531e-07 3.917155824075425e-07 4.1988865078027607e-07 4.3536312583445086e-07 8.586533397624154e-07 3.654982352892209e-07 0.001896347231375951 3.146004519538753e-07 3.5339911464480356e-07 4.1601926777960407e-07 0.10573238026894288 3.953528403649769e-07 0.5613911365703479 5.341626657402188e-06 0.13072418882267917 1.0717233739370099e-06 0.01229042627582956 7.674057066514603e-07 0.04876147719023531 4.846052203676977e-07 6.68774511299209e-05 0.0001770093029417803 2.8764704740251976e-05 0.0029713580557438864 0.05049646980885497 0.0052671506119131035 0.012502542339010688 3.957958508697537e-07 4.130844047477897e-07
29 3.751853998778047e-07 3.870610959259531e-07 3.917155824075425e-07 4.1988865078027607e-07 4.3536312583445086e-07 8.586533397624154e-07 3.654982352892209e-07 0.001896347231375951 3.146004519538753e-07 3.5339911464480356e-07 4.1601926777960407e-07 0.10573238026894288 3.953528403649769e-07 0.5613911365703479 5.341626657402188e-06 0.13072418882267917 1.0717233739370099e-06 0.01229042627582956 7.674057066514603e-07 0.04876147719023531 4.846052203676977e-07 6.68774511299209e-05 0.0001770093029417803 2.8764704740251976e-05 0.0029713580557438864 0.05049646980885497 0.0052671506119131035 0.012502542339010688 3.957958508697537e-07 4.130844047477897e-07
30 3.751853998778047e-07 3.870610959259531e-07 3.917155824075425e-07 4.1988865078027607e-07 4.3536312583445086e-07 8.586533397624154e-07 3.654982352892209e-07 0.001896347231375951 3.146004519538753e-07 3.5339911464480356e-07 4.1601926777960407e-07 0.10573238026894288 3.953528403649769e-07 0.5613911365703479 5.341626657402188e-06 0.13072418882267917 1.0717233739370099e-06 0.01229042627582956 7.674057066514603e-07 0.04876147719023531 4.846052203676977e-07 6.68774511299209e-05 0.0001770093029417803 2.8764704740251976e-05 0.0029713580557438864 0.05049646980885497 0.0052671506119131035 0.012502542339010688 3.957958508697537e-07 4.130844047477897e-07
31 3.751853998778047e-07 3.870610959259531e-07 3.917155824075425e-07 4.1988865078027607e-07 4.3536312583445086e-07 8.586533397624154e-07 3.654982352892209e-07 0.001896347231375951 3.146004519538753e-07 3.5339911464480356e-07 4.1601926777960407e-07 0.10573238026894288 3.953528403649769e-07 0.5613911365703479 5.341626657402188e-06 0.13072418882267917 1.0717233739370099e-06 0.01229042627582956 7.674057066514603e-07 0.04876147719023531 4.846052203676977e-07 6.68774511299209e-05 0.0001770093029417803 2.8764704740251976e-05 0.0029713580557438864 0.05049646980885497 0.0052671506119131035 0.012502542339010688 3.957958508697537e-07 4.130844047477897e-07
32 3.5554708423007785e-07 3.4211532986165945e-07 3.2045521637389766e-07 2.7216608328160385e-07 3.4322183826607e-07 7.710949326662368e-06 3.054365309821774e-07 0.343795613615511 3.2673878323025284e-07 1.2967518162016287e-06 3.422475765800777e-07 0.03864229884921499 3.4147848210471753e-07 0.3670811517533024 3.0946433118331895e-05 5.01721071741539e-05 2.0332836815259638e-05 0.016405056907224165 1.7602060407146294e-05 0.008340854156280175 3.3578629407717854e-07 2.3813719839479447e-05 2.222690562151413e-05 2.6011958577094317e-05 0.00023941604466335534 0.006450564625964739 0.005852451173098932 0.009624272696711029 3.5871062744760346e-07 3.444767536758765e-07
33 3.5554708423007785e-07 3.4211532986165945e-07 3.2045521637389766e-07 2.7216608328160385e-07 3.4322183826607e-07 7.710949326662368e-06 3.054365309821774e-07 0.343795613615511 3.2673878323025284e-07 1.2967518162016287e-06 3.422475765800777e-07 0.03864229884921499 3.4147848210471753e-07 0.3670811517533024 3.0946433118331895e-05 5.01721071741539e-05 2.0332836815259638e-05 0.016405056907224165 1.7602060407146294e-05 0.008340854156280175 3.3578629407717854e-07 2.3813719839479447e-05 2.222690562151413e-05 2.6011958577094317e-05 0.00023941604466335534 0.006450564625964739 0.005852451173098932 0.009624272696711029 3.5871062744760346e-07 3.444767536758765e-07
34 3.5554708423007785e-07 3.4211532986165945e-07 3.2045521637389766e-07 2.7216608328160385e-07 3.4322183826607e-07 7.710949326662368e-06 3.054365309821774e-07 0.343795613615511 3.2673878323025284e-07 1.2967518162016287e-06 3.422475765800777e-07 0.03864229884921499 3.4147848210471753e-07 0.3670811517533024 3.0946433118331895e-05 5.01721071741539e-05 2.0332836815259638e-05 0.016405056907224165 1.7602060407146294e-05 0.008340854156280175 3.3578629407717854e-07 2.3813719839479447e-05 2.222690562151413e-05 2.6011958577094317e-05 0.00023941604466335534 0.006450564625964739 0.005852451173098932 0.009624272696711029 3.5871062744760346e-07 3.444767536758765e-07
35 3.5554708423007785e-07 3.4211532986165945e-07 3.2045521637389766e-07 2.7216608328160385e-07 3.4322183826607e-07 7.710949326662368e-06 3.054365309821774e-07 0.343795613615511 3.2673878323025284e-07 1.2967518162016287e-06 3.422475765800777e-07 0.03864229884921499 3.4147848210471753e-07 0.3670811517533024 3.0946433118331895e-05 5.01721071741539e-05 2.0332836815259638e-05 0.016405056907224165 1.7602060407146294e-05 0.008340854156280175 3.3578629407717854e-07 2.3813719839479447e-05 2.222690562151413e-05 2.6011958577094317e-05 0.00023941604466335534 0.006450564625964739 0.005852451173098932 0.009624272696711029 3.5871062744760346e-07 3.444767536758765e-07
36 3.5554708423007785e-07 3.4211532986165945e-07 3.2045521637389766e-07 2.7216608328160385e-07 3.4322183826607e-07 7.710949326662368e-06 3.054365309821774e-07 0.343795613615511 3.2673878323025284e-07 1.2967518162016287e-06 3.422475765800777e-07 0.03864229884921499 3.4147848210471753e-07 0.3670811517533024 3.0946433118331895e-05 5.01721071741539e-05 2.0332836815259638e-05 0.016405056907224165 1.7602060407146294e-05 0.008340854156280175 3.3578629407717854e-07 2.3813719839479447e-05 2.222690562151413e-05 2.6011958577094317e-05 0.00023941604466335534 0.006450564625964739 0.005852451173098932 0.009624272696711029 3.5871062744760346e-07 3.444767536758765e-07
37 3.5554708423007785e-07 3.4211532986165945e-07 3.2045521637389766e-07 2.7216608328160385e-07 3.4322183826607e-07 7.710949326662368e-06 3.054365309821774e-07 0.343795613615511 3.2673878323025284e-07 1.2967518162016287e-06 3.422475765800777e-07 0.03864229884921499 3.4147848210471753e-07 0.3670811517533024 3.0946433118331895e-05 5.01721071741539e-05 2.0332836815259638e-05 0.016405056907224165 1.7602060407146294e-05 0.008340854156280175 3.3578629407717854e-07 2.3813719839479447e-05 2.222690562151413e-05 2.6011958577094317e-05 0.00023941604466335534 0.006450564625964739 0.005852451173098932 0.009624272696711029 3.5871062744760346e-07 3.444767536758765e-07
38 3.5554708423007785e-07 3.4211532986165945e-07 3.2045521637389766e-07 2.7216608328160385e-07 3.4322183826607e-07 7.710949326662368e-06 3.054365309821774e-07 0.343795613615511 3.2673878323025284e-07 1.2967518162016287e-06 3.422475765800777e-07 0.03864229884921499 3.4147848210471753e-07 0.3670811517533024 3.0946433118331895e-05 5.01721071741539e-05 2.0332836815259638e-05 0.016405056907224165 1.7602060407146294e-05 0.008340854156280175 3.3578629407717854e-07 2.3813719839479447e-05 2.222690562151413e-05 2.6011958577094317e-05 0.00023941604466335534 0.006450564625964739 0.005852451173098932 0.009624272696711029 3.5871062744760346e-07 3.444767536758765e-07
39 3.5554708423007785e-07 3.4211532986165945e-07 3.2045521637389766e-07 2.7216608328160385e-07 3.4322183826607e-07 7.710949326662368e-06 3.054365309821774e-07 0.343795613615511 3.2673878323025284e-07 1.2967518162016287e-06 3.422475765800777e-07 0.03864229884921499 3.4147848210471753e-07 0.3670811517533024 3.0946433118331895e-05 5.01721071741539e-05 2.0332836815259638e-05 0.016405056907224165 1.7602060407146294e-05 0.008340854156280175 3.3578629407717854e-07 2.3813719839479447e-05 2.222690562151413e-05 2.6011958577094317e-05 0.00023941604466335534 0.006450564625964739 0.005852451173098932 0.009624272696711029 3.5871062744760346e-07 3.444767536758765e-07
40 3.5554708423007785e-07 3.4211532986165945e-07 3.2045521637389766e-07 2.7216608328160385e-07 3.4322183826607e-07 7.710949326662368e-06 3.054365309821774e-07 0.343795613615511 3.2673878323025284e-07 1.2967518162016287e-06 3.422475765800777e-07 0.03864229884921499 3.4147848210471753e-07 0.3670811517533024 3.0946433118331895e-05 5.01721071741539e-05 2.0332836815259638e-05 0.016405056907224165 1.7602060407146294e-05 0.008340854156280175 3.3578629407717854e-07 2.3813719839479447e-05 2.222690562151413e-05 2.6011958577094317e-05 0.00023941604466335534 0.006450564625964739 0.005852451173098932 0.009624272696711029 3.5871062744760346e-07 3.444767536758765e-07
41 3.5554708423007785e-07 3.4211532986165945e-07 3.2045521637389766e-07 2.7216608328160385e-07 3.4322183826607e-07 7.710949326662368e-06 3.054365309821774e-07 0.343795613615511 3.2673878323025284e-07 1.2967518162016287e-06 3.422475765800777e-07 0.03864229884921499 3.4147848210471753e-07 0.3670811517533024 3.0946433118331895e-05 5.01721071741539e-05 2.0332836815259638e-05 0.016405056907224165 1.7602060407146294e-05 0.008340854156280175 3.3578629407717854e-07 2.3813719839479447e-05 2.222690562151413e-05 2.6011958577094317e-05 0.00023941604466335534 0.006450564625964739 0.005852451173098932 0.009624272696711029 3.5871062744760346e-07 3.444767536758765e-07
42 3.5554708423007785e-07 3.4211532986165945e-07 3.2045521637389766e-07 2.7216608328160385e-07 3.4322183826607e-07 7.710949326662368e-06 3.054365309821774e-07 0.343795613615511 3.2673878323025284e-07 1.2967518162016287e-06 3.422475765800777e-07 0.03864229884921499 3.4147848210471753e-07 0.3670811517533024 3.0946433118331895e-05 5.01721071741539e-05 2.0332836815259638e-05 0.016405056907224165 1.7602060407146294e-05 0.008340854156280175 3.3578629407717854e-07 2.3813719839479447e-05 2.222690562151413e-05 2.6011958577094317e-05 0.00023941604466335534 0.006450564625964739 0.005852451173098932 0.009624272696711029 3.5871062744760346e-07 3.444767536758765e-07
43 3.5554708423007785e-07 3.4211532986165945e-07 3.2045521637389766e-07 2.7216608328160385e-07 3.4322183826607e-07 7.710949326662368e-06 3.054365309821774e-07 0.343795613615511 3.2673878323025284e-07 1.2967518162016287e-06 3.422475765800777e-07 0.03864229884921499 3.4147848210471753e-07 0.3670811517533024 3.0946433118331895e-05 5.01721071741539e-05 2.0332836815259638e-05 0.016405056907224165 1.7602060407146294e-05 0.008340854156280175 3.3578629407717854e-07 2.3813719839479447e-05 2.222690562151413e-05 2.6011958577094317e-05 0.00023941604466335534 0.006450564625964739 0.005852451173098932 0.009624272696711029 3.5871062744760346e-07 3.444767536758765e-07
44 3.5554708423007785e-07 3.4211532986165945e-07 3.2045521637389766e-07 2.7216608328160385e-07 3.4322183826607e-07 7.710949326662368e-06 3.054365309821774e-07 0.343795613615511 3.2673878323025284e-07 1.2967518162016287e-06 3.422475765800777e-07 0.03864229884921499 3.4147848210471753e-07 0.3670811517533024 3.0946433118331895e-05 5.01721071741539e-05 2.0332836815259638e-05 0.016405056907224165 1.7602060407146294e-05 0.008340854156280175 3.3578629407717854e-07 2.3813719839479447e-05 2.222690562151413e-05 2.6011958577094317e-05 0.00023941604466335534 0.006450564625964739 0.005852451173098932 0.009624272696711029 3.5871062744760346e-07 3.444767536758765e-07
45 1.7374107180467145e-06 1.7938557521548136e-06 1.7636630453590088e-06 1.6431050877999596e-06 1.6785585143062017e-06 0.10309437567671553 1.7001130848596983e-06 0.42841911453387566 1.7379869100458163e-06 0.07214142144777685 0.0006466608588233808 0.17705507800279424 1.6063744448179586e-06 0.00019515171475045846 0.00025944259568942707 0.0001953318904742805 5.002661376075705e-05 0.005077175739765711 1.3945174774569928e-05 0.004963425062872969 2.159366041149317e-06 2.1312095611637963e-05 2.9891472782777244e-06 1.6002729671240015e-05 5.13661091250126e-05 0.007066386499429052 0.0011055002267246978 0.0022540247435321684 1.874530344701381e-06 1.613081771498274e-06
46 1.7374107180467145e-06 1.7938557521548136e-06 1.7636630453590088e-06 1.6431050877999596e-06 1.6785585143062017e-06 0.10309437567671553 1.7001130848596983e-06 0.42841911453387566 1.7379869100458163e-06 0.07214142144777685 0.0006466608588233808 0.17705507800279424 1.6063744448179586e-06 0.00019515171475045846 0.00025944259568942707 0.0001953318904742805 5.002661376075705e-05 0.005077175739765711 1.3945174774569928e-05 0.004963425062872969 2.159366041149317e-06 2.1312095611637963e-05 2.9891472782777244e-06 1.6002729671240015e-05 5.13661091250126e-05 0.007066386499429052 0.0011055002267246978 0.0022540247435321684 1.874530344701381e-06 1.613081771498274e-06
47 1.7374107180467145e-06 1.7938557521548136e-06 1.7636630453590088e-06 1.6431050877999596e-06 1.6785585143062017e-06 0.10309437567671553 1.7001130848596983e-06 0.42841911453387566 1.7379869100458163e-06 0.07214142144777685 0.0006466608588233808 0.17705507800279424 1.6063744448179586e-06 0.00019515171475045846 0.00025944259568942707 0.0001953318904742805 5.002661376075705e-05 0.005077175739765711 1.3945174774569928e-05 0.004963425062872969 2.159366041149317e-06 2.1312095611637963e-05 2.9891472782777244e-06 1.6002729671240015e-05 5.13661091250126e-05 0.007066386499429052 0.0011055002267246978 0.0022540247435321684 1.874530344701381e-06 1.613081771498274e-06
48 1.7374107180467145e-06 1.7938557521548136e-06 1.7636630453590088e-06 1.6431050877999596e-06 1.6785585143062017e-06 0.10309437567671553 1.7001130848596983e-06 0.42841911453387566 1.7379869100458163e-06 0.07214142144777685 0.0006466608588233808 0.17705507800279424 1.6063744448179586e-06 0.00019515171475045846 0.00025944259568942707 0.0001953318904742805 5.002661376075705e-05 0.005077175739765711 1.3945174774569928e-05 0.004963425062872969 2.159366041149317e-06 2.1312095611637963e-05 2.9891472782777244e-06 1.6002729671240015e-05 5.13661091250126e-05 0.007066386499429052 0.0011055002267246978 0.0022540247435321684 1.874530344701381e-06 1.613081771498274e-06
49 1.7374107180467145e-06 1.7938557521548136e-06 1.7636630453590088e-06 1.6431050877999596e-06 1.6785585143062017e-06 0.10309437567671553 1.7001130848596983e-06 0.42841911453387566 1.7379869100458163e-06 0.07214142144777685 0.0006466608588233808 0.17705507800279424 1.6063744448179586e-06 0.00019515171475045846 0.00025944259568942707 0.0001953318904742805 5.002661376075705e-05 0.005077175739765711 1.3945174774569928e-05 0.004963425062872969 2.159366041149317e-06 2.1312095611637963e-05 2.9891472782777244e-06 1.6002729671240015e-05 5.13661091250126e-05 0.007066386499429052 0.0011055002267246978 0.0022540247435321684 1.874530344701381e-06 1.613081771498274e-06
50 1.7374107180467145e-06 1.7938557521548136e-06 1.7636630453590088e-06 1.6431050877999596e-06 1.6785585143062017e-06 0.10309437567671553 1.7001130848596983e-06 0.42841911453387566 1.7379869100458163e-06 0.07214142144777685 0.0006466608588233808 0.17705507800279424 1.6063744448179586e-06 0.00019515171475045846 0.00025944259568942707 0.0001953318904742805 5.002661376075705e-05 0.005077175739765711 1.3945174774569928e-05 0.004963425062872969 2.159366041149317e-06 2.1312095611637963e-05 2.9891472782777244e-06 1.6002729671240015e-05 5.13661091250126e-05 0.007066386499429052 0.0011055002267246978 0.0022540247435321684 1.874530344701381e-06 1.613081771498274e-06
51 1.7374107180467145e-06 1.7938557521548136e-06 1.7636630453590088e-06 1.6431050877999596e-06 1.6785585143062017e-06 0.10309437567671553 1.7001130848596983e-06 0.42841911453387566 1.7379869100458163e-06 0.07214142144777685 0.0006466608588233808 0.17705507800279424 1.6063744448179586e-06 0.00019515171475045846 0.00025944259568942707 0.0001953318904742805 5.002661376075705e-05 0.005077175739765711 1.3945174774569928e-05 0.004963425062872969 2.159366041149317e-06 2.1312095611637963e-05 2.9891472782777244e-06 1.6002729671240015e-05 5.13661091250126e-05 0.007066386499429052 0.0011055002267246978 0.0022540247435321684 1.874530344701381e-06 1.613081771498274e-06
52 1.7374107180467145e-06 1.7938557521548136e-06 1.7636630453590088e-06 1.6431050877999596e-06 1.6785585143062017e-06 0.10309437567671553 1.7001130848596983e-06 0.42841911453387566 1.7379869100458163e-06 0.07214142144777685 0.0006466608588233808 0.17705507800279424 1.6063744448179586e-06 0.00019515171475045846 0.00025944259568942707 0.0001953318904742805 5.002661376075705e-05 0.005077175739765711 1.3945174774569928e-05 0.004963425062872969 2.159366041149317e-06 2.1312095611637963e-05 2.9891472782777244e-06 1.6002729671240015e-05 5.13661091250126e-05 0.007066386499429052 0.0011055002267246978 0.0022540247435321684 1.874530344701381e-06 1.613081771498274e-06
53 1.7374107180467145e-06 1.7938557521548136e-06 1.7636630453590088e-06 1.6431050877999596e-06 1.6785585143062017e-06 0.10309437567671553 1.7001130848596983e-06 0.42841911453387566 1.7379869100458163e-06 0.07214142144777685 0.0006466608588233808 0.17705507800279424 1.6063744448179586e-06 0.00019515171475045846 0.00025944259568942707 0.0001953318904742805 5.002661376075705e-05 0.005077175739765711 1.3945174774569928e-05 0.004963425062872969 2.159366041149317e-06 2.1312095611637963e-05 2.9891472782777244e-06 1.6002729671240015e-05 5.13661091250126e-05 0.007066386499429052 0.0011055002267246978 0.0022540247435321684 1.874530344701381e-06 1.613081771498274e-06
54 1.7374107180467145e-06 1.7938557521548136e-06 1.7636630453590088e-06 1.6431050877999596e-06 1.6785585143062017e-06 0.10309437567671553 1.7001130848596983e-06 0.42841911453387566 1.7379869100458163e-06 0.07214142144777685 0.0006466608588233808 0.17705507800279424 1.6063744448179586e-06 0.00019515171475045846 0.00025944259568942707 0.0001953318904742805 5.002661376075705e-05 0.005077175739765711 1.3945174774569928e-05 0.004963425062872969 2.159366041149317e-06 2.1312095611637963e-05 2.9891472782777244e-06 1.6002729671240015e-05 5.13661091250126e-05 0.007066386499429052 0.0011055002267246978 0.0022540247435321684 1.874530344701381e-06 1.613081771498274e-06
55 1.7374107180467145e-06 1.7938557521548136e-06 1.7636630453590088e-06 1.6431050877999596e-06 1.6785585143062017e-06 0.10309437567671553 1.7001130848596983e-06 0.42841911453387566 1.7379869100458163e-06 0.07214142144777685 0.0006466608588233808 0.17705507800279424 1.6063744448179586e-06 0.00019515171475045846 0.00025944259568942707 0.0001953318904742805 5.002661376075705e-05 0.005077175739765711 1.3945174774569928e-05 0.004963425062872969 2.159366041149317e-06 2.1312095611637963e-05 2.9891472782777244e-06 1.6002729671240015e-05 5.13661091250126e-05 0.007066386499429052 0.0011055002267246978 0.0022540247435321684 1.874530344701381e-06 1.613081771498274e-06
56 1.7374107180467145e-06 1.7938557521548136e-06 1.7636630453590088e-06 1.6431050877999596e-06 1.6785585143062017e-06 0.10309437567671553 1.7001130848596983e-06 0.42841911453387566 1.7379869100458163e-06 0.07214142144777685 0.0006466608588233808 0.17705507800279424 1.6063744448179586e-06 0.00019515171475045846 0.00025944259568942707 0.0001953318904742805 5.002661376075705e-05 0.005077175739765711 1.3945174774569928e-05 0.004963425062872969 2.159366041149317e-06 2.1312095611637963e-05 2.9891472782777244e-06 1.6002729671240015e-05 5.13661091250126e-05 0.007066386499429052 0.0011055002267246978 0.0022540247435321684 1.874530344701381e-06 1.613081771498274e-06
57 1.7374107180467145e-06 1.7938557521548136e-06 1.7636630453590088e-06 1.6431050877999596e-06 1.6785585143062017e-06 0.10309437567671553 1.7001130848596983e-06 0.42841911453387566 1.7379869100458163e-06 0.07214142144777685 0.0006466608588233808 0.17705507800279424 1.6063744448179586e-06 0.00019515171475045846 0.00025944259568942707 0.0001953318904742805 5.002661376075705e-05 0.005077175739765711 1.3945174774569928e-05 0.004963425062872969 2.159366041149317e-06 2.1312095611637963e-05 2.9891472782777244e-06 1.6002729671240015e-05 5.13661091250126e-05 0.007066386499429052 0.0011055002267246978 0.0022540247435321684 1.874530344701381e-06 1.613081771498274e-06
58 1.7374107180467145e-06 1.7938557521548136e-06 1.7636630453590088e-06 1.6431050877999596e-06 1.6785585143062017e-06 0.10309437567671553 1.7001130848596983e-06 0.42841911453387566 1.7379869100458163e-06 0.07214142144777685 0.0006466608588233808 0.17705507800279424 1.6063744448179586e-06 0.00019515171475045846 0.00025944259568942707 0.0001953318904742805 5.002661376075705e-05 0.005077175739765711 1.3945174774569928e-05 0.004963425062872969 2.159366041149317e-06 2.1312095611637963e-05 2.9891472782777244e-06 1.6002729671240015e-05 5.13661091250126e-05 0.007066386499429052 0.0011055002267246978 0.0022540247435321684 1.874530344701381e-06 1.613081771498274e-06
59 1.7374107180467145e-06 1.7938557521548136e-06 1.7636630453590088e-06 1.6431050877999596e-06 1.6785585143062017e-06 0.10309437567671553 1.7001130848596983e-06 0.42841911453387566 1.7379869100458163e-06 0.07214142144777685 0.0006466608588233808 0.17705507800279424 1.6063744448179586e-06 0.00019515171475045846 0.00025944259568942707 0.0001953318904742805 5.002661376075705e-05 0.005077175739765711 1.3945174774569928e-05 0.004963425062872969 2.159366041149317e-06 2.1312095611637963e-05 2.9891472782777244e-06 1.6002729671240015e-05 5.13661091250126e-05 0.007066386499429052 0.0011055002267246978 0.0022540247435321684 1.874530344701381e-06 1.613081771498274e-06
60 1.7374107180467145e-06 1.7938557521548136e-06 1.7636630453590088e-06 1.6431050877999596e-06 1.6785585143062017e-06 0.10309437567671553 1.7001130848596983e-06 0.42841911453387566 1.7379869100458163e-06 0.07214142144777685 0.0006466608588233808 0.17705507800279424 1.6063744448179586e-06 0.00019515171475045846 0.00025944259568942707 0.0001953318904742805 5.002661376075705e-05 0.005077175739765711 1.3945174774569928e-05 0.004963425062872969 2.159366041149317e-06 2.1312095611637963e-05 2.9891472782777244e-06 1.6002729671240015e-05 5.13661091250126e-05 0.007066386499429052 0.0011055002267246978 0.0022540247435321684 1.874530344701381e-06 1.613081771498274e-06
61 1.7374107180467145e-06 1.7938557521548136e-06 1.7636630453590088e-06 1.6431050877999596e-06 1.6785585143062017e-06 0.10309437567671553 1.7001130848596983e-06 0.42841911453387566 1.7379869100458163e-06 0.07214142144777685 0.0006466608588233808 0.17705507800279424 1.6063744448179586e-06 0.00019515171475045846 0.00025944259568942707 0.0001953318904742805 5.002661376075705e-05 0.005077175739765711 1.3945174774569928e-05 0.004963425062872969 2.159366041149317e-06 2.1312095611637963e-05 2.9891472782777244e-06 1.6002729671240015e-05 5.13661091250126e-05 0.007066386499429052 0.0011055002267246978 0.0022540247435321684 1.874530344701381e-06 1.613081771498274e-06
62 1.7374107180467145e-06 1.7938557521548136e-06 1.7636630453590088e-06 1.6431050877999596e-06 1.6785585143062017e-06 0.10309437567671553 1.7001130848596983e-06 0.42841911453387566 1.7379869100458163e-06 0.07214142144777685 0.0006466608588233808 0.17705507800279424 1.6063744448179586e-06 0.00019515171475045846 0.00025944259568942707 0.0001953318904742805 5.002661376075705e-05 0.005077175739765711 1.3945174774569928e-05 0.004963425062872969 2.159366041149317e-06 2.1312095611637963e-05 2.9891472782777244e-06 1.6002729671240015e-05 5.13661091250126e-05 0.007066386499429052 0.0011055002267246978 0.0022540247435321684 1.874530344701381e-06 1.613081771498274e-06
63 1.7374107180467145e-06 1.7938557521548136e-06 1.7636630453590088e-06 1.6431050877999596e-06 1.6785585143062017e-06 0.10309437567671553 1.7001130848596983e-06 0.42841911453387566 1.7379869100458163e-06 0.07214142144777685 0.0006466608588233808 0.17705507800279424 1.6063744448179586e-06 0.00019515171475045846 0.00025944259568942707 0.0001953318904742805 5.002661376075705e-05 0.005077175739765711 1.3945174774569928e-05 0.004963425062872969 2.159366041149317e-06 2.1312095611637963e-05 2.9891472782777244e-06 1.6002729671240015e-05 5.13661091250126e-05 0.007066386499429052 0.0011055002267246978 0.0022540247435321684 1.874530344701381e-06 1.613081771498274e-06
64 1.7374107180467145e-06 1.7938557521548136e-06 1.7636630453590088e-06 1.6431050877999596e-06 1.6785585143062017e-06 0.10309437567671553 1.7001130848596983e-06 0.42841911453387566 1.7379869100458163e-06 0.07214142144777685 0.0006466608588233808 0.17705507800279424 1.6063744448179586e-06 0.00019515171475045846 0.00025944259568942707 0.0001953318904742805 5.002661376075705e-05 0.005077175739765711 1.3945174774569928e-05 0.004963425062872969 2.159366041149317e-06 2.1312095611637963e-05 2.9891472782777244e-06 1.6002729671240015e-05 5.13661091250126e-05 0.007066386499429052 0.0011055002267246978 0.0022540247435321684 1.874530344701381e-06 1.613081771498274e-06
65 1.7374107180467145e-06 1.7938557521548136e-06 1.7636630453590088e-06 1.6431050877999596e-06 1.6785585143062017e-06 0.10309437567671553 1.7001130848596983e-06 0.42841911453387566 1.7379869100458163e-06 0.07214142144777685 0.0006466608588233808 0.17705507800279424 1.6063744448179586e-06 0.00019515171475045846 0.00025944259568942707 0.0001953318904742805 5.002661376075705e-05 0.005077175739765711 1.3945174774569928e-05 0.004963425062872969 2.159366041149317e-06 2.1312095611637963e-05 2.9891472782777244e-06 1.6002729671240015e-05 5.13661091250126e-05 0.007066386499429052 0.0011055002267246978 0.0022540247435321684 1.874530344701381e-06 1.613081771498274e-06
66 1.7374107180467145e-06 1.7938557521548136e-06 1.7636630453590088e-06 1.6431050877999596e-06 1.6785585143062017e-06 0.10309437567671553 1.7001130848596983e-06 0.42841911453387566 1.7379869100458163e-06 0.07214142144777685 0.0006466608588233808 0.17705507800279424 1.6063744448179586e-06 0.00019515171475045846 0.00025944259568942707 0.0001953318904742805 5.002661376075705e-05 0.005077175739765711 1.3945174774569928e-05 0.004963425062872969 2.159366041149317e-06 2.1312095611637963e-05 2.9891472782777244e-06 1.6002729671240015e-05 5.13661091250126e-05 0.007066386499429052 0.0011055002267246978 0.0022540247435321684 1.874530344701381e-06 1.613081771498274e-06
67 1.7374107180467145e-06 1.7938557521548136e-06 1.7636630453590088e-06 1.6431050877999596e-06 1.6785585143062017e-06 0.10309437567671553 1.7001130848596983e-06 0.42841911453387566 1.7379869100458163e-06 0.07214142144777685 0.0006466608588233808 0.17705507800279424 1.6063744448179586e-06 0.00019515171475045846 0.00025944259568942707 0.0001953318904742805 5.002661376075705e-05 0.005077175739765711 1.3945174774569928e-05 0.004963425062872969 2.159366041149317e-06 2.1312095611637963e-05 2.9891472782777244e-06 1.6002729671240015e-05 5.13661091250126e-05 0.007066386499429052 0.0011055002267246978 0.0022540247435321684 1.874530344701381e-06 1.613081771498274e-06
68 8.801403764890639e-07 8.769022863029109e-07 8.779639362450769e-07 9.080143029002068e-07 8.634967358876791e-07 0.06458368891125432 9.099424772333894e-07 0.4798407749951468 8.824200615112068e-07 0.04668428774900479 0.00037370391447129385 0.17417078945115996 8.632929220432547e-07 0.00010964624494123048 0.00013116000599298563 0.00010963312354490639 3.0007089466783177e-05 0.0027595458970321217 7.1968025461192165e-06 0.0006572829417108787 1.0325344997918671e-06 1.2500397637353638e-05 1.5662236684639653e-06 9.261716730900654e-06 2.5935074553480294e-05 0.003466212960332699 0.0005460338569528716 0.0014241739005480883 8.842249538375004e-07 9.134800803474517e-07
69 8.801403764890639e-07 8.769022863029109e-07 8.779639362450769e-07 9.080143029002068e-07 8.634967358876791e-07 0.06458368891125432 9.099424772333894e-07 0.4798407749951468 8.824200615112068e-07 0.04668428774900479 0.00037370391447129385 0.17417078945115996 8.632929220432547e-07 0.00010964624494123048 0.00013116000599298563 0.00010963312354490639 3.0007089466783177e-05 0.0027595458970321217 7.1968025461192165e-06 0.0006572829417108787 1.0325344997918671e-06 1.2500397637353638e-05 1.5662236684639653e-06 9.261716730900654e-06 2.5935074553480294e-05 0.003466212960332699 0.0005460338569528716 0.0014241739005480883 8.842249538375004e-07 9.134800803474517e-07
70 8.801403764890639e-07 8.769022863029109e-07 8.779639362450769e-07 9.080143029002068e-07 8.634967358876791e-07 0.06458368891125432 9.099424772333894e-07 0.4798407749951468 8.824200615112068e-07 0.04668428774900479 0.00037370391447129385 0.17417078945115996 8.632929220432547e-07 0.00010964624494123048 0.00013116000599298563 0.00010963312354490639 3.0007089466783177e-05 0.0027595458970321217 7.1968025461192165e-06 0.0006572829417108787 1.0325344997918671e-06 1.2500397637353638e-05 1.5662236684639653e-06 9.261716730900654e-06 2.5935074553480294e-05 0.003466212960332699 0.0005460338569528716 0.0014241739005480883 8.842249538375004e-07 9.134800803474517e-07
71 8.801403764890639e-07 8.769022863029109e-07 8.779639362450769e-07 9.080143029002068e-07 8.634967358876791e-07 0.06458368891125432 9.099424772333894e-07 0.4798407749951468 8.824200615112068e-07 0.04668428774900479 0.00037370391447129385 0.17417078945115996 8.632929220432547e-07 0.00010964624494123048 0.00013116000599298563 0.00010963312354490639 3.0007089466783177e-05 0.0027595458970321217 7.1968025461192165e-06 0.0006572829417108787 1.0325344997918671e-06 1.2500397637353638e-05 1.5662236684639653e-06 9.261716730900654e-06 2.5935074553480294e-05 0.003466212960332699 0.0005460338569528716 0.0014241739005480883 8.842249538375004e-07 9.134800803474517e-07
72 8.801403764890639e-07 8.769022863029109e-07 8.779639362450769e-07 9.080143029002068e-07 8.634967358876791e-07 0.06458368891125432 9.099424772333894e-07 0.4798407749951468 8.824200615112068e-07 0.04668428774900479 0.00037370391447129385 0.17417078945115996 8.632929220432547e-07 0.00010964624494123048 0.00013116000599298563 0.00010963312354490639 3.0007089466783177e-05 0.0027595458970321217 7.1968025461192165e-06 0.0006572829417108787 1.0325344997918671e-06 1.2500397637353638e-05 1.5662236684639653e-06 9.261716730900654e-06 2.5935074553480294e-05 0.003466212960332699 0.0005460338569528716 0.0014241739005480883 8.842249538375004e-07 9.134800803474517e-07
73 8.801403764890639e-07 8.769022863029109e-07 8.779639362450769e-07 9.080143029002068e-07 8.634967358876791e-07 0.06458368891125432 9.099424772333894e-07 0.4798407749951468 8.824200615112068e-07 0.04668428774900479 0.00037370391447129385 0.17417078945115996 8.632929220432547e-07 0.00010964624494123048 0.00013116000599298563 0.00010963312354490639 3.0007089466783177e-05 0.0027595458970321217 7.1968025461192165e-06 0.0006572829417108787 1.0325344997918671e-06 1.2500397637353638e-05 1.5662236684639653e-06 9.261716730900654e-06 2.5935074553480294e-05 0.003466212960332699 0.0005460338569528716 0.0014241739005480883 8.842249538375004e-07 9.134800803474517e-07
74 8.801403764890639e-07 8.769022863029109e-07 8.779639362450769e-07 9.080143029002068e-07 8.634967358876791e-07 0.06458368891125432 9.099424772333894e-07 0.4798407749951468 8.824200615112068e-07 0.04668428774900479 0.00037370391447129385 0.17417078945115996 8.632929220432547e-07 0.00010964624494123048 0.00013116000599298563 0.00010963312354490639 3.0007089466783177e-05 0.0027595458970321217 7.1968025461192165e-06 0.0006572829417108787 1.0325344997918671e-06 1.2500397637353638e-05 1.5662236684639653e-06 9.261716730900654e-06 2.5935074553480294e-05 0.003466212960332699 0.0005460338569528716 0.0014241739005480883 8.842249538375004e-07 9.134800803474517e-07
75 8.801403764890639e-07 8.769022863029109e-07 8.779639362450769e-07 9.080143029002068e-07 8.634967358876791e-07 0.06458368891125432 9.099424772333894e-07 0.4798407749951468 8.824200615112068e-07 0.04668428774900479 0.00037370391447129385 0.17417078945115996 8.632929220432547e-07 0.00010964624494123048 0.00013116000599298563 0.00010963312354490639 3.0007089466783177e-05 0.0027595458970321217 7.1968025461192165e-06 0.0006572829417108787 1.0325344997918671e-06 1.2500397637353638e-05 1.5662236684639653e-06 9.261716730900654e-06 2.5935074553480294e-05 0.003466212960332699 0.0005460338569528716 0.0014241739005480883 8.842249538375004e-07 9.134800803474517e-07
76 8.801403764890639e-07 8.769022863029109e-07 8.779639362450769e-07 9.080143029002068e-07 8.634967358876791e-07 0.06458368891125432 9.099424772333894e-07 0.4798407749951468 8.824200615112068e-07 0.04668428774900479 0.00037370391447129385 0.17417078945115996 8.632929220432547e-07 0.00010964624494123048 0.00013116000599298563 0.00010963312354490639 3.0007089466783177e-05 0.0027595458970321217 7.1968025461192165e-06 0.0006572829417108787 1.0325344997918671e-06 1.2500397637353638e-05 1.5662236684639653e-06 9.261716730900654e-06 2.5935074553480294e-05 0.003466212960332699 0.0005460338569528716 0.0014241739005480883 8.842249538375004e-07 9.134800803474517e-07
77 8.801403764890639e-07 8.769022863029109e-07 8.779639362450769e-07 9.080143029002068e-07 8.634967358876791e-07 0.06458368891125432 9.099424772333894e-07 0.4798407749951468 8.824200615112068e-07 0.04668428774900479 0.00037370391447129385 0.17417078945115996 8.632929220432547e-07 0.00010964624494123048 0.00013116000599298563 0.00010963312354490639 3.0007089466783177e-05 0.0027595458970321217 7.1968025461192165e-06 0.0006572829417108787 1.0325344997918671e-06 1.2500397637353638e-05 1.5662236684639653e-06 9.261716730900654e-06 2.5935074553480294e-05 0.003466212960332699 0.0005460338569528716 0.0014241739005480883 8.842249538375004e-07 9.134800803474517e-07
78 8.801403764890639e-07 8.769022863029109e-07 8.779639362450769e-07 9.080143029002068e-07 8.634967358876791e-07 0.06458368891125432 9.099424772333894e-07 0.4798407749951468 8.824200615112068e-07 0.04668428774900479 0.00037370391447129385 0.17417078945115996 8.632929220432547e-07 0.00010964624494123048 0.00013116000599298563 0.00010963312354490639 3.0007089466783177e-05 0.0027595458970321217 7.1968025461192165e-06 0.0006572829417108787 1.0325344997918671e-06 1.2500397637353638e-05 1.5662236684639653e-06 9.261716730900654e-06 2.5935074553480294e-05 0.003466212960332699 0.0005460338569528716 0.0014241739005480883 8.842249538375004e-07 9.134800803474517e-07
79 8.801403764890639e-07 8.769022863029109e-07 8.779639362450769e-07 9.080143029002068e-07 8.634967358876791e-07 0.06458368891125432 9.099424772333894e-07 0.4798407749951468 8.824200615112068e-07 0.04668428774900479 0.00037370391447129385 0.17417078945115996 8.632929220432547e-07 0.00010964624494123048 0.00013116000599298563 0.00010963312354490639 3.0007089466783177e-05 0.0027595458970321217 7.1968025461192165e-06 0.0006572829417108787 1.0325344997918671e-06 1.2500397637353638e-05 1.5662236684639653e-06 9.261716730900654e-06 2.5935074553480294e-05 0.003466212960332699 0.0005460338569528716 0.0014241739005480883 8.842249538375004e-07 9.134800803474517e-07
80 8.801403764890639e-07 8.769022863029109e-07 8.779639362450769e-07 9.080143029002068e-07 8.634967358876791e-07 0.06458368891125432 9.099424772333894e-07 0.4798407749951468 8.824200615112068e-07 0.04668428774900479 0.00037370391447129385 0.17417078945115996 8.632929220432547e-07 0.00010964624494123048 0.00013116000599298563 0.00010963312354490639 3.0007089466783177e-05 0.0027595458970321217 7.1968025461192165e-06 0.0006572829417108787 1.0325344997918671e-06 1.2500397637353638e-05 1.5662236684639653e-06 9.261716730900654e-06 2.5935074553480294e-05 0.003466212960332699 0.0005460338569528716 0.0014241739005480883 8.842249538375004e-07 9.134800803474517e-07
81 8.801403764890639e-07 8.769022863029109e-07 8.779639362450769e-07 9.080143029002068e-07 8.634967358876791e-07 0.06458368891125432 9.099424772333894e-07 0.4798407749951468 8.824200615112068e-07 0.04668428774900479 0.00037370391447129385 0.17417078945115996 8.632929220432547e-07 0.00010964624494123048 0.00013116000599298563 0.00010963312354490639 3.0007089466783177e-05 0.0027595458970321217 7.1968025461192165e-06 0.0006572829417108787 1.0325344997918671e-06 1.2500397637353638e-05 1.5662236684639653e-06 9.261716730900654e-06 2.5935074553480294e-05 0.003466212960332699 0.0005460338569528716 0.0014241739005480883 8.842249538375004e-07 9.134800803474517e-07
82 8.801403764890639e-07 8.769022863029109e-07 8.779639362450769e-07 9.080143029002068e-07 8.634967358876791e-07 0.06458368891125432 9.099424772333894e-07 0.4798407749951468 8.824200615112068e-07 0.04668428774900479 0.00037370391447129385 0.17417078945115996 8.632929220432547e-07 0.00010964624494123048 0.00013116000599298563 0.00010963312354490639 3.0007089466783177e-05 0.0027595458970321217 7.1968025461192165e-06 0.0006572829417108787 1.0325344997918671e-06 1.2500397637353638e-05 1.5662236684639653e-06 9.261716730900654e-06 2.5935074553480294e-05 0.003466212960332699 0.0005460338569528716 0.0014241739005480883 8.842249538375004e-07 9.134800803474517e-07
83 8.801403764890639e-07 8.769022863029109e-07 8.779639362450769e-07 9.080143029002068e-07 8.634967358876791e-07 0.06458368891125432 9.099424772333894e-07 0.4798407749951468 8.824200615112068e-07 0.04668428774900479 0.00037370391447129385 0.17417078945115996 8.632929220432547e-07 0.00010964624494123048 0.00013116000599298563 0.00010963312354490639 3.0007089466783177e-05 0.0027595458970321217 7.1968025461192165e-06 0.0006572829417108787 1.0325344997918671e-06 1.2500397637353638e-05 1.5662236684639653e-06 9.261716730900654e-06 2.5935074553480294e-05 0.003466212960332699 0.0005460338569528716 0.0014241739005480883 8.842249538375004e-07 9.134800803474517e-07
84 8.801403764890639e-07 8.769022863029109e-07 8.779639362450769e-07 9.080143029002068e-07 8.634967358876791e-07 0.06458368891125432 9.099424772333894e-07 0.4798407749951468 8.824200615112068e-07 0.04668428774900479 0.00037370391447129385 0.17417078945115996 8.632929220432547e-07 0.00010964624494123048 0.00013116000599298563 0.00010963312354490639 3.0007089466783177e-05 0.0027595458970321217 7.1968025461192165e-06 0.0006572829417108787 1.0325344997918671e-06 1.2500397637353638e-05 1.5662236684639653e-06 9.261716730900654e-06 2.5935074553480294e-05 0.003466212960332699 0.0005460338569528716 0.0014241739005480883 8.842249538375004e-07 9.134800803474517e-07
85 8.801403764890639e-07 8.769022863029109e-07 8.779639362450769e-07 9.080143029002068e-07 8.634967358876791e-07 0.06458368891125432 9.099424772333894e-07 0.4798407749951468 8.824200615112068e-07 0.04668428774900479 0.00037370391447129385 0.17417078945115996 8.632929220432547e-07 0.00010964624494123048 0.00013116000599298563 0.00010963312354490639 3.0007089466783177e-05 0.0027595458970321217 7.1968025461192165e-06 0.0006572829417108787 1.0325344997918671e-06 1.2500397637353638e-05 1.5662236684639653e-06 9.261716730900654e-06 2.5935074553480294e-05 0.003466212960332699 0.0005460338569528716 0.0014241739005480883 8.842249538375004e-07 9.134800803474517e-07
86 8.801403764890639e-07 8.769022863029109e-07 8.779639362450769e-07 9.080143029002068e-07 8.634967358876791e-07 0.06458368891125432 9.099424772333894e-07 0.4798407749951468 8.824200615112068e-07 0.04668428774900479 0.00037370391447129385 0.17417078945115996 8.632929220432547e-07 0.00010964624494123048 0.00013116000599298563 0.00010963312354490639 3.0007089466783177e-05 0.0027595458970321217 7.1968025461192165e-06 0.0006572829417108787 1.0325344997918671e-06 1.2500397637353638e-05 1.5662236684639653e-06 9.261716730900654e-06 2.5935074553480294e-05 0.003466212960332699 0.0005460338569528716 0.0014241739005480883 8.842249538375004e-07 9.134800803474517e-07
87 8.801403764890639e-07 8.769022863029109e-07 8.779639362450769e-07 9.080143029002068e-07 8.634967358876791e-07 0.06458368891125432 9.099424772333894e-07 0.4798407749951468 8.824200615112068e-07 0.04668428774900479 0.00037370391447129385 0.17417078945115996 8.632929220432547e-07 0.00010964624494123048 0.00013116000599298563 0.00010963312354490639 3.0007089466783177e-05 0.0027595458970321217 7.1968025461192165e-06 0.0006572829417108787 1.0325344997918671e-06 1.2500397637353638e-05 1.5662236684639653e-06 9.261716730900654e-06 2.5935074553480294e-05 0.003466212960332699 0.0005460338569528716 0.0014241739005480883 8.842249538375004e-07 9.134800803474517e-07
88 8.801403764890639e-07 8.769022863029109e-07 8.779639362450769e-07 9.080143029002068e-07 8.634967358876791e-07 0.06458368891125432 9.099424772333894e-07 0.4798407749951468 8.824200615112068e-07 0.04668428774900479 0.00037370391447129385 0.17417078945115996 8.632929220432547e-07 0.00010964624494123048 0.00013116000599298563 0.00010963312354490639 3.0007089466783177e-05 0.0027595458970321217 7.1968025461192165e-06 0.0006572829417108787 1.0325344997918671e-06 1.2500397637353638e-05 1.5662236684639653e-06 9.261716730900654e-06 2.5935074553480294e-05 0.003466212960332699 0.0005460338569528716 0.0014241739005480883 8.842249538375004e-07 9.134800803474517e-07
89 8.801403764890639e-07 8.769022863029109e-07 8.779639362450769e-07 9.080143029002068e-07 8.634967358876791e-07 0.06458368891125432 9.099424772333894e-07 0.4798407749951468 8.824200615112068e-07 0.04668428774900479 0.00037370391447129385 0.17417078945115996 8.632929220432547e-07 0.00010964624494123048 0.00013116000599298563 0.00010963312354490639 3.0007089466783177e-05 0.0027595458970321217 7.1968025461192165e-06 0.0006572829417108787 1.0325344997918671e-06 1.2500397637353638e-05 1.5662236684639653e-06 9.261716730900654e-06 2.5935074553480294e-05 0.003466212960332699 0.0005460338569528716 0.0014241739005480883 8.842249538375004e-07 9.134800803474517e-07
90 8.801403764890639e-07 8.769022863029109e-07 8.779639362450769e-07 9.080143029002068e-07 8.634967358876791e-07 0.06458368891125432 9.099424772333894e-07 0.4798407749951468 8.824200615112068e-07 0.04668428774900479 0.00037370391447129385 0.17417078945115996 8.632929220432547e-07 0.00010964624494123048 0.00013116000599298563 0.00010963312354490639 3.0007089466783177e-05 0.0027595458970321217 7.1968025461192165e-06 0.0006572829417108787 1.0325344997918671e-06 1.2500397637353638e-05 1.5662236684639653e-06 9.261716730900654e-06 2.5935074553480294e-05 0.003466212960332699 0.0005460338569528716 0.0014241739005480883 8.842249538375004e-07 9.134800803474517e-07
91 8.801403764890639e-07 8.769022863029109e-07 8.779639362450769e-07 9.080143029002068e-07 8.634967358876791e-07 0.06458368891125432 9.099424772333894e-07 0.4798407749951468 8.824200615112068e-07 0.04668428774900479 0.00037370391447129385 0.17417078945115996 8.632929220432547e-07 0.00010964624494123048 0.00013116000599298563 0.00010963312354490639 3.0007089466783177e-05 0.0027595458970321217 7.1968025461192165e-06 0.0006572829417108787 1.0325344997918671e-06 1.2500397637353638e-05 1.5662236684639653e-06 9.261716730900654e-06 2.5935074553480294e-05 0.003466212960332699 0.0005460338569528716 0.0014241739005480883 8.842249538375004e-07 9.134800803474517e-07
92 8.801403764890639e-07 8.769022863029109e-07 8.779639362450769e-07 9.080143029002068e-07 8.634967358876791e-07 0.06458368891125432 9.099424772333894e-07 0.4798407749951468 8.824200615112068e-07 0.04668428774900479 0.00037370391447129385 0.17417078945115996 8.632929220432547e-07 0.00010964624494123048 0.00013116000599298563 0.00010963312354490639 3.0007089466783177e-05 0.0027595458970321217 7.1968025461192165e-06 0.0006572829417108787 1.0325344997918671e-06 1.2500397637353638e-05 1.5662236684639653e-06 9.261716730900654e-06 2.5935074553480294e-05 0.003466212960332699 0.0005460338569528716 0.0014241739005480883 8.842249538375004e-07 9.134800803474517e-07
93 8.801403764890639e-07 8.769022863029109e-07 8.779639362450769e-07 9.080143029002068e-07 8.634967358876791e-07 0.06458368891125432 9.099424772333894e-07 0.4798407749951468 8.824200615112068e-07 0.04668428774900479 0.00037370391447129385 0.17417078945115996 8.632929220432547e-07 0.00010964624494123048 0.00013116000599298563 0.00010963312354490639 3.0007089466783177e-05 0.0027595458970321217 7.1968025461192165e-06 0.0006572829417108787 1.0325344997918671e-06 1.2500397637353638e-05 1.5662236684639653e-06 9.261716730900654e-06 2.5935074553480294e-05 0.003466212960332699 0.0005460338569528716 0.0014241739005480883 8.842249538375004e-07 9.134800803474517e-07
94 8.801403764890639e-07 8.769022863029109e-07 8.779639362450769e-07 9.080143029002068e-07 8.634967358876791e-07 0.06458368891125432 9.099424772333894e-07 0.4798407749951468 8.824200615112068e-07 0.04668428774900479 0.00037370391447129385 0.17417078945115996 8.632929220432547e-07 0.00010964624494123048 0.00013116000599298563 0.00010963312354490639 3.0007089466783177e-05 0.0027595458970321217 7.1968025461192165e-06 0.0006572829417108787 1.0325344997918671e-06 1.2500397637353638e-05 1.5662236684639653e-06 9.261716730900654e-06 2.5935074553480294e-05 0.003466212960332699 0.0005460338569528716 0.0014241739005480883 8.842249538375004e-07 9.134800803474517e-07
95 8.801403764890639e-07 8.769022863029109e-07 8.779639362450769e-07 9.080143029002068e-07 8.634967358876791e-07 0.06458368891125432 9.099424772333894e-07 0.4798407749951468 8.824200615112068e-07 0.04668428774900479 0.00037370391447129385 0.17417078945115996 8.632929220432547e-07 0.00010964624494123048 0.00013116000599298563 0.00010963312354490639 3.0007089466783177e-05 0.0027595458970321217 7.1968025461192165e-06 0.0006572829417108787 1.0325344997918671e-06 1.2500397637353638e-05 1.5662236684639653e-06 9.261716730900654e-06 2.5935074553480294e-05 0.003466212960332699 0.0005460338569528716 0.0014241739005480883 8.842249538375004e-07 9.134800803474517e-07
96 8.801403764890639e-07 8.769022863029109e-07 8.779639362450769e-07 9.080143029002068e-07 8.634967358876791e-07 0.06458368891125432 9.099424772333894e-07 0.4798407749951468 8.824200615112068e-07 0.04668428774900479 0.00037370391447129385 0.17417078945115996 8.632929220432547e-07 0.00010964624494123048 0.00013116000599298563 0.00010963312354490639 3.0007089466783177e-05 0.0027595458970321217 7.1968025461192165e-06 0.0006572829417108787 1.0325344997918671e-06 1.2500397637353638e-05 1.5662236684639653e-06 9.261716730900654e-06 2.5935074553480294e-05 0.003466212960332699 0.0005460338569528716 0.0014241739005480883 8.842249538375004e-07 9.134800803474517e-07
97 8.801403764890639e-07 8.769022863029109e-07 8.779639362450769e-07 9.080143029002068e-07 8.634967358876791e-07 0.06458368891125432 9.099424772333894e-07 0.4798407749951468 8.824200615112068e-07 0.04668428774900479 0.00037370391447129385 0.17417078945115996 8.632929220432547e-07 0.00010964624494123048 0.00013116000599298563 0.00010963312354490639 3.0007089466783177e-05 0.0027595458970321217 7.1968025461192165e-06 0.0006572829417108787 1.0325344997918671e-06 1.2500397637353638e-05 1.5662236684639653e-06 9.261716730900654e-06 2.5935074553480294e-05 0.003466212960332699 0.0005460338569528716 0.0014241739005480883 8.842249538375004e-07 9.134800803474517e-07
98 8.801403764890639e-07 8.769022863029109e-07 8.779639362450769e-07 9.080143029002068e-07 8.634967358876791e-07 0.06458368891125432 9.099424772333894e-07 0.4798407749951468 8.824200615112068e-07 0.04668428774900479 0.00037370391447129385 0.17417078945115996 8.632929220432547e-07 0.00010964624494123048 0.00013116000599298563 0.00010963312354490639 3.0007089466783177e-05 0.0027595458970321217 7.1968025461192165e-06 0.0006572829417108787 1.0325344997918671e-06 1.2500397637353638e-05 1.5662236684639653e-06 9.261716730900654e-06 2.5935074553480294e-05 0.003466212960332699 0.0005460338569528716 0.0014241739005480883 8.842249538375004e-07 9.134800803474517e-07
99 8.801403764890639e-07 8.769022863029109e-07 8.779639362450769e-07 9.080143029002068e-07 8.634967358876791e-07 0.06458368891125432 9.099424772333894e-07 0.4798407749951468 8.824200615112068e-07 0.04668428774900479 0.00037370391447129385 0.17417078945115996 8.632929220432547e-07 0.00010964624494123048 0.00013116000599298563 0.00010963312354490639 3.0007089466783177e-05 0.0027595458970321217 7.1968025461192165e-06 0.0006572829417108787 1.0325344997918671e-06 1.2500397637353638e-05 1.5662236684639653e-06 9.261716730900654e-06 2.5935074553480294e-05 0.003466212960332699 0.0005460338569528716 0.0014241739005480883 8.842249538375004e-07 9.134800803474517e-07
100 8.801403764890639e-07 8.769022863029109e-07 8.779639362450769e-07 9.080143029002068e-07 8.634967358876791e-07 0.06458368891125432 9.099424772333894e-07 0.4798407749951468 8.824200615112068e-07 0.04668428774900479 0.00037370391447129385 0.17417078945115996 8.632929220432547e-07 0.00010964624494123048 0.00013116000599298563 0.00010963312354490639 3.0007089466783177e-05 0.0027595458970321217 7.1968025461192165e-06 0.0006572829417108787 1.0325344997918671e-06 1.2500397637353638e-05 1.5662236684639653e-06 9.261716730900654e-06 2.5935074553480294e-05 0.003466212960332699 0.0005460338569528716 0.0014241739005480883 8.842249538375004e-07 9.134800803474517e-07
101 8.801403764890639e-07 8.769022863029109e-07 8.779639362450769e-07 9.080143029002068e-07 8.634967358876791e-07 0.06458368891125432 9.099424772333894e-07 0.4798407749951468 8.824200615112068e-07 0.04668428774900479 0.00037370391447129385 0.17417078945115996 8.632929220432547e-07 0.00010964624494123048 0.00013116000599298563 0.00010963312354490639 3.0007089466783177e-05 0.0027595458970321217 7.1968025461192165e-06 0.0006572829417108787 1.0325344997918671e-06 1.2500397637353638e-05 1.5662236684639653e-06 9.261716730900654e-06 2.5935074553480294e-05 0.003466212960332699 0.0005460338569528716 0.0014241739005480883 8.842249538375004e-07 9.134800803474517e-07
102 8.801403764890639e-07 8.769022863029109e-07 8.779639362450769e-07 9.080143029002068e-07 8.634967358876791e-07 0.06458368891125432 9.099424772333894e-07 0.4798407749951468 8.824200615112068e-07 0.04668428774900479 0.00037370391447129385 0.17417078945115996 8.632929220432547e-07 0.00010964624494123048 0.00013116000599298563 0.00010963312354490639 3.0007089466783177e-05 0.0027595458970321217 7.1968025461192165e-06 0.0006572829417108787 1.0325344997918671e-06 1.2500397637353638e-05 1.5662236684639653e-06 9.261716730900654e-06 2.5935074553480294e-05 0.003466212960332699 0.0005460338569528716 0.0014241739005480883 8.842249538375004e-07 9.134800803474517e-07
103 8.801403764890639e-07 8.769022863029109e-07 8.779639362450769e-07 9.080143029002068e-07 8.634967358876791e-07 0.06458368891125432 9.099424772333894e-07 0.4798407749951468 8.824200615112068e-07 0.04668428774900479 0.00037370391447129385 0.17417078945115996 8.632929220432547e-07 0.00010964624494123048 0.00013116000599298563 0.00010963312354490639 3.0007089466783177e-05 0.0027595458970321217 7.1968025461192165e-06 0.0006572829417108787 1.0325344997918671e-06 1.2500397637353638e-05 1.5662236684639653e-06 9.261716730900654e-06 2.5935074553480294e-05 0.003466212960332699 0.0005460338569528716 0.0014241739005480883 8.842249538375004e-07 9.134800803474517e-07
104 8.801403764890639e-07 8.769022863029109e-07 8.779639362450769e-07 9.080143029002068e-07 8.634967358876791e-07 0.06458368891125432 9.099424772333894e-07 0.4798407749951468 8.824200615112068e-07 0.04668428774900479 0.00037370391447129385 0.17417078945115996 8.632929220432547e-07 0.00010964624494123048 0.00013116000599298563 0.00010963312354490639 3.0007089466783177e-05 0.0027595458970321217 7.1968025461192165e-06 0.0006572829417108787 1.0325344997918671e-06 1.2500397637353638e-05 1.5662236684639653e-06 9.261716730900654e-06 2.5935074553480294e-05 0.003466212960332699 0.0005460338569528716 0.0014241739005480883 8.842249538375004e-07 9.134800803474517e-07
105 8.801403764890639e-07 8.769022863029109e-07 8.779639362450769e-07 9.080143029002068e-07 8.634967358876791e-07 0.06458368891125432 9.099424772333894e-07 0.4798407749951468 8.824200615112068e-07 0.04668428774900479 0.00037370391447129385 0.17417078945115996 8.632929220432547e-07 0.00010964624494123048 0.00013116000599298563 0.00010963312354490639 3.0007089466783177e-05 0.0027595458970321217 7.1968025461192165e-06 0.0006572829417108787 1.0325344997918671e-06 1.2500397637353638e-05 1.5662236684639653e-06 9.261716730900654e-06 2.5935074553480294e-05 0.003466212960332699 0.0005460338569528716 0.0014241739005480883 8.842249538375004e-07 9.134800803474517e-07
106 8.801403764890639e-07 8.769022863029109e-07 8.779639362450769e-07 9.080143029002068e-07 8.634967358876791e-07 0.06458368891125432 9.099424772333894e-07 0.4798407749951468 8.824200615112068e-07 0.04668428774900479 0.00037370391447129385 0.17417078945115996 8.632929220432547e-07 0.00010964624494123048 0.00013116000599298563 0.00010963312354490639 3.0007089466783177e-05 0.0027595458970321217 7.1968025461192165e-06 0.0006572829417108787 1.0325344997918671e-06 1.2500397637353638e-05 1.5662236684639653e-06 9.261716730900654e-06 2.5935074553480294e-05 0.003466212960332699 0.0005460338569528716 0.0014241739005480883 8.842249538375004e-07 9.134800803474517e-07
107 8.801403764890639e-07 8.769022863029109e-07 8.779639362450769e-07 9.080143029002068e-07 8.634967358876791e-07 0.06458368891125432 9.099424772333894e-07 0.4798407749951468 8.824200615112068e-07 0.04668428774900479 0.00037370391447129385 0.17417078945115996 8.632929220432547e-07 0.00010964624494123048 0.00013116000599298563 0.00010963312354490639 3.0007089466783177e-05 0.0027595458970321217 7.1968025461192165e-06 0.0006572829417108787 1.0325344997918671e-06 1.2500397637353638e-05 1.5662236684639653e-06 9.261716730900654e-06 2.5935074553480294e-05 0.003466212960332699 0.0005460338569528716 0.0014241739005480883 8.842249538375004e-07 9.134800803474517e-07
108 8.801403764890639e-07 8.769022863029109e-07 8.779639362450769e-07 9.080143029002068e-07 8.634967358876791e-07 0.06458368891125432 9.099424772333894e-07 0.4798407749951468 8.824200615112068e-07 0.04668428774900479 0.00037370391447129385 0.17417078945115996 8.632929220432547e-07 0.00010964624494123048 0.00013116000599298563 0.00010963312354490639 3.0007089466783177e-05 0.0027595458970321217 7.1968025461192165e-06 0.0006572829417108787 1.0325344997918671e-06 1.2500397637353638e-05 1.5662236684639653e-06 9.261716730900654e-06 2.5935074553480294e-05 0.003466212960332699 0.0005460338569528716 0.0014241739005480883 8.842249538375004e-07 9.134800803474517e-07
