# index Z=1 - Z=30
0 7.335438216223817e-07 0.012145151002273277 7.477310948771137e-07 7.50897723467738e-07 7.461327206603781e-07 1.7909372439300165e-06 7.723108042412698e-07 0.004296304219755031 7.417594700576475e-07 7.93068296243744e-07 7.378281282383594e-07 8.672888385276795e-05 7.266890715073562e-07 0.02829184233214241 2.068977863730864e-06 8.243288545421478e-05 9.622455335982015e-07 0.007849998359097828 1.0939300284673156e-06 0.01563900429130008 7.33989343286168e-07 0.0001365986944158545 0.00031993560909739744 2.1296821025960486e-05 0.006738710562809317 0.2560815929451338 0.1603568155901554 0.23228910748278275 7.325924558128587e-07 7.427920593225135e-07
1 7.335438216223817e-07 0.012145151002273277 7.477310948771137e-07 7.50897723467738e-07 7.461327206603781e-07 1.7909372439300165e-06 7.723108042412698e-07 0.004296304219755031 7.417594700576475e-07 7.93068296243744e-07 7.378281282383594e-07 8.672888385276795e-05 7.266890715073562e-07 0.02829184233214241 2.068977863730864e-06 8.243288545421478e-05 9.622455335982015e-07 0.007849998359097828 1.0939300284673156e-06 0.01563900429130008 7.33989343286168e-07 0.0001365986944158545 0.00031993560909739744 2.1296821025960486e-05 0.006738710562809317 0.2560815929451338 0.1603568155901554 0.23228910748278275 7.325924558128587e-07 7.427920593225135e-07
2 7.335438216223817e-07 0.012145151002273277 7.477310948771137e-07 7.50897723467738e-07 7.461327206603781e-07 1.7909372439300165e-06 7.723108042412698e-07 0.004296304219755031 7.417594700576475e-07 7.93068296243744e-07 7.378281282383594e-07 8.672888385276795e-05 7.266890715073562e-07 0.02829184233214241 2.068977863730864e-06 8.243288545421478e-05 9.622455335982015e-07 0.007849998359097828 1.0939300284673156e-06 0.01563900429130008 7.33989343286168e-07 0.0001365986944158545 0.00031993560909739744 2.1296821025960486e-05 0.006738710562809317 0.2560815929451338 0.1603568155901554 0.23228910748278275 7.325924558128587e-07 7.427920593225135e-07
3 7.335438216223817e-07 0.012145151002273277 7.477310948771137e-07 7.50897723467738e-07 7.461327206603781e-07 1.7909372439300165e-06 7.723108042412698e-07 0.004296304219755031 7.417594700576475e-07 7.93068296243744e-07 7.378281282383594e-07 8.672888385276795e-05 7.266890715073562e-07 0.02829184233214241 2.068977863730864e-06 8.243288545421478e-05 9.622455335982015e-07 0.007849998359097828 1.0939300284673156e-06 0.01563900429130008 7.33989343286168e-07 0.0001365986944158545 0.00031993560909739744 2.1296821025960486e-05 0.006738710562809317 0.2560815929451338 0.1603568155901554 0.23228910748278275 7.325924558128587e-07 7.427920593225135e-07
4 7.335438216223817e-07 0.012145151002273277 7.477310948771137e-07 7.50897723467738e-07 7.461327206603781e-07 1.7909372439300165e-06 7.723108042412698e-07 0.004296304219755031 7.417594700576475e-07 7.93068296243744e-07 7.378281282383594e-07 8.672888385276795e-05 7.266890715073562e-07 0.02829184233214241 2.068977863730864e-06 8.243288545421478e-05 9.622455335982015e-07 0.007849998359097828 1.0939300284673156e-06 0.01563900429130008 7.33989343286168e-07 0.0001365986944158545 0.00031993560909739744 2.1296821025960486e-05 0.006738710562809317 0.2560815929451338 0.1603568155901554 0.23228910748278275 7.325924558128587e-07 7.427920593225135e-07
5 7.335438216223817e-07 0.012145151002273277 7.477310948771137e-07 7.50897723467738e-07 7.461327206603781e-07 1.7909372439300165e-06 7.723108042412698e-07 0.004296304219755031 7.417594700576475e-07 7.93068296243744e-07 7.378281282383594e-07 8.672888385276795e-05 7.266890715073562e-07 0.02829184233214241 2.068977863730864e-06 8.243288545421478e-05 9.622455335982015e-07 0.007849998359097828 1.0939300284673156e-06 0.01563900429130008 7.33989343286168e-07 0.0001365986944158545 0.00031993560909739744 2.1296821025960486e-05 0.006738710562809317 0.2560815929451338 0.1603568155901554 0.23228910748278275 7.325924558128587e-07 7.427920593225135e-07
6 7.335438216223817e-07 0.012145151002273277 7.477310948771137e-07 7.50897723467738e-07 7.461327206603781e-07 1.7909372439300165e-06 7.723108042412698e-07 0.004296304219755031 7.417594700576475e-07 7.93068296243744e-07 7.378281282383594e-07 8.672888385276795e-05 7.266890715073562e-07 0.02829184233214241 2.068977863730864e-06 8.243288545421478e-05 9.622455335982015e-07 0.007849998359097828 1.0939300284673156e-06 0.01563900429130008 7.33989343286168e-07 0.0001365986944158545 0.00031993560909739744 2.1296821025960486e-05 0.006738710562809317 0.2560815929451338 0.1603568155901554 0.23228910748278275 7.325924558128587e-07 7.427920593225135e-07
7 7.335438216223817e-07 0.012145151002273277 7.477310948771137e-07 7.50897723467738e-07 7.461327206603781e-07 1.7909372439300165e-06 7.723108042412698e-07 0.004296304219755031 7.417594700576475e-07 7.93068296243744e-07 7.378281282383594e-07 8.672888385276795e-05 7.266890715073562e-07 0.02829184233214241 2.068977863730864e-06 8.243288545421478e-05 9.622455335982015e-07 0.007849998359097828 1.0939300284673156e-06 0.01563900429130008 7.33989343286168e-07 0.0001365986944158545 0.00031993560909739744 2.1296821025960486e-05 0.006738710562809317 0.2560815929451338 0.1603568155901554 0.23228910748278275 7.325924558128587e-07 7.427920593225135e-07
8 7.335438216223817e-07 0.012145151002273277 7.477310948771137e-07 7.50897723467738e-07 7.461327206603781e-07 1.7909372439300165e-06 7.723108042412698e-07 0.004296304219755031 7.417594700576475e-07 7.93068296243744e-07 7.378281282383594e-07 8.672888385276795e-05 7.266890715073562e-07 0.02829184233214241 2.068977863730864e-06 8.243288545421478e-05 9.622455335982015e-07 0.007849998359097828 1.0939300284673156e-06 0.01563900429130008 7.33989343286168e-07 0.0001365986944158545 0.00031993560909739744 2.1296821025960486e-05 0.006738710562809317 0.2560815929451338 0.1603568155901554 0.23228910748278275 7.325924558128587e-07 7.427920593225135e-07
9 7.335438216223817e-07 0.012145151002273277 7.477310948771137e-07 7.50897723467738e-07 7.461327206603781e-07 1.7909372439300165e-06 7.723108042412698e-07 0.004296304219755031 7.417594700576475e-07 7.93068296243744e-07 7.378281282383594e-07 8.672888385276795e-05 7.266890715073562e-07 0.02829184233214241 2.068977863730864e-06 8.243288545421478e-05 9.622455335982015e-07 0.007849998359097828 1.0939300284673156e-06 0.01563900429130008 7.33989343286168e-07 0.0001365986944158545 0.00031993560909739744 2.1296821025960486e-05 0.006738710562809317 0.2560815929451338 0.1603568155901554 0.23228910748278275 7.325924558128587e-07 7.427920593225135e-07
10 7.335438216223817e-07 0.012145151002273277 7.477310948771137e-07 7.50897723467738e-07 7.461327206603781e-07 1.7909372439300165e-06 7.723108042412698e-07 0.004296304219755031 7.417594700576475e-07 7.93068296243744e-07 7.378281282383594e-07 8.672888385276795e-05 7.266890715073562e-07 0.02829184233214241 2.068977863730864e-06 8.243288545421478e-05 9.622455335982015e-07 0.007849998359097828 1.0939300284673156e-06 0.01563900429130008 7.33989343286168e-07 0.0001365986944158545 0.00031993560909739744 2.1296821025960486e-05 0.006738710562809317 0.2560815929451338 0.1603568155901554 0.23228910748278275 7.325924558128587e-07 7.427920593225135e-07
11 7.335438216223817e-07 0.012145151002273277 7.477310948771137e-07 7.50897723467738e-07 7.461327206603781e-07 1.7909372439300165e-06 7.723108042412698e-07 0.004296304219755031 7.417594700576475e-07 7.93068296243744e-07 7.378281282383594e-07 8.672888385276795e-05 7.266890715073562e-07 0.02829184233214241 2.068977863730864e-06 8.243288545421478e-05 9.622455335982015e-07 0.007849998359097828 1.0939300284673156e-06 0.01563900429130008 7.33989343286168e-07 0.0001365986944158545 0.00031993560909739744 2.1296821025960486e-05 0.006738710562809317 0.2560815929451338 0.1603568155901554 0.23228910748278275 7.325924558128587e-07 7.427920593225135e-07
12 6.190566652308644e-07 0.0029486166969849193 6.369638988682214e-07 6.640747808286865e-07 6.56977025203664e-07 1.2258075683416784e-06 7.033450666137136e-07 0.003426971087766759 6.281347029146344e-07 6.860604153412793e-07 6.380236099824345e-07 0.0016292750597248391 6.317735331384069e-07 0.014250678259953175 4.508580826301332e-06 0.0005663285383853848 1.7928968238148942e-06 0.009821886042762707 1.18856303852966e-06 0.020227554028668514 6.012011914751346e-07 9.378711425556051e-05 0.0006419156308911703 1.6411920939821584e-05 0.014814006671356968 0.18220254247294493 0.15998592394098043 0.2877236055313664 6.797896886926807e-07 6.308835000796564e-07
13 6.190566652308644e-07 0.0029486166969849193 6.369638988682214e-07 6.640747808286865e-07 6.56977025203664e-07 1.2258075683416784e-06 7.033450666137136e-07 0.003426971087766759 6.281347029146344e-07 6.860604153412793e-07 6.380236099824345e-07 0.0016292750597248391 6.317735331384069e-07 0.014250678259953175 4.508580826301332e-06 0.0005663285383853848 1.7928968238148942e-06 0.009821886042762707 1.18856303852966e-06 0.020227554028668514 6.012011914751346e-07 9.378711425556051e-05 0.0006419156308911703 1.6411920939821584e-05 0.014814006671356968 0.18220254247294493 0.15998592394098043 0.2877236055313664 6.797896886926807e-07 6.308835000796564e-07
14 6.190566652308644e-07 0.0029486166969849193 6.369638988682214e-07 6.640747808286865e-07 6.56977025203664e-07 1.2258075683416784e-06 7.033450666137136e-07 0.003426971087766759 6.281347029146344e-07 6.860604153412793e-07 6.380236099824345e-07 0.0016292750597248391 6.317735331384069e-07 0.014250678259953175 4.508580826301332e-06 0.0005663285383853848 1.7928968238148942e-06 0.009821886042762707 1.18856303852966e-06 0.020227554028668514 6.012011914751346e-07 9.378711425556051e-05 0.0006419156308911703 1.6411920939821584e-05 0.014814006671356968 0.18220254247294493 0.15998592394098043 0.2877236055313664 6.797896886926807e-07 6.308835000796564e-07
15 6.190566652308644e-07 0.0029486166969849193 6.369638988682214e-07 6.640747808286865e-07 6.56977025203664e-07 1.2258075683416784e-06 7.033450666137136e-07 0.003426971087766759 6.281347029146344e-07 6.860604153412793e-07 6.380236099824345e-07 0.0016292750597248391 6.317735331384069e-07 0.014250678259953175 4.508580826301332e-06 0.0005663285383853848 1.7928968238148942e-06 0.009821886042762707 1.18856303852966e-06 0.020227554028668514 6.012011914751346e-07 9.378711425556051e-05 0.0006419156308911703 1.6411920939821584e-05 0.014814006671356968 0.18220254247294493 0.15998592394098043 0.2877236055313664 6.797896886926807e-07 6.308835000796564e-07
16 6.190566652308644e-07 0.0029486166969849193 6.369638988682214e-07 6.640747808286865e-07 6.56977025203664e-07 1.2258075683416784e-06 7.033450666137136e-07 0.003426971087766759 6.281347029146344e-07 6.860604153412793e-07 6.380236099824345e-07 0.0016292750597248391 6.317735331384069e-07 0.014250678259953175 4.508580826301332e-06 0.0005663285383853848 1.7928968238148942e-06 0.009821886042762707 1.18856303852966e-06 0.020227554028668514 6.012011914751346e-07 9.378711425556051e-05 0.0006419156308911703 1.6411920939821584e-05 0.014814006671356968 0.18220254247294493 0.15998592394098043 0.2877236055313664 6.797896886926807e-07 6.308835000796564e-07
17 6.190566652308644e-07 0.0029486166969849193 6.369638988682214e-07 6.640747808286865e-07 6.56977025203664e-07 1.2258075683416784e-06 7.033450666137136e-07 0.003426971087766759 6.281347029146344e-07 6.860604153412793e-07 6.380236099824345e-07 0.0016292750597248391 6.317735331384069e-07 0.014250678259953175 4.508580826301332e-06 0.0005663285383853848 1.7928968238148942e-06 0.009821886042762707 1.18856303852966e-06 0.020227554028668514 6.012011914751346e-07 9.378711425556051e-05 0.0006419156308911703 1.6411920939821584e-05 0.014814006671356968 0.18220254247294493 0.15998592394098043 0.2877236055313664 6.797896886926807e-07 6.308835000796564e-07
18 6.190566652308644e-07 0.0029486166969849193 6.369638988682214e-07 6.640747808286865e-07 6.56977025203664e-07 1.2258075683416784e-06 7.033450666137136e-07 0.003426971087766759 6.281347029146344e-07 6.860604153412793e-07 6.380236099824345e-07 0.0016292750597248391 6.317735331384069e-07 0.014250678259953175 4.508580826301332e-06 0.0005663285383853848 1.7928968238148942e-06 0.009821886042762707 1.18856303852966e-06 0.020227554028668514 6.012011914751346e-07 9.378711425556051e-05 0.0006419156308911703 1.6411920939821584e-05 0.014814006671356968 0.18220254247294493 0.15998592394098043 0.2877236055313664 6.797896886926807e-07 6.308835000796564e-07
19 6.190566652308644e-07 0.0029486166969849193 6.369638988682214e-07 6.640747808286865e-07 6.56977025203664e-07 1.2258075683416784e-06 7.033450666137136e-07 0.003426971087766759 6.281347029146344e-07 6.860604153412793e-07 6.380236099824345e-07 0.0016292750597248391 6.317735331384069e-07 0.014250678259953175 4.508580826301332e-06 0.0005663285383853848 1.7928968238148942e-06 0.009821886042762707 1.18856303852966e-06 0.020227554028668514 6.012011914751346e-07 9.378711425556051e-05 0.0006419156308911703 1.6411920939821584e-05 0.014814006671356968 0.18220254247294493 0.15998592394098043 0.2877236055313664 6.797896886926807e-07 6.308835000796564e-07
20 6.190566652308644e-07 0.0029486166969849193 6.369638988682214e-07 6.640747808286865e-07 6.56977025203664e-07 1.2258075683416784e-06 7.033450666137136e-07 0.003426971087766759 6.281347029146344e-07 6.860604153412793e-07 6.380236099824345e-07 0.0016292750597248391 6.317735331384069e-07 0.014250678259953175 4.508580826301332e-06 0.0005663285383853848 1.7928968238148942e-06 0.009821886042762707 1.18856303852966e-06 0.020227554028668514 6.012011914751346e-07 9.378711425556051e-05 0.0006419156308911703 1.6411920939821584e-05 0.014814006671356968 0.18220254247294493 0.15998592394098043 0.2877236055313664 6.797896886926807e-07 6.308835000796564e-07
21 6.190566652308644e-07 0.0029486166969849193 6.369638988682214e-07 6.640747808286865e-07 6.56977025203664e-07 1.2258075683416784e-06 7.033450666137136e-07 0.003426971087766759 6.281347029146344e-07 6.860604153412793e-07 6.380236099824345e-07 0.0016292750597248391 6.317735331384069e-07 0.014250678259953175 4.508580826301332e-06 0.0005663285383853848 1.7928968238148942e-06 0.009821886042762707 1.18856303852966e-06 0.020227554028668514 6.012011914751346e-07 9.378711425556051e-05 0.0006419156308911703 1.6411920939821584e-05 0.014814006671356968 0.18220254247294493 0.15998592394098043 0.2877236055313664 6.797896886926807e-07 6.308835000796564e-07
22 6.146880981786626e-07 7.239177671779925e-07 5.916283140222233e-07 5.973218489281905e-07 6.517938810964967e-07 1.942963070819431e-06 6.903167091265178e-07 0.0031840158827267906 5.711718511369204e-07 7.223528484013665e-07 6.332478928775987e-07 0.18227542553658643 6.756294569017345e-07 0.328047184748608 8.585449285838615e-06 0.1375658149262764 1.4903371612796705e-06 0.032857171358887674 1.3275537695117196e-06 0.053803159697182704 5.567452113967816e-07 0.0001085502187481142 0.000364592617771957 4.8647320651832374e-05 0.005592494455610676 0.053225442395213936 0.054465669523893936 0.02486142010704555 6.028848032364536e-07 7.040195583374614e-07
23 6.146880981786626e-07 7.239177671779925e-07 5.916283140222233e-07 5.973218489281905e-07 6.517938810964967e-07 1.942963070819431e-06 6.903167091265178e-07 0.0031840158827267906 5.711718511369204e-07 7.223528484013665e-07 6.332478928775987e-07 0.18227542553658643 6.756294569017345e-07 0.328047184748608 8.585449285838615e-06 0.1375658149262764 1.4903371612796705e-06 0.032857171358887674 1.3275537695117196e-06 0.053803159697182704 5.567452113967816e-07 0.0001085502187481142 0.000364592617771957 4.8647320651832374e-05 0.005592494455610676 0.053225442395213936 0.054465669523893936 0.02486142010704555 6.028848032364536e-07 7.040195583374614e-07
24 6.146880981786626e-07 7.239177671779925e-07 5.916283140222233e-07 5.973218489281905e-07 6.517938810964967e-07 1.942963070819431e-06 6.903167091265178e-07 0.0031840158827267906 5.711718511369204e-07 7.223528484013665e-07 6.332478928775987e-07 0.18227542553658643 6.756294569017345e-07 0.328047184748608 8.585449285838615e-06 0.1375658149262764 1.4903371612796705e-06 0.032857171358887674 1.3275537695117196e-06 0.053803159697182704 5.567452113967816e-07 0.0001085502187481142 0.000364592617771957 4.8647320651832374e-05 0.005592494455610676 0.053225442395213936 0.054465669523893936 0.02486142010704555 6.028848032364536e-07 7.040195583374614e-07
25 6.146880981786626e-07 7.239177671779925e-07 5.916283140222233e-07 5.973218489281905e-07 6.517938810964967e-07 1.942963070819431e-06 6.903167091265178e-07 0.0031840158827267906 5.711718511369204e-07 7.223528484013665e-07 6.332478928775987e-07 0.18227542553658643 6.756294569017345e-07 0.328047184748608 8.585449285838615e-06 0.1375658149262764 1.4903371612796705e-06 0.032857171358887674 1.3275537695117196e-06 0.053803159697182704 5.567452113967816e-07 0.0001085502187481142 0.000364592617771957 4.8647320651832374e-05 0.005592494455610676 0.053225442395213936 0.054465669523893936 0.02486142010704555 6.028848032364536e-07 7.040195583374614e-07
26 6.146880981786626e-07 7.239177671779925e-07 5.916283140222233e-07 5.973218489281905e-07 6.517938810964967e-07 1.942963070819431e-06 6.903167091265178e-07 0.0031840158827267906 5.711718511369204e-07 7.223528484013665e-07 6.332478928775987e-07 0.18227542553658643 6.756294569017345e-07 0.328047184748608 8.585449285838615e-06 0.1375658149262764 1.4903371612796705e-06 0.032857171358887674 1.3275537695117196e-06 0.053803159697182704 5.567452113967816e-07 0.0001085502187481142 0.000364592617771957 4.8647320651832374e-05 0.005592494455610676 0.053225442395213936 0.054465669523893936 0.02486142010704555 6.028848032364536e-07 7.040195583374614e-07
27 6.146880981786626e-07 7.239177671779925e-07 5.916283140222233e-07 5.973218489281905e-07 6.517938810964967e-07 1.942963070819431e-06 6.903167091265178e-07 0.0031840158827267906 5.711718511369204e-07 7.223528484013665e-07 6.332478928775987e-07 0.18227542553658643 6.756294569017345e-07 0.328047184748608 8.585449285838615e-06 0.1375658149262764 1.4903371612796705e-06 0.032857171358887674 1.3275537695117196e-06 0.053803159697182704 5.567452113967816e-07 0.0001085502187481142 0.000364592617771957 4.8647320651832374e-05 0.005592494455610676 0.053225442395213936 0.054465669523893936 0.02486142010704555 6.028848032364536e-07 7.040195583374614e-07
28 6.146880981786626e-07 7.239177671779925e-07 5.916283140222233e-07 5.973218489281905e-07 6.517938810964967e-07 1.942963070819431e-06 6.903167091265178e-07 0.0031840158827267906 5.711718511369204e-07 7.223528484013665e-07 6.332478928775987e-07 0.18227542553658643 6.756294569017345e-07 0.328047184748608 8.585449285838615e-06 0.1375658149262764 1.4903371612796705e-06 0.032857171358887674 1.3275537695117196e-06 0.053803159697182704 5.567452113967816e-07 0.0001085502187481142 0.000364592617771957 4.8647320651832374e-05 0.005592494455610676 0.053225442395213936 0.054465669523893936 0.02486142010704555 6.028848032364536e-07 7.040195583374614e-07
29 6.146880981786626e-07 7.239177671779925e-07 5.916283140222233e-07 5.973218489281905e-07 6.517938810964967e-07 1.942963070819431e-06 6.903167091265178e-07 0.0031840158827267906 5.711718511369204e-07 7.223528484013665e-07 6.332478928775987e-07 0.18227542553658643 6.756294569017345e-07 0.328047184748608 8.585449285838615e-06 0.1375658149262764 1.4903371612796705e-06 0.032857171358887674 1.3275537695117196e-06 0.053803159697182704 5.567452113967816e-07 0.0001085502187481142 0.000364592617771957 4.8647320651832374e-05 0.005592494455610676 0.053225442395213936 0.054465669523893936 0.02486142010704555 6.028848032364536e-07 7.040195583374614e-07
30 6.146880981786626e-07 7.239177671779925e-07 5.916283140222233e-07 5.973218489281905e-07 6.517938810964967e-07 1.942963070819431e-06 6.903167091265178e-07 0.0031840158827267906 5.711718511369204e-07 7.223528484013665e-07 6.332478928775987e-07 0.18227542553658643 6.756294569017345e-07 0.328047184748608 8.585449285838615e-06 0.1375658149262764 1.4903371612796705e-06 0.032857171358887674 1.3275537695117196e-06 0.053803159697182704 5.567452113967816e-07 0.0001085502187481142 0.000364592617771957 4.8647320651832374e-05 0.005592494455610676 0.053225442395213936 0.054465669523893936 0.02486142010704555 6.028848032364536e-07 7.040195583374614e-07
31 6.146880981786626e-07 7.239177671779925e-07 5.916283140222233e-07 5.973218489281905e-07 6.517938810964967e-07 1.942963070819431e-06 6.903167091265178e-07 0.0031840158827267906 5.711718511369204e-07 7.223528484013665e-07 6.332478928775987e-07 0.18227542553658643 6.756294569017345e-07 0.328047184748608 8.585449285838615e-06 0.1375658149262764 1.4903371612796705e-06 0.032857171358887674 1.3275537695117196e-06 0.053803159697182704 5.567452113967816e-07 0.0001085502187481142 0.000364592617771957 4.8647320651832374e-05 0.005592494455610676 0.053225442395213936 0.054465669523893936 0.02486142010704555 6.028848032364536e-07 7.040195583374614e-07
32 2.536085187256235e-07 2.356519625249773e-07 2.2257945027471842e-07 1.9472428949355877e-07 2.0570521239101701e-07 5.519339294408004e-06 1.9380435379492757e-07 0.78711762099808 2.2923604023026648e-07 7.75866851232272e-07 2.2827959955853507e-07 0.03614720422199869 2.0968162943060316e-07 0.167454376858913 2.3173450855416928e-05 4.013358870139408e-05 1.3418254887494033e-05 0.010357532045915156 1.1570474094705522e-05 0.0017315870464432806 2.2308393871343243e-07 1.6626063410176788e-05 1.2935096594316502e-05 2.0496663817155654e-05 0.00020092735809931316 0.005626464169746008 0.004243718637268219 0.003605524496286997 2.0665395484024942e-07 2.1607510869599395e-07
33 2.536085187256235e-07 2.356519625249773e-07 2.2257945027471842e-07 1.9472428949355877e-07 2.0570521239101701e-07 5.519339294408004e-06 1.9380435379492757e-07 0.78711762099808 2.2923604023026648e-07 7.75866851232272e-07 2.2827959955853507e-07 0.03614720422199869 2.0968162943060316e-07 0.167454376858913 2.3173450855416928e-05 4.013358870139408e-05 1.3418254887494033e-05 0.010357532045915156 1.1570474094705522e-05 0.0017315870464432806 2.2308393871343243e-07 1.6626063410176788e-05 1.2935096594316502e-05 2.0496663817155654e-05 0.00020092735809931316 0.005626464169746008 0.004243718637268219 0.003605524496286997 2.0665395484024942e-07 2.1607510869599395e-07
34 2.536085187256235e-07 2.356519625249773e-07 2.2257945027471842e-07 1.9472428949355877e-07 2.0570521239101701e-07 5.519339294408004e-06 1.9380435379492757e-07 0.78711762099808 2.2923604023026648e-07 7.75866851232272e-07 2.2827959955853507e-07 0.03614720422199869 2.0968162943060316e-07 0.167454376858913 2.3173450855416928e-05 4.013358870139408e-05 1.3418254887494033e-05 0.010357532045915156 1.1570474094705522e-05 0.0017315870464432806 2.2308393871343243e-07 1.6626063410176788e-05 1.2935096594316502e-05 2.0496663817155654e-05 0.00020092735809931316 0.005626464169746008 0.004243718637268219 0.003605524496286997 2.0665395484024942e-07 2.1607510869599395e-07
35 2.536085187256235e-07 2.356519625249773e-07 2.2257945027471842e-07 1.9472428949355877e-07 2.0570521239101701e-07 5.519339294408004e-06 1.9380435379492757e-07 0.78711762099808 2.2923604023026648e-07 7.75866851232272e-07 2.2827959955853507e-07 0.03614720422199869 2.0968162943060316e-07 0.167454376858913 2.3173450855416928e-05 4.013358870139408e-05 1.3418254887494033e-05 0.010357532045915156 1.1570474094705522e-05 0.0017315870464432806 2.2308393871343243e-07 1.6626063410176788e-05 1.2935096594316502e-05 2.0496663817155654e-05 0.00020092735809931316 0.005626464169746008 0.004243718637268219 0.003605524496286997 2.0665395484024942e-07 2.1607510869599395e-07
36 2.536085187256235e-07 2.356519625249773e-07 2.2257945027471842e-07 1.9472428949355877e-07 2.0570521239101701e-07 5.519339294408004e-06 1.9380435379492757e-07 0.78711762099808 2.2923604023026648e-07 7.75866851232272e-07 2.2827959955853507e-07 0.03614720422199869 2.0968162943060316e-07 0.167454376858913 2.3173450855416928e-05 4.013358870139408e-05 1.3418254887494033e-05 0.010357532045915156 1.1570474094705522e-05 0.0017315870464432806 2.2308393871343243e-07 1.6626063410176788e-05 1.2935096594316502e-05 2.0496663817155654e-05 0.00020092735809931316 0.005626464169746008 0.004243718637268219 0.003605524496286997 2.0665395484024942e-07 2.1607510869599395e-07
37 2.536085187256235e-07 2.356519625249773e-07 2.2257945027471842e-07 1.9472428949355877e-07 2.0570521239101701e-07 5.519339294408004e-06 1.9380435379492757e-07 0.78711762099808 2.2923604023026648e-07 7.75866851232272e-07 2.2827959955853507e-07 0.03614720422199869 2.0968162943060316e-07 0.167454376858913 2.3173450855416928e-05 4.013358870139408e-05 1.3418254887494033e-05 0.010357532045915156 1.1570474094705522e-05 0.0017315870464432806 2.2308393871343243e-07 1.6626063410176788e-05 1.2935096594316502e-05 2.0496663817155654e-05 0.00020092735809931316 0.005626464169746008 0.004243718637268219 0.003605524496286997 2.0665395484024942e-07 2.1607510869599395e-07
38 2.536085187256235e-07 2.356519625249773e-07 2.2257945027471842e-07 1.9472428949355877e-07 2.0570521239101701e-07 5.519339294408004e-06 1.9380435379492757e-07 0.78711762099808 2.2923604023026648e-07 7.75866851232272e-07 2.2827959955853507e-07 0.03614720422199869 2.0968162943060316e-07 0.167454376858913 2.3173450855416928e-05 4.013358870139408e-05 1.3418254887494033e-05 0.010357532045915156 1.1570474094705522e-05 0.0017315870464432806 2.2308393871343243e-07 1.6626063410176788e-05 1.2935096594316502e-05 2.0496663817155654e-05 0.00020092735809931316 0.005626464169746008 0.004243718637268219 0.003605524496286997 2.0665395484024942e-07 2.1607510869599395e-07
39 2.536085187256235e-07 2.356519625249773e-07 2.2257945027471842e-07 1.9472428949355877e-07 2.0570521239101701e-07 5.519339294408004e-06 1.9380435379492757e-07 0.78711762099808 2.2923604023026648e-07 7.75866851232272e-07 2.2827959955853507e-07 0.03614720422199869 2.0968162943060316e-07 0.167454376858913 2.3173450855416928e-05 4.013358870139408e-05 1.3418254887494033e-05 0.010357532045915156 1.1570474094705522e-05 0.0017315870464432806 2.2308393871343243e-07 1.6626063410176788e-05 1.2935096594316502e-05 2.0496663817155654e-05 0.00020092735809931316 0.005626464169746008 0.004243718637268219 0.003605524496286997 2.0665395484024942e-07 2.1607510869599395e-07
40 2.536085187256235e-07 2.356519625249773e-07 2.2257945027471842e-07 1.9472428949355877e-07 2.0570521239101701e-07 5.519339294408004e-06 1.9380435379492757e-07 0.78711762099808 2.2923604023026648e-07 7.75866851232272e-07 2.2827959955853507e-07 0.03614720422199869 2.0968162943060316e-07 0.167454376858913 2.3173450855416928e-05 4.013358870139408e-05 1.3418254887494033e-05 0.010357532045915156 1.1570474094705522e-05 0.0017315870464432806 2.2308393871343243e-07 1.6626063410176788e-05 1.2935096594316502e-05 2.0496663817155654e-05 0.00020092735809931316 0.005626464169746008 0.004243718637268219 0.003605524496286997 2.0665395484024942e-07 2.1607510869599395e-07
41 2.536085187256235e-07 2.356519625249773e-07 2.2257945027471842e-07 1.9472428949355877e-07 2.0570521239101701e-07 5.519339294408004e-06 1.9380435379492757e-07 0.78711762099808 2.2923604023026648e-07 7.75866851232272e-07 2.2827959955853507e-07 0.03614720422199869 2.0968162943060316e-07 0.167454376858913 2.3173450855416928e-05 4.013358870139408e-05 1.3418254887494033e-05 0.010357532045915156 1.1570474094705522e-05 0.0017315870464432806 2.2308393871343243e-07 1.6626063410176788e-05 1.2935096594316502e-05 2.0496663817155654e-05 0.00020092735809931316 0.005626464169746008 0.004243718637268219 0.003605524496286997 2.0665395484024942e-07 2.1607510869599395e-07
42 2.536085187256235e-07 2.356519625249773e-07 2.2257945027471842e-07 1.9472428949355877e-07 2.0570521239101701e-07 5.519339294408004e-06 1.9380435379492757e-07 0.78711762099808 2.2923604023026648e-07 7.75866851232272e-07 2.2827959955853507e-07 0.03614720422199869 2.0968162943060316e-07 0.167454376858913 2.3173450855416928e-05 4.013358870139408e-05 1.3418254887494033e-05 0.010357532045915156 1.1570474094705522e-05 0.0017315870464432806 2.2308393871343243e-07 1.6626063410176788e-05 1.2935096594316502e-05 2.0496663817155654e-05 0.00020092735809931316 0.005626464169746008 0.004243718637268219 0.003605524496286997 2.0665395484024942e-07 2.1607510869599395e-07
43 2.536085187256235e-07 2.356519625249773e-07 2.2257945027471842e-07 1.9472428949355877e-07 2.0570521239101701e-07 5.519339294408004e-06 1.9380435379492757e-07 0.78711762099808 2.2923604023026648e-07 7.75866851232272e-07 2.2827959955853507e-07 0.03614720422199869 2.0968162943060316e-07 0.167454376858913 2.3173450855416928e-05 4.013358870139408e-05 1.3418254887494033e-05 0.010357532045915156 1.1570474094705522e-05 0.0017315870464432806 2.2308393871343243e-07 1.6626063410176788e-05 1.2935096594316502e-05 2.0496663817155654e-05 0.00020092735809931316 0.005626464169746008 0.004243718637268219 0.003605524496286997 2.0665395484024942e-07 2.1607510869599395e-07
44 2.536085187256235e-07 2.356519625249773e-07 2.2257945027471842e-07 1.9472428949355877e-07 2.0570521239101701e-07 5.519339294408004e-06 1.9380435379492757e-07 0.78711762099808 2.2923604023026648e-07 7.75866851232272e-07 2.2827959955853507e-07 0.03614720422199869 2.0968162943060316e-07 0.167454376858913 2.3173450855416928e-05 4.013358870139408e-05 1.3418254887494033e-05 0.010357532045915156 1.1570474094705522e-05 0.0017315870464432806 2.2308393871343243e-07 1.6626063410176788e-05 1.2935096594316502e-05 2.0496663817155654e-05 0.00020092735809931316 0.005626464169746008 0.004243718637268219 0.003605524496286997 2.0665395484024942e-07 2.1607510869599395e-07
45 1.8229834195201043e-06 1.6774254599061613e-06 1.8585105855727915e-06 1.4506015516216753e-06 1.664789211955999e-06 0.1133195180973233 1.6326855382058503e-06 0.4149681672252881 1.6609259309397442e-06 0.07693190578816206 0.0006786524106388783 0.193327336749532 1.7487597170725905e-06 0.00020379727819831595 0.000253212591568273 0.00022291683194966617 5.4890077869732104e-05 0.005138616246954759 1.4496748964586202e-05 0.0035725457606778453 1.827781455977498e-06 2.602241365282654e-05 2.90225875360794e-06 1.780014054518909e-05 5.121422914194522e-05 0.00648647663017179 0.001227935238708601 0.0038673442663452176 1.7184692056828834e-06 1.6288806603545285e-06
46 1.8229834195201043e-06 1.6774254599061613e-06 1.8585105855727915e-06 1.4506015516216753e-06 1.664789211955999e-06 0.1133195180973233 1.6326855382058503e-06 0.4149681672252881 1.6609259309397442e-06 0.07693190578816206 0.0006786524106388783 0.193327336749532 1.7487597170725905e-06 0.00020379727819831595 0.000253212591568273 0.00022291683194966617 5.4890077869732104e-05 0.005138616246954759 1.4496748964586202e-05 0.0035725457606778453 1.827781455977498e-06 2.602241365282654e-05 2.90225875360794e-06 1.780014054518909e-05 5.121422914194522e-05 0.00648647663017179 0.001227935238708601 0.0038673442663452176 1.7184692056828834e-06 1.6288806603545285e-06
47 1.8229834195201043e-06 1.6774254599061613e-06 1.8585105855727915e-06 1.4506015516216753e-06 1.664789211955999e-06 0.1133195180973233 1.6326855382058503e-06 0.4149681672252881 1.6609259309397442e-06 0.07693190578816206 0.0006786524106388783 0.193327336749532 1.7487597170725905e-06 0.00020379727819831595 0.000253212591568273 0.00022291683194966617 5.4890077869732104e-05 0.005138616246954759 1.4496748964586202e-05 0.0035725457606778453 1.827781455977498e-06 2.602241365282654e-05 2.90225875360794e-06 1.780014054518909e-05 5.121422914194522e-05 0.00648647663017179 0.001227935238708601 0.0038673442663452176 1.7184692056828834e-06 1.6288806603545285e-06
48 1.8229834195201043e-06 1.6774254599061613e-06 1.8585105855727915e-06 1.4506015516216753e-06 1.664789211955999e-06 0.1133195180973233 1.6326855382058503e-06 0.4149681672252881 1.6609259309397442e-06 0.07693190578816206 0.0006786524106388783 0.193327336749532 1.7487597170725905e-06 0.00020379727819831595 0.000253212591568273 0.00022291683194966617 5.4890077869732104e-05 0.005138616246954759 1.4496748964586202e-05 0.0035725457606778453 1.827781455977498e-06 2.602241365282654e-05 2.90225875360794e-06 1.780014054518909e-05 5.121422914194522e-05 0.00648647663017179 0.001227935238708601 0.0038673442663452176 1.7184692056828834e-06 1.6288806603545285e-06
49 1.8229834195201043e-06 1.6774254599061613e-06 1.8585105855727915e-06 1.4506015516216753e-06 1.664789211955999e-06 0.1133195180973233 1.6326855382058503e-06 0.4149681672252881 1.6609259309397442e-06 0.07693190578816206 0.0006786524106388783 0.193327336749532 1.7487597170725905e-06 0.00020379727819831595 0.000253212591568273 0.00022291683194966617 5.4890077869732104e-05 0.005138616246954759 1.4496748964586202e-05 0.0035725457606778453 1.827781455977498e-06 2.602241365282654e-05 2.90225875360794e-06 1.780014054518909e-05 5.121422914194522e-05 0.00648647663017179 0.001227935238708601 0.0038673442663452176 1.7184692056828834e-06 1.6288806603545285e-06
50 1.8229834195201043e-06 1.6774254599061613e-06 1.8585105855727915e-06 1.4506015516216753e-06 1.664789211955999e-06 0.1133195180973233 1.6326855382058503e-06 0.4149681672252881 1.6609259309397442e-06 0.07693190578816206 0.0006786524106388783 0.193327336749532 1.7487597170725905e-06 0.00020379727819831595 0.000253212591568273 0.00022291683194966617 5.4890077869732104e-05 0.005138616246954759 1.4496748964586202e-05 0.0035725457606778453 1.827781455977498e-06 2.602241365282654e-05 2.90225875360794e-06 1.780014054518909e-05 5.121422914194522e-05 0.00648647663017179 0.001227935238708601 0.0038673442663452176 1.7184692056828834e-06 1.6288806603545285e-06
51 1.8229834195201043e-06 1.6774254599061613e-06 1.8585105855727915e-06 1.4506015516216753e-06 1.664789211955999e-06 0.1133195180973233 1.6326855382058503e-06 0.4149681672252881 1.6609259309397442e-06 0.07693190578816206 0.0006786524106388783 0.193327336749532 1.7487597170725905e-06 0.00020379727819831595 0.000253212591568273 0.00022291683194966617 5.4890077869732104e-05 0.005138616246954759 1.4496748964586202e-05 0.0035725457606778453 1.827781455977498e-06 2.602241365282654e-05 2.90225875360794e-06 1.780014054518909e-05 5.121422914194522e-05 0.00648647663017179 0.001227935238708601 0.0038673442663452176 1.7184692056828834e-06 1.6288806603545285e-06
52 1.8229834195201043e-06 1.6774254599061613e-06 1.8585105855727915e-06 1.4506015516216753e-06 1.664789211955999e-06 0.1133195180973233 1.6326855382058503e-06 0.4149681672252881 1.6609259309397442e-06 0.07693190578816206 0.0006786524106388783 0.193327336749532 1.7487597170725905e-06 0.00020379727819831595 0.000253212591568273 0.00022291683194966617 5.4890077869732104e-05 0.005138616246954759 1.4496748964586202e-05 0.0035725457606778453 1.827781455977498e-06 2.602241365282654e-05 2.90225875360794e-06 1.780014054518909e-05 5.121422914194522e-05 0.00648647663017179 0.001227935238708601 0.0038673442663452176 1.7184692056828834e-06 1.6288806603545285e-06
53 1.8229834195201043e-06 1.6774254599061613e-06 1.8585105855727915e-06 1.4506015516216753e-06 1.664789211955999e-06 0.1133195180973233 1.6326855382058503e-06 0.4149681672252881 1.6609259309397442e-06 0.07693190578816206 0.0006786524106388783 0.193327336749532 1.7487597170725905e-06 0.00020379727819831595 0.000253212591568273 0.00022291683194966617 5.4890077869732104e-05 0.005138616246954759 1.4496748964586202e-05 0.0035725457606778453 1.827781455977498e-06 2.602241365282654e-05 2.90225875360794e-06 1.780014054518909e-05 5.121422914194522e-05 0.00648647663017179 0.001227935238708601 0.0038673442663452176 1.7184692056828834e-06 1.6288806603545285e-06
54 1.8229834195201043e-06 1.6774254599061613e-06 1.8585105855727915e-06 1.4506015516216753e-06 1.664789211955999e-06 0.1133195180973233 1.6326855382058503e-06 0.4149681672252881 1.6609259309397442e-06 0.07693190578816206 0.0006786524106388783 0.193327336749532 1.7487597170725905e-06 0.00020379727819831595 0.000253212591568273 0.00022291683194966617 5.4890077869732104e-05 0.005138616246954759 1.4496748964586202e-05 0.0035725457606778453 1.827781455977498e-06 2.602241365282654e-05 2.90225875360794e-06 1.780014054518909e-05 5.121422914194522e-05 0.00648647663017179 0.001227935238708601 0.0038673442663452176 1.7184692056828834e-06 1.6288806603545285e-06
55 1.8229834195201043e-06 1.6774254599061613e-06 1.8585105855727915e-06 1.4506015516216753e-06 1.664789211955999e-06 0.1133195180973233 1.6326855382058503e-06 0.4149681672252881 1.6609259309397442e-06 0.07693190578816206 0.0006786524106388783 0.193327336749532 1.7487597170725905e-06 0.00020379727819831595 0.000253212591568273 0.00022291683194966617 5.4890077869732104e-05 0.005138616246954759 1.4496748964586202e-05 0.0035725457606778453 1.827781455977498e-06 2.602241365282654e-05 2.90225875360794e-06 1.780014054518909e-05 5.121422914194522e-05 0.00648647663017179 0.001227935238708601 0.0038673442663452176 1.7184692056828834e-06 1.6288806603545285e-06
56 1.8229834195201043e-06 1.6774254599061613e-06 1.8585105855727915e-06 1.4506015516216753e-06 1.664789211955999e-06 0.1133195180973233 1.6326855382058503e-06 0.4149681672252881 1.6609259309397442e-06 0.07693190578816206 0.0006786524106388783 0.193327336749532 1.7487597170725905e-06 0.00020379727819831595 0.000253212591568273 0.00022291683194966617 5.4890077869732104e-05 0.005138616246954759 1.4496748964586202e-05 0.0035725457606778453 1.827781455977498e-06 2.602241365282654e-05 2.90225875360794e-06 1.780014054518909e-05 5.121422914194522e-05 0.00648647663017179 0.001227935238708601 0.0038673442663452176 1.7184692056828834e-06 1.6288806603545285e-06
57 1.8229834195201043e-06 1.6774254599061613e-06 1.8585105855727915e-06 1.4506015516216753e-06 1.664789211955999e-06 0.1133195180973233 1.6326855382058503e-06 0.4149681672252881 1.6609259309397442e-06 0.07693190578816206 0.0006786524106388783 0.193327336749532 1.7487597170725905e-06 0.00020379727819831595 0.000253212591568273 0.00022291683194966617 5.4890077869732104e-05 0.005138616246954759 1.4496748964586202e-05 0.0035725457606778453 1.827781455977498e-06 2.602241365282654e-05 2.90225875360794e-06 1.780014054518909e-05 5.121422914194522e-05 0.00648647663017179 0.001227935238708601 0.0038673442663452176 1.7184692056828834e-06 1.6288806603545285e-06
58 1.8229834195201043e-06 1.6774254599061613e-06 1.8585105855727915e-06 1.4506015516216753e-06 1.664789211955999e-06 0.1133195180973233 1.6326855382058503e-06 0.4149681672252881 1.6609259309397442e-06 0.07693190578816206 0.0006786524106388783 0.193327336749532 1.7487597170725905e-06 0.00020379727819831595 0.000253212591568273 0.00022291683194966617 5.4890077869732104e-05 0.005138616246954759 1.4496748964586202e-05 0.0035725457606778453 1.827781455977498e-06 2.602241365282654e-05 2.90225875360794e-06 1.780014054518909e-05 5.121422914194522e-05 0.00648647663017179 0.001227935238708601 0.0038673442663452176 1.7184692056828834e-06 1.6288806603545285e-06
59 1.8229834195201043e-06 1.6774254599061613e-06 1.8585105855727915e-06 1.4506015516216753e-06 1.664789211955999e-06 0.1133195180973233 1.6326855382058503e-06 0.4149681672252881 1.6609259309397442e-06 0.07693190578816206 0.0006786524106388783 0.193327336749532 1.7487597170725905e-06 0.00020379727819831595 0.000253212591568273 0.00022291683194966617 5.4890077869732104e-05 0.005138616246954759 1.4496748964586202e-05 0.0035725457606778453 1.827781455977498e-06 2.602241365282654e-05 2.90225875360794e-06 1.780014054518909e-05 5.121422914194522e-05 0.00648647663017179 0.001227935238708601 0.0038673442663452176 1.7184692056828834e-06 1.6288806603545285e-06
60 1.8229834195201043e-06 1.6774254599061613e-06 1.8585105855727915e-06 1.4506015516216753e-06 1.664789211955999e-06 0.1133195180973233 1.6326855382058503e-06 0.4149681672252881 1.6609259309397442e-06 0.07693190578816206 0.0006786524106388783 0.193327336749532 1.7487597170725905e-06 0.00020379727819831595 0.000253212591568273 0.00022291683194966617 5.4890077869732104e-05 0.005138616246954759 1.4496748964586202e-05 0.0035725457606778453 1.827781455977498e-06 2.602241365282654e-05 2.90225875360794e-06 1.780014054518909e-05 5.121422914194522e-05 0.00648647663017179 0.001227935238708601 0.0038673442663452176 1.7184692056828834e-06 1.6288806603545285e-06
61 1.8229834195201043e-06 1.6774254599061613e-06 1.8585105855727915e-06 1.4506015516216753e-06 1.664789211955999e-06 0.1133195180973233 1.6326855382058503e-06 0.4149681672252881 1.6609259309397442e-06 0.07693190578816206 0.0006786524106388783 0.193327336749532 1.7487597170725905e-06 0.00020379727819831595 0.000253212591568273 0.00022291683194966617 5.4890077869732104e-05 0.005138616246954759 1.4496748964586202e-05 0.0035725457606778453 1.827781455977498e-06 2.602241365282654e-05 2.90225875360794e-06 1.780014054518909e-05 5.121422914194522e-05 0.00648647663017179 0.001227935238708601 0.0038673442663452176 1.7184692056828834e-06 1.6288806603545285e-06
62 1.8229834195201043e-06 1.6774254599061613e-06 1.8585105855727915e-06 1.4506015516216753e-06 1.664789211955999e-06 0.1133195180973233 1.6326855382058503e-06 0.4149681672252881 1.6609259309397442e-06 0.07693190578816206 0.0006786524106388783 0.193327336749532 1.7487597170725905e-06 0.00020379727819831595 0.000253212591568273 0.00022291683194966617 5.4890077869732104e-05 0.005138616246954759 1.4496748964586202e-05 0.0035725457606778453 1.827781455977498e-06 2.602241365282654e-05 2.90225875360794e-06 1.780014054518909e-05 5.121422914194522e-05 0.00648647663017179 0.001227935238708601 0.0038673442663452176 1.7184692056828834e-06 1.6288806603545285e-06
63 1.8229834195201043e-06 1.6774254599061613e-06 1.8585105855727915e-06 1.4506015516216753e-06 1.664789211955999e-06 0.1133195180973233 1.6326855382058503e-06 0.4149681672252881 1.6609259309397442e-06 0.07693190578816206 0.0006786524106388783 0.193327336749532 1.7487597170725905e-06 0.00020379727819831595 0.000253212591568273 0.00022291683194966617 5.4890077869732104e-05 0.005138616246954759 1.4496748964586202e-05 0.0035725457606778453 1.827781455977498e-06 2.602241365282654e-05 2.90225875360794e-06 1.780014054518909e-05 5.121422914194522e-05 0.00648647663017179 0.001227935238708601 0.0038673442663452176 1.7184692056828834e-06 1.6288806603545285e-06
64 1.8229834195201043e-06 1.6774254599061613e-06 1.8585105855727915e-06 1.4506015516216753e-06 1.664789211955999e-06 0.1133195180973233 1.6326855382058503e-06 0.4149681672252881 1.6609259309397442e-06 0.07693190578816206 0.0006786524106388783 0.193327336749532 1.7487597170725905e-06 0.00020379727819831595 0.000253212591568273 0.00022291683194966617 5.4890077869732104e-05 0.005138616246954759 1.4496748964586202e-05 0.0035725457606778453 1.827781455977498e-06 2.602241365282654e-05 2.90225875360794e-06 1.780014054518909e-05 5.121422914194522e-05 0.00648647663017179 0.001227935238708601 0.0038673442663452176 1.7184692056828834e-06 1.6288806603545285e-06
65 1.8229834195201043e-06 1.6774254599061613e-06 1.8585105855727915e-06 1.4506015516216753e-06 1.664789211955999e-06 0.1133195180973233 1.6326855382058503e-06 0.4149681672252881 1.6609259309397442e-06 0.07693190578816206 0.0006786524106388783 0.193327336749532 1.7487597170725905e-06 0.00020379727819831595 0.000253212591568273 0.00022291683194966617 5.4890077869732104e-05 0.005138616246954759 1.4496748964586202e-05 0.0035725457606778453 1.827781455977498e-06 2.602241365282654e-05 2.90225875360794e-06 1.780014054518909e-05 5.121422914194522e-05 0.00648647663017179 0.001227935238708601 0.0038673442663452176 1.7184692056828834e-06 1.6288806603545285e-06
66 1.8229834195201043e-06 1.6774254599061613e-06 1.8585105855727915e-06 1.4506015516216753e-06 1.664789211955999e-06 0.1133195180973233 1.6326855382058503e-06 0.4149681672252881 1.6609259309397442e-06 0.07693190578816206 0.0006786524106388783 0.193327336749532 1.7487597170725905e-06 0.00020379727819831595 0.000253212591568273 0.00022291683194966617 5.4890077869732104e-05 0.005138616246954759 1.4496748964586202e-05 0.0035725457606778453 1.827781455977498e-06 2.602241365282654e-05 2.90225875360794e-06 1.780014054518909e-05 5.121422914194522e-05 0.00648647663017179 0.001227935238708601 0.0038673442663452176 1.7184692056828834e-06 1.6288806603545285e-06
67 1.8229834195201043e-06 1.6774254599061613e-06 1.8585105855727915e-06 1.4506015516216753e-06 1.664789211955999e-06 0.1133195180973233 1.6326855382058503e-06 0.4149681672252881 1.6609259309397442e-06 0.07693190578816206 0.0006786524106388783 0.193327336749532 1.7487597170725905e-06 0.00020379727819831595 0.000253212591568273 0.00022291683194966617 5.4890077869732104e-05 0.005138616246954759 1.4496748964586202e-05 0.0035725457606778453 1.827781455977498e-06 2.602241365282654e-05 2.90225875360794e-06 1.780014054518909e-05 5.121422914194522e-05 0.00648647663017179 0.001227935238708601 0.0038673442663452176 1.7184692056828834e-06 1.6288806603545285e-06
68 8.537733644034051e-07 8.818728252071024e-07 8.724194243323779e-07 8.733049545690963e-07 8.384095026402468e-07 0.06194607077423756 9.05511397149276e-07 0.4919847401493919 8.419573794537687e-07 0.0473368278004882 0.00037085414577719505 0.17251513195433313 8.649323779869528e-07 0.00010671205932326127 0.00012918277937422012 0.00010834208561494505 3.011901938099976e-05 0.002842026107918615 7.381425157040757e-06 0.000644749511448569 1.062922635246648e-06 1.180970154133638e-05 1.5450207844817746e-06 8.856133759451721e-06 2.6279908680892518e-05 0.003068533346064447 0.0005249947986526594 0.001439063973874695 9.088501412586574e-07 8.807416560121802e-07
69 8.537733644034051e-07 8.818728252071024e-07 8.724194243323779e-07 8.733049545690963e-07 8.384095026402468e-07 0.06194607077423756 9.05511397149276e-07 0.4919847401493919 8.419573794537687e-07 0.0473368278004882 0.00037085414577719505 0.17251513195433313 8.649323779869528e-07 0.00010671205932326127 0.00012918277937422012 0.00010834208561494505 3.011901938099976e-05 0.002842026107918615 7.381425157040757e-06 0.000644749511448569 1.062922635246648e-06 1.180970154133638e-05 1.5450207844817746e-06 8.856133759451721e-06 2.6279908680892518e-05 0.003068533346064447 0.0005249947986526594 0.001439063973874695 9.088501412586574e-07 8.807416560121802e-07
70 8.537733644034051e-07 8.818728252071024e-07 8.724194243323779e-07 8.733049545690963e-07 8.384095026402468e-07 0.06194607077423756 9.05511397149276e-07 0.4919847401493919 8.419573794537687e-07 0.0473368278004882 0.00037085414577719505 0.17251513195433313 8.649323779869528e-07 0.00010671205932326127 0.00012918277937422012 0.00010834208561494505 3.011901938099976e-05 0.002842026107918615 7.381425157040757e-06 0.000644749511448569 1.062922635246648e-06 1.180970154133638e-05 1.5450207844817746e-06 8.856133759451721e-06 2.6279908680892518e-05 0.003068533346064447 0.0005249947986526594 0.001439063973874695 9.088501412586574e-07 8.807416560121802e-07
71 8.537733644034051e-07 8.818728252071024e-07 8.724194243323779e-07 8.733049545690963e-07 8.384095026402468e-07 0.06194607077423756 9.05511397149276e-07 0.4919847401493919 8.419573794537687e-07 0.0473368278004882 0.00037085414577719505 0.17251513195433313 8.649323779869528e-07 0.00010671205932326127 0.00012918277937422012 0.00010834208561494505 3.011901938099976e-05 0.002842026107918615 7.381425157040757e-06 0.000644749511448569 1.062922635246648e-06 1.180970154133638e-05 1.5450207844817746e-06 8.856133759451721e-06 2.6279908680892518e-05 0.003068533346064447 0.0005249947986526594 0.001439063973874695 9.088501412586574e-07 8.807416560121802e-07
72 8.537733644034051e-07 8.818728252071024e-07 8.724194243323779e-07 8.733049545690963e-07 8.384095026402468e-07 0.06194607077423756 9.05511397149276e-07 0.4919847401493919 8.419573794537687e-07 0.0473368278004882 0.00037085414577719505 0.17251513195433313 8.649323779869528e-07 0.00010671205932326127 0.00012918277937422012 0.00010834208561494505 3.011901938099976e-05 0.002842026107918615 7.381425157040757e-06 0.000644749511448569 1.062922635246648e-06 1.180970154133638e-05 1.5450207844817746e-06 8.856133759451721e-06 2.6279908680892518e-05 0.003068533346064447 0.0005249947986526594 0.001439063973874695 9.088501412586574e-07 8.807416560121802e-07
73 8.537733644034051e-07 8.818728252071024e-07 8.724194243323779e-07 8.733049545690963e-07 8.384095026402468e-07 0.06194607077423756 9.05511397149276e-07 0.4919847401493919 8.419573794537687e-07 0.0473368278004882 0.00037085414577719505 0.17251513195433313 8.649323779869528e-07 0.00010671205932326127 0.00012918277937422012 0.00010834208561494505 3.011901938099976e-05 0.002842026107918615 7.381425157040757e-06 0.000644749511448569 1.062922635246648e-06 1.180970154133638e-05 1.5450207844817746e-06 8.856133759451721e-06 2.6279908680892518e-05 0.003068533346064447 0.0005249947986526594 0.001439063973874695 9.088501412586574e-07 8.807416560121802e-07
74 8.537733644034051e-07 8.818728252071024e-07 8.724194243323779e-07 8.733049545690963e-07 8.384095026402468e-07 0.06194607077423756 9.05511397149276e-07 0.4919847401493919 8.419573794537687e-07 0.0473368278004882 0.00037085414577719505 0.17251513195433313 8.649323779869528e-07 0.00010671205932326127 0.00012918277937422012 0.00010834208561494505 3.011901938099976e-05 0.002842026107918615 7.381425157040757e-06 0.000644749511448569 1.062922635246648e-06 1.180970154133638e-05 1.5450207844817746e-06 8.856133759451721e-06 2.6279908680892518e-05 0.003068533346064447 0.0005249947986526594 0.001439063973874695 9.088501412586574e-07 8.807416560121802e-07
75 8.537733644034051e-07 8.818728252071024e-07 8.724194243323779e-07 8.733049545690963e-07 8.384095026402468e-07 0.06194607077423756 9.05511397149276e-07 0.4919847401493919 8.419573794537687e-07 0.0473368278004882 0.00037085414577719505 0.17251513195433313 8.649323779869528e-07 0.00010671205932326127 0.00012918277937422012 0.00010834208561494505 3.011901938099976e-05 0.002842026107918615 7.381425157040757e-06 0.000644749511448569 1.062922635246648e-06 1.180970154133638e-05 1.5450207844817746e-06 8.856133759451721e-06 2.6279908680892518e-05 0.003068533346064447 0.0005249947986526594 0.001439063973874695 9.088501412586574e-07 8.807416560121802e-07
76 8.537733644034051e-07 8.818728252071024e-07 8.724194243323779e-07 8.733049545690963e-07 8.384095026402468e-07 0.06194607077423756 9.05511397149276e-07 0.4919847401493919 8.419573794537687e-07 0.0473368278004882 0.00037085414577719505 0.17251513195433313 8.649323779869528e-07 0.00010671205932326127 0.00012918277937422012 0.00010834208561494505 3.011901938099976e-05 0.002842026107918615 7.381425157040757e-06 0.000644749511448569 1.062922635246648e-06 1.180970154133638e-05 1.5450207844817746e-06 8.856133759451721e-06 2.6279908680892518e-05 0.003068533346064447 0.0005249947986526594 0.001439063973874695 9.088501412586574e-07 8.807416560121802e-07
77 8.537733644034051e-07 8.818728252071024e-07 8.724194243323779e-07 8.733049545690963e-07 8.384095026402468e-07 0.06194607077423756 9.05511397149276e-07 0.4919847401493919 8.419573794537687e-07 0.0473368278004882 0.00037085414577719505 0.17251513195433313 8.649323779869528e-07 0.00010671205932326127 0.00012918277937422012 0.00010834208561494505 3.011901938099976e-05 0.002842026107918615 7.381425157040757e-06 0.000644749511448569 1.062922635246648e-06 1.180970154133638e-05 1.5450207844817746e-06 8.856133759451721e-06 2.6279908680892518e-05 0.003068533346064447 0.0005249947986526594 0.001439063973874695 9.088501412586574e-07 8.807416560121802e-07
78 8.537733644034051e-07 8.818728252071024e-07 8.724194243323779e-07 8.733049545690963e-07 8.384095026402468e-07 0.06194607077423756 9.05511397149276e-07 0.4919847401493919 8.419573794537687e-07 0.0473368278004882 0.00037085414577719505 0.17251513195433313 8.649323779869528e-07 0.00010671205932326127 0.00012918277937422012 0.00010834208561494505 3.011901938099976e-05 0.002842026107918615 7.381425157040757e-06 0.000644749511448569 1.062922635246648e-06 1.180970154133638e-05 1.5450207844817746e-06 8.856133759451721e-06 2.6279908680892518e-05 0.003068533346064447 0.0005249947986526594 0.001439063973874695 9.088501412586574e-07 8.807416560121802e-07
79 8.537733644034051e-07 8.818728252071024e-07 8.724194243323779e-07 8.733049545690963e-07 8.384095026402468e-07 0.06194607077423756 9.05511397149276e-07 0.4919847401493919 8.419573794537687e-07 0.0473368278004882 0.00037085414577719505 0.17251513195433313 8.649323779869528e-07 0.00010671205932326127 0.00012918277937422012 0.00010834208561494505 3.011901938099976e-05 0.002842026107918615 7.381425157040757e-06 0.000644749511448569 1.062922635246648e-06 1.180970154133638e-05 1.5450207844817746e-06 8.856133759451721e-06 2.6279908680892518e-05 0.003068533346064447 0.0005249947986526594 0.001439063973874695 9.088501412586574e-07 8.807416560121802e-07
80 8.537733644034051e-07 8.818728252071024e-07 8.724194243323779e-07 8.733049545690963e-07 8.384095026402468e-07 0.06194607077423756 9.05511397149276e-07 0.4919847401493919 8.419573794537687e-07 0.0473368278004882 0.00037085414577719505 0.17251513195433313 8.649323779869528e-07 0.00010671205932326127 0.00012918277937422012 0.00010834208561494505 3.011901938099976e-05 0.002842026107918615 7.381425157040757e-06 0.000644749511448569 1.062922635246648e-06 1.180970154133638e-05 1.5450207844817746e-06 8.856133759451721e-06 2.6279908680892518e-05 0.003068533346064447 0.0005249947986526594 0.001439063973874695 9.088501412586574e-07 8.807416560121802e-07
81 8.537733644034051e-07 8.818728252071024e-07 8.724194243323779e-07 8.733049545690963e-07 8.384095026402468e-07 0.06194607077423756 9.05511397149276e-07 0.4919847401493919 8.419573794537687e-07 0.0473368278004882 0.00037085414577719505 0.17251513195433313 8.649323779869528e-07 0.00010671205932326127 0.00012918277937422012 0.00010834208561494505 3.011901938099976e-05 0.002842026107918615 7.381425157040757e-06 0.000644749511448569 1.062922635246648e-06 1.180970154133638e-05 1.5450207844817746e-06 8.856133759451721e-06 2.6279908680892518e-05 0.003068533346064447 0.0005249947986526594 0.001439063973874695 9.088501412586574e-07 8.807416560121802e-07
82 8.537733644034051e-07 8.818728252071024e-07 8.724194243323779e-07 8.733049545690963e-07 8.384095026402468e-07 0.06194607077423756 9.05511397149276e-07 0.4919847401493919 8.419573794537687e-07 0.0473368278004882 0.00037085414577719505 0.17251513195433313 8.649323779869528e-07 0.00010671205932326127 0.00012918277937422012 0.00010834208561494505 3.011901938099976e-05 0.002842026107918615 7.381425157040757e-06 0.000644749511448569 1.062922635246648e-06 1.180970154133638e-05 1.5450207844817746e-06 8.856133759451721e-06 2.6279908680892518e-05 0.003068533346064447 0.0005249947986526594 0.001439063973874695 9.088501412586574e-07 8.807416560121802e-07
83 8.537733644034051e-07 8.818728252071024e-07 8.724194243323779e-07 8.733049545690963e-07 8.384095026402468e-07 0.06194607077423756 9.05511397149276e-07 0.4919847401493919 8.419573794537687e-07 0.0473368278004882 0.00037085414577719505 0.17251513195433313 8.649323779869528e-07 0.00010671205932326127 0.00012918277937422012 0.00010834208561494505 3.011901938099976e-05 0.002842026107918615 7.381425157040757e-06 0.000644749511448569 1.062922635246648e-06 1.180970154133638e-05 1.5450207844817746e-06 8.856133759451721e-06 2.6279908680892518e-05 0.003068533346064447 0.0005249947986526594 0.001439063973874695 9.088501412586574e-07 8.807416560121802e-07
84 8.537733644034051e-07 8.818728252071024e-07 8.724194243323779e-07 8.733049545690963e-07 8.384095026402468e-07 0.06194607077423756 9.05511397149276e-07 0.4919847401493919 8.419573794537687e-07 0.0473368278004882 0.00037085414577719505 0.17251513195433313 8.649323779869528e-07 0.00010671205932326127 0.00012918277937422012 0.00010834208561494505 3.011901938099976e-05 0.002842026107918615 7.381425157040757e-06 0.000644749511448569 1.062922635246648e-06 1.180970154133638e-05 1.5450207844817746e-06 8.856133759451721e-06 2.6279908680892518e-05 0.003068533346064447 0.0005249947986526594 0.001439063973874695 9.088501412586574e-07 8.807416560121802e-07
85 8.537733644034051e-07 8.818728252071024e-07 8.724194243323779e-07 8.733049545690963e-07 8.384095026402468e-07 0.06194607077423756 9.05511397149276e-07 0.4919847401493919 8.419573794537687e-07 0.0473368278004882 0.00037085414577719505 0.17251513195433313 8.649323779869528e-07 0.00010671205932326127 0.00012918277937422012 0.00010834208561494505 3.011901938099976e-05 0.002842026107918615 7.381425157040757e-06 0.000644749511448569 1.062922635246648e-06 1.180970154133638e-05 1.5450207844817746e-06 8.856133759451721e-06 2.6279908680892518e-05 0.003068533346064447 0.0005249947986526594 0.001439063973874695 9.088501412586574e-07 8.807416560121802e-07
86 8.537733644034051e-07 8.818728252071024e-07 8.724194243323779e-07 8.733049545690963e-07 8.384095026402468e-07 0.06194607077423756 9.05511397149276e-07 0.4919847401493919 8.419573794537687e-07 0.0473368278004882 0.00037085414577719505 0.17251513195433313 8.649323779869528e-07 0.00010671205932326127 0.00012918277937422012 0.00010834208561494505 3.011901938099976e-05 0.002842026107918615 7.381425157040757e-06 0.000644749511448569 1.062922635246648e-06 1.180970154133638e-05 1.5450207844817746e-06 8.856133759451721e-06 2.6279908680892518e-05 0.003068533346064447 0.0005249947986526594 0.001439063973874695 9.088501412586574e-07 8.807416560121802e-07
87 8.537733644034051e-07 8.818728252071024e-07 8.724194243323779e-07 8.733049545690963e-07 8.384095026402468e-07 0.06194607077423756 9.05511397149276e-07 0.4919847401493919 8.419573794537687e-07 0.0473368278004882 0.00037085414577719505 0.17251513195433313 8.649323779869528e-07 0.00010671205932326127 0.00012918277937422012 0.00010834208561494505 3.011901938099976e-05 0.002842026107918615 7.381425157040757e-06 0.000644749511448569 1.062922635246648e-06 1.180970154133638e-05 1.5450207844817746e-06 8.856133759451721e-06 2.6279908680892518e-05 0.003068533346064447 0.0005249947986526594 0.001439063973874695 9.088501412586574e-07 8.807416560121802e-07
88 8.537733644034051e-07 8.818728252071024e-07 8.724194243323779e-07 8.733049545690963e-07 8.384095026402468e-07 0.06194607077423756 9.05511397149276e-07 0.4919847401493919 8.419573794537687e-07 0.0473368278004882 0.00037085414577719505 0.17251513195433313 8.649323779869528e-07 0.00010671205932326127 0.00012918277937422012 0.00010834208561494505 3.011901938099976e-05 0.002842026107918615 7.381425157040757e-06 0.000644749511448569 1.062922635246648e-06 1.180970154133638e-05 1.5450207844817746e-06 8.856133759451721e-06 2.6279908680892518e-05 0.003068533346064447 0.0005249947986526594 0.001439063973874695 9.088501412586574e-07 8.807416560121802e-07
89 8.537733644034051e-07 8.818728252071024e-07 8.724194243323779e-07 8.733049545690963e-07 8.384095026402468e-07 0.06194607077423756 9.05511397149276e-07 0.4919847401493919 8.419573794537687e-07 0.0473368278004882 0.00037085414577719505 0.17251513195433313 8.649323779869528e-07 0.00010671205932326127 0.00012918277937422012 0.00010834208561494505 3.011901938099976e-05 0.002842026107918615 7.381425157040757e-06 0.000644749511448569 1.062922635246648e-06 1.180970154133638e-05 1.5450207844817746e-06 8.856133759451721e-06 2.6279908680892518e-05 0.003068533346064447 0.0005249947986526594 0.001439063973874695 9.088501412586574e-07 8.807416560121802e-07
90 8.537733644034051e-07 8.818728252071024e-07 8.724194243323779e-07 8.733049545690963e-07 8.384095026402468e-07 0.06194607077423756 9.05511397149276e-07 0.4919847401493919 8.419573794537687e-07 0.0473368278004882 0.00037085414577719505 0.17251513195433313 8.649323779869528e-07 0.00010671205932326127 0.00012918277937422012 0.00010834208561494505 3.011901938099976e-05 0.002842026107918615 7.381425157040757e-06 0.000644749511448569 1.062922635246648e-06 1.180970154133638e-05 1.5450207844817746e-06 8.856133759451721e-06 2.6279908680892518e-05 0.003068533346064447 0.0005249947986526594 0.001439063973874695 9.088501412586574e-07 8.807416560121802e-07
91 8.537733644034051e-07 8.818728252071024e-07 8.724194243323779e-07 8.733049545690963e-07 8.384095026402468e-07 0.06194607077423756 9.05511397149276e-07 0.4919847401493919 8.419573794537687e-07 0.0473368278004882 0.00037085414577719505 0.17251513195433313 8.649323779869528e-07 0.00010671205932326127 0.00012918277937422012 0.00010834208561494505 3.011901938099976e-05 0.002842026107918615 7.381425157040757e-06 0.000644749511448569 1.062922635246648e-06 1.180970154133638e-05 1.5450207844817746e-06 8.856133759451721e-06 2.6279908680892518e-05 0.003068533346064447 0.0005249947986526594 0.001439063973874695 9.088501412586574e-07 8.807416560121802e-07
92 8.537733644034051e-07 8.818728252071024e-07 8.724194243323779e-07 8.733049545690963e-07 8.384095026402468e-07 0.06194607077423756 9.05511397149276e-07 0.4919847401493919 8.419573794537687e-07 0.0473368278004882 0.00037085414577719505 0.17251513195433313 8.649323779869528e-07 0.00010671205932326127 0.00012918277937422012 0.00010834208561494505 3.011901938099976e-05 0.002842026107918615 7.381425157040757e-06 0.000644749511448569 1.062922635246648e-06 1.180970154133638e-05 1.5450207844817746e-06 8.856133759451721e-06 2.6279908680892518e-05 0.003068533346064447 0.0005249947986526594 0.001439063973874695 9.088501412586574e-07 8.807416560121802e-07
93 8.537733644034051e-07 8.818728252071024e-07 8.724194243323779e-07 8.733049545690963e-07 8.384095026402468e-07 0.06194607077423756 9.05511397149276e-07 0.4919847401493919 8.419573794537687e-07 0.0473368278004882 0.00037085414577719505 0.17251513195433313 8.649323779869528e-07 0.00010671205932326127 0.00012918277937422012 0.00010834208561494505 3.011901938099976e-05 0.002842026107918615 7.381425157040757e-06 0.000644749511448569 1.062922635246648e-06 1.180970154133638e-05 1.5450207844817746e-06 8.856133759451721e-06 2.6279908680892518e-05 0.003068533346064447 0.0005249947986526594 0.001439063973874695 9.088501412586574e-07 8.807416560121802e-07
94 8.537733644034051e-07 8.818728252071024e-07 8.724194243323779e-07 8.733049545690963e-07 8.384095026402468e-07 0.06194607077423756 9.05511397149276e-07 0.4919847401493919 8.419573794537687e-07 0.0473368278004882 0.00037085414577719505 0.17251513195433313 8.649323779869528e-07 0.00010671205932326127 0.00012918277937422012 0.00010834208561494505 3.011901938099976e-05 0.002842026107918615 7.381425157040757e-06 0.000644749511448569 1.062922635246648e-06 1.180970154133638e-05 1.5450207844817746e-06 8.856133759451721e-06 2.6279908680892518e-05 0.003068533346064447 0.0005249947986526594 0.001439063973874695 9.088501412586574e-07 8.807416560121802e-07
95 8.537733644034051e-07 8.818728252071024e-07 8.724194243323779e-07 8.733049545690963e-07 8.384095026402468e-07 0.06194607077423756 9.05511397149276e-07 0.4919847401493919 8.419573794537687e-07 0.0473368278004882 0.00037085414577719505 0.17251513195433313 8.649323779869528e-07 0.00010671205932326127 0.00012918277937422012 0.00010834208561494505 3.011901938099976e-05 0.002842026107918615 7.381425157040757e-06 0.000644749511448569 1.062922635246648e-06 1.180970154133638e-05 1.5450207844817746e-06 8.856133759451721e-06 2.6279908680892518e-05 0.003068533346064447 0.0005249947986526594 0.001439063973874695 9.088501412586574e-07 8.807416560121802e-07
96 8.537733644034051e-07 8.818728252071024e-07 8.724194243323779e-07 8.733049545690963e-07 8.384095026402468e-07 0.06194607077423756 9.05511397149276e-07 0.4919847401493919 8.419573794537687e-07 0.0473368278004882 0.00037085414577719505 0.17251513195433313 8.649323779869528e-07 0.00010671205932326127 0.00012918277937422012 0.00010834208561494505 3.011901938099976e-05 0.002842026107918615 7.381425157040757e-06 0.000644749511448569 1.062922635246648e-06 1.180970154133638e-05 1.5450207844817746e-06 8.856133759451721e-06 2.6279908680892518e-05 0.003068533346064447 0.0005249947986526594 0.001439063973874695 9.088501412586574e-07 8.807416560121802e-07
97 8.537733644034051e-07 8.818728252071024e-07 8.724194243323779e-07 8.733049545690963e-07 8.384095026402468e-07 0.06194607077423756 9.05511397149276e-07 0.4919847401493919 8.419573794537687e-07 0.0473368278004882 0.00037085414577719505 0.17251513195433313 8.649323779869528e-07 0.00010671205932326127 0.00012918277937422012 0.00010834208561494505 3.011901938099976e-05 0.002842026107918615 7.381425157040757e-06 0.000644749511448569 1.062922635246648e-06 1.180970154133638e-05 1.5450207844817746e-06 8.856133759451721e-06 2.6279908680892518e-05 0.003068533346064447 0.0005249947986526594 0.001439063973874695 9.088501412586574e-07 8.807416560121802e-07
98 8.537733644034051e-07 8.818728252071024e-07 8.724194243323779e-07 8.733049545690963e-07 8.384095026402468e-07 0.06194607077423756 9.05511397149276e-07 0.4919847401493919 8.419573794537687e-07 0.0473368278004882 0.00037085414577719505 0.17251513195433313 8.649323779869528e-07 0.00010671205932326127 0.00012918277937422012 0.00010834208561494505 3.011901938099976e-05 0.002842026107918615 7.381425157040757e-06 0.000644749511448569 1.062922635246648e-06 1.180970154133638e-05 1.5450207844817746e-06 8.856133759451721e-06 2.6279908680892518e-05 0.003068533346064447 0.0005249947986526594 0.001439063973874695 9.088501412586574e-07 8.807416560121802e-07
99 8.537733644034051e-07 8.818728252071024e-07 8.724194243323779e-07 8.733049545690963e-07 8.384095026402468e-07 0.06194607077423756 9.05511397149276e-07 0.4919847401493919 8.419573794537687e-07 0.0473368278004882 0.00037085414577719505 0.17251513195433313 8.649323779869528e-07 0.00010671205932326127 0.00012918277937422012 0.00010834208561494505 3.011901938099976e-05 0.002842026107918615 7.381425157040757e-06 0.000644749511448569 1.062922635246648e-06 1.180970154133638e-05 1.5450207844817746e-06 8.856133759451721e-06 2.6279908680892518e-05 0.003068533346064447 0.0005249947986526594 0.001439063973874695 9.088501412586574e-07 8.807416560121802e-07
100 8.537733644034051e-07 8.818728252071024e-07 8.724194243323779e-07 8.733049545690963e-07 8.384095026402468e-07 0.06194607077423756 9.05511397149276e-07 0.4919847401493919 8.419573794537687e-07 0.0473368278004882 0.00037085414577719505 0.17251513195433313 8.649323779869528e-07 0.00010671205932326127 0.00012918277937422012 0.00010834208561494505 3.011901938099976e-05 0.002842026107918615 7.381425157040757e-06 0.000644749511448569 1.062922635246648e-06 1.180970154133638e-05 1.5450207844817746e-06 8.856133759451721e-06 2.6279908680892518e-05 0.003068533346064447 0.0005249947986526594 0.001439063973874695 9.088501412586574e-07 8.807416560121802e-07
101 8.537733644034051e-07 8.818728252071024e-07 8.724194243323779e-07 8.733049545690963e-07 8.384095026402468e-07 0.06194607077423756 9.05511397149276e-07 0.4919847401493919 8.419573794537687e-07 0.0473368278004882 0.00037085414577719505 0.17251513195433313 8.649323779869528e-07 0.00010671205932326127 0.00012918277937422012 0.00010834208561494505 3.011901938099976e-05 0.002842026107918615 7.381425157040757e-06 0.000644749511448569 1.062922635246648e-06 1.180970154133638e-05 1.5450207844817746e-06 8.856133759451721e-06 2.6279908680892518e-05 0.003068533346064447 0.0005249947986526594 0.001439063973874695 9.088501412586574e-07 8.807416560121802e-07
102 8.537733644034051e-07 8.818728252071024e-07 8.724194243323779e-07 8.733049545690963e-07 8.384095026402468e-07 0.06194607077423756 9.05511397149276e-07 0.4919847401493919 8.419573794537687e-07 0.0473368278004882 0.00037085414577719505 0.17251513195433313 8.649323779869528e-07 0.00010671205932326127 0.00012918277937422012 0.00010834208561494505 3.011901938099976e-05 0.002842026107918615 7.381425157040757e-06 0.000644749511448569 1.062922635246648e-06 1.180970154133638e-05 1.5450207844817746e-06 8.856133759451721e-06 2.6279908680892518e-05 0.003068533346064447 0.0005249947986526594 0.001439063973874695 9.088501412586574e-07 8.807416560121802e-07
103 8.537733644034051e-07 8.818728252071024e-07 8.724194243323779e-07 8.733049545690963e-07 8.384095026402468e-07 0.06194607077423756 9.05511397149276e-07 0.4919847401493919 8.419573794537687e-07 0.0473368278004882 0.00037085414577719505 0.17251513195433313 8.649323779869528e-07 0.00010671205932326127 0.00012918277937422012 0.00010834208561494505 3.011901938099976e-05 0.002842026107918615 7.381425157040757e-06 0.000644749511448569 1.062922635246648e-06 1.180970154133638e-05 1.5450207844817746e-06 8.856133759451721e-06 2.6279908680892518e-05 0.003068533346064447 0.0005249947986526594 0.001439063973874695 9.088501412586574e-07 8.807416560121802e-07
104 8.537733644034051e-07 8.818728252071024e-07 8.724194243323779e-07 8.733049545690963e-07 8.384095026402468e-07 0.06194607077423756 9.05511397149276e-07 0.4919847401493919 8.419573794537687e-07 0.0473368278004882 0.00037085414577719505 0.17251513195433313 8.649323779869528e-07 0.00010671205932326127 0.00012918277937422012 0.00010834208561494505 3.011901938099976e-05 0.002842026107918615 7.381425157040757e-06 0.000644749511448569 1.062922635246648e-06 1.180970154133638e-05 1.5450207844817746e-06 8.856133759451721e-06 2.6279908680892518e-05 0.003068533346064447 0.0005249947986526594 0.001439063973874695 9.088501412586574e-07 8.807416560121802e-07
105 8.537733644034051e-07 8.818728252071024e-07 8.724194243323779e-07 8.733049545690963e-07 8.384095026402468e-07 0.06194607077423756 9.05511397149276e-07 0.4919847401493919 8.419573794537687e-07 0.0473368278004882 0.00037085414577719505 0.17251513195433313 8.649323779869528e-07 0.00010671205932326127 0.00012918277937422012 0.00010834208561494505 3.011901938099976e-05 0.002842026107918615 7.381425157040757e-06 0.000644749511448569 1.062922635246648e-06 1.180970154133638e-05 1.5450207844817746e-06 8.856133759451721e-06 2.6279908680892518e-05 0.003068533346064447 0.0005249947986526594 0.001439063973874695 9.088501412586574e-07 8.807416560121802e-07
106 8.537733644034051e-07 8.818728252071024e-07 8.724194243323779e-07 8.733049545690963e-07 8.384095026402468e-07 0.06194607077423756 9.05511397149276e-07 0.4919847401493919 8.419573794537687e-07 0.0473368278004882 0.00037085414577719505 0.17251513195433313 8.649323779869528e-07 0.00010671205932326127 0.00012918277937422012 0.00010834208561494505 3.011901938099976e-05 0.002842026107918615 7.381425157040757e-06 0.000644749511448569 1.062922635246648e-06 1.180970154133638e-05 1.5450207844817746e-06 8.856133759451721e-06 2.6279908680892518e-05 0.003068533346064447 0.0005249947986526594 0.001439063973874695 9.088501412586574e-07 8.807416560121802e-07
107 8.537733644034051e-07 8.818728252071024e-07 8.724194243323779e-07 8.733049545690963e-07 8.384095026402468e-07 0.06194607077423756 9.05511397149276e-07 0.4919847401493919 8.419573794537687e-07 0.0473368278004882 0.00037085414577719505 0.17251513195433313 8.649323779869528e-07 0.00010671205932326127 0.00012918277937422012 0.00010834208561494505 3.011901938099976e-05 0.002842026107918615 7.381425157040757e-06 0.000644749511448569 1.062922635246648e-06 1.180970154133638e-05 1.5450207844817746e-06 8.856133759451721e-06 2.6279908680892518e-05 0.003068533346064447 0.0005249947986526594 0.001439063973874695 9.088501412586574e-07 8.807416560121802e-07
108 8.537733644034051e-07 8.818728252071024e-07 8.724194243323779e-07 8.733049545690963e-07 8.384095026402468e-07 0.06194607077423756 9.05511397149276e-07 0.4919847401493919 8.419573794537687e-07 0.0473368278004882 0.00037085414577719505 0.17251513195433313 8.649323779869528e-07 0.00010671205932326127 0.00012918277937422012 0.00010834208561494505 3.011901938099976e-05 0.002842026107918615 7.381425157040757e-06 0.000644749511448569 1.062922635246648e-06 1.180970154133638e-05 1.5450207844817746e-06 8.856133759451721e-06 2.6279908680892518e-05 0.003068533346064447 0.0005249947986526594 0.001439063973874695 9.088501412586574e-07 8.807416560121802e-07
