# index Z=1 - Z=30
0 5.909167991150755e-07 0.009396677035647847 5.518503077282773e-07 5.808867785526674e-07 5.484152414886533e-07 1.3272171069634786e-06 5.60568405146155e-07 0.0032353219009667376 5.912101303569368e-07 6.050818114102312e-07 5.814125547909344e-07 6.49115026621393e-05 5.734648124063422e-07 0.017227930663031073 1.5615446308073707e-06 6.192116558421824e-05 7.520437641080778e-07 0.006360333817790988 8.38558643145724e-07 0.011704983857502078 5.697919691583008e-07 0.00010604280916821365 0.00022955439924179154 1.6302672933708788e-05 0.0047383094133310825 0.19781095666872908 0.1354041113260424 0.3346391078738993 5.337716212881178e-07 5.786715064268131e-07
1 5.909167991150755e-07 0.009396677035647847 5.518503077282773e-07 5.808867785526674e-07 5.484152414886533e-07 1.3272171069634786e-06 5.60568405146155e-07 0.0032353219009667376 5.912101303569368e-07 6.050818114102312e-07 5.814125547909344e-07 6.49115026621393e-05 5.734648124063422e-07 0.017227930663031073 1.5615446308073707e-06 6.192116558421824e-05 7.520437641080778e-07 0.006360333817790988 8.38558643145724e-07 0.011704983857502078 5.697919691583008e-07 0.00010604280916821365 0.00022955439924179154 1.6302672933708788e-05 0.0047383094133310825 0.19781095666872908 0.1354041113260424 0.3346391078738993 5.337716212881178e-07 5.786715064268131e-07
2 5.909167991150755e-07 0.009396677035647847 5.518503077282773e-07 5.808867785526674e-07 5.484152414886533e-07 1.3272171069634786e-06 5.60568405146155e-07 0.0032353219009667376 5.912101303569368e-07 6.050818114102312e-07 5.814125547909344e-07 6.49115026621393e-05 5.734648124063422e-07 0.017227930663031073 1.5615446308073707e-06 6.192116558421824e-05 7.520437641080778e-07 0.006360333817790988 8.38558643145724e-07 0.011704983857502078 5.697919691583008e-07 0.00010604280916821365 0.00022955439924179154 1.6302672933708788e-05 0.0047383094133310825 0.19781095666872908 0.1354041113260424 0.3346391078738993 5.337716212881178e-07 5.786715064268131e-07
3 5.909167991150755e-07 0.009396677035647847 5.518503077282773e-07 5.808867785526674e-07 5.484152414886533e-07 1.3272171069634786e-06 5.60568405146155e-07 0.0032353219009667376 5.912101303569368e-07 6.050818114102312e-07 5.814125547909344e-07 6.49115026621393e-05 5.734648124063422e-07 0.017227930663031073 1.5615446308073707e-06 6.192116558421824e-05 7.520437641080778e-07 0.006360333817790988 8.38558643145724e-07 0.011704983857502078 5.697919691583008e-07 0.00010604280916821365 0.00022955439924179154 1.6302672933708788e-05 0.0047383094133310825 0.19781095666872908 0.1354041113260424 0.3346391078738993 5.337716212881178e-07 5.786715064268131e-07
4 5.909167991150755e-07 0.009396677035647847 5.518503077282773e-07 5.808867785526674e-07 5.484152414886533e-07 1.3272171069634786e-06 5.60568405146155e-07 0.0032353219009667376 5.912101303569368e-07 6.050818114102312e-07 5.814125547909344e-07 6.49115026621393e-05 5.734648124063422e-07 0.017227930663031073 1.5615446308073707e-06 6.192116558421824e-05 7.520437641080778e-07 0.006360333817790988 8.38558643145724e-07 0.011704983857502078 5.697919691583008e-07 0.00010604280916821365 0.00022955439924179154 1.6302672933708788e-05 0.0047383094133310825 0.19781095666872908 0.1354041113260424 0.3346391078738993 5.337716212881178e-07 5.786715064268131e-07
5 5.909167991150755e-07 0.009396677035647847 5.518503077282773e-07 5.808867785526674e-07 5.484152414886533e-07 1.3272171069634786e-06 5.60568405146155e-07 0.0032353219009667376 5.912101303569368e-07 6.050818114102312e-07 5.814125547909344e-07 6.49115026621393e-05 5.734648124063422e-07 0.017227930663031073 1.5615446308073707e-06 6.192116558421824e-05 7.520437641080778e-07 0.006360333817790988 8.38558643145724e-07 0.011704983857502078 5.697919691583008e-07 0.00010604280916821365 0.00022955439924179154 1.6302672933708788e-05 0.0047383094133310825 0.19781095666872908 0.1354041113260424 0.3346391078738993 5.337716212881178e-07 5.786715064268131e-07
6 5.909167991150755e-07 0.009396677035647847 5.518503077282773e-07 5.808867785526674e-07 5.484152414886533e-07 1.3272171069634786e-06 5.60568405146155e-07 0.0032353219009667376 5.912101303569368e-07 6.050818114102312e-07 5.814125547909344e-07 6.49115026621393e-05 5.734648124063422e-07 0.017227930663031073 1.5615446308073707e-06 6.192116558421824e-05 7.520437641080778e-07 0.006360333817790988 8.38558643145724e-07 0.011704983857502078 5.697919691583008e-07 0.00010604280916821365 0.00022955439924179154 1.6302672933708788e-05 0.0047383094133310825 0.19781095666872908 0.1354041113260424 0.3346391078738993 5.337716212881178e-07 5.786715064268131e-07
7 5.909167991150755e-07 0.009396677035647847 5.518503077282773e-07 5.808867785526674e-07 5.484152414886533e-07 1.3272171069634786e-06 5.60568405146155e-07 0.0032353219009667376 5.912101303569368e-07 6.050818114102312e-07 5.814125547909344e-07 6.49115026621393e-05 5.734648124063422e-07 0.017227930663031073 1.5615446308073707e-06 6.192116558421824e-05 7.520437641080778e-07 0.006360333817790988 8.38558643145724e-07 0.011704983857502078 5.697919691583008e-07 0.00010604280916821365 0.00022955439924179154 1.6302672933708788e-05 0.0047383094133310825 0.19781095666872908 0.1354041113260424 0.3346391078738993 5.337716212881178e-07 5.786715064268131e-07
8 5.909167991150755e-07 0.009396677035647847 5.518503077282773e-07 5.808867785526674e-07 5.484152414886533e-07 1.3272171069634786e-06 5.60568405146155e-07 0.0032353219009667376 5.912101303569368e-07 6.050818114102312e-07 5.814125547909344e-07 6.49115026621393e-05 5.734648124063422e-07 0.017227930663031073 1.5615446308073707e-06 6.192116558421824e-05 7.520437641080778e-07 0.006360333817790988 8.38558643145724e-07 0.011704983857502078 5.697919691583008e-07 0.00010604280916821365 0.00022955439924179154 1.6302672933708788e-05 0.0047383094133310825 0.19781095666872908 0.1354041113260424 0.3346391078738993 5.337716212881178e-07 5.786715064268131e-07
9 5.909167991150755e-07 0.009396677035647847 5.518503077282773e-07 5.808867785526674e-07 5.484152414886533e-07 1.3272171069634786e-06 5.60568405146155e-07 0.0032353219009667376 5.912101303569368e-07 6.050818114102312e-07 5.814125547909344e-07 6.49115026621393e-05 5.734648124063422e-07 0.017227930663031073 1.5615446308073707e-06 6.192116558421824e-05 7.520437641080778e-07 0.006360333817790988 8.38558643145724e-07 0.011704983857502078 5.697919691583008e-07 0.00010604280916821365 0.00022955439924179154 1.6302672933708788e-05 0.0047383094133310825 0.19781095666872908 0.1354041113260424 0.3346391078738993 5.337716212881178e-07 5.786715064268131e-07
10 5.909167991150755e-07 0.009396677035647847 5.518503077282773e-07 5.808867785526674e-07 5.484152414886533e-07 1.3272171069634786e-06 5.60568405146155e-07 0.0032353219009667376 5.912101303569368e-07 6.050818114102312e-07 5.814125547909344e-07 6.49115026621393e-05 5.734648124063422e-07 0.017227930663031073 1.5615446308073707e-06 6.192116558421824e-05 7.520437641080778e-07 0.006360333817790988 8.38558643145724e-07 0.011704983857502078 5.697919691583008e-07 0.00010604280916821365 0.00022955439924179154 1.6302672933708788e-05 0.0047383094133310825 0.19781095666872908 0.1354041113260424 0.3346391078738993 5.337716212881178e-07 5.786715064268131e-07
11 5.909167991150755e-07 0.009396677035647847 5.518503077282773e-07 5.808867785526674e-07 5.484152414886533e-07 1.3272171069634786e-06 5.60568405146155e-07 0.0032353219009667376 5.912101303569368e-07 6.050818114102312e-07 5.814125547909344e-07 6.49115026621393e-05 5.734648124063422e-07 0.017227930663031073 1.5615446308073707e-06 6.192116558421824e-05 7.520437641080778e-07 0.006360333817790988 8.38558643145724e-07 0.011704983857502078 5.697919691583008e-07 0.00010604280916821365 0.00022955439924179154 1.6302672933708788e-05 0.0047383094133310825 0.19781095666872908 0.1354041113260424 0.3346391078738993 5.337716212881178e-07 5.786715064268131e-07
12 1.5916411876661113e-06 0.006584097102839267 1.592452259948939e-06 1.6034475558640105e-06 1.512595437036255e-06 2.7682538074429534e-06 1.45748715623115e-06 0.00762510831888265 1.5919015947187367e-06 1.5999075460467981e-06 1.5696891481887234e-06 0.004945989684545974 1.5102903905403346e-06 0.14341797123361724 1.0480509701585337e-05 0.0012973520780220015 4.5181895526314135e-06 0.022881993171428625 3.005975122795241e-06 0.06402801233166176 1.8508477734625618e-06 0.0002430373639752019 0.0017891349863035234 4.432671762049536e-05 0.04208100870863002 0.30684230093308285 0.1397156755009934 0.13666584555566919 1.54820305111757e-06 1.3986161776185725e-06
13 1.5916411876661113e-06 0.006584097102839267 1.592452259948939e-06 1.6034475558640105e-06 1.512595437036255e-06 2.7682538074429534e-06 1.45748715623115e-06 0.00762510831888265 1.5919015947187367e-06 1.5999075460467981e-06 1.5696891481887234e-06 0.004945989684545974 1.5102903905403346e-06 0.14341797123361724 1.0480509701585337e-05 0.0012973520780220015 4.5181895526314135e-06 0.022881993171428625 3.005975122795241e-06 0.06402801233166176 1.8508477734625618e-06 0.0002430373639752019 0.0017891349863035234 4.432671762049536e-05 0.04208100870863002 0.30684230093308285 0.1397156755009934 0.13666584555566919 1.54820305111757e-06 1.3986161776185725e-06
14 1.5916411876661113e-06 0.006584097102839267 1.592452259948939e-06 1.6034475558640105e-06 1.512595437036255e-06 2.7682538074429534e-06 1.45748715623115e-06 0.00762510831888265 1.5919015947187367e-06 1.5999075460467981e-06 1.5696891481887234e-06 0.004945989684545974 1.5102903905403346e-06 0.14341797123361724 1.0480509701585337e-05 0.0012973520780220015 4.5181895526314135e-06 0.022881993171428625 3.005975122795241e-06 0.06402801233166176 1.8508477734625618e-06 0.0002430373639752019 0.0017891349863035234 4.432671762049536e-05 0.04208100870863002 0.30684230093308285 0.1397156755009934 0.13666584555566919 1.54820305111757e-06 1.3986161776185725e-06
15 1.5916411876661113e-06 0.006584097102839267 1.592452259948939e-06 1.6034475558640105e-06 1.512595437036255e-06 2.7682538074429534e-06 1.45748715623115e-06 0.00762510831888265 1.5919015947187367e-06 1.5999075460467981e-06 1.5696891481887234e-06 0.004945989684545974 1.5102903905403346e-06 0.14341797123361724 1.0480509701585337e-05 0.0012973520780220015 4.5181895526314135e-06 0.022881993171428625 3.005975122795241e-06 0.06402801233166176 1.8508477734625618e-06 0.0002430373639752019 0.0017891349863035234 4.432671762049536e-05 0.04208100870863002 0.30684230093308285 0.1397156755009934 0.13666584555566919 1.54820305111757e-06 1.3986161776185725e-06
16 1.5916411876661113e-06 0.006584097102839267 1.592452259948939e-06 1.6034475558640105e-06 1.512595437036255e-06 2.7682538074429534e-06 1.45748715623115e-06 0.00762510831888265 1.5919015947187367e-06 1.5999075460467981e-06 1.5696891481887234e-06 0.004945989684545974 1.5102903905403346e-06 0.14341797123361724 1.0480509701585337e-05 0.0012973520780220015 4.5181895526314135e-06 0.022881993171428625 3.005975122795241e-06 0.06402801233166176 1.8508477734625618e-06 0.0002430373639752019 0.0017891349863035234 4.432671762049536e-05 0.04208100870863002 0.30684230093308285 0.1397156755009934 0.13666584555566919 1.54820305111757e-06 1.3986161776185725e-06
17 1.5916411876661113e-06 0.006584097102839267 1.592452259948939e-06 1.6034475558640105e-06 1.512595437036255e-06 2.7682538074429534e-06 1.45748715623115e-06 0.00762510831888265 1.5919015947187367e-06 1.5999075460467981e-06 1.5696891481887234e-06 0.004945989684545974 1.5102903905403346e-06 0.14341797123361724 1.0480509701585337e-05 0.0012973520780220015 4.5181895526314135e-06 0.022881993171428625 3.005975122795241e-06 0.06402801233166176 1.8508477734625618e-06 0.0002430373639752019 0.0017891349863035234 4.432671762049536e-05 0.04208100870863002 0.30684230093308285 0.1397156755009934 0.13666584555566919 1.54820305111757e-06 1.3986161776185725e-06
18 1.5916411876661113e-06 0.006584097102839267 1.592452259948939e-06 1.6034475558640105e-06 1.512595437036255e-06 2.7682538074429534e-06 1.45748715623115e-06 0.00762510831888265 1.5919015947187367e-06 1.5999075460467981e-06 1.5696891481887234e-06 0.004945989684545974 1.5102903905403346e-06 0.14341797123361724 1.0480509701585337e-05 0.0012973520780220015 4.5181895526314135e-06 0.022881993171428625 3.005975122795241e-06 0.06402801233166176 1.8508477734625618e-06 0.0002430373639752019 0.0017891349863035234 4.432671762049536e-05 0.04208100870863002 0.30684230093308285 0.1397156755009934 0.13666584555566919 1.54820305111757e-06 1.3986161776185725e-06
19 1.5916411876661113e-06 0.006584097102839267 1.592452259948939e-06 1.6034475558640105e-06 1.512595437036255e-06 2.7682538074429534e-06 1.45748715623115e-06 0.00762510831888265 1.5919015947187367e-06 1.5999075460467981e-06 1.5696891481887234e-06 0.004945989684545974 1.5102903905403346e-06 0.14341797123361724 1.0480509701585337e-05 0.0012973520780220015 4.5181895526314135e-06 0.022881993171428625 3.005975122795241e-06 0.06402801233166176 1.8508477734625618e-06 0.0002430373639752019 0.0017891349863035234 4.432671762049536e-05 0.04208100870863002 0.30684230093308285 0.1397156755009934 0.13666584555566919 1.54820305111757e-06 1.3986161776185725e-06
20 1.5916411876661113e-06 0.006584097102839267 1.592452259948939e-06 1.6034475558640105e-06 1.512595437036255e-06 2.7682538074429534e-06 1.45748715623115e-06 0.00762510831888265 1.5919015947187367e-06 1.5999075460467981e-06 1.5696891481887234e-06 0.004945989684545974 1.5102903905403346e-06 0.14341797123361724 1.0480509701585337e-05 0.0012973520780220015 4.5181895526314135e-06 0.022881993171428625 3.005975122795241e-06 0.06402801233166176 1.8508477734625618e-06 0.0002430373639752019 0.0017891349863035234 4.432671762049536e-05 0.04208100870863002 0.30684230093308285 0.1397156755009934 0.13666584555566919 1.54820305111757e-06 1.3986161776185725e-06
21 1.5916411876661113e-06 0.006584097102839267 1.592452259948939e-06 1.6034475558640105e-06 1.512595437036255e-06 2.7682538074429534e-06 1.45748715623115e-06 0.00762510831888265 1.5919015947187367e-06 1.5999075460467981e-06 1.5696891481887234e-06 0.004945989684545974 1.5102903905403346e-06 0.14341797123361724 1.0480509701585337e-05 0.0012973520780220015 4.5181895526314135e-06 0.022881993171428625 3.005975122795241e-06 0.06402801233166176 1.8508477734625618e-06 0.0002430373639752019 0.0017891349863035234 4.432671762049536e-05 0.04208100870863002 0.30684230093308285 0.1397156755009934 0.13666584555566919 1.54820305111757e-06 1.3986161776185725e-06
22 4.560939162702797e-07 4.871835797421135e-07 4.822734374338031e-07 4.402749381007901e-07 5.143823615314652e-07 1.2277094323749248e-06 4.861555046127126e-07 0.0024370900484958755 4.746869990153354e-07 4.795751868906019e-07 5.126035939003911e-07 0.20079883884268443 5.561770084153048e-07 0.4423029097242096 6.4493925869981864e-06 0.09241517777838824 1.1514332480677641e-06 0.024055209027664747 9.604184596953932e-07 0.15960430204354067 3.6919351718079e-07 7.124112205660171e-05 0.00023302246130221574 3.7886337860305104e-05 0.003202540234113223 0.04053961674924564 0.009559378316841094 0.01386509442339903 4.1635513050946265e-07 4.1536340432728717e-07
23 4.560939162702797e-07 4.871835797421135e-07 4.822734374338031e-07 4.402749381007901e-07 5.143823615314652e-07 1.2277094323749248e-06 4.861555046127126e-07 0.0024370900484958755 4.746869990153354e-07 4.795751868906019e-07 5.126035939003911e-07 0.20079883884268443 5.561770084153048e-07 0.4423029097242096 6.4493925869981864e-06 0.09241517777838824 1.1514332480677641e-06 0.024055209027664747 9.604184596953932e-07 0.15960430204354067 3.6919351718079e-07 7.124112205660171e-05 0.00023302246130221574 3.7886337860305104e-05 0.003202540234113223 0.04053961674924564 0.009559378316841094 0.01386509442339903 4.1635513050946265e-07 4.1536340432728717e-07
24 4.560939162702797e-07 4.871835797421135e-07 4.822734374338031e-07 4.402749381007901e-07 5.143823615314652e-07 1.2277094323749248e-06 4.861555046127126e-07 0.0024370900484958755 4.746869990153354e-07 4.795751868906019e-07 5.126035939003911e-07 0.20079883884268443 5.561770084153048e-07 0.4423029097242096 6.4493925869981864e-06 0.09241517777838824 1.1514332480677641e-06 0.024055209027664747 9.604184596953932e-07 0.15960430204354067 3.6919351718079e-07 7.124112205660171e-05 0.00023302246130221574 3.7886337860305104e-05 0.003202540234113223 0.04053961674924564 0.009559378316841094 0.01386509442339903 4.1635513050946265e-07 4.1536340432728717e-07
25 4.560939162702797e-07 4.871835797421135e-07 4.822734374338031e-07 4.402749381007901e-07 5.143823615314652e-07 1.2277094323749248e-06 4.861555046127126e-07 0.0024370900484958755 4.746869990153354e-07 4.795751868906019e-07 5.126035939003911e-07 0.20079883884268443 5.561770084153048e-07 0.4423029097242096 6.4493925869981864e-06 0.09241517777838824 1.1514332480677641e-06 0.024055209027664747 9.604184596953932e-07 0.15960430204354067 3.6919351718079e-07 7.124112205660171e-05 0.00023302246130221574 3.7886337860305104e-05 0.003202540234113223 0.04053961674924564 0.009559378316841094 0.01386509442339903 4.1635513050946265e-07 4.1536340432728717e-07
26 4.560939162702797e-07 4.871835797421135e-07 4.822734374338031e-07 4.402749381007901e-07 5.143823615314652e-07 1.2277094323749248e-06 4.861555046127126e-07 0.0024370900484958755 4.746869990153354e-07 4.795751868906019e-07 5.126035939003911e-07 0.20079883884268443 5.561770084153048e-07 0.4423029097242096 6.4493925869981864e-06 0.09241517777838824 1.1514332480677641e-06 0.024055209027664747 9.604184596953932e-07 0.15960430204354067 3.6919351718079e-07 7.124112205660171e-05 0.00023302246130221574 3.7886337860305104e-05 0.003202540234113223 0.04053961674924564 0.009559378316841094 0.01386509442339903 4.1635513050946265e-07 4.1536340432728717e-07
27 4.560939162702797e-07 4.871835797421135e-07 4.822734374338031e-07 4.402749381007901e-07 5.143823615314652e-07 1.2277094323749248e-06 4.861555046127126e-07 0.0024370900484958755 4.746869990153354e-07 4.795751868906019e-07 5.126035939003911e-07 0.20079883884268443 5.561770084153048e-07 0.4423029097242096 6.4493925869981864e-06 0.09241517777838824 1.1514332480677641e-06 0.024055209027664747 9.604184596953932e-07 0.15960430204354067 3.6919351718079e-07 7.124112205660171e-05 0.00023302246130221574 3.7886337860305104e-05 0.003202540234113223 0.04053961674924564 0.009559378316841094 0.01386509442339903 4.1635513050946265e-07 4.1536340432728717e-07
28 4.560939162702797e-07 4.871835797421135e-07 4.822734374338031e-07 4.402749381007901e-07 5.143823615314652e-07 1.2277094323749248e-06 4.861555046127126e-07 0.0024370900484958755 4.746869990153354e-07 4.795751868906019e-07 5.126035939003911e-07 0.20079883884268443 5.561770084153048e-07 0.4423029097242096 6.4493925869981864e-06 0.09241517777838824 1.1514332480677641e-06 0.024055209027664747 9.604184596953932e-07 0.15960430204354067 3.6919351718079e-07 7.124112205660171e-05 0.00023302246130221574 3.7886337860305104e-05 0.003202540234113223 0.04053961674924564 0.009559378316841094 0.01386509442339903 4.1635513050946265e-07 4.1536340432728717e-07
29 4.560939162702797e-07 4.871835797421135e-07 4.822734374338031e-07 4.402749381007901e-07 5.143823615314652e-07 1.2277094323749248e-06 4.861555046127126e-07 0.0024370900484958755 4.746869990153354e-07 4.795751868906019e-07 5.126035939003911e-07 0.20079883884268443 5.561770084153048e-07 0.4423029097242096 6.4493925869981864e-06 0.09241517777838824 1.1514332480677641e-06 0.024055209027664747 9.604184596953932e-07 0.15960430204354067 3.6919351718079e-07 7.124112205660171e-05 0.00023302246130221574 3.7886337860305104e-05 0.003202540234113223 0.04053961674924564 0.009559378316841094 0.01386509442339903 4.1635513050946265e-07 4.1536340432728717e-07
30 4.560939162702797e-07 4.871835797421135e-07 4.822734374338031e-07 4.402749381007901e-07 5.143823615314652e-07 1.2277094323749248e-06 4.861555046127126e-07 0.0024370900484958755 4.746869990153354e-07 4.795751868906019e-07 5.126035939003911e-07 0.20079883884268443 5.561770084153048e-07 0.4423029097242096 6.4493925869981864e-06 0.09241517777838824 1.1514332480677641e-06 0.024055209027664747 9.604184596953932e-07 0.15960430204354067 3.6919351718079e-07 7.124112205660171e-05 0.00023302246130221574 3.7886337860305104e-05 0.003202540234113223 0.04053961674924564 0.009559378316841094 0.01386509442339903 4.1635513050946265e-07 4.1536340432728717e-07
31 4.560939162702797e-07 4.871835797421135e-07 4.822734374338031e-07 4.402749381007901e-07 5.143823615314652e-07 1.2277094323749248e-06 4.861555046127126e-07 0.0024370900484958755 4.746869990153354e-07 4.795751868906019e-07 5.126035939003911e-07 0.20079883884268443 5.561770084153048e-07 0.4423029097242096 6.4493925869981864e-06 0.09241517777838824 1.1514332480677641e-06 0.024055209027664747 9.604184596953932e-07 0.15960430204354067 3.6919351718079e-07 7.124112205660171e-05 0.00023302246130221574 3.7886337860305104e-05 0.003202540234113223 0.04053961674924564 0.009559378316841094 0.01386509442339903 4.1635513050946265e-07 4.1536340432728717e-07
32 2.0576326549888067e-07 2.441304094854474e-07 2.2627952177898284e-07 1.7350221333646475e-07 2.0658816507161331e-07 5.013482721821678e-06 2.2482904564708504e-07 0.8169084117507132 2.29148216698248e-07 6.622813687658597e-07 1.9969682960288214e-07 0.019413419122001965 1.7579926366383378e-07 0.07927516220680754 2.0977512025679382e-05 3.640140326500058e-05 1.1882224842973471e-05 0.008530944827869097 1.07227185988663e-05 0.0033863213925764087 1.9454221781939682e-07 1.56168522700775e-05 1.4210468446186727e-05 1.8371390832530474e-05 0.00018298416211818253 0.00385892901009354 0.005137936432674429 0.003433398104603828 1.7785059117180035e-07 2.2118134619107204e-07
33 2.0576326549888067e-07 2.441304094854474e-07 2.2627952177898284e-07 1.7350221333646475e-07 2.0658816507161331e-07 5.013482721821678e-06 2.2482904564708504e-07 0.8169084117507132 2.29148216698248e-07 6.622813687658597e-07 1.9969682960288214e-07 0.019413419122001965 1.7579926366383378e-07 0.07927516220680754 2.0977512025679382e-05 3.640140326500058e-05 1.1882224842973471e-05 0.008530944827869097 1.07227185988663e-05 0.0033863213925764087 1.9454221781939682e-07 1.56168522700775e-05 1.4210468446186727e-05 1.8371390832530474e-05 0.00018298416211818253 0.00385892901009354 0.005137936432674429 0.003433398104603828 1.7785059117180035e-07 2.2118134619107204e-07
34 2.0576326549888067e-07 2.441304094854474e-07 2.2627952177898284e-07 1.7350221333646475e-07 2.0658816507161331e-07 5.013482721821678e-06 2.2482904564708504e-07 0.8169084117507132 2.29148216698248e-07 6.622813687658597e-07 1.9969682960288214e-07 0.019413419122001965 1.7579926366383378e-07 0.07927516220680754 2.0977512025679382e-05 3.640140326500058e-05 1.1882224842973471e-05 0.008530944827869097 1.07227185988663e-05 0.0033863213925764087 1.9454221781939682e-07 1.56168522700775e-05 1.4210468446186727e-05 1.8371390832530474e-05 0.00018298416211818253 0.00385892901009354 0.005137936432674429 0.003433398104603828 1.7785059117180035e-07 2.2118134619107204e-07
35 2.0576326549888067e-07 2.441304094854474e-07 2.2627952177898284e-07 1.7350221333646475e-07 2.0658816507161331e-07 5.013482721821678e-06 2.2482904564708504e-07 0.8169084117507132 2.29148216698248e-07 6.622813687658597e-07 1.9969682960288214e-07 0.019413419122001965 1.7579926366383378e-07 0.07927516220680754 2.0977512025679382e-05 3.640140326500058e-05 1.1882224842973471e-05 0.008530944827869097 1.07227185988663e-05 0.0033863213925764087 1.9454221781939682e-07 1.56168522700775e-05 1.4210468446186727e-05 1.8371390832530474e-05 0.00018298416211818253 0.00385892901009354 0.005137936432674429 0.003433398104603828 1.7785059117180035e-07 2.2118134619107204e-07
36 2.0576326549888067e-07 2.441304094854474e-07 2.2627952177898284e-07 1.7350221333646475e-07 2.0658816507161331e-07 5.013482721821678e-06 2.2482904564708504e-07 0.8169084117507132 2.29148216698248e-07 6.622813687658597e-07 1.9969682960288214e-07 0.019413419122001965 1.7579926366383378e-07 0.07927516220680754 2.0977512025679382e-05 3.640140326500058e-05 1.1882224842973471e-05 0.008530944827869097 1.07227185988663e-05 0.0033863213925764087 1.9454221781939682e-07 1.56168522700775e-05 1.4210468446186727e-05 1.8371390832530474e-05 0.00018298416211818253 0.00385892901009354 0.005137936432674429 0.003433398104603828 1.7785059117180035e-07 2.2118134619107204e-07
37 2.0576326549888067e-07 2.441304094854474e-07 2.2627952177898284e-07 1.7350221333646475e-07 2.0658816507161331e-07 5.013482721821678e-06 2.2482904564708504e-07 0.8169084117507132 2.29148216698248e-07 6.622813687658597e-07 1.9969682960288214e-07 0.019413419122001965 1.7579926366383378e-07 0.07927516220680754 2.0977512025679382e-05 3.640140326500058e-05 1.1882224842973471e-05 0.008530944827869097 1.07227185988663e-05 0.0033863213925764087 1.9454221781939682e-07 1.56168522700775e-05 1.4210468446186727e-05 1.8371390832530474e-05 0.00018298416211818253 0.00385892901009354 0.005137936432674429 0.003433398104603828 1.7785059117180035e-07 2.2118134619107204e-07
38 2.0576326549888067e-07 2.441304094854474e-07 2.2627952177898284e-07 1.7350221333646475e-07 2.0658816507161331e-07 5.013482721821678e-06 2.2482904564708504e-07 0.8169084117507132 2.29148216698248e-07 6.622813687658597e-07 1.9969682960288214e-07 0.019413419122001965 1.7579926366383378e-07 0.07927516220680754 2.0977512025679382e-05 3.640140326500058e-05 1.1882224842973471e-05 0.008530944827869097 1.07227185988663e-05 0.0033863213925764087 1.9454221781939682e-07 1.56168522700775e-05 1.4210468446186727e-05 1.8371390832530474e-05 0.00018298416211818253 0.00385892901009354 0.005137936432674429 0.003433398104603828 1.7785059117180035e-07 2.2118134619107204e-07
39 2.0576326549888067e-07 2.441304094854474e-07 2.2627952177898284e-07 1.7350221333646475e-07 2.0658816507161331e-07 5.013482721821678e-06 2.2482904564708504e-07 0.8169084117507132 2.29148216698248e-07 6.622813687658597e-07 1.9969682960288214e-07 0.019413419122001965 1.7579926366383378e-07 0.07927516220680754 2.0977512025679382e-05 3.640140326500058e-05 1.1882224842973471e-05 0.008530944827869097 1.07227185988663e-05 0.0033863213925764087 1.9454221781939682e-07 1.56168522700775e-05 1.4210468446186727e-05 1.8371390832530474e-05 0.00018298416211818253 0.00385892901009354 0.005137936432674429 0.003433398104603828 1.7785059117180035e-07 2.2118134619107204e-07
40 2.0576326549888067e-07 2.441304094854474e-07 2.2627952177898284e-07 1.7350221333646475e-07 2.0658816507161331e-07 5.013482721821678e-06 2.2482904564708504e-07 0.8169084117507132 2.29148216698248e-07 6.622813687658597e-07 1.9969682960288214e-07 0.019413419122001965 1.7579926366383378e-07 0.07927516220680754 2.0977512025679382e-05 3.640140326500058e-05 1.1882224842973471e-05 0.008530944827869097 1.07227185988663e-05 0.0033863213925764087 1.9454221781939682e-07 1.56168522700775e-05 1.4210468446186727e-05 1.8371390832530474e-05 0.00018298416211818253 0.00385892901009354 0.005137936432674429 0.003433398104603828 1.7785059117180035e-07 2.2118134619107204e-07
41 2.0576326549888067e-07 2.441304094854474e-07 2.2627952177898284e-07 1.7350221333646475e-07 2.0658816507161331e-07 5.013482721821678e-06 2.2482904564708504e-07 0.8169084117507132 2.29148216698248e-07 6.622813687658597e-07 1.9969682960288214e-07 0.019413419122001965 1.7579926366383378e-07 0.07927516220680754 2.0977512025679382e-05 3.640140326500058e-05 1.1882224842973471e-05 0.008530944827869097 1.07227185988663e-05 0.0033863213925764087 1.9454221781939682e-07 1.56168522700775e-05 1.4210468446186727e-05 1.8371390832530474e-05 0.00018298416211818253 0.00385892901009354 0.005137936432674429 0.003433398104603828 1.7785059117180035e-07 2.2118134619107204e-07
42 2.0576326549888067e-07 2.441304094854474e-07 2.2627952177898284e-07 1.7350221333646475e-07 2.0658816507161331e-07 5.013482721821678e-06 2.2482904564708504e-07 0.8169084117507132 2.29148216698248e-07 6.622813687658597e-07 1.9969682960288214e-07 0.019413419122001965 1.7579926366383378e-07 0.07927516220680754 2.0977512025679382e-05 3.640140326500058e-05 1.1882224842973471e-05 0.008530944827869097 1.07227185988663e-05 0.0033863213925764087 1.9454221781939682e-07 1.56168522700775e-05 1.4210468446186727e-05 1.8371390832530474e-05 0.00018298416211818253 0.00385892901009354 0.005137936432674429 0.003433398104603828 1.7785059117180035e-07 2.2118134619107204e-07
43 2.0576326549888067e-07 2.441304094854474e-07 2.2627952177898284e-07 1.7350221333646475e-07 2.0658816507161331e-07 5.013482721821678e-06 2.2482904564708504e-07 0.8169084117507132 2.29148216698248e-07 6.622813687658597e-07 1.9969682960288214e-07 0.019413419122001965 1.7579926366383378e-07 0.07927516220680754 2.0977512025679382e-05 3.640140326500058e-05 1.1882224842973471e-05 0.008530944827869097 1.07227185988663e-05 0.0033863213925764087 1.9454221781939682e-07 1.56168522700775e-05 1.4210468446186727e-05 1.8371390832530474e-05 0.00018298416211818253 0.00385892901009354 0.005137936432674429 0.003433398104603828 1.7785059117180035e-07 2.2118134619107204e-07
44 2.0576326549888067e-07 2.441304094854474e-07 2.2627952177898284e-07 1.7350221333646475e-07 2.0658816507161331e-07 5.013482721821678e-06 2.2482904564708504e-07 0.8169084117507132 2.29148216698248e-07 6.622813687658597e-07 1.9969682960288214e-07 0.019413419122001965 1.7579926366383378e-07 0.07927516220680754 2.0977512025679382e-05 3.640140326500058e-05 1.1882224842973471e-05 0.008530944827869097 1.07227185988663e-05 0.0033863213925764087 1.9454221781939682e-07 1.56168522700775e-05 1.4210468446186727e-05 1.8371390832530474e-05 0.00018298416211818253 0.00385892901009354 0.005137936432674429 0.003433398104603828 1.7785059117180035e-07 2.2118134619107204e-07
45 1.43738380143705e-06 1.407297776809215e-06 1.533882064418756e-06 1.47023423694824e-06 1.4427913481376894e-06 0.11853736825305992 1.3311428469754582e-06 0.48813999524812496 1.4134128374796442e-06 0.07025315928187047 0.0006025479687502783 0.13320664946109084 1.5329257720941599e-06 0.00018802710812825538 0.00022394889104879385 0.00018233407328985604 4.6200139580935614e-05 0.004549768122447406 1.120006548636409e-05 0.0023444598568352483 1.7853183141862569e-06 2.0499161966519662e-05 2.7199341609094684e-06 1.502429326351357e-05 4.505824389482539e-05 0.005192526974205275 0.0009788947688909458 0.0027953498327870753 1.4612446007326959e-06 1.5143984423793491e-06
46 1.43738380143705e-06 1.407297776809215e-06 1.533882064418756e-06 1.47023423694824e-06 1.4427913481376894e-06 0.11853736825305992 1.3311428469754582e-06 0.48813999524812496 1.4134128374796442e-06 0.07025315928187047 0.0006025479687502783 0.13320664946109084 1.5329257720941599e-06 0.00018802710812825538 0.00022394889104879385 0.00018233407328985604 4.6200139580935614e-05 0.004549768122447406 1.120006548636409e-05 0.0023444598568352483 1.7853183141862569e-06 2.0499161966519662e-05 2.7199341609094684e-06 1.502429326351357e-05 4.505824389482539e-05 0.005192526974205275 0.0009788947688909458 0.0027953498327870753 1.4612446007326959e-06 1.5143984423793491e-06
47 1.43738380143705e-06 1.407297776809215e-06 1.533882064418756e-06 1.47023423694824e-06 1.4427913481376894e-06 0.11853736825305992 1.3311428469754582e-06 0.48813999524812496 1.4134128374796442e-06 0.07025315928187047 0.0006025479687502783 0.13320664946109084 1.5329257720941599e-06 0.00018802710812825538 0.00022394889104879385 0.00018233407328985604 4.6200139580935614e-05 0.004549768122447406 1.120006548636409e-05 0.0023444598568352483 1.7853183141862569e-06 2.0499161966519662e-05 2.7199341609094684e-06 1.502429326351357e-05 4.505824389482539e-05 0.005192526974205275 0.0009788947688909458 0.0027953498327870753 1.4612446007326959e-06 1.5143984423793491e-06
48 1.43738380143705e-06 1.407297776809215e-06 1.533882064418756e-06 1.47023423694824e-06 1.4427913481376894e-06 0.11853736825305992 1.3311428469754582e-06 0.48813999524812496 1.4134128374796442e-06 0.07025315928187047 0.0006025479687502783 0.13320664946109084 1.5329257720941599e-06 0.00018802710812825538 0.00022394889104879385 0.00018233407328985604 4.6200139580935614e-05 0.004549768122447406 1.120006548636409e-05 0.0023444598568352483 1.7853183141862569e-06 2.0499161966519662e-05 2.7199341609094684e-06 1.502429326351357e-05 4.505824389482539e-05 0.005192526974205275 0.0009788947688909458 0.0027953498327870753 1.4612446007326959e-06 1.5143984423793491e-06
49 1.43738380143705e-06 1.407297776809215e-06 1.533882064418756e-06 1.47023423694824e-06 1.4427913481376894e-06 0.11853736825305992 1.3311428469754582e-06 0.48813999524812496 1.4134128374796442e-06 0.07025315928187047 0.0006025479687502783 0.13320664946109084 1.5329257720941599e-06 0.00018802710812825538 0.00022394889104879385 0.00018233407328985604 4.6200139580935614e-05 0.004549768122447406 1.120006548636409e-05 0.0023444598568352483 1.7853183141862569e-06 2.0499161966519662e-05 2.7199341609094684e-06 1.502429326351357e-05 4.505824389482539e-05 0.005192526974205275 0.0009788947688909458 0.0027953498327870753 1.4612446007326959e-06 1.5143984423793491e-06
50 1.43738380143705e-06 1.407297776809215e-06 1.533882064418756e-06 1.47023423694824e-06 1.4427913481376894e-06 0.11853736825305992 1.3311428469754582e-06 0.48813999524812496 1.4134128374796442e-06 0.07025315928187047 0.0006025479687502783 0.13320664946109084 1.5329257720941599e-06 0.00018802710812825538 0.00022394889104879385 0.00018233407328985604 4.6200139580935614e-05 0.004549768122447406 1.120006548636409e-05 0.0023444598568352483 1.7853183141862569e-06 2.0499161966519662e-05 2.7199341609094684e-06 1.502429326351357e-05 4.505824389482539e-05 0.005192526974205275 0.0009788947688909458 0.0027953498327870753 1.4612446007326959e-06 1.5143984423793491e-06
51 1.43738380143705e-06 1.407297776809215e-06 1.533882064418756e-06 1.47023423694824e-06 1.4427913481376894e-06 0.11853736825305992 1.3311428469754582e-06 0.48813999524812496 1.4134128374796442e-06 0.07025315928187047 0.0006025479687502783 0.13320664946109084 1.5329257720941599e-06 0.00018802710812825538 0.00022394889104879385 0.00018233407328985604 4.6200139580935614e-05 0.004549768122447406 1.120006548636409e-05 0.0023444598568352483 1.7853183141862569e-06 2.0499161966519662e-05 2.7199341609094684e-06 1.502429326351357e-05 4.505824389482539e-05 0.005192526974205275 0.0009788947688909458 0.0027953498327870753 1.4612446007326959e-06 1.5143984423793491e-06
52 1.43738380143705e-06 1.407297776809215e-06 1.533882064418756e-06 1.47023423694824e-06 1.4427913481376894e-06 0.11853736825305992 1.3311428469754582e-06 0.48813999524812496 1.4134128374796442e-06 0.07025315928187047 0.0006025479687502783 0.13320664946109084 1.5329257720941599e-06 0.00018802710812825538 0.00022394889104879385 0.00018233407328985604 4.6200139580935614e-05 0.004549768122447406 1.120006548636409e-05 0.0023444598568352483 1.7853183141862569e-06 2.0499161966519662e-05 2.7199341609094684e-06 1.502429326351357e-05 4.505824389482539e-05 0.005192526974205275 0.0009788947688909458 0.0027953498327870753 1.4612446007326959e-06 1.5143984423793491e-06
53 1.43738380143705e-06 1.407297776809215e-06 1.533882064418756e-06 1.47023423694824e-06 1.4427913481376894e-06 0.11853736825305992 1.3311428469754582e-06 0.48813999524812496 1.4134128374796442e-06 0.07025315928187047 0.0006025479687502783 0.13320664946109084 1.5329257720941599e-06 0.00018802710812825538 0.00022394889104879385 0.00018233407328985604 4.6200139580935614e-05 0.004549768122447406 1.120006548636409e-05 0.0023444598568352483 1.7853183141862569e-06 2.0499161966519662e-05 2.7199341609094684e-06 1.502429326351357e-05 4.505824389482539e-05 0.005192526974205275 0.0009788947688909458 0.0027953498327870753 1.4612446007326959e-06 1.5143984423793491e-06
54 1.43738380143705e-06 1.407297776809215e-06 1.533882064418756e-06 1.47023423694824e-06 1.4427913481376894e-06 0.11853736825305992 1.3311428469754582e-06 0.48813999524812496 1.4134128374796442e-06 0.07025315928187047 0.0006025479687502783 0.13320664946109084 1.5329257720941599e-06 0.00018802710812825538 0.00022394889104879385 0.00018233407328985604 4.6200139580935614e-05 0.004549768122447406 1.120006548636409e-05 0.0023444598568352483 1.7853183141862569e-06 2.0499161966519662e-05 2.7199341609094684e-06 1.502429326351357e-05 4.505824389482539e-05 0.005192526974205275 0.0009788947688909458 0.0027953498327870753 1.4612446007326959e-06 1.5143984423793491e-06
55 1.43738380143705e-06 1.407297776809215e-06 1.533882064418756e-06 1.47023423694824e-06 1.4427913481376894e-06 0.11853736825305992 1.3311428469754582e-06 0.48813999524812496 1.4134128374796442e-06 0.07025315928187047 0.0006025479687502783 0.13320664946109084 1.5329257720941599e-06 0.00018802710812825538 0.00022394889104879385 0.00018233407328985604 4.6200139580935614e-05 0.004549768122447406 1.120006548636409e-05 0.0023444598568352483 1.7853183141862569e-06 2.0499161966519662e-05 2.7199341609094684e-06 1.502429326351357e-05 4.505824389482539e-05 0.005192526974205275 0.0009788947688909458 0.0027953498327870753 1.4612446007326959e-06 1.5143984423793491e-06
56 1.43738380143705e-06 1.407297776809215e-06 1.533882064418756e-06 1.47023423694824e-06 1.4427913481376894e-06 0.11853736825305992 1.3311428469754582e-06 0.48813999524812496 1.4134128374796442e-06 0.07025315928187047 0.0006025479687502783 0.13320664946109084 1.5329257720941599e-06 0.00018802710812825538 0.00022394889104879385 0.00018233407328985604 4.6200139580935614e-05 0.004549768122447406 1.120006548636409e-05 0.0023444598568352483 1.7853183141862569e-06 2.0499161966519662e-05 2.7199341609094684e-06 1.502429326351357e-05 4.505824389482539e-05 0.005192526974205275 0.0009788947688909458 0.0027953498327870753 1.4612446007326959e-06 1.5143984423793491e-06
57 1.43738380143705e-06 1.407297776809215e-06 1.533882064418756e-06 1.47023423694824e-06 1.4427913481376894e-06 0.11853736825305992 1.3311428469754582e-06 0.48813999524812496 1.4134128374796442e-06 0.07025315928187047 0.0006025479687502783 0.13320664946109084 1.5329257720941599e-06 0.00018802710812825538 0.00022394889104879385 0.00018233407328985604 4.6200139580935614e-05 0.004549768122447406 1.120006548636409e-05 0.0023444598568352483 1.7853183141862569e-06 2.0499161966519662e-05 2.7199341609094684e-06 1.502429326351357e-05 4.505824389482539e-05 0.005192526974205275 0.0009788947688909458 0.0027953498327870753 1.4612446007326959e-06 1.5143984423793491e-06
58 1.43738380143705e-06 1.407297776809215e-06 1.533882064418756e-06 1.47023423694824e-06 1.4427913481376894e-06 0.11853736825305992 1.3311428469754582e-06 0.48813999524812496 1.4134128374796442e-06 0.07025315928187047 0.0006025479687502783 0.13320664946109084 1.5329257720941599e-06 0.00018802710812825538 0.00022394889104879385 0.00018233407328985604 4.6200139580935614e-05 0.004549768122447406 1.120006548636409e-05 0.0023444598568352483 1.7853183141862569e-06 2.0499161966519662e-05 2.7199341609094684e-06 1.502429326351357e-05 4.505824389482539e-05 0.005192526974205275 0.0009788947688909458 0.0027953498327870753 1.4612446007326959e-06 1.5143984423793491e-06
59 1.43738380143705e-06 1.407297776809215e-06 1.533882064418756e-06 1.47023423694824e-06 1.4427913481376894e-06 0.11853736825305992 1.3311428469754582e-06 0.48813999524812496 1.4134128374796442e-06 0.07025315928187047 0.0006025479687502783 0.13320664946109084 1.5329257720941599e-06 0.00018802710812825538 0.00022394889104879385 0.00018233407328985604 4.6200139580935614e-05 0.004549768122447406 1.120006548636409e-05 0.0023444598568352483 1.7853183141862569e-06 2.0499161966519662e-05 2.7199341609094684e-06 1.502429326351357e-05 4.505824389482539e-05 0.005192526974205275 0.0009788947688909458 0.0027953498327870753 1.4612446007326959e-06 1.5143984423793491e-06
60 1.43738380143705e-06 1.407297776809215e-06 1.533882064418756e-06 1.47023423694824e-06 1.4427913481376894e-06 0.11853736825305992 1.3311428469754582e-06 0.48813999524812496 1.4134128374796442e-06 0.07025315928187047 0.0006025479687502783 0.13320664946109084 1.5329257720941599e-06 0.00018802710812825538 0.00022394889104879385 0.00018233407328985604 4.6200139580935614e-05 0.004549768122447406 1.120006548636409e-05 0.0023444598568352483 1.7853183141862569e-06 2.0499161966519662e-05 2.7199341609094684e-06 1.502429326351357e-05 4.505824389482539e-05 0.005192526974205275 0.0009788947688909458 0.0027953498327870753 1.4612446007326959e-06 1.5143984423793491e-06
61 1.43738380143705e-06 1.407297776809215e-06 1.533882064418756e-06 1.47023423694824e-06 1.4427913481376894e-06 0.11853736825305992 1.3311428469754582e-06 0.48813999524812496 1.4134128374796442e-06 0.07025315928187047 0.0006025479687502783 0.13320664946109084 1.5329257720941599e-06 0.00018802710812825538 0.00022394889104879385 0.00018233407328985604 4.6200139580935614e-05 0.004549768122447406 1.120006548636409e-05 0.0023444598568352483 1.7853183141862569e-06 2.0499161966519662e-05 2.7199341609094684e-06 1.502429326351357e-05 4.505824389482539e-05 0.005192526974205275 0.0009788947688909458 0.0027953498327870753 1.4612446007326959e-06 1.5143984423793491e-06
62 1.43738380143705e-06 1.407297776809215e-06 1.533882064418756e-06 1.47023423694824e-06 1.4427913481376894e-06 0.11853736825305992 1.3311428469754582e-06 0.48813999524812496 1.4134128374796442e-06 0.07025315928187047 0.0006025479687502783 0.13320664946109084 1.5329257720941599e-06 0.00018802710812825538 0.00022394889104879385 0.00018233407328985604 4.6200139580935614e-05 0.004549768122447406 1.120006548636409e-05 0.0023444598568352483 1.7853183141862569e-06 2.0499161966519662e-05 2.7199341609094684e-06 1.502429326351357e-05 4.505824389482539e-05 0.005192526974205275 0.0009788947688909458 0.0027953498327870753 1.4612446007326959e-06 1.5143984423793491e-06
63 1.43738380143705e-06 1.407297776809215e-06 1.533882064418756e-06 1.47023423694824e-06 1.4427913481376894e-06 0.11853736825305992 1.3311428469754582e-06 0.48813999524812496 1.4134128374796442e-06 0.07025315928187047 0.0006025479687502783 0.13320664946109084 1.5329257720941599e-06 0.00018802710812825538 0.00022394889104879385 0.00018233407328985604 4.6200139580935614e-05 0.004549768122447406 1.120006548636409e-05 0.0023444598568352483 1.7853183141862569e-06 2.0499161966519662e-05 2.7199341609094684e-06 1.502429326351357e-05 4.505824389482539e-05 0.005192526974205275 0.0009788947688909458 0.0027953498327870753 1.4612446007326959e-06 1.5143984423793491e-06
64 1.43738380143705e-06 1.407297776809215e-06 1.533882064418756e-06 1.47023423694824e-06 1.4427913481376894e-06 0.11853736825305992 1.3311428469754582e-06 0.48813999524812496 1.4134128374796442e-06 0.07025315928187047 0.0006025479687502783 0.13320664946109084 1.5329257720941599e-06 0.00018802710812825538 0.00022394889104879385 0.00018233407328985604 4.6200139580935614e-05 0.004549768122447406 1.120006548636409e-05 0.0023444598568352483 1.7853183141862569e-06 2.0499161966519662e-05 2.7199341609094684e-06 1.502429326351357e-05 4.505824389482539e-05 0.005192526974205275 0.0009788947688909458 0.0027953498327870753 1.4612446007326959e-06 1.5143984423793491e-06
65 1.43738380143705e-06 1.407297776809215e-06 1.533882064418756e-06 1.47023423694824e-06 1.4427913481376894e-06 0.11853736825305992 1.3311428469754582e-06 0.48813999524812496 1.4134128374796442e-06 0.07025315928187047 0.0006025479687502783 0.13320664946109084 1.5329257720941599e-06 0.00018802710812825538 0.00022394889104879385 0.00018233407328985604 4.6200139580935614e-05 0.004549768122447406 1.120006548636409e-05 0.0023444598568352483 1.7853183141862569e-06 2.0499161966519662e-05 2.7199341609094684e-06 1.502429326351357e-05 4.505824389482539e-05 0.005192526974205275 0.0009788947688909458 0.0027953498327870753 1.4612446007326959e-06 1.5143984423793491e-06
66 1.43738380143705e-06 1.407297776809215e-06 1.533882064418756e-06 1.47023423694824e-06 1.4427913481376894e-06 0.11853736825305992 1.3311428469754582e-06 0.48813999524812496 1.4134128374796442e-06 0.07025315928187047 0.0006025479687502783 0.13320664946109084 1.5329257720941599e-06 0.00018802710812825538 0.00022394889104879385 0.00018233407328985604 4.6200139580935614e-05 0.004549768122447406 1.120006548636409e-05 0.0023444598568352483 1.7853183141862569e-06 2.0499161966519662e-05 2.7199341609094684e-06 1.502429326351357e-05 4.505824389482539e-05 0.005192526974205275 0.0009788947688909458 0.0027953498327870753 1.4612446007326959e-06 1.5143984423793491e-06
67 1.43738380143705e-06 1.407297776809215e-06 1.533882064418756e-06 1.47023423694824e-06 1.4427913481376894e-06 0.11853736825305992 1.3311428469754582e-06 0.48813999524812496 1.4134128374796442e-06 0.07025315928187047 0.0006025479687502783 0.13320664946109084 1.5329257720941599e-06 0.00018802710812825538 0.00022394889104879385 0.00018233407328985604 4.6200139580935614e-05 0.004549768122447406 1.120006548636409e-05 0.0023444598568352483 1.7853183141862569e-06 2.0499161966519662e-05 2.7199341609094684e-06 1.502429326351357e-05 4.505824389482539e-05 0.005192526974205275 0.0009788947688909458 0.0027953498327870753 1.4612446007326959e-06 1.5143984423793491e-06
68 9.788979932526726e-07 9.335336277765879e-07 9.642338149395595e-07 9.862977996975015e-07 9.976903714793456e-07 0.07107174326907303 9.880417478133016e-07 0.4562530956500935 9.577216803695006e-07 0.050115372253737925 0.00040864325739415084 0.18381249540495537 9.546099868392756e-07 0.00012134497784587499 0.00014761235055417145 0.00012071437105960268 3.2988025624415414e-05 0.0030020880756986773 7.766449978762506e-06 0.0009263796520220099 1.157658628257807e-06 1.3470643179396442e-05 1.7306519036868812e-06 1.016189485862981e-05 2.881414211368662e-05 0.00370747275818269 0.0005948949586061348 0.0015695874677572068 9.86611894670105e-07 1.0120907590662192e-06
69 9.788979932526726e-07 9.335336277765879e-07 9.642338149395595e-07 9.862977996975015e-07 9.976903714793456e-07 0.07107174326907303 9.880417478133016e-07 0.4562530956500935 9.577216803695006e-07 0.050115372253737925 0.00040864325739415084 0.18381249540495537 9.546099868392756e-07 0.00012134497784587499 0.00014761235055417145 0.00012071437105960268 3.2988025624415414e-05 0.0030020880756986773 7.766449978762506e-06 0.0009263796520220099 1.157658628257807e-06 1.3470643179396442e-05 1.7306519036868812e-06 1.016189485862981e-05 2.881414211368662e-05 0.00370747275818269 0.0005948949586061348 0.0015695874677572068 9.86611894670105e-07 1.0120907590662192e-06
70 9.788979932526726e-07 9.335336277765879e-07 9.642338149395595e-07 9.862977996975015e-07 9.976903714793456e-07 0.07107174326907303 9.880417478133016e-07 0.4562530956500935 9.577216803695006e-07 0.050115372253737925 0.00040864325739415084 0.18381249540495537 9.546099868392756e-07 0.00012134497784587499 0.00014761235055417145 0.00012071437105960268 3.2988025624415414e-05 0.0030020880756986773 7.766449978762506e-06 0.0009263796520220099 1.157658628257807e-06 1.3470643179396442e-05 1.7306519036868812e-06 1.016189485862981e-05 2.881414211368662e-05 0.00370747275818269 0.0005948949586061348 0.0015695874677572068 9.86611894670105e-07 1.0120907590662192e-06
71 9.788979932526726e-07 9.335336277765879e-07 9.642338149395595e-07 9.862977996975015e-07 9.976903714793456e-07 0.07107174326907303 9.880417478133016e-07 0.4562530956500935 9.577216803695006e-07 0.050115372253737925 0.00040864325739415084 0.18381249540495537 9.546099868392756e-07 0.00012134497784587499 0.00014761235055417145 0.00012071437105960268 3.2988025624415414e-05 0.0030020880756986773 7.766449978762506e-06 0.0009263796520220099 1.157658628257807e-06 1.3470643179396442e-05 1.7306519036868812e-06 1.016189485862981e-05 2.881414211368662e-05 0.00370747275818269 0.0005948949586061348 0.0015695874677572068 9.86611894670105e-07 1.0120907590662192e-06
72 9.788979932526726e-07 9.335336277765879e-07 9.642338149395595e-07 9.862977996975015e-07 9.976903714793456e-07 0.07107174326907303 9.880417478133016e-07 0.4562530956500935 9.577216803695006e-07 0.050115372253737925 0.00040864325739415084 0.18381249540495537 9.546099868392756e-07 0.00012134497784587499 0.00014761235055417145 0.00012071437105960268 3.2988025624415414e-05 0.0030020880756986773 7.766449978762506e-06 0.0009263796520220099 1.157658628257807e-06 1.3470643179396442e-05 1.7306519036868812e-06 1.016189485862981e-05 2.881414211368662e-05 0.00370747275818269 0.0005948949586061348 0.0015695874677572068 9.86611894670105e-07 1.0120907590662192e-06
73 9.788979932526726e-07 9.335336277765879e-07 9.642338149395595e-07 9.862977996975015e-07 9.976903714793456e-07 0.07107174326907303 9.880417478133016e-07 0.4562530956500935 9.577216803695006e-07 0.050115372253737925 0.00040864325739415084 0.18381249540495537 9.546099868392756e-07 0.00012134497784587499 0.00014761235055417145 0.00012071437105960268 3.2988025624415414e-05 0.0030020880756986773 7.766449978762506e-06 0.0009263796520220099 1.157658628257807e-06 1.3470643179396442e-05 1.7306519036868812e-06 1.016189485862981e-05 2.881414211368662e-05 0.00370747275818269 0.0005948949586061348 0.0015695874677572068 9.86611894670105e-07 1.0120907590662192e-06
74 9.788979932526726e-07 9.335336277765879e-07 9.642338149395595e-07 9.862977996975015e-07 9.976903714793456e-07 0.07107174326907303 9.880417478133016e-07 0.4562530956500935 9.577216803695006e-07 0.050115372253737925 0.00040864325739415084 0.18381249540495537 9.546099868392756e-07 0.00012134497784587499 0.00014761235055417145 0.00012071437105960268 3.2988025624415414e-05 0.0030020880756986773 7.766449978762506e-06 0.0009263796520220099 1.157658628257807e-06 1.3470643179396442e-05 1.7306519036868812e-06 1.016189485862981e-05 2.881414211368662e-05 0.00370747275818269 0.0005948949586061348 0.0015695874677572068 9.86611894670105e-07 1.0120907590662192e-06
75 9.788979932526726e-07 9.335336277765879e-07 9.642338149395595e-07 9.862977996975015e-07 9.976903714793456e-07 0.07107174326907303 9.880417478133016e-07 0.4562530956500935 9.577216803695006e-07 0.050115372253737925 0.00040864325739415084 0.18381249540495537 9.546099868392756e-07 0.00012134497784587499 0.00014761235055417145 0.00012071437105960268 3.2988025624415414e-05 0.0030020880756986773 7.766449978762506e-06 0.0009263796520220099 1.157658628257807e-06 1.3470643179396442e-05 1.7306519036868812e-06 1.016189485862981e-05 2.881414211368662e-05 0.00370747275818269 0.0005948949586061348 0.0015695874677572068 9.86611894670105e-07 1.0120907590662192e-06
76 9.788979932526726e-07 9.335336277765879e-07 9.642338149395595e-07 9.862977996975015e-07 9.976903714793456e-07 0.07107174326907303 9.880417478133016e-07 0.4562530956500935 9.577216803695006e-07 0.050115372253737925 0.00040864325739415084 0.18381249540495537 9.546099868392756e-07 0.00012134497784587499 0.00014761235055417145 0.00012071437105960268 3.2988025624415414e-05 0.0030020880756986773 7.766449978762506e-06 0.0009263796520220099 1.157658628257807e-06 1.3470643179396442e-05 1.7306519036868812e-06 1.016189485862981e-05 2.881414211368662e-05 0.00370747275818269 0.0005948949586061348 0.0015695874677572068 9.86611894670105e-07 1.0120907590662192e-06
77 9.788979932526726e-07 9.335336277765879e-07 9.642338149395595e-07 9.862977996975015e-07 9.976903714793456e-07 0.07107174326907303 9.880417478133016e-07 0.4562530956500935 9.577216803695006e-07 0.050115372253737925 0.00040864325739415084 0.18381249540495537 9.546099868392756e-07 0.00012134497784587499 0.00014761235055417145 0.00012071437105960268 3.2988025624415414e-05 0.0030020880756986773 7.766449978762506e-06 0.0009263796520220099 1.157658628257807e-06 1.3470643179396442e-05 1.7306519036868812e-06 1.016189485862981e-05 2.881414211368662e-05 0.00370747275818269 0.0005948949586061348 0.0015695874677572068 9.86611894670105e-07 1.0120907590662192e-06
78 9.788979932526726e-07 9.335336277765879e-07 9.642338149395595e-07 9.862977996975015e-07 9.976903714793456e-07 0.07107174326907303 9.880417478133016e-07 0.4562530956500935 9.577216803695006e-07 0.050115372253737925 0.00040864325739415084 0.18381249540495537 9.546099868392756e-07 0.00012134497784587499 0.00014761235055417145 0.00012071437105960268 3.2988025624415414e-05 0.0030020880756986773 7.766449978762506e-06 0.0009263796520220099 1.157658628257807e-06 1.3470643179396442e-05 1.7306519036868812e-06 1.016189485862981e-05 2.881414211368662e-05 0.00370747275818269 0.0005948949586061348 0.0015695874677572068 9.86611894670105e-07 1.0120907590662192e-06
79 9.788979932526726e-07 9.335336277765879e-07 9.642338149395595e-07 9.862977996975015e-07 9.976903714793456e-07 0.07107174326907303 9.880417478133016e-07 0.4562530956500935 9.577216803695006e-07 0.050115372253737925 0.00040864325739415084 0.18381249540495537 9.546099868392756e-07 0.00012134497784587499 0.00014761235055417145 0.00012071437105960268 3.2988025624415414e-05 0.0030020880756986773 7.766449978762506e-06 0.0009263796520220099 1.157658628257807e-06 1.3470643179396442e-05 1.7306519036868812e-06 1.016189485862981e-05 2.881414211368662e-05 0.00370747275818269 0.0005948949586061348 0.0015695874677572068 9.86611894670105e-07 1.0120907590662192e-06
80 9.788979932526726e-07 9.335336277765879e-07 9.642338149395595e-07 9.862977996975015e-07 9.976903714793456e-07 0.07107174326907303 9.880417478133016e-07 0.4562530956500935 9.577216803695006e-07 0.050115372253737925 0.00040864325739415084 0.18381249540495537 9.546099868392756e-07 0.00012134497784587499 0.00014761235055417145 0.00012071437105960268 3.2988025624415414e-05 0.0030020880756986773 7.766449978762506e-06 0.0009263796520220099 1.157658628257807e-06 1.3470643179396442e-05 1.7306519036868812e-06 1.016189485862981e-05 2.881414211368662e-05 0.00370747275818269 0.0005948949586061348 0.0015695874677572068 9.86611894670105e-07 1.0120907590662192e-06
81 9.788979932526726e-07 9.335336277765879e-07 9.642338149395595e-07 9.862977996975015e-07 9.976903714793456e-07 0.07107174326907303 9.880417478133016e-07 0.4562530956500935 9.577216803695006e-07 0.050115372253737925 0.00040864325739415084 0.18381249540495537 9.546099868392756e-07 0.00012134497784587499 0.00014761235055417145 0.00012071437105960268 3.2988025624415414e-05 0.0030020880756986773 7.766449978762506e-06 0.0009263796520220099 1.157658628257807e-06 1.3470643179396442e-05 1.7306519036868812e-06 1.016189485862981e-05 2.881414211368662e-05 0.00370747275818269 0.0005948949586061348 0.0015695874677572068 9.86611894670105e-07 1.0120907590662192e-06
82 9.788979932526726e-07 9.335336277765879e-07 9.642338149395595e-07 9.862977996975015e-07 9.976903714793456e-07 0.07107174326907303 9.880417478133016e-07 0.4562530956500935 9.577216803695006e-07 0.050115372253737925 0.00040864325739415084 0.18381249540495537 9.546099868392756e-07 0.00012134497784587499 0.00014761235055417145 0.00012071437105960268 3.2988025624415414e-05 0.0030020880756986773 7.766449978762506e-06 0.0009263796520220099 1.157658628257807e-06 1.3470643179396442e-05 1.7306519036868812e-06 1.016189485862981e-05 2.881414211368662e-05 0.00370747275818269 0.0005948949586061348 0.0015695874677572068 9.86611894670105e-07 1.0120907590662192e-06
83 9.788979932526726e-07 9.335336277765879e-07 9.642338149395595e-07 9.862977996975015e-07 9.976903714793456e-07 0.07107174326907303 9.880417478133016e-07 0.4562530956500935 9.577216803695006e-07 0.050115372253737925 0.00040864325739415084 0.18381249540495537 9.546099868392756e-07 0.00012134497784587499 0.00014761235055417145 0.00012071437105960268 3.2988025624415414e-05 0.0030020880756986773 7.766449978762506e-06 0.0009263796520220099 1.157658628257807e-06 1.3470643179396442e-05 1.7306519036868812e-06 1.016189485862981e-05 2.881414211368662e-05 0.00370747275818269 0.0005948949586061348 0.0015695874677572068 9.86611894670105e-07 1.0120907590662192e-06
84 9.788979932526726e-07 9.335336277765879e-07 9.642338149395595e-07 9.862977996975015e-07 9.976903714793456e-07 0.07107174326907303 9.880417478133016e-07 0.4562530956500935 9.577216803695006e-07 0.050115372253737925 0.00040864325739415084 0.18381249540495537 9.546099868392756e-07 0.00012134497784587499 0.00014761235055417145 0.00012071437105960268 3.2988025624415414e-05 0.0030020880756986773 7.766449978762506e-06 0.0009263796520220099 1.157658628257807e-06 1.3470643179396442e-05 1.7306519036868812e-06 1.016189485862981e-05 2.881414211368662e-05 0.00370747275818269 0.0005948949586061348 0.0015695874677572068 9.86611894670105e-07 1.0120907590662192e-06
85 9.788979932526726e-07 9.335336277765879e-07 9.642338149395595e-07 9.862977996975015e-07 9.976903714793456e-07 0.07107174326907303 9.880417478133016e-07 0.4562530956500935 9.577216803695006e-07 0.050115372253737925 0.00040864325739415084 0.18381249540495537 9.546099868392756e-07 0.00012134497784587499 0.00014761235055417145 0.00012071437105960268 3.2988025624415414e-05 0.0030020880756986773 7.766449978762506e-06 0.0009263796520220099 1.157658628257807e-06 1.3470643179396442e-05 1.7306519036868812e-06 1.016189485862981e-05 2.881414211368662e-05 0.00370747275818269 0.0005948949586061348 0.0015695874677572068 9.86611894670105e-07 1.0120907590662192e-06
86 9.788979932526726e-07 9.335336277765879e-07 9.642338149395595e-07 9.862977996975015e-07 9.976903714793456e-07 0.07107174326907303 9.880417478133016e-07 0.4562530956500935 9.577216803695006e-07 0.050115372253737925 0.00040864325739415084 0.18381249540495537 9.546099868392756e-07 0.00012134497784587499 0.00014761235055417145 0.00012071437105960268 3.2988025624415414e-05 0.0030020880756986773 7.766449978762506e-06 0.0009263796520220099 1.157658628257807e-06 1.3470643179396442e-05 1.7306519036868812e-06 1.016189485862981e-05 2.881414211368662e-05 0.00370747275818269 0.0005948949586061348 0.0015695874677572068 9.86611894670105e-07 1.0120907590662192e-06
87 9.788979932526726e-07 9.335336277765879e-07 9.642338149395595e-07 9.862977996975015e-07 9.976903714793456e-07 0.07107174326907303 9.880417478133016e-07 0.4562530956500935 9.577216803695006e-07 0.050115372253737925 0.00040864325739415084 0.18381249540495537 9.546099868392756e-07 0.00012134497784587499 0.00014761235055417145 0.00012071437105960268 3.2988025624415414e-05 0.0030020880756986773 7.766449978762506e-06 0.0009263796520220099 1.157658628257807e-06 1.3470643179396442e-05 1.7306519036868812e-06 1.016189485862981e-05 2.881414211368662e-05 0.00370747275818269 0.0005948949586061348 0.0015695874677572068 9.86611894670105e-07 1.0120907590662192e-06
88 9.788979932526726e-07 9.335336277765879e-07 9.642338149395595e-07 9.862977996975015e-07 9.976903714793456e-07 0.07107174326907303 9.880417478133016e-07 0.4562530956500935 9.577216803695006e-07 0.050115372253737925 0.00040864325739415084 0.18381249540495537 9.546099868392756e-07 0.00012134497784587499 0.00014761235055417145 0.00012071437105960268 3.2988025624415414e-05 0.0030020880756986773 7.766449978762506e-06 0.0009263796520220099 1.157658628257807e-06 1.3470643179396442e-05 1.7306519036868812e-06 1.016189485862981e-05 2.881414211368662e-05 0.00370747275818269 0.0005948949586061348 0.0015695874677572068 9.86611894670105e-07 1.0120907590662192e-06
89 9.788979932526726e-07 9.335336277765879e-07 9.642338149395595e-07 9.862977996975015e-07 9.976903714793456e-07 0.07107174326907303 9.880417478133016e-07 0.4562530956500935 9.577216803695006e-07 0.050115372253737925 0.00040864325739415084 0.18381249540495537 9.546099868392756e-07 0.00012134497784587499 0.00014761235055417145 0.00012071437105960268 3.2988025624415414e-05 0.0030020880756986773 7.766449978762506e-06 0.0009263796520220099 1.157658628257807e-06 1.3470643179396442e-05 1.7306519036868812e-06 1.016189485862981e-05 2.881414211368662e-05 0.00370747275818269 0.0005948949586061348 0.0015695874677572068 9.86611894670105e-07 1.0120907590662192e-06
90 9.788979932526726e-07 9.335336277765879e-07 9.642338149395595e-07 9.862977996975015e-07 9.976903714793456e-07 0.07107174326907303 9.880417478133016e-07 0.4562530956500935 9.577216803695006e-07 0.050115372253737925 0.00040864325739415084 0.18381249540495537 9.546099868392756e-07 0.00012134497784587499 0.00014761235055417145 0.00012071437105960268 3.2988025624415414e-05 0.0030020880756986773 7.766449978762506e-06 0.0009263796520220099 1.157658628257807e-06 1.3470643179396442e-05 1.7306519036868812e-06 1.016189485862981e-05 2.881414211368662e-05 0.00370747275818269 0.0005948949586061348 0.0015695874677572068 9.86611894670105e-07 1.0120907590662192e-06
91 9.788979932526726e-07 9.335336277765879e-07 9.642338149395595e-07 9.862977996975015e-07 9.976903714793456e-07 0.07107174326907303 9.880417478133016e-07 0.4562530956500935 9.577216803695006e-07 0.050115372253737925 0.00040864325739415084 0.18381249540495537 9.546099868392756e-07 0.00012134497784587499 0.00014761235055417145 0.00012071437105960268 3.2988025624415414e-05 0.0030020880756986773 7.766449978762506e-06 0.0009263796520220099 1.157658628257807e-06 1.3470643179396442e-05 1.7306519036868812e-06 1.016189485862981e-05 2.881414211368662e-05 0.00370747275818269 0.0005948949586061348 0.0015695874677572068 9.86611894670105e-07 1.0120907590662192e-06
92 9.788979932526726e-07 9.335336277765879e-07 9.642338149395595e-07 9.862977996975015e-07 9.976903714793456e-07 0.07107174326907303 9.880417478133016e-07 0.4562530956500935 9.577216803695006e-07 0.050115372253737925 0.00040864325739415084 0.18381249540495537 9.546099868392756e-07 0.00012134497784587499 0.00014761235055417145 0.00012071437105960268 3.2988025624415414e-05 0.0030020880756986773 7.766449978762506e-06 0.0009263796520220099 1.157658628257807e-06 1.3470643179396442e-05 1.7306519036868812e-06 1.016189485862981e-05 2.881414211368662e-05 0.00370747275818269 0.0005948949586061348 0.0015695874677572068 9.86611894670105e-07 1.0120907590662192e-06
93 9.788979932526726e-07 9.335336277765879e-07 9.642338149395595e-07 9.862977996975015e-07 9.976903714793456e-07 0.07107174326907303 9.880417478133016e-07 0.4562530956500935 9.577216803695006e-07 0.050115372253737925 0.00040864325739415084 0.18381249540495537 9.546099868392756e-07 0.00012134497784587499 0.00014761235055417145 0.00012071437105960268 3.2988025624415414e-05 0.0030020880756986773 7.766449978762506e-06 0.0009263796520220099 1.157658628257807e-06 1.3470643179396442e-05 1.7306519036868812e-06 1.016189485862981e-05 2.881414211368662e-05 0.00370747275818269 0.0005948949586061348 0.0015695874677572068 9.86611894670105e-07 1.0120907590662192e-06
94 9.788979932526726e-07 9.335336277765879e-07 9.642338149395595e-07 9.862977996975015e-07 9.976903714793456e-07 0.07107174326907303 9.880417478133016e-07 0.4562530956500935 9.577216803695006e-07 0.050115372253737925 0.00040864325739415084 0.18381249540495537 9.546099868392756e-07 0.00012134497784587499 0.00014761235055417145 0.00012071437105960268 3.2988025624415414e-05 0.0030020880756986773 7.766449978762506e-06 0.0009263796520220099 1.157658628257807e-06 1.3470643179396442e-05 1.7306519036868812e-06 1.016189485862981e-05 2.881414211368662e-05 0.00370747275818269 0.0005948949586061348 0.0015695874677572068 9.86611894670105e-07 1.0120907590662192e-06
95 9.788979932526726e-07 9.335336277765879e-07 9.642338149395595e-07 9.862977996975015e-07 9.976903714793456e-07 0.07107174326907303 9.880417478133016e-07 0.4562530956500935 9.577216803695006e-07 0.050115372253737925 0.00040864325739415084 0.18381249540495537 9.546099868392756e-07 0.00012134497784587499 0.00014761235055417145 0.00012071437105960268 3.2988025624415414e-05 0.0030020880756986773 7.766449978762506e-06 0.0009263796520220099 1.157658628257807e-06 1.3470643179396442e-05 1.7306519036868812e-06 1.016189485862981e-05 2.881414211368662e-05 0.00370747275818269 0.0005948949586061348 0.0015695874677572068 9.86611894670105e-07 1.0120907590662192e-06
96 9.788979932526726e-07 9.335336277765879e-07 9.642338149395595e-07 9.862977996975015e-07 9.976903714793456e-07 0.07107174326907303 9.880417478133016e-07 0.4562530956500935 9.577216803695006e-07 0.050115372253737925 0.00040864325739415084 0.18381249540495537 9.546099868392756e-07 0.00012134497784587499 0.00014761235055417145 0.00012071437105960268 3.2988025624415414e-05 0.0030020880756986773 7.766449978762506e-06 0.0009263796520220099 1.157658628257807e-06 1.3470643179396442e-05 1.7306519036868812e-06 1.016189485862981e-05 2.881414211368662e-05 0.00370747275818269 0.0005948949586061348 0.0015695874677572068 9.86611894670105e-07 1.0120907590662192e-06
97 9.788979932526726e-07 9.335336277765879e-07 9.642338149395595e-07 9.862977996975015e-07 9.976903714793456e-07 0.07107174326907303 9.880417478133016e-07 0.4562530956500935 9.577216803695006e-07 0.050115372253737925 0.00040864325739415084 0.18381249540495537 9.546099868392756e-07 0.00012134497784587499 0.00014761235055417145 0.00012071437105960268 3.2988025624415414e-05 0.0030020880756986773 7.766449978762506e-06 0.0009263796520220099 1.157658628257807e-06 1.3470643179396442e-05 1.7306519036868812e-06 1.016189485862981e-05 2.881414211368662e-05 0.00370747275818269 0.0005948949586061348 0.0015695874677572068 9.86611894670105e-07 1.0120907590662192e-06
98 9.788979932526726e-07 9.335336277765879e-07 9.642338149395595e-07 9.862977996975015e-07 9.976903714793456e-07 0.07107174326907303 9.880417478133016e-07 0.4562530956500935 9.577216803695006e-07 0.050115372253737925 0.00040864325739415084 0.18381249540495537 9.546099868392756e-07 0.00012134497784587499 0.00014761235055417145 0.00012071437105960268 3.2988025624415414e-05 0.0030020880756986773 7.766449978762506e-06 0.0009263796520220099 1.157658628257807e-06 1.3470643179396442e-05 1.7306519036868812e-06 1.016189485862981e-05 2.881414211368662e-05 0.00370747275818269 0.0005948949586061348 0.0015695874677572068 9.86611894670105e-07 1.0120907590662192e-06
99 9.788979932526726e-07 9.335336277765879e-07 9.642338149395595e-07 9.862977996975015e-07 9.976903714793456e-07 0.07107174326907303 9.880417478133016e-07 0.4562530956500935 9.577216803695006e-07 0.050115372253737925 0.00040864325739415084 0.18381249540495537 9.546099868392756e-07 0.00012134497784587499 0.00014761235055417145 0.00012071437105960268 3.2988025624415414e-05 0.0030020880756986773 7.766449978762506e-06 0.0009263796520220099 1.157658628257807e-06 1.3470643179396442e-05 1.7306519036868812e-06 1.016189485862981e-05 2.881414211368662e-05 0.00370747275818269 0.0005948949586061348 0.0015695874677572068 9.86611894670105e-07 1.0120907590662192e-06
100 9.788979932526726e-07 9.335336277765879e-07 9.642338149395595e-07 9.862977996975015e-07 9.976903714793456e-07 0.07107174326907303 9.880417478133016e-07 0.4562530956500935 9.577216803695006e-07 0.050115372253737925 0.00040864325739415084 0.18381249540495537 9.546099868392756e-07 0.00012134497784587499 0.00014761235055417145 0.00012071437105960268 3.2988025624415414e-05 0.0030020880756986773 7.766449978762506e-06 0.0009263796520220099 1.157658628257807e-06 1.3470643179396442e-05 1.7306519036868812e-06 1.016189485862981e-05 2.881414211368662e-05 0.00370747275818269 0.0005948949586061348 0.0015695874677572068 9.86611894670105e-07 1.0120907590662192e-06
101 9.788979932526726e-07 9.335336277765879e-07 9.642338149395595e-07 9.862977996975015e-07 9.976903714793456e-07 0.07107174326907303 9.880417478133016e-07 0.4562530956500935 9.577216803695006e-07 0.050115372253737925 0.00040864325739415084 0.18381249540495537 9.546099868392756e-07 0.00012134497784587499 0.00014761235055417145 0.00012071437105960268 3.2988025624415414e-05 0.0030020880756986773 7.766449978762506e-06 0.0009263796520220099 1.157658628257807e-06 1.3470643179396442e-05 1.7306519036868812e-06 1.016189485862981e-05 2.881414211368662e-05 0.00370747275818269 0.0005948949586061348 0.0015695874677572068 9.86611894670105e-07 1.0120907590662192e-06
102 9.788979932526726e-07 9.335336277765879e-07 9.642338149395595e-07 9.862977996975015e-07 9.976903714793456e-07 0.07107174326907303 9.880417478133016e-07 0.4562530956500935 9.577216803695006e-07 0.050115372253737925 0.00040864325739415084 0.18381249540495537 9.546099868392756e-07 0.00012134497784587499 0.00014761235055417145 0.00012071437105960268 3.2988025624415414e-05 0.0030020880756986773 7.766449978762506e-06 0.0009263796520220099 1.157658628257807e-06 1.3470643179396442e-05 1.7306519036868812e-06 1.016189485862981e-05 2.881414211368662e-05 0.00370747275818269 0.0005948949586061348 0.0015695874677572068 9.86611894670105e-07 1.0120907590662192e-06
103 9.788979932526726e-07 9.335336277765879e-07 9.642338149395595e-07 9.862977996975015e-07 9.976903714793456e-07 0.07107174326907303 9.880417478133016e-07 0.4562530956500935 9.577216803695006e-07 0.050115372253737925 0.00040864325739415084 0.18381249540495537 9.546099868392756e-07 0.00012134497784587499 0.00014761235055417145 0.00012071437105960268 3.2988025624415414e-05 0.0030020880756986773 7.766449978762506e-06 0.0009263796520220099 1.157658628257807e-06 1.3470643179396442e-05 1.7306519036868812e-06 1.016189485862981e-05 2.881414211368662e-05 0.00370747275818269 0.0005948949586061348 0.0015695874677572068 9.86611894670105e-07 1.0120907590662192e-06
104 9.788979932526726e-07 9.335336277765879e-07 9.642338149395595e-07 9.862977996975015e-07 9.976903714793456e-07 0.07107174326907303 9.880417478133016e-07 0.4562530956500935 9.577216803695006e-07 0.050115372253737925 0.00040864325739415084 0.18381249540495537 9.546099868392756e-07 0.00012134497784587499 0.00014761235055417145 0.00012071437105960268 3.2988025624415414e-05 0.0030020880756986773 7.766449978762506e-06 0.0009263796520220099 1.157658628257807e-06 1.3470643179396442e-05 1.7306519036868812e-06 1.016189485862981e-05 2.881414211368662e-05 0.00370747275818269 0.0005948949586061348 0.0015695874677572068 9.86611894670105e-07 1.0120907590662192e-06
105 9.788979932526726e-07 9.335336277765879e-07 9.642338149395595e-07 9.862977996975015e-07 9.976903714793456e-07 0.07107174326907303 9.880417478133016e-07 0.4562530956500935 9.577216803695006e-07 0.050115372253737925 0.00040864325739415084 0.18381249540495537 9.546099868392756e-07 0.00012134497784587499 0.00014761235055417145 0.00012071437105960268 3.2988025624415414e-05 0.0030020880756986773 7.766449978762506e-06 0.0009263796520220099 1.157658628257807e-06 1.3470643179396442e-05 1.7306519036868812e-06 1.016189485862981e-05 2.881414211368662e-05 0.00370747275818269 0.0005948949586061348 0.0015695874677572068 9.86611894670105e-07 1.0120907590662192e-06
106 9.788979932526726e-07 9.335336277765879e-07 9.642338149395595e-07 9.862977996975015e-07 9.976903714793456e-07 0.07107174326907303 9.880417478133016e-07 0.4562530956500935 9.577216803695006e-07 0.050115372253737925 0.00040864325739415084 0.18381249540495537 9.546099868392756e-07 0.00012134497784587499 0.00014761235055417145 0.00012071437105960268 3.2988025624415414e-05 0.0030020880756986773 7.766449978762506e-06 0.0009263796520220099 1.157658628257807e-06 1.3470643179396442e-05 1.7306519036868812e-06 1.016189485862981e-05 2.881414211368662e-05 0.00370747275818269 0.0005948949586061348 0.0015695874677572068 9.86611894670105e-07 1.0120907590662192e-06
107 9.788979932526726e-07 9.335336277765879e-07 9.642338149395595e-07 9.862977996975015e-07 9.976903714793456e-07 0.07107174326907303 9.880417478133016e-07 0.4562530956500935 9.577216803695006e-07 0.050115372253737925 0.00040864325739415084 0.18381249540495537 9.546099868392756e-07 0.00012134497784587499 0.00014761235055417145 0.00012071437105960268 3.2988025624415414e-05 0.0030020880756986773 7.766449978762506e-06 0.0009263796520220099 1.157658628257807e-06 1.3470643179396442e-05 1.7306519036868812e-06 1.016189485862981e-05 2.881414211368662e-05 0.00370747275818269 0.0005948949586061348 0.0015695874677572068 9.86611894670105e-07 1.0120907590662192e-06
108 9.788979932526726e-07 9.335336277765879e-07 9.642338149395595e-07 9.862977996975015e-07 9.976903714793456e-07 0.07107174326907303 9.880417478133016e-07 0.4562530956500935 9.577216803695006e-07 0.050115372253737925 0.00040864325739415084 0.18381249540495537 9.546099868392756e-07 0.00012134497784587499 0.00014761235055417145 0.00012071437105960268 3.2988025624415414e-05 0.0030020880756986773 7.766449978762506e-06 0.0009263796520220099 1.157658628257807e-06 1.3470643179396442e-05 1.7306519036868812e-06 1.016189485862981e-05 2.881414211368662e-05 0.00370747275818269 0.0005948949586061348 0.0015695874677572068 9.86611894670105e-07 1.0120907590662192e-06
