# index Z=1 - Z=30
0 4.485231843787197e-07 0.006421690552403318 3.6361537828201966e-07 4.6558684191163155e-07 3.858873930234281e-07 1.0375620991292994e-06 4.0672654799829573e-07 0.002463027383011781 4.4372392545934846e-07 4.4011641031665e-07 4.5335842256982847e-07 4.3318599180983015e-05 4.4900260368462177e-07 0.00843125749449325 1.1317885524883273e-06 4.306923862138933e-05 5.710483213095754e-07 0.0047496643717037925 5.582865514784864e-07 0.008204232188881253 3.5592047943933944e-07 6.75890625492391e-05 0.0001847901466489595 1.1092846200253709e-05 0.004783908532576515 0.1356121832930094 0.07220757085211917 0.58292025359256 3.80671351327238e-07 3.917517114075544e-07
1 4.485231843787197e-07 0.006421690552403318 3.6361537828201966e-07 4.6558684191163155e-07 3.858873930234281e-07 1.0375620991292994e-06 4.0672654799829573e-07 0.002463027383011781 4.4372392545934846e-07 4.4011641031665e-07 4.5335842256982847e-07 4.3318599180983015e-05 4.4900260368462177e-07 0.00843125749449325 1.1317885524883273e-06 4.306923862138933e-05 5.710483213095754e-07 0.0047496643717037925 5.582865514784864e-07 0.008204232188881253 3.5592047943933944e-07 6.75890625492391e-05 0.0001847901466489595 1.1092846200253709e-05 0.004783908532576515 0.1356121832930094 0.07220757085211917 0.58292025359256 3.80671351327238e-07 3.917517114075544e-07
2 4.485231843787197e-07 0.006421690552403318 3.6361537828201966e-07 4.6558684191163155e-07 3.858873930234281e-07 1.0375620991292994e-06 4.0672654799829573e-07 0.002463027383011781 4.4372392545934846e-07 4.4011641031665e-07 4.5335842256982847e-07 4.3318599180983015e-05 4.4900260368462177e-07 0.00843125749449325 1.1317885524883273e-06 4.306923862138933e-05 5.710483213095754e-07 0.0047496643717037925 5.582865514784864e-07 0.008204232188881253 3.5592047943933944e-07 6.75890625492391e-05 0.0001847901466489595 1.1092846200253709e-05 0.004783908532576515 0.1356121832930094 0.07220757085211917 0.58292025359256 3.80671351327238e-07 3.917517114075544e-07
3 4.485231843787197e-07 0.006421690552403318 3.6361537828201966e-07 4.6558684191163155e-07 3.858873930234281e-07 1.0375620991292994e-06 4.0672654799829573e-07 0.002463027383011781 4.4372392545934846e-07 4.4011641031665e-07 4.5335842256982847e-07 4.3318599180983015e-05 4.4900260368462177e-07 0.00843125749449325 1.1317885524883273e-06 4.306923862138933e-05 5.710483213095754e-07 0.0047496643717037925 5.582865514784864e-07 0.008204232188881253 3.5592047943933944e-07 6.75890625492391e-05 0.0001847901466489595 1.1092846200253709e-05 0.004783908532576515 0.1356121832930094 0.07220757085211917 0.58292025359256 3.80671351327238e-07 3.917517114075544e-07
4 4.485231843787197e-07 0.006421690552403318 3.6361537828201966e-07 4.6558684191163155e-07 3.858873930234281e-07 1.0375620991292994e-06 4.0672654799829573e-07 0.002463027383011781 4.4372392545934846e-07 4.4011641031665e-07 4.5335842256982847e-07 4.3318599180983015e-05 4.4900260368462177e-07 0.00843125749449325 1.1317885524883273e-06 4.306923862138933e-05 5.710483213095754e-07 0.0047496643717037925 5.582865514784864e-07 0.008204232188881253 3.5592047943933944e-07 6.75890625492391e-05 0.0001847901466489595 1.1092846200253709e-05 0.004783908532576515 0.1356121832930094 0.07220757085211917 0.58292025359256 3.80671351327238e-07 3.917517114075544e-07
5 4.485231843787197e-07 0.006421690552403318 3.6361537828201966e-07 4.6558684191163155e-07 3.858873930234281e-07 1.0375620991292994e-06 4.0672654799829573e-07 0.002463027383011781 4.4372392545934846e-07 4.4011641031665e-07 4.5335842256982847e-07 4.3318599180983015e-05 4.4900260368462177e-07 0.00843125749449325 1.1317885524883273e-06 4.306923862138933e-05 5.710483213095754e-07 0.0047496643717037925 5.582865514784864e-07 0.008204232188881253 3.5592047943933944e-07 6.75890625492391e-05 0.0001847901466489595 1.1092846200253709e-05 0.004783908532576515 0.1356121832930094 0.07220757085211917 0.58292025359256 3.80671351327238e-07 3.917517114075544e-07
6 4.485231843787197e-07 0.006421690552403318 3.6361537828201966e-07 4.6558684191163155e-07 3.858873930234281e-07 1.0375620991292994e-06 4.0672654799829573e-07 0.002463027383011781 4.4372392545934846e-07 4.4011641031665e-07 4.5335842256982847e-07 4.3318599180983015e-05 4.4900260368462177e-07 0.00843125749449325 1.1317885524883273e-06 4.306923862138933e-05 5.710483213095754e-07 0.0047496643717037925 5.582865514784864e-07 0.008204232188881253 3.5592047943933944e-07 6.75890625492391e-05 0.0001847901466489595 1.1092846200253709e-05 0.004783908532576515 0.1356121832930094 0.07220757085211917 0.58292025359256 3.80671351327238e-07 3.917517114075544e-07
7 4.485231843787197e-07 0.006421690552403318 3.6361537828201966e-07 4.6558684191163155e-07 3.858873930234281e-07 1.0375620991292994e-06 4.0672654799829573e-07 0.002463027383011781 4.4372392545934846e-07 4.4011641031665e-07 4.5335842256982847e-07 4.3318599180983015e-05 4.4900260368462177e-07 0.00843125749449325 1.1317885524883273e-06 4.306923862138933e-05 5.710483213095754e-07 0.0047496643717037925 5.582865514784864e-07 0.008204232188881253 3.5592047943933944e-07 6.75890625492391e-05 0.0001847901466489595 1.1092846200253709e-05 0.004783908532576515 0.1356121832930094 0.07220757085211917 0.58292025359256 3.80671351327238e-07 3.917517114075544e-07
8 4.485231843787197e-07 0.006421690552403318 3.6361537828201966e-07 4.6558684191163155e-07 3.858873930234281e-07 1.0375620991292994e-06 4.0672654799829573e-07 0.002463027383011781 4.4372392545934846e-07 4.4011641031665e-07 4.5335842256982847e-07 4.3318599180983015e-05 4.4900260368462177e-07 0.00843125749449325 1.1317885524883273e-06 4.306923862138933e-05 5.710483213095754e-07 0.0047496643717037925 5.582865514784864e-07 0.008204232188881253 3.5592047943933944e-07 6.75890625492391e-05 0.0001847901466489595 1.1092846200253709e-05 0.004783908532576515 0.1356121832930094 0.07220757085211917 0.58292025359256 3.80671351327238e-07 3.917517114075544e-07
9 4.485231843787197e-07 0.006421690552403318 3.6361537828201966e-07 4.6558684191163155e-07 3.858873930234281e-07 1.0375620991292994e-06 4.0672654799829573e-07 0.002463027383011781 4.4372392545934846e-07 4.4011641031665e-07 4.5335842256982847e-07 4.3318599180983015e-05 4.4900260368462177e-07 0.00843125749449325 1.1317885524883273e-06 4.306923862138933e-05 5.710483213095754e-07 0.0047496643717037925 5.582865514784864e-07 0.008204232188881253 3.5592047943933944e-07 6.75890625492391e-05 0.0001847901466489595 1.1092846200253709e-05 0.004783908532576515 0.1356121832930094 0.07220757085211917 0.58292025359256 3.80671351327238e-07 3.917517114075544e-07
10 4.485231843787197e-07 0.006421690552403318 3.6361537828201966e-07 4.6558684191163155e-07 3.858873930234281e-07 1.0375620991292994e-06 4.0672654799829573e-07 0.002463027383011781 4.4372392545934846e-07 4.4011641031665e-07 4.5335842256982847e-07 4.3318599180983015e-05 4.4900260368462177e-07 0.00843125749449325 1.1317885524883273e-06 4.306923862138933e-05 5.710483213095754e-07 0.0047496643717037925 5.582865514784864e-07 0.008204232188881253 3.5592047943933944e-07 6.75890625492391e-05 0.0001847901466489595 1.1092846200253709e-05 0.004783908532576515 0.1356121832930094 0.07220757085211917 0.58292025359256 3.80671351327238e-07 3.917517114075544e-07
11 4.485231843787197e-07 0.006421690552403318 3.6361537828201966e-07 4.6558684191163155e-07 3.858873930234281e-07 1.0375620991292994e-06 4.0672654799829573e-07 0.002463027383011781 4.4372392545934846e-07 4.4011641031665e-07 4.5335842256982847e-07 4.3318599180983015e-05 4.4900260368462177e-07 0.00843125749449325 1.1317885524883273e-06 4.306923862138933e-05 5.710483213095754e-07 0.0047496643717037925 5.582865514784864e-07 0.008204232188881253 3.5592047943933944e-07 6.75890625492391e-05 0.0001847901466489595 1.1092846200253709e-05 0.004783908532576515 0.1356121832930094 0.07220757085211917 0.58292025359256 3.80671351327238e-07 3.917517114075544e-07
12 1.3147078326301958e-06 0.00548522131216984 1.0419023893887036e-06 1.2652773280174357e-06 1.2319317898766541e-06 2.492179191766397e-06 1.1988751970257631e-06 0.00707025909985935 1.2465393311174704e-06 1.346700528096505e-06 1.3553872277432258e-06 0.0031771276498495436 1.220651588355698e-06 0.08989382661420238 8.642109377819632e-06 0.0010191180351853094 3.2171412626657946e-06 0.023640511498536663 2.126067820109549e-06 0.06004213019358088 1.2556989647258737e-06 0.00018875437476054856 0.0010403488999684352 3.2972889359170376e-05 0.04920933280389851 0.4204014163389904 0.1704761326946015 0.0819271017080452 1.4559708991146905e-06 1.2162769127188866e-06
13 1.3147078326301958e-06 0.00548522131216984 1.0419023893887036e-06 1.2652773280174357e-06 1.2319317898766541e-06 2.492179191766397e-06 1.1988751970257631e-06 0.00707025909985935 1.2465393311174704e-06 1.346700528096505e-06 1.3553872277432258e-06 0.0031771276498495436 1.220651588355698e-06 0.08989382661420238 8.642109377819632e-06 0.0010191180351853094 3.2171412626657946e-06 0.023640511498536663 2.126067820109549e-06 0.06004213019358088 1.2556989647258737e-06 0.00018875437476054856 0.0010403488999684352 3.2972889359170376e-05 0.04920933280389851 0.4204014163389904 0.1704761326946015 0.0819271017080452 1.4559708991146905e-06 1.2162769127188866e-06
14 1.3147078326301958e-06 0.00548522131216984 1.0419023893887036e-06 1.2652773280174357e-06 1.2319317898766541e-06 2.492179191766397e-06 1.1988751970257631e-06 0.00707025909985935 1.2465393311174704e-06 1.346700528096505e-06 1.3553872277432258e-06 0.0031771276498495436 1.220651588355698e-06 0.08989382661420238 8.642109377819632e-06 0.0010191180351853094 3.2171412626657946e-06 0.023640511498536663 2.126067820109549e-06 0.06004213019358088 1.2556989647258737e-06 0.00018875437476054856 0.0010403488999684352 3.2972889359170376e-05 0.04920933280389851 0.4204014163389904 0.1704761326946015 0.0819271017080452 1.4559708991146905e-06 1.2162769127188866e-06
15 1.3147078326301958e-06 0.00548522131216984 1.0419023893887036e-06 1.2652773280174357e-06 1.2319317898766541e-06 2.492179191766397e-06 1.1988751970257631e-06 0.00707025909985935 1.2465393311174704e-06 1.346700528096505e-06 1.3553872277432258e-06 0.0031771276498495436 1.220651588355698e-06 0.08989382661420238 8.642109377819632e-06 0.0010191180351853094 3.2171412626657946e-06 0.023640511498536663 2.126067820109549e-06 0.06004213019358088 1.2556989647258737e-06 0.00018875437476054856 0.0010403488999684352 3.2972889359170376e-05 0.04920933280389851 0.4204014163389904 0.1704761326946015 0.0819271017080452 1.4559708991146905e-06 1.2162769127188866e-06
16 1.3147078326301958e-06 0.00548522131216984 1.0419023893887036e-06 1.2652773280174357e-06 1.2319317898766541e-06 2.492179191766397e-06 1.1988751970257631e-06 0.00707025909985935 1.2465393311174704e-06 1.346700528096505e-06 1.3553872277432258e-06 0.0031771276498495436 1.220651588355698e-06 0.08989382661420238 8.642109377819632e-06 0.0010191180351853094 3.2171412626657946e-06 0.023640511498536663 2.126067820109549e-06 0.06004213019358088 1.2556989647258737e-06 0.00018875437476054856 0.0010403488999684352 3.2972889359170376e-05 0.04920933280389851 0.4204014163389904 0.1704761326946015 0.0819271017080452 1.4559708991146905e-06 1.2162769127188866e-06
17 1.3147078326301958e-06 0.00548522131216984 1.0419023893887036e-06 1.2652773280174357e-06 1.2319317898766541e-06 2.492179191766397e-06 1.1988751970257631e-06 0.00707025909985935 1.2465393311174704e-06 1.346700528096505e-06 1.3553872277432258e-06 0.0031771276498495436 1.220651588355698e-06 0.08989382661420238 8.642109377819632e-06 0.0010191180351853094 3.2171412626657946e-06 0.023640511498536663 2.126067820109549e-06 0.06004213019358088 1.2556989647258737e-06 0.00018875437476054856 0.0010403488999684352 3.2972889359170376e-05 0.04920933280389851 0.4204014163389904 0.1704761326946015 0.0819271017080452 1.4559708991146905e-06 1.2162769127188866e-06
18 1.3147078326301958e-06 0.00548522131216984 1.0419023893887036e-06 1.2652773280174357e-06 1.2319317898766541e-06 2.492179191766397e-06 1.1988751970257631e-06 0.00707025909985935 1.2465393311174704e-06 1.346700528096505e-06 1.3553872277432258e-06 0.0031771276498495436 1.220651588355698e-06 0.08989382661420238 8.642109377819632e-06 0.0010191180351853094 3.2171412626657946e-06 0.023640511498536663 2.126067820109549e-06 0.06004213019358088 1.2556989647258737e-06 0.00018875437476054856 0.0010403488999684352 3.2972889359170376e-05 0.04920933280389851 0.4204014163389904 0.1704761326946015 0.0819271017080452 1.4559708991146905e-06 1.2162769127188866e-06
19 1.3147078326301958e-06 0.00548522131216984 1.0419023893887036e-06 1.2652773280174357e-06 1.2319317898766541e-06 2.492179191766397e-06 1.1988751970257631e-06 0.00707025909985935 1.2465393311174704e-06 1.346700528096505e-06 1.3553872277432258e-06 0.0031771276498495436 1.220651588355698e-06 0.08989382661420238 8.642109377819632e-06 0.0010191180351853094 3.2171412626657946e-06 0.023640511498536663 2.126067820109549e-06 0.06004213019358088 1.2556989647258737e-06 0.00018875437476054856 0.0010403488999684352 3.2972889359170376e-05 0.04920933280389851 0.4204014163389904 0.1704761326946015 0.0819271017080452 1.4559708991146905e-06 1.2162769127188866e-06
20 1.3147078326301958e-06 0.00548522131216984 1.0419023893887036e-06 1.2652773280174357e-06 1.2319317898766541e-06 2.492179191766397e-06 1.1988751970257631e-06 0.00707025909985935 1.2465393311174704e-06 1.346700528096505e-06 1.3553872277432258e-06 0.0031771276498495436 1.220651588355698e-06 0.08989382661420238 8.642109377819632e-06 0.0010191180351853094 3.2171412626657946e-06 0.023640511498536663 2.126067820109549e-06 0.06004213019358088 1.2556989647258737e-06 0.00018875437476054856 0.0010403488999684352 3.2972889359170376e-05 0.04920933280389851 0.4204014163389904 0.1704761326946015 0.0819271017080452 1.4559708991146905e-06 1.2162769127188866e-06
21 1.3147078326301958e-06 0.00548522131216984 1.0419023893887036e-06 1.2652773280174357e-06 1.2319317898766541e-06 2.492179191766397e-06 1.1988751970257631e-06 0.00707025909985935 1.2465393311174704e-06 1.346700528096505e-06 1.3553872277432258e-06 0.0031771276498495436 1.220651588355698e-06 0.08989382661420238 8.642109377819632e-06 0.0010191180351853094 3.2171412626657946e-06 0.023640511498536663 2.126067820109549e-06 0.06004213019358088 1.2556989647258737e-06 0.00018875437476054856 0.0010403488999684352 3.2972889359170376e-05 0.04920933280389851 0.4204014163389904 0.1704761326946015 0.0819271017080452 1.4559708991146905e-06 1.2162769127188866e-06
22 4.1894278233914373e-07 3.763286178957683e-07 4.7625522791021515e-07 3.7086208591753687e-07 3.7409740482319395e-07 1.1313996678470264e-06 3.805058746662208e-07 0.0022582929025982677 4.429100905323326e-07 4.033467466755311e-07 3.8300610797716834e-07 0.05344320783839653 4.1374121231467777e-07 0.54344326586979 5.6409755524290155e-06 0.03363550020925038 1.049228814074108e-06 0.01871642406263445 9.024325925291021e-07 0.0970528323088286 3.926370513811375e-07 7.529600370745294e-05 0.0005484104244140152 3.337144669859431e-05 0.0024386974099376243 0.07186614482420278 0.044361383411277516 0.005132484249348307 4.0399960406310534e-07 3.769166373531221e-07
23 4.1894278233914373e-07 3.763286178957683e-07 4.7625522791021515e-07 3.7086208591753687e-07 3.7409740482319395e-07 1.1313996678470264e-06 3.805058746662208e-07 0.0022582929025982677 4.429100905323326e-07 4.033467466755311e-07 3.8300610797716834e-07 0.05344320783839653 4.1374121231467777e-07 0.54344326586979 5.6409755524290155e-06 0.03363550020925038 1.049228814074108e-06 0.01871642406263445 9.024325925291021e-07 0.0970528323088286 3.926370513811375e-07 7.529600370745294e-05 0.0005484104244140152 3.337144669859431e-05 0.0024386974099376243 0.07186614482420278 0.044361383411277516 0.005132484249348307 4.0399960406310534e-07 3.769166373531221e-07
24 4.1894278233914373e-07 3.763286178957683e-07 4.7625522791021515e-07 3.7086208591753687e-07 3.7409740482319395e-07 1.1313996678470264e-06 3.805058746662208e-07 0.0022582929025982677 4.429100905323326e-07 4.033467466755311e-07 3.8300610797716834e-07 0.05344320783839653 4.1374121231467777e-07 0.54344326586979 5.6409755524290155e-06 0.03363550020925038 1.049228814074108e-06 0.01871642406263445 9.024325925291021e-07 0.0970528323088286 3.926370513811375e-07 7.529600370745294e-05 0.0005484104244140152 3.337144669859431e-05 0.0024386974099376243 0.07186614482420278 0.044361383411277516 0.005132484249348307 4.0399960406310534e-07 3.769166373531221e-07
25 4.1894278233914373e-07 3.763286178957683e-07 4.7625522791021515e-07 3.7086208591753687e-07 3.7409740482319395e-07 1.1313996678470264e-06 3.805058746662208e-07 0.0022582929025982677 4.429100905323326e-07 4.033467466755311e-07 3.8300610797716834e-07 0.05344320783839653 4.1374121231467777e-07 0.54344326586979 5.6409755524290155e-06 0.03363550020925038 1.049228814074108e-06 0.01871642406263445 9.024325925291021e-07 0.0970528323088286 3.926370513811375e-07 7.529600370745294e-05 0.0005484104244140152 3.337144669859431e-05 0.0024386974099376243 0.07186614482420278 0.044361383411277516 0.005132484249348307 4.0399960406310534e-07 3.769166373531221e-07
26 4.1894278233914373e-07 3.763286178957683e-07 4.7625522791021515e-07 3.7086208591753687e-07 3.7409740482319395e-07 1.1313996678470264e-06 3.805058746662208e-07 0.0022582929025982677 4.429100905323326e-07 4.033467466755311e-07 3.8300610797716834e-07 0.05344320783839653 4.1374121231467777e-07 0.54344326586979 5.6409755524290155e-06 0.03363550020925038 1.049228814074108e-06 0.01871642406263445 9.024325925291021e-07 0.0970528323088286 3.926370513811375e-07 7.529600370745294e-05 0.0005484104244140152 3.337144669859431e-05 0.0024386974099376243 0.07186614482420278 0.044361383411277516 0.005132484249348307 4.0399960406310534e-07 3.769166373531221e-07
27 4.1894278233914373e-07 3.763286178957683e-07 4.7625522791021515e-07 3.7086208591753687e-07 3.7409740482319395e-07 1.1313996678470264e-06 3.805058746662208e-07 0.0022582929025982677 4.429100905323326e-07 4.033467466755311e-07 3.8300610797716834e-07 0.05344320783839653 4.1374121231467777e-07 0.54344326586979 5.6409755524290155e-06 0.03363550020925038 1.049228814074108e-06 0.01871642406263445 9.024325925291021e-07 0.0970528323088286 3.926370513811375e-07 7.529600370745294e-05 0.0005484104244140152 3.337144669859431e-05 0.0024386974099376243 0.07186614482420278 0.044361383411277516 0.005132484249348307 4.0399960406310534e-07 3.769166373531221e-07
28 4.1894278233914373e-07 3.763286178957683e-07 4.7625522791021515e-07 3.7086208591753687e-07 3.7409740482319395e-07 1.1313996678470264e-06 3.805058746662208e-07 0.0022582929025982677 4.429100905323326e-07 4.033467466755311e-07 3.8300610797716834e-07 0.05344320783839653 4.1374121231467777e-07 0.54344326586979 5.6409755524290155e-06 0.03363550020925038 1.049228814074108e-06 0.01871642406263445 9.024325925291021e-07 0.0970528323088286 3.926370513811375e-07 7.529600370745294e-05 0.0005484104244140152 3.337144669859431e-05 0.0024386974099376243 0.07186614482420278 0.044361383411277516 0.005132484249348307 4.0399960406310534e-07 3.769166373531221e-07
29 4.1894278233914373e-07 3.763286178957683e-07 4.7625522791021515e-07 3.7086208591753687e-07 3.7409740482319395e-07 1.1313996678470264e-06 3.805058746662208e-07 0.0022582929025982677 4.429100905323326e-07 4.033467466755311e-07 3.8300610797716834e-07 0.05344320783839653 4.1374121231467777e-07 0.54344326586979 5.6409755524290155e-06 0.03363550020925038 1.049228814074108e-06 0.01871642406263445 9.024325925291021e-07 0.0970528323088286 3.926370513811375e-07 7.529600370745294e-05 0.0005484104244140152 3.337144669859431e-05 0.0024386974099376243 0.07186614482420278 0.044361383411277516 0.005132484249348307 4.0399960406310534e-07 3.769166373531221e-07
30 4.1894278233914373e-07 3.763286178957683e-07 4.7625522791021515e-07 3.7086208591753687e-07 3.7409740482319395e-07 1.1313996678470264e-06 3.805058746662208e-07 0.0022582929025982677 4.429100905323326e-07 4.033467466755311e-07 3.8300610797716834e-07 0.05344320783839653 4.1374121231467777e-07 0.54344326586979 5.6409755524290155e-06 0.03363550020925038 1.049228814074108e-06 0.01871642406263445 9.024325925291021e-07 0.0970528323088286 3.926370513811375e-07 7.529600370745294e-05 0.0005484104244140152 3.337144669859431e-05 0.0024386974099376243 0.07186614482420278 0.044361383411277516 0.005132484249348307 4.0399960406310534e-07 3.769166373531221e-07
31 4.1894278233914373e-07 3.763286178957683e-07 4.7625522791021515e-07 3.7086208591753687e-07 3.7409740482319395e-07 1.1313996678470264e-06 3.805058746662208e-07 0.0022582929025982677 4.429100905323326e-07 4.033467466755311e-07 3.8300610797716834e-07 0.05344320783839653 4.1374121231467777e-07 0.54344326586979 5.6409755524290155e-06 0.03363550020925038 1.049228814074108e-06 0.01871642406263445 9.024325925291021e-07 0.0970528323088286 3.926370513811375e-07 7.529600370745294e-05 0.0005484104244140152 3.337144669859431e-05 0.0024386974099376243 0.07186614482420278 0.044361383411277516 0.005132484249348307 4.0399960406310534e-07 3.769166373531221e-07
32 9.980059029741019e-08 1.0633113321356027e-07 1.1469413897449679e-07 7.026943665809396e-08 1.2242916935733598e-07 2.7669289345069444e-06 1.0452010760666645e-07 1.0566597241389848 1.3322730962762848e-07 4.423895728301194e-07 1.3003718350431324e-07 0.005107743325306016 8.970082950782496e-08 0.04463421068484486 1.192818388436768e-05 2.000264279585554e-05 5.3214544580205e-06 0.004993984930010207 5.622172360099962e-06 0.0012811900687561852 8.851127487977275e-08 5.485326707690957e-06 1.0811143967268903e-05 1.2044548360435737e-05 0.00012806907900312096 0.001515523707960332 0.0030584594008269297 0.0014479950539354534 9.202176365186608e-08 1.1453947616158588e-07
33 9.980059029741019e-08 1.0633113321356027e-07 1.1469413897449679e-07 7.026943665809396e-08 1.2242916935733598e-07 2.7669289345069444e-06 1.0452010760666645e-07 1.0566597241389848 1.3322730962762848e-07 4.423895728301194e-07 1.3003718350431324e-07 0.005107743325306016 8.970082950782496e-08 0.04463421068484486 1.192818388436768e-05 2.000264279585554e-05 5.3214544580205e-06 0.004993984930010207 5.622172360099962e-06 0.0012811900687561852 8.851127487977275e-08 5.485326707690957e-06 1.0811143967268903e-05 1.2044548360435737e-05 0.00012806907900312096 0.001515523707960332 0.0030584594008269297 0.0014479950539354534 9.202176365186608e-08 1.1453947616158588e-07
34 9.980059029741019e-08 1.0633113321356027e-07 1.1469413897449679e-07 7.026943665809396e-08 1.2242916935733598e-07 2.7669289345069444e-06 1.0452010760666645e-07 1.0566597241389848 1.3322730962762848e-07 4.423895728301194e-07 1.3003718350431324e-07 0.005107743325306016 8.970082950782496e-08 0.04463421068484486 1.192818388436768e-05 2.000264279585554e-05 5.3214544580205e-06 0.004993984930010207 5.622172360099962e-06 0.0012811900687561852 8.851127487977275e-08 5.485326707690957e-06 1.0811143967268903e-05 1.2044548360435737e-05 0.00012806907900312096 0.001515523707960332 0.0030584594008269297 0.0014479950539354534 9.202176365186608e-08 1.1453947616158588e-07
35 9.980059029741019e-08 1.0633113321356027e-07 1.1469413897449679e-07 7.026943665809396e-08 1.2242916935733598e-07 2.7669289345069444e-06 1.0452010760666645e-07 1.0566597241389848 1.3322730962762848e-07 4.423895728301194e-07 1.3003718350431324e-07 0.005107743325306016 8.970082950782496e-08 0.04463421068484486 1.192818388436768e-05 2.000264279585554e-05 5.3214544580205e-06 0.004993984930010207 5.622172360099962e-06 0.0012811900687561852 8.851127487977275e-08 5.485326707690957e-06 1.0811143967268903e-05 1.2044548360435737e-05 0.00012806907900312096 0.001515523707960332 0.0030584594008269297 0.0014479950539354534 9.202176365186608e-08 1.1453947616158588e-07
36 9.980059029741019e-08 1.0633113321356027e-07 1.1469413897449679e-07 7.026943665809396e-08 1.2242916935733598e-07 2.7669289345069444e-06 1.0452010760666645e-07 1.0566597241389848 1.3322730962762848e-07 4.423895728301194e-07 1.3003718350431324e-07 0.005107743325306016 8.970082950782496e-08 0.04463421068484486 1.192818388436768e-05 2.000264279585554e-05 5.3214544580205e-06 0.004993984930010207 5.622172360099962e-06 0.0012811900687561852 8.851127487977275e-08 5.485326707690957e-06 1.0811143967268903e-05 1.2044548360435737e-05 0.00012806907900312096 0.001515523707960332 0.0030584594008269297 0.0014479950539354534 9.202176365186608e-08 1.1453947616158588e-07
37 9.980059029741019e-08 1.0633113321356027e-07 1.1469413897449679e-07 7.026943665809396e-08 1.2242916935733598e-07 2.7669289345069444e-06 1.0452010760666645e-07 1.0566597241389848 1.3322730962762848e-07 4.423895728301194e-07 1.3003718350431324e-07 0.005107743325306016 8.970082950782496e-08 0.04463421068484486 1.192818388436768e-05 2.000264279585554e-05 5.3214544580205e-06 0.004993984930010207 5.622172360099962e-06 0.0012811900687561852 8.851127487977275e-08 5.485326707690957e-06 1.0811143967268903e-05 1.2044548360435737e-05 0.00012806907900312096 0.001515523707960332 0.0030584594008269297 0.0014479950539354534 9.202176365186608e-08 1.1453947616158588e-07
38 9.980059029741019e-08 1.0633113321356027e-07 1.1469413897449679e-07 7.026943665809396e-08 1.2242916935733598e-07 2.7669289345069444e-06 1.0452010760666645e-07 1.0566597241389848 1.3322730962762848e-07 4.423895728301194e-07 1.3003718350431324e-07 0.005107743325306016 8.970082950782496e-08 0.04463421068484486 1.192818388436768e-05 2.000264279585554e-05 5.3214544580205e-06 0.004993984930010207 5.622172360099962e-06 0.0012811900687561852 8.851127487977275e-08 5.485326707690957e-06 1.0811143967268903e-05 1.2044548360435737e-05 0.00012806907900312096 0.001515523707960332 0.0030584594008269297 0.0014479950539354534 9.202176365186608e-08 1.1453947616158588e-07
39 9.980059029741019e-08 1.0633113321356027e-07 1.1469413897449679e-07 7.026943665809396e-08 1.2242916935733598e-07 2.7669289345069444e-06 1.0452010760666645e-07 1.0566597241389848 1.3322730962762848e-07 4.423895728301194e-07 1.3003718350431324e-07 0.005107743325306016 8.970082950782496e-08 0.04463421068484486 1.192818388436768e-05 2.000264279585554e-05 5.3214544580205e-06 0.004993984930010207 5.622172360099962e-06 0.0012811900687561852 8.851127487977275e-08 5.485326707690957e-06 1.0811143967268903e-05 1.2044548360435737e-05 0.00012806907900312096 0.001515523707960332 0.0030584594008269297 0.0014479950539354534 9.202176365186608e-08 1.1453947616158588e-07
40 9.980059029741019e-08 1.0633113321356027e-07 1.1469413897449679e-07 7.026943665809396e-08 1.2242916935733598e-07 2.7669289345069444e-06 1.0452010760666645e-07 1.0566597241389848 1.3322730962762848e-07 4.423895728301194e-07 1.3003718350431324e-07 0.005107743325306016 8.970082950782496e-08 0.04463421068484486 1.192818388436768e-05 2.000264279585554e-05 5.3214544580205e-06 0.004993984930010207 5.622172360099962e-06 0.0012811900687561852 8.851127487977275e-08 5.485326707690957e-06 1.0811143967268903e-05 1.2044548360435737e-05 0.00012806907900312096 0.001515523707960332 0.0030584594008269297 0.0014479950539354534 9.202176365186608e-08 1.1453947616158588e-07
41 9.980059029741019e-08 1.0633113321356027e-07 1.1469413897449679e-07 7.026943665809396e-08 1.2242916935733598e-07 2.7669289345069444e-06 1.0452010760666645e-07 1.0566597241389848 1.3322730962762848e-07 4.423895728301194e-07 1.3003718350431324e-07 0.005107743325306016 8.970082950782496e-08 0.04463421068484486 1.192818388436768e-05 2.000264279585554e-05 5.3214544580205e-06 0.004993984930010207 5.622172360099962e-06 0.0012811900687561852 8.851127487977275e-08 5.485326707690957e-06 1.0811143967268903e-05 1.2044548360435737e-05 0.00012806907900312096 0.001515523707960332 0.0030584594008269297 0.0014479950539354534 9.202176365186608e-08 1.1453947616158588e-07
42 9.980059029741019e-08 1.0633113321356027e-07 1.1469413897449679e-07 7.026943665809396e-08 1.2242916935733598e-07 2.7669289345069444e-06 1.0452010760666645e-07 1.0566597241389848 1.3322730962762848e-07 4.423895728301194e-07 1.3003718350431324e-07 0.005107743325306016 8.970082950782496e-08 0.04463421068484486 1.192818388436768e-05 2.000264279585554e-05 5.3214544580205e-06 0.004993984930010207 5.622172360099962e-06 0.0012811900687561852 8.851127487977275e-08 5.485326707690957e-06 1.0811143967268903e-05 1.2044548360435737e-05 0.00012806907900312096 0.001515523707960332 0.0030584594008269297 0.0014479950539354534 9.202176365186608e-08 1.1453947616158588e-07
43 9.980059029741019e-08 1.0633113321356027e-07 1.1469413897449679e-07 7.026943665809396e-08 1.2242916935733598e-07 2.7669289345069444e-06 1.0452010760666645e-07 1.0566597241389848 1.3322730962762848e-07 4.423895728301194e-07 1.3003718350431324e-07 0.005107743325306016 8.970082950782496e-08 0.04463421068484486 1.192818388436768e-05 2.000264279585554e-05 5.3214544580205e-06 0.004993984930010207 5.622172360099962e-06 0.0012811900687561852 8.851127487977275e-08 5.485326707690957e-06 1.0811143967268903e-05 1.2044548360435737e-05 0.00012806907900312096 0.001515523707960332 0.0030584594008269297 0.0014479950539354534 9.202176365186608e-08 1.1453947616158588e-07
44 9.980059029741019e-08 1.0633113321356027e-07 1.1469413897449679e-07 7.026943665809396e-08 1.2242916935733598e-07 2.7669289345069444e-06 1.0452010760666645e-07 1.0566597241389848 1.3322730962762848e-07 4.423895728301194e-07 1.3003718350431324e-07 0.005107743325306016 8.970082950782496e-08 0.04463421068484486 1.192818388436768e-05 2.000264279585554e-05 5.3214544580205e-06 0.004993984930010207 5.622172360099962e-06 0.0012811900687561852 8.851127487977275e-08 5.485326707690957e-06 1.0811143967268903e-05 1.2044548360435737e-05 0.00012806907900312096 0.001515523707960332 0.0030584594008269297 0.0014479950539354534 9.202176365186608e-08 1.1453947616158588e-07
45 1.0967851340086948e-07 7.949269221084487e-08 8.087406216206222e-08 5.669799425888558e-08 9.191089291981067e-08 0.008989506036839331 9.625054690065761e-08 0.9530481559919519 1.2339826985848137e-07 0.006021342972530046 4.771172370477916e-05 0.02339933782323745 9.962914035738678e-08 1.5215651550474976e-05 1.4416575607151867e-05 1.660355233715903e-05 2.49867268759564e-06 0.00030775032394584647 9.309430025276121e-07 3.225435146901014e-05 1.419206941827949e-07 1.3155395482349608e-06 1.390259816114639e-07 8.020263426372236e-07 4.31733036508803e-06 0.000192941929203346 5.1792090290789414e-05 0.0001800023232592294 1.2024437616821165e-07 9.057291561075222e-08
46 1.0967851340086948e-07 7.949269221084487e-08 8.087406216206222e-08 5.669799425888558e-08 9.191089291981067e-08 0.008989506036839331 9.625054690065761e-08 0.9530481559919519 1.2339826985848137e-07 0.006021342972530046 4.771172370477916e-05 0.02339933782323745 9.962914035738678e-08 1.5215651550474976e-05 1.4416575607151867e-05 1.660355233715903e-05 2.49867268759564e-06 0.00030775032394584647 9.309430025276121e-07 3.225435146901014e-05 1.419206941827949e-07 1.3155395482349608e-06 1.390259816114639e-07 8.020263426372236e-07 4.31733036508803e-06 0.000192941929203346 5.1792090290789414e-05 0.0001800023232592294 1.2024437616821165e-07 9.057291561075222e-08
47 1.0967851340086948e-07 7.949269221084487e-08 8.087406216206222e-08 5.669799425888558e-08 9.191089291981067e-08 0.008989506036839331 9.625054690065761e-08 0.9530481559919519 1.2339826985848137e-07 0.006021342972530046 4.771172370477916e-05 0.02339933782323745 9.962914035738678e-08 1.5215651550474976e-05 1.4416575607151867e-05 1.660355233715903e-05 2.49867268759564e-06 0.00030775032394584647 9.309430025276121e-07 3.225435146901014e-05 1.419206941827949e-07 1.3155395482349608e-06 1.390259816114639e-07 8.020263426372236e-07 4.31733036508803e-06 0.000192941929203346 5.1792090290789414e-05 0.0001800023232592294 1.2024437616821165e-07 9.057291561075222e-08
48 1.0967851340086948e-07 7.949269221084487e-08 8.087406216206222e-08 5.669799425888558e-08 9.191089291981067e-08 0.008989506036839331 9.625054690065761e-08 0.9530481559919519 1.2339826985848137e-07 0.006021342972530046 4.771172370477916e-05 0.02339933782323745 9.962914035738678e-08 1.5215651550474976e-05 1.4416575607151867e-05 1.660355233715903e-05 2.49867268759564e-06 0.00030775032394584647 9.309430025276121e-07 3.225435146901014e-05 1.419206941827949e-07 1.3155395482349608e-06 1.390259816114639e-07 8.020263426372236e-07 4.31733036508803e-06 0.000192941929203346 5.1792090290789414e-05 0.0001800023232592294 1.2024437616821165e-07 9.057291561075222e-08
49 1.0967851340086948e-07 7.949269221084487e-08 8.087406216206222e-08 5.669799425888558e-08 9.191089291981067e-08 0.008989506036839331 9.625054690065761e-08 0.9530481559919519 1.2339826985848137e-07 0.006021342972530046 4.771172370477916e-05 0.02339933782323745 9.962914035738678e-08 1.5215651550474976e-05 1.4416575607151867e-05 1.660355233715903e-05 2.49867268759564e-06 0.00030775032394584647 9.309430025276121e-07 3.225435146901014e-05 1.419206941827949e-07 1.3155395482349608e-06 1.390259816114639e-07 8.020263426372236e-07 4.31733036508803e-06 0.000192941929203346 5.1792090290789414e-05 0.0001800023232592294 1.2024437616821165e-07 9.057291561075222e-08
50 1.0967851340086948e-07 7.949269221084487e-08 8.087406216206222e-08 5.669799425888558e-08 9.191089291981067e-08 0.008989506036839331 9.625054690065761e-08 0.9530481559919519 1.2339826985848137e-07 0.006021342972530046 4.771172370477916e-05 0.02339933782323745 9.962914035738678e-08 1.5215651550474976e-05 1.4416575607151867e-05 1.660355233715903e-05 2.49867268759564e-06 0.00030775032394584647 9.309430025276121e-07 3.225435146901014e-05 1.419206941827949e-07 1.3155395482349608e-06 1.390259816114639e-07 8.020263426372236e-07 4.31733036508803e-06 0.000192941929203346 5.1792090290789414e-05 0.0001800023232592294 1.2024437616821165e-07 9.057291561075222e-08
51 1.0967851340086948e-07 7.949269221084487e-08 8.087406216206222e-08 5.669799425888558e-08 9.191089291981067e-08 0.008989506036839331 9.625054690065761e-08 0.9530481559919519 1.2339826985848137e-07 0.006021342972530046 4.771172370477916e-05 0.02339933782323745 9.962914035738678e-08 1.5215651550474976e-05 1.4416575607151867e-05 1.660355233715903e-05 2.49867268759564e-06 0.00030775032394584647 9.309430025276121e-07 3.225435146901014e-05 1.419206941827949e-07 1.3155395482349608e-06 1.390259816114639e-07 8.020263426372236e-07 4.31733036508803e-06 0.000192941929203346 5.1792090290789414e-05 0.0001800023232592294 1.2024437616821165e-07 9.057291561075222e-08
52 1.0967851340086948e-07 7.949269221084487e-08 8.087406216206222e-08 5.669799425888558e-08 9.191089291981067e-08 0.008989506036839331 9.625054690065761e-08 0.9530481559919519 1.2339826985848137e-07 0.006021342972530046 4.771172370477916e-05 0.02339933782323745 9.962914035738678e-08 1.5215651550474976e-05 1.4416575607151867e-05 1.660355233715903e-05 2.49867268759564e-06 0.00030775032394584647 9.309430025276121e-07 3.225435146901014e-05 1.419206941827949e-07 1.3155395482349608e-06 1.390259816114639e-07 8.020263426372236e-07 4.31733036508803e-06 0.000192941929203346 5.1792090290789414e-05 0.0001800023232592294 1.2024437616821165e-07 9.057291561075222e-08
53 1.0967851340086948e-07 7.949269221084487e-08 8.087406216206222e-08 5.669799425888558e-08 9.191089291981067e-08 0.008989506036839331 9.625054690065761e-08 0.9530481559919519 1.2339826985848137e-07 0.006021342972530046 4.771172370477916e-05 0.02339933782323745 9.962914035738678e-08 1.5215651550474976e-05 1.4416575607151867e-05 1.660355233715903e-05 2.49867268759564e-06 0.00030775032394584647 9.309430025276121e-07 3.225435146901014e-05 1.419206941827949e-07 1.3155395482349608e-06 1.390259816114639e-07 8.020263426372236e-07 4.31733036508803e-06 0.000192941929203346 5.1792090290789414e-05 0.0001800023232592294 1.2024437616821165e-07 9.057291561075222e-08
54 1.0967851340086948e-07 7.949269221084487e-08 8.087406216206222e-08 5.669799425888558e-08 9.191089291981067e-08 0.008989506036839331 9.625054690065761e-08 0.9530481559919519 1.2339826985848137e-07 0.006021342972530046 4.771172370477916e-05 0.02339933782323745 9.962914035738678e-08 1.5215651550474976e-05 1.4416575607151867e-05 1.660355233715903e-05 2.49867268759564e-06 0.00030775032394584647 9.309430025276121e-07 3.225435146901014e-05 1.419206941827949e-07 1.3155395482349608e-06 1.390259816114639e-07 8.020263426372236e-07 4.31733036508803e-06 0.000192941929203346 5.1792090290789414e-05 0.0001800023232592294 1.2024437616821165e-07 9.057291561075222e-08
55 1.0967851340086948e-07 7.949269221084487e-08 8.087406216206222e-08 5.669799425888558e-08 9.191089291981067e-08 0.008989506036839331 9.625054690065761e-08 0.9530481559919519 1.2339826985848137e-07 0.006021342972530046 4.771172370477916e-05 0.02339933782323745 9.962914035738678e-08 1.5215651550474976e-05 1.4416575607151867e-05 1.660355233715903e-05 2.49867268759564e-06 0.00030775032394584647 9.309430025276121e-07 3.225435146901014e-05 1.419206941827949e-07 1.3155395482349608e-06 1.390259816114639e-07 8.020263426372236e-07 4.31733036508803e-06 0.000192941929203346 5.1792090290789414e-05 0.0001800023232592294 1.2024437616821165e-07 9.057291561075222e-08
56 1.0967851340086948e-07 7.949269221084487e-08 8.087406216206222e-08 5.669799425888558e-08 9.191089291981067e-08 0.008989506036839331 9.625054690065761e-08 0.9530481559919519 1.2339826985848137e-07 0.006021342972530046 4.771172370477916e-05 0.02339933782323745 9.962914035738678e-08 1.5215651550474976e-05 1.4416575607151867e-05 1.660355233715903e-05 2.49867268759564e-06 0.00030775032394584647 9.309430025276121e-07 3.225435146901014e-05 1.419206941827949e-07 1.3155395482349608e-06 1.390259816114639e-07 8.020263426372236e-07 4.31733036508803e-06 0.000192941929203346 5.1792090290789414e-05 0.0001800023232592294 1.2024437616821165e-07 9.057291561075222e-08
57 1.0967851340086948e-07 7.949269221084487e-08 8.087406216206222e-08 5.669799425888558e-08 9.191089291981067e-08 0.008989506036839331 9.625054690065761e-08 0.9530481559919519 1.2339826985848137e-07 0.006021342972530046 4.771172370477916e-05 0.02339933782323745 9.962914035738678e-08 1.5215651550474976e-05 1.4416575607151867e-05 1.660355233715903e-05 2.49867268759564e-06 0.00030775032394584647 9.309430025276121e-07 3.225435146901014e-05 1.419206941827949e-07 1.3155395482349608e-06 1.390259816114639e-07 8.020263426372236e-07 4.31733036508803e-06 0.000192941929203346 5.1792090290789414e-05 0.0001800023232592294 1.2024437616821165e-07 9.057291561075222e-08
58 1.0967851340086948e-07 7.949269221084487e-08 8.087406216206222e-08 5.669799425888558e-08 9.191089291981067e-08 0.008989506036839331 9.625054690065761e-08 0.9530481559919519 1.2339826985848137e-07 0.006021342972530046 4.771172370477916e-05 0.02339933782323745 9.962914035738678e-08 1.5215651550474976e-05 1.4416575607151867e-05 1.660355233715903e-05 2.49867268759564e-06 0.00030775032394584647 9.309430025276121e-07 3.225435146901014e-05 1.419206941827949e-07 1.3155395482349608e-06 1.390259816114639e-07 8.020263426372236e-07 4.31733036508803e-06 0.000192941929203346 5.1792090290789414e-05 0.0001800023232592294 1.2024437616821165e-07 9.057291561075222e-08
59 1.0967851340086948e-07 7.949269221084487e-08 8.087406216206222e-08 5.669799425888558e-08 9.191089291981067e-08 0.008989506036839331 9.625054690065761e-08 0.9530481559919519 1.2339826985848137e-07 0.006021342972530046 4.771172370477916e-05 0.02339933782323745 9.962914035738678e-08 1.5215651550474976e-05 1.4416575607151867e-05 1.660355233715903e-05 2.49867268759564e-06 0.00030775032394584647 9.309430025276121e-07 3.225435146901014e-05 1.419206941827949e-07 1.3155395482349608e-06 1.390259816114639e-07 8.020263426372236e-07 4.31733036508803e-06 0.000192941929203346 5.1792090290789414e-05 0.0001800023232592294 1.2024437616821165e-07 9.057291561075222e-08
60 1.0967851340086948e-07 7.949269221084487e-08 8.087406216206222e-08 5.669799425888558e-08 9.191089291981067e-08 0.008989506036839331 9.625054690065761e-08 0.9530481559919519 1.2339826985848137e-07 0.006021342972530046 4.771172370477916e-05 0.02339933782323745 9.962914035738678e-08 1.5215651550474976e-05 1.4416575607151867e-05 1.660355233715903e-05 2.49867268759564e-06 0.00030775032394584647 9.309430025276121e-07 3.225435146901014e-05 1.419206941827949e-07 1.3155395482349608e-06 1.390259816114639e-07 8.020263426372236e-07 4.31733036508803e-06 0.000192941929203346 5.1792090290789414e-05 0.0001800023232592294 1.2024437616821165e-07 9.057291561075222e-08
61 1.0967851340086948e-07 7.949269221084487e-08 8.087406216206222e-08 5.669799425888558e-08 9.191089291981067e-08 0.008989506036839331 9.625054690065761e-08 0.9530481559919519 1.2339826985848137e-07 0.006021342972530046 4.771172370477916e-05 0.02339933782323745 9.962914035738678e-08 1.5215651550474976e-05 1.4416575607151867e-05 1.660355233715903e-05 2.49867268759564e-06 0.00030775032394584647 9.309430025276121e-07 3.225435146901014e-05 1.419206941827949e-07 1.3155395482349608e-06 1.390259816114639e-07 8.020263426372236e-07 4.31733036508803e-06 0.000192941929203346 5.1792090290789414e-05 0.0001800023232592294 1.2024437616821165e-07 9.057291561075222e-08
62 1.0967851340086948e-07 7.949269221084487e-08 8.087406216206222e-08 5.669799425888558e-08 9.191089291981067e-08 0.008989506036839331 9.625054690065761e-08 0.9530481559919519 1.2339826985848137e-07 0.006021342972530046 4.771172370477916e-05 0.02339933782323745 9.962914035738678e-08 1.5215651550474976e-05 1.4416575607151867e-05 1.660355233715903e-05 2.49867268759564e-06 0.00030775032394584647 9.309430025276121e-07 3.225435146901014e-05 1.419206941827949e-07 1.3155395482349608e-06 1.390259816114639e-07 8.020263426372236e-07 4.31733036508803e-06 0.000192941929203346 5.1792090290789414e-05 0.0001800023232592294 1.2024437616821165e-07 9.057291561075222e-08
63 1.0967851340086948e-07 7.949269221084487e-08 8.087406216206222e-08 5.669799425888558e-08 9.191089291981067e-08 0.008989506036839331 9.625054690065761e-08 0.9530481559919519 1.2339826985848137e-07 0.006021342972530046 4.771172370477916e-05 0.02339933782323745 9.962914035738678e-08 1.5215651550474976e-05 1.4416575607151867e-05 1.660355233715903e-05 2.49867268759564e-06 0.00030775032394584647 9.309430025276121e-07 3.225435146901014e-05 1.419206941827949e-07 1.3155395482349608e-06 1.390259816114639e-07 8.020263426372236e-07 4.31733036508803e-06 0.000192941929203346 5.1792090290789414e-05 0.0001800023232592294 1.2024437616821165e-07 9.057291561075222e-08
64 1.0967851340086948e-07 7.949269221084487e-08 8.087406216206222e-08 5.669799425888558e-08 9.191089291981067e-08 0.008989506036839331 9.625054690065761e-08 0.9530481559919519 1.2339826985848137e-07 0.006021342972530046 4.771172370477916e-05 0.02339933782323745 9.962914035738678e-08 1.5215651550474976e-05 1.4416575607151867e-05 1.660355233715903e-05 2.49867268759564e-06 0.00030775032394584647 9.309430025276121e-07 3.225435146901014e-05 1.419206941827949e-07 1.3155395482349608e-06 1.390259816114639e-07 8.020263426372236e-07 4.31733036508803e-06 0.000192941929203346 5.1792090290789414e-05 0.0001800023232592294 1.2024437616821165e-07 9.057291561075222e-08
65 1.0967851340086948e-07 7.949269221084487e-08 8.087406216206222e-08 5.669799425888558e-08 9.191089291981067e-08 0.008989506036839331 9.625054690065761e-08 0.9530481559919519 1.2339826985848137e-07 0.006021342972530046 4.771172370477916e-05 0.02339933782323745 9.962914035738678e-08 1.5215651550474976e-05 1.4416575607151867e-05 1.660355233715903e-05 2.49867268759564e-06 0.00030775032394584647 9.309430025276121e-07 3.225435146901014e-05 1.419206941827949e-07 1.3155395482349608e-06 1.390259816114639e-07 8.020263426372236e-07 4.31733036508803e-06 0.000192941929203346 5.1792090290789414e-05 0.0001800023232592294 1.2024437616821165e-07 9.057291561075222e-08
66 1.0967851340086948e-07 7.949269221084487e-08 8.087406216206222e-08 5.669799425888558e-08 9.191089291981067e-08 0.008989506036839331 9.625054690065761e-08 0.9530481559919519 1.2339826985848137e-07 0.006021342972530046 4.771172370477916e-05 0.02339933782323745 9.962914035738678e-08 1.5215651550474976e-05 1.4416575607151867e-05 1.660355233715903e-05 2.49867268759564e-06 0.00030775032394584647 9.309430025276121e-07 3.225435146901014e-05 1.419206941827949e-07 1.3155395482349608e-06 1.390259816114639e-07 8.020263426372236e-07 4.31733036508803e-06 0.000192941929203346 5.1792090290789414e-05 0.0001800023232592294 1.2024437616821165e-07 9.057291561075222e-08
67 1.0967851340086948e-07 7.949269221084487e-08 8.087406216206222e-08 5.669799425888558e-08 9.191089291981067e-08 0.008989506036839331 9.625054690065761e-08 0.9530481559919519 1.2339826985848137e-07 0.006021342972530046 4.771172370477916e-05 0.02339933782323745 9.962914035738678e-08 1.5215651550474976e-05 1.4416575607151867e-05 1.660355233715903e-05 2.49867268759564e-06 0.00030775032394584647 9.309430025276121e-07 3.225435146901014e-05 1.419206941827949e-07 1.3155395482349608e-06 1.390259816114639e-07 8.020263426372236e-07 4.31733036508803e-06 0.000192941929203346 5.1792090290789414e-05 0.0001800023232592294 1.2024437616821165e-07 9.057291561075222e-08
68 6.269633648939176e-07 5.806661453444802e-07 6.43937345057236e-07 4.58094870784677e-07 6.55163935814421e-07 0.04773711121942048 6.648743842698614e-07 0.6790882198376872 5.429219449635394e-07 0.03473988265982067 0.00024057427705415337 0.099194315077194 6.124212438061275e-07 6.79285322594017e-05 9.022394007364602e-05 7.332700365908569e-05 2.159814186518471e-05 0.002027295013409722 5.008696011485839e-06 0.00032653113559297464 6.232947516477401e-07 9.473178983085308e-06 1.0032508367851734e-06 6.666938498176623e-06 1.9557964874073796e-05 0.0014563258304793718 0.000429904576530984 0.0015915136212353125 6.591134739628115e-07 6.096725551117741e-07
69 6.269633648939176e-07 5.806661453444802e-07 6.43937345057236e-07 4.58094870784677e-07 6.55163935814421e-07 0.04773711121942048 6.648743842698614e-07 0.6790882198376872 5.429219449635394e-07 0.03473988265982067 0.00024057427705415337 0.099194315077194 6.124212438061275e-07 6.79285322594017e-05 9.022394007364602e-05 7.332700365908569e-05 2.159814186518471e-05 0.002027295013409722 5.008696011485839e-06 0.00032653113559297464 6.232947516477401e-07 9.473178983085308e-06 1.0032508367851734e-06 6.666938498176623e-06 1.9557964874073796e-05 0.0014563258304793718 0.000429904576530984 0.0015915136212353125 6.591134739628115e-07 6.096725551117741e-07
70 6.269633648939176e-07 5.806661453444802e-07 6.43937345057236e-07 4.58094870784677e-07 6.55163935814421e-07 0.04773711121942048 6.648743842698614e-07 0.6790882198376872 5.429219449635394e-07 0.03473988265982067 0.00024057427705415337 0.099194315077194 6.124212438061275e-07 6.79285322594017e-05 9.022394007364602e-05 7.332700365908569e-05 2.159814186518471e-05 0.002027295013409722 5.008696011485839e-06 0.00032653113559297464 6.232947516477401e-07 9.473178983085308e-06 1.0032508367851734e-06 6.666938498176623e-06 1.9557964874073796e-05 0.0014563258304793718 0.000429904576530984 0.0015915136212353125 6.591134739628115e-07 6.096725551117741e-07
71 6.269633648939176e-07 5.806661453444802e-07 6.43937345057236e-07 4.58094870784677e-07 6.55163935814421e-07 0.04773711121942048 6.648743842698614e-07 0.6790882198376872 5.429219449635394e-07 0.03473988265982067 0.00024057427705415337 0.099194315077194 6.124212438061275e-07 6.79285322594017e-05 9.022394007364602e-05 7.332700365908569e-05 2.159814186518471e-05 0.002027295013409722 5.008696011485839e-06 0.00032653113559297464 6.232947516477401e-07 9.473178983085308e-06 1.0032508367851734e-06 6.666938498176623e-06 1.9557964874073796e-05 0.0014563258304793718 0.000429904576530984 0.0015915136212353125 6.591134739628115e-07 6.096725551117741e-07
72 6.269633648939176e-07 5.806661453444802e-07 6.43937345057236e-07 4.58094870784677e-07 6.55163935814421e-07 0.04773711121942048 6.648743842698614e-07 0.6790882198376872 5.429219449635394e-07 0.03473988265982067 0.00024057427705415337 0.099194315077194 6.124212438061275e-07 6.79285322594017e-05 9.022394007364602e-05 7.332700365908569e-05 2.159814186518471e-05 0.002027295013409722 5.008696011485839e-06 0.00032653113559297464 6.232947516477401e-07 9.473178983085308e-06 1.0032508367851734e-06 6.666938498176623e-06 1.9557964874073796e-05 0.0014563258304793718 0.000429904576530984 0.0015915136212353125 6.591134739628115e-07 6.096725551117741e-07
73 6.269633648939176e-07 5.806661453444802e-07 6.43937345057236e-07 4.58094870784677e-07 6.55163935814421e-07 0.04773711121942048 6.648743842698614e-07 0.6790882198376872 5.429219449635394e-07 0.03473988265982067 0.00024057427705415337 0.099194315077194 6.124212438061275e-07 6.79285322594017e-05 9.022394007364602e-05 7.332700365908569e-05 2.159814186518471e-05 0.002027295013409722 5.008696011485839e-06 0.00032653113559297464 6.232947516477401e-07 9.473178983085308e-06 1.0032508367851734e-06 6.666938498176623e-06 1.9557964874073796e-05 0.0014563258304793718 0.000429904576530984 0.0015915136212353125 6.591134739628115e-07 6.096725551117741e-07
74 6.269633648939176e-07 5.806661453444802e-07 6.43937345057236e-07 4.58094870784677e-07 6.55163935814421e-07 0.04773711121942048 6.648743842698614e-07 0.6790882198376872 5.429219449635394e-07 0.03473988265982067 0.00024057427705415337 0.099194315077194 6.124212438061275e-07 6.79285322594017e-05 9.022394007364602e-05 7.332700365908569e-05 2.159814186518471e-05 0.002027295013409722 5.008696011485839e-06 0.00032653113559297464 6.232947516477401e-07 9.473178983085308e-06 1.0032508367851734e-06 6.666938498176623e-06 1.9557964874073796e-05 0.0014563258304793718 0.000429904576530984 0.0015915136212353125 6.591134739628115e-07 6.096725551117741e-07
75 6.269633648939176e-07 5.806661453444802e-07 6.43937345057236e-07 4.58094870784677e-07 6.55163935814421e-07 0.04773711121942048 6.648743842698614e-07 0.6790882198376872 5.429219449635394e-07 0.03473988265982067 0.00024057427705415337 0.099194315077194 6.124212438061275e-07 6.79285322594017e-05 9.022394007364602e-05 7.332700365908569e-05 2.159814186518471e-05 0.002027295013409722 5.008696011485839e-06 0.00032653113559297464 6.232947516477401e-07 9.473178983085308e-06 1.0032508367851734e-06 6.666938498176623e-06 1.9557964874073796e-05 0.0014563258304793718 0.000429904576530984 0.0015915136212353125 6.591134739628115e-07 6.096725551117741e-07
76 6.269633648939176e-07 5.806661453444802e-07 6.43937345057236e-07 4.58094870784677e-07 6.55163935814421e-07 0.04773711121942048 6.648743842698614e-07 0.6790882198376872 5.429219449635394e-07 0.03473988265982067 0.00024057427705415337 0.099194315077194 6.124212438061275e-07 6.79285322594017e-05 9.022394007364602e-05 7.332700365908569e-05 2.159814186518471e-05 0.002027295013409722 5.008696011485839e-06 0.00032653113559297464 6.232947516477401e-07 9.473178983085308e-06 1.0032508367851734e-06 6.666938498176623e-06 1.9557964874073796e-05 0.0014563258304793718 0.000429904576530984 0.0015915136212353125 6.591134739628115e-07 6.096725551117741e-07
77 6.269633648939176e-07 5.806661453444802e-07 6.43937345057236e-07 4.58094870784677e-07 6.55163935814421e-07 0.04773711121942048 6.648743842698614e-07 0.6790882198376872 5.429219449635394e-07 0.03473988265982067 0.00024057427705415337 0.099194315077194 6.124212438061275e-07 6.79285322594017e-05 9.022394007364602e-05 7.332700365908569e-05 2.159814186518471e-05 0.002027295013409722 5.008696011485839e-06 0.00032653113559297464 6.232947516477401e-07 9.473178983085308e-06 1.0032508367851734e-06 6.666938498176623e-06 1.9557964874073796e-05 0.0014563258304793718 0.000429904576530984 0.0015915136212353125 6.591134739628115e-07 6.096725551117741e-07
78 6.269633648939176e-07 5.806661453444802e-07 6.43937345057236e-07 4.58094870784677e-07 6.55163935814421e-07 0.04773711121942048 6.648743842698614e-07 0.6790882198376872 5.429219449635394e-07 0.03473988265982067 0.00024057427705415337 0.099194315077194 6.124212438061275e-07 6.79285322594017e-05 9.022394007364602e-05 7.332700365908569e-05 2.159814186518471e-05 0.002027295013409722 5.008696011485839e-06 0.00032653113559297464 6.232947516477401e-07 9.473178983085308e-06 1.0032508367851734e-06 6.666938498176623e-06 1.9557964874073796e-05 0.0014563258304793718 0.000429904576530984 0.0015915136212353125 6.591134739628115e-07 6.096725551117741e-07
79 6.269633648939176e-07 5.806661453444802e-07 6.43937345057236e-07 4.58094870784677e-07 6.55163935814421e-07 0.04773711121942048 6.648743842698614e-07 0.6790882198376872 5.429219449635394e-07 0.03473988265982067 0.00024057427705415337 0.099194315077194 6.124212438061275e-07 6.79285322594017e-05 9.022394007364602e-05 7.332700365908569e-05 2.159814186518471e-05 0.002027295013409722 5.008696011485839e-06 0.00032653113559297464 6.232947516477401e-07 9.473178983085308e-06 1.0032508367851734e-06 6.666938498176623e-06 1.9557964874073796e-05 0.0014563258304793718 0.000429904576530984 0.0015915136212353125 6.591134739628115e-07 6.096725551117741e-07
80 6.269633648939176e-07 5.806661453444802e-07 6.43937345057236e-07 4.58094870784677e-07 6.55163935814421e-07 0.04773711121942048 6.648743842698614e-07 0.6790882198376872 5.429219449635394e-07 0.03473988265982067 0.00024057427705415337 0.099194315077194 6.124212438061275e-07 6.79285322594017e-05 9.022394007364602e-05 7.332700365908569e-05 2.159814186518471e-05 0.002027295013409722 5.008696011485839e-06 0.00032653113559297464 6.232947516477401e-07 9.473178983085308e-06 1.0032508367851734e-06 6.666938498176623e-06 1.9557964874073796e-05 0.0014563258304793718 0.000429904576530984 0.0015915136212353125 6.591134739628115e-07 6.096725551117741e-07
81 6.269633648939176e-07 5.806661453444802e-07 6.43937345057236e-07 4.58094870784677e-07 6.55163935814421e-07 0.04773711121942048 6.648743842698614e-07 0.6790882198376872 5.429219449635394e-07 0.03473988265982067 0.00024057427705415337 0.099194315077194 6.124212438061275e-07 6.79285322594017e-05 9.022394007364602e-05 7.332700365908569e-05 2.159814186518471e-05 0.002027295013409722 5.008696011485839e-06 0.00032653113559297464 6.232947516477401e-07 9.473178983085308e-06 1.0032508367851734e-06 6.666938498176623e-06 1.9557964874073796e-05 0.0014563258304793718 0.000429904576530984 0.0015915136212353125 6.591134739628115e-07 6.096725551117741e-07
82 6.269633648939176e-07 5.806661453444802e-07 6.43937345057236e-07 4.58094870784677e-07 6.55163935814421e-07 0.04773711121942048 6.648743842698614e-07 0.6790882198376872 5.429219449635394e-07 0.03473988265982067 0.00024057427705415337 0.099194315077194 6.124212438061275e-07 6.79285322594017e-05 9.022394007364602e-05 7.332700365908569e-05 2.159814186518471e-05 0.002027295013409722 5.008696011485839e-06 0.00032653113559297464 6.232947516477401e-07 9.473178983085308e-06 1.0032508367851734e-06 6.666938498176623e-06 1.9557964874073796e-05 0.0014563258304793718 0.000429904576530984 0.0015915136212353125 6.591134739628115e-07 6.096725551117741e-07
83 6.269633648939176e-07 5.806661453444802e-07 6.43937345057236e-07 4.58094870784677e-07 6.55163935814421e-07 0.04773711121942048 6.648743842698614e-07 0.6790882198376872 5.429219449635394e-07 0.03473988265982067 0.00024057427705415337 0.099194315077194 6.124212438061275e-07 6.79285322594017e-05 9.022394007364602e-05 7.332700365908569e-05 2.159814186518471e-05 0.002027295013409722 5.008696011485839e-06 0.00032653113559297464 6.232947516477401e-07 9.473178983085308e-06 1.0032508367851734e-06 6.666938498176623e-06 1.9557964874073796e-05 0.0014563258304793718 0.000429904576530984 0.0015915136212353125 6.591134739628115e-07 6.096725551117741e-07
84 6.269633648939176e-07 5.806661453444802e-07 6.43937345057236e-07 4.58094870784677e-07 6.55163935814421e-07 0.04773711121942048 6.648743842698614e-07 0.6790882198376872 5.429219449635394e-07 0.03473988265982067 0.00024057427705415337 0.099194315077194 6.124212438061275e-07 6.79285322594017e-05 9.022394007364602e-05 7.332700365908569e-05 2.159814186518471e-05 0.002027295013409722 5.008696011485839e-06 0.00032653113559297464 6.232947516477401e-07 9.473178983085308e-06 1.0032508367851734e-06 6.666938498176623e-06 1.9557964874073796e-05 0.0014563258304793718 0.000429904576530984 0.0015915136212353125 6.591134739628115e-07 6.096725551117741e-07
85 6.269633648939176e-07 5.806661453444802e-07 6.43937345057236e-07 4.58094870784677e-07 6.55163935814421e-07 0.04773711121942048 6.648743842698614e-07 0.6790882198376872 5.429219449635394e-07 0.03473988265982067 0.00024057427705415337 0.099194315077194 6.124212438061275e-07 6.79285322594017e-05 9.022394007364602e-05 7.332700365908569e-05 2.159814186518471e-05 0.002027295013409722 5.008696011485839e-06 0.00032653113559297464 6.232947516477401e-07 9.473178983085308e-06 1.0032508367851734e-06 6.666938498176623e-06 1.9557964874073796e-05 0.0014563258304793718 0.000429904576530984 0.0015915136212353125 6.591134739628115e-07 6.096725551117741e-07
86 6.269633648939176e-07 5.806661453444802e-07 6.43937345057236e-07 4.58094870784677e-07 6.55163935814421e-07 0.04773711121942048 6.648743842698614e-07 0.6790882198376872 5.429219449635394e-07 0.03473988265982067 0.00024057427705415337 0.099194315077194 6.124212438061275e-07 6.79285322594017e-05 9.022394007364602e-05 7.332700365908569e-05 2.159814186518471e-05 0.002027295013409722 5.008696011485839e-06 0.00032653113559297464 6.232947516477401e-07 9.473178983085308e-06 1.0032508367851734e-06 6.666938498176623e-06 1.9557964874073796e-05 0.0014563258304793718 0.000429904576530984 0.0015915136212353125 6.591134739628115e-07 6.096725551117741e-07
87 6.269633648939176e-07 5.806661453444802e-07 6.43937345057236e-07 4.58094870784677e-07 6.55163935814421e-07 0.04773711121942048 6.648743842698614e-07 0.6790882198376872 5.429219449635394e-07 0.03473988265982067 0.00024057427705415337 0.099194315077194 6.124212438061275e-07 6.79285322594017e-05 9.022394007364602e-05 7.332700365908569e-05 2.159814186518471e-05 0.002027295013409722 5.008696011485839e-06 0.00032653113559297464 6.232947516477401e-07 9.473178983085308e-06 1.0032508367851734e-06 6.666938498176623e-06 1.9557964874073796e-05 0.0014563258304793718 0.000429904576530984 0.0015915136212353125 6.591134739628115e-07 6.096725551117741e-07
88 6.269633648939176e-07 5.806661453444802e-07 6.43937345057236e-07 4.58094870784677e-07 6.55163935814421e-07 0.04773711121942048 6.648743842698614e-07 0.6790882198376872 5.429219449635394e-07 0.03473988265982067 0.00024057427705415337 0.099194315077194 6.124212438061275e-07 6.79285322594017e-05 9.022394007364602e-05 7.332700365908569e-05 2.159814186518471e-05 0.002027295013409722 5.008696011485839e-06 0.00032653113559297464 6.232947516477401e-07 9.473178983085308e-06 1.0032508367851734e-06 6.666938498176623e-06 1.9557964874073796e-05 0.0014563258304793718 0.000429904576530984 0.0015915136212353125 6.591134739628115e-07 6.096725551117741e-07
89 6.269633648939176e-07 5.806661453444802e-07 6.43937345057236e-07 4.58094870784677e-07 6.55163935814421e-07 0.04773711121942048 6.648743842698614e-07 0.6790882198376872 5.429219449635394e-07 0.03473988265982067 0.00024057427705415337 0.099194315077194 6.124212438061275e-07 6.79285322594017e-05 9.022394007364602e-05 7.332700365908569e-05 2.159814186518471e-05 0.002027295013409722 5.008696011485839e-06 0.00032653113559297464 6.232947516477401e-07 9.473178983085308e-06 1.0032508367851734e-06 6.666938498176623e-06 1.9557964874073796e-05 0.0014563258304793718 0.000429904576530984 0.0015915136212353125 6.591134739628115e-07 6.096725551117741e-07
90 6.269633648939176e-07 5.806661453444802e-07 6.43937345057236e-07 4.58094870784677e-07 6.55163935814421e-07 0.04773711121942048 6.648743842698614e-07 0.6790882198376872 5.429219449635394e-07 0.03473988265982067 0.00024057427705415337 0.099194315077194 6.124212438061275e-07 6.79285322594017e-05 9.022394007364602e-05 7.332700365908569e-05 2.159814186518471e-05 0.002027295013409722 5.008696011485839e-06 0.00032653113559297464 6.232947516477401e-07 9.473178983085308e-06 1.0032508367851734e-06 6.666938498176623e-06 1.9557964874073796e-05 0.0014563258304793718 0.000429904576530984 0.0015915136212353125 6.591134739628115e-07 6.096725551117741e-07
91 6.269633648939176e-07 5.806661453444802e-07 6.43937345057236e-07 4.58094870784677e-07 6.55163935814421e-07 0.04773711121942048 6.648743842698614e-07 0.6790882198376872 5.429219449635394e-07 0.03473988265982067 0.00024057427705415337 0.099194315077194 6.124212438061275e-07 6.79285322594017e-05 9.022394007364602e-05 7.332700365908569e-05 2.159814186518471e-05 0.002027295013409722 5.008696011485839e-06 0.00032653113559297464 6.232947516477401e-07 9.473178983085308e-06 1.0032508367851734e-06 6.666938498176623e-06 1.9557964874073796e-05 0.0014563258304793718 0.000429904576530984 0.0015915136212353125 6.591134739628115e-07 6.096725551117741e-07
92 6.269633648939176e-07 5.806661453444802e-07 6.43937345057236e-07 4.58094870784677e-07 6.55163935814421e-07 0.04773711121942048 6.648743842698614e-07 0.6790882198376872 5.429219449635394e-07 0.03473988265982067 0.00024057427705415337 0.099194315077194 6.124212438061275e-07 6.79285322594017e-05 9.022394007364602e-05 7.332700365908569e-05 2.159814186518471e-05 0.002027295013409722 5.008696011485839e-06 0.00032653113559297464 6.232947516477401e-07 9.473178983085308e-06 1.0032508367851734e-06 6.666938498176623e-06 1.9557964874073796e-05 0.0014563258304793718 0.000429904576530984 0.0015915136212353125 6.591134739628115e-07 6.096725551117741e-07
93 6.269633648939176e-07 5.806661453444802e-07 6.43937345057236e-07 4.58094870784677e-07 6.55163935814421e-07 0.04773711121942048 6.648743842698614e-07 0.6790882198376872 5.429219449635394e-07 0.03473988265982067 0.00024057427705415337 0.099194315077194 6.124212438061275e-07 6.79285322594017e-05 9.022394007364602e-05 7.332700365908569e-05 2.159814186518471e-05 0.002027295013409722 5.008696011485839e-06 0.00032653113559297464 6.232947516477401e-07 9.473178983085308e-06 1.0032508367851734e-06 6.666938498176623e-06 1.9557964874073796e-05 0.0014563258304793718 0.000429904576530984 0.0015915136212353125 6.591134739628115e-07 6.096725551117741e-07
94 6.269633648939176e-07 5.806661453444802e-07 6.43937345057236e-07 4.58094870784677e-07 6.55163935814421e-07 0.04773711121942048 6.648743842698614e-07 0.6790882198376872 5.429219449635394e-07 0.03473988265982067 0.00024057427705415337 0.099194315077194 6.124212438061275e-07 6.79285322594017e-05 9.022394007364602e-05 7.332700365908569e-05 2.159814186518471e-05 0.002027295013409722 5.008696011485839e-06 0.00032653113559297464 6.232947516477401e-07 9.473178983085308e-06 1.0032508367851734e-06 6.666938498176623e-06 1.9557964874073796e-05 0.0014563258304793718 0.000429904576530984 0.0015915136212353125 6.591134739628115e-07 6.096725551117741e-07
95 6.269633648939176e-07 5.806661453444802e-07 6.43937345057236e-07 4.58094870784677e-07 6.55163935814421e-07 0.04773711121942048 6.648743842698614e-07 0.6790882198376872 5.429219449635394e-07 0.03473988265982067 0.00024057427705415337 0.099194315077194 6.124212438061275e-07 6.79285322594017e-05 9.022394007364602e-05 7.332700365908569e-05 2.159814186518471e-05 0.002027295013409722 5.008696011485839e-06 0.00032653113559297464 6.232947516477401e-07 9.473178983085308e-06 1.0032508367851734e-06 6.666938498176623e-06 1.9557964874073796e-05 0.0014563258304793718 0.000429904576530984 0.0015915136212353125 6.591134739628115e-07 6.096725551117741e-07
96 6.269633648939176e-07 5.806661453444802e-07 6.43937345057236e-07 4.58094870784677e-07 6.55163935814421e-07 0.04773711121942048 6.648743842698614e-07 0.6790882198376872 5.429219449635394e-07 0.03473988265982067 0.00024057427705415337 0.099194315077194 6.124212438061275e-07 6.79285322594017e-05 9.022394007364602e-05 7.332700365908569e-05 2.159814186518471e-05 0.002027295013409722 5.008696011485839e-06 0.00032653113559297464 6.232947516477401e-07 9.473178983085308e-06 1.0032508367851734e-06 6.666938498176623e-06 1.9557964874073796e-05 0.0014563258304793718 0.000429904576530984 0.0015915136212353125 6.591134739628115e-07 6.096725551117741e-07
97 6.269633648939176e-07 5.806661453444802e-07 6.43937345057236e-07 4.58094870784677e-07 6.55163935814421e-07 0.04773711121942048 6.648743842698614e-07 0.6790882198376872 5.429219449635394e-07 0.03473988265982067 0.00024057427705415337 0.099194315077194 6.124212438061275e-07 6.79285322594017e-05 9.022394007364602e-05 7.332700365908569e-05 2.159814186518471e-05 0.002027295013409722 5.008696011485839e-06 0.00032653113559297464 6.232947516477401e-07 9.473178983085308e-06 1.0032508367851734e-06 6.666938498176623e-06 1.9557964874073796e-05 0.0014563258304793718 0.000429904576530984 0.0015915136212353125 6.591134739628115e-07 6.096725551117741e-07
98 6.269633648939176e-07 5.806661453444802e-07 6.43937345057236e-07 4.58094870784677e-07 6.55163935814421e-07 0.04773711121942048 6.648743842698614e-07 0.6790882198376872 5.429219449635394e-07 0.03473988265982067 0.00024057427705415337 0.099194315077194 6.124212438061275e-07 6.79285322594017e-05 9.022394007364602e-05 7.332700365908569e-05 2.159814186518471e-05 0.002027295013409722 5.008696011485839e-06 0.00032653113559297464 6.232947516477401e-07 9.473178983085308e-06 1.0032508367851734e-06 6.666938498176623e-06 1.9557964874073796e-05 0.0014563258304793718 0.000429904576530984 0.0015915136212353125 6.591134739628115e-07 6.096725551117741e-07
99 6.269633648939176e-07 5.806661453444802e-07 6.43937345057236e-07 4.58094870784677e-07 6.55163935814421e-07 0.04773711121942048 6.648743842698614e-07 0.6790882198376872 5.429219449635394e-07 0.03473988265982067 0.00024057427705415337 0.099194315077194 6.124212438061275e-07 6.79285322594017e-05 9.022394007364602e-05 7.332700365908569e-05 2.159814186518471e-05 0.002027295013409722 5.008696011485839e-06 0.00032653113559297464 6.232947516477401e-07 9.473178983085308e-06 1.0032508367851734e-06 6.666938498176623e-06 1.9557964874073796e-05 0.0014563258304793718 0.000429904576530984 0.0015915136212353125 6.591134739628115e-07 6.096725551117741e-07
100 6.269633648939176e-07 5.806661453444802e-07 6.43937345057236e-07 4.58094870784677e-07 6.55163935814421e-07 0.04773711121942048 6.648743842698614e-07 0.6790882198376872 5.429219449635394e-07 0.03473988265982067 0.00024057427705415337 0.099194315077194 6.124212438061275e-07 6.79285322594017e-05 9.022394007364602e-05 7.332700365908569e-05 2.159814186518471e-05 0.002027295013409722 5.008696011485839e-06 0.00032653113559297464 6.232947516477401e-07 9.473178983085308e-06 1.0032508367851734e-06 6.666938498176623e-06 1.9557964874073796e-05 0.0014563258304793718 0.000429904576530984 0.0015915136212353125 6.591134739628115e-07 6.096725551117741e-07
101 6.269633648939176e-07 5.806661453444802e-07 6.43937345057236e-07 4.58094870784677e-07 6.55163935814421e-07 0.04773711121942048 6.648743842698614e-07 0.6790882198376872 5.429219449635394e-07 0.03473988265982067 0.00024057427705415337 0.099194315077194 6.124212438061275e-07 6.79285322594017e-05 9.022394007364602e-05 7.332700365908569e-05 2.159814186518471e-05 0.002027295013409722 5.008696011485839e-06 0.00032653113559297464 6.232947516477401e-07 9.473178983085308e-06 1.0032508367851734e-06 6.666938498176623e-06 1.9557964874073796e-05 0.0014563258304793718 0.000429904576530984 0.0015915136212353125 6.591134739628115e-07 6.096725551117741e-07
102 6.269633648939176e-07 5.806661453444802e-07 6.43937345057236e-07 4.58094870784677e-07 6.55163935814421e-07 0.04773711121942048 6.648743842698614e-07 0.6790882198376872 5.429219449635394e-07 0.03473988265982067 0.00024057427705415337 0.099194315077194 6.124212438061275e-07 6.79285322594017e-05 9.022394007364602e-05 7.332700365908569e-05 2.159814186518471e-05 0.002027295013409722 5.008696011485839e-06 0.00032653113559297464 6.232947516477401e-07 9.473178983085308e-06 1.0032508367851734e-06 6.666938498176623e-06 1.9557964874073796e-05 0.0014563258304793718 0.000429904576530984 0.0015915136212353125 6.591134739628115e-07 6.096725551117741e-07
103 6.269633648939176e-07 5.806661453444802e-07 6.43937345057236e-07 4.58094870784677e-07 6.55163935814421e-07 0.04773711121942048 6.648743842698614e-07 0.6790882198376872 5.429219449635394e-07 0.03473988265982067 0.00024057427705415337 0.099194315077194 6.124212438061275e-07 6.79285322594017e-05 9.022394007364602e-05 7.332700365908569e-05 2.159814186518471e-05 0.002027295013409722 5.008696011485839e-06 0.00032653113559297464 6.232947516477401e-07 9.473178983085308e-06 1.0032508367851734e-06 6.666938498176623e-06 1.9557964874073796e-05 0.0014563258304793718 0.000429904576530984 0.0015915136212353125 6.591134739628115e-07 6.096725551117741e-07
104 6.269633648939176e-07 5.806661453444802e-07 6.43937345057236e-07 4.58094870784677e-07 6.55163935814421e-07 0.04773711121942048 6.648743842698614e-07 0.6790882198376872 5.429219449635394e-07 0.03473988265982067 0.00024057427705415337 0.099194315077194 6.124212438061275e-07 6.79285322594017e-05 9.022394007364602e-05 7.332700365908569e-05 2.159814186518471e-05 0.002027295013409722 5.008696011485839e-06 0.00032653113559297464 6.232947516477401e-07 9.473178983085308e-06 1.0032508367851734e-06 6.666938498176623e-06 1.9557964874073796e-05 0.0014563258304793718 0.000429904576530984 0.0015915136212353125 6.591134739628115e-07 6.096725551117741e-07
105 6.269633648939176e-07 5.806661453444802e-07 6.43937345057236e-07 4.58094870784677e-07 6.55163935814421e-07 0.04773711121942048 6.648743842698614e-07 0.6790882198376872 5.429219449635394e-07 0.03473988265982067 0.00024057427705415337 0.099194315077194 6.124212438061275e-07 6.79285322594017e-05 9.022394007364602e-05 7.332700365908569e-05 2.159814186518471e-05 0.002027295013409722 5.008696011485839e-06 0.00032653113559297464 6.232947516477401e-07 9.473178983085308e-06 1.0032508367851734e-06 6.666938498176623e-06 1.9557964874073796e-05 0.0014563258304793718 0.000429904576530984 0.0015915136212353125 6.591134739628115e-07 6.096725551117741e-07
106 6.269633648939176e-07 5.806661453444802e-07 6.43937345057236e-07 4.58094870784677e-07 6.55163935814421e-07 0.04773711121942048 6.648743842698614e-07 0.6790882198376872 5.429219449635394e-07 0.03473988265982067 0.00024057427705415337 0.099194315077194 6.124212438061275e-07 6.79285322594017e-05 9.022394007364602e-05 7.332700365908569e-05 2.159814186518471e-05 0.002027295013409722 5.008696011485839e-06 0.00032653113559297464 6.232947516477401e-07 9.473178983085308e-06 1.0032508367851734e-06 6.666938498176623e-06 1.9557964874073796e-05 0.0014563258304793718 0.000429904576530984 0.0015915136212353125 6.591134739628115e-07 6.096725551117741e-07
107 6.269633648939176e-07 5.806661453444802e-07 6.43937345057236e-07 4.58094870784677e-07 6.55163935814421e-07 0.04773711121942048 6.648743842698614e-07 0.6790882198376872 5.429219449635394e-07 0.03473988265982067 0.00024057427705415337 0.099194315077194 6.124212438061275e-07 6.79285322594017e-05 9.022394007364602e-05 7.332700365908569e-05 2.159814186518471e-05 0.002027295013409722 5.008696011485839e-06 0.00032653113559297464 6.232947516477401e-07 9.473178983085308e-06 1.0032508367851734e-06 6.666938498176623e-06 1.9557964874073796e-05 0.0014563258304793718 0.000429904576530984 0.0015915136212353125 6.591134739628115e-07 6.096725551117741e-07
108 6.269633648939176e-07 5.806661453444802e-07 6.43937345057236e-07 4.58094870784677e-07 6.55163935814421e-07 0.04773711121942048 6.648743842698614e-07 0.6790882198376872 5.429219449635394e-07 0.03473988265982067 0.00024057427705415337 0.099194315077194 6.124212438061275e-07 6.79285322594017e-05 9.022394007364602e-05 7.332700365908569e-05 2.159814186518471e-05 0.002027295013409722 5.008696011485839e-06 0.00032653113559297464 6.232947516477401e-07 9.473178983085308e-06 1.0032508367851734e-06 6.666938498176623e-06 1.9557964874073796e-05 0.0014563258304793718 0.000429904576530984 0.0015915136212353125 6.591134739628115e-07 6.096725551117741e-07
