# index Z=1 - Z=30
0 6.890415193638436e-07 0.011037616230836102 6.904872664329786e-07 6.917734866702224e-07 7.055269426072115e-07 1.6341148819346194e-06 6.985511740886546e-07 0.0039422021257302 7.094419456431457e-07 7.225241811649148e-07 6.996695581797093e-07 7.886320590347826e-05 6.873980107838283e-07 0.020854941675678865 1.8992748532751046e-06 7.4444375991639e-05 8.935403680846212e-07 0.007438460952069517 9.851505789037945e-07 0.014718061509611993 7.138276223603137e-07 0.00012541654034011333 0.0002934129169839286 1.9237840623148055e-05 0.006146347832490298 0.24934026218233624 0.1612894488942752 0.25242006164682507 6.595673769150251e-07 6.911274214318557e-07
1 6.890415193638436e-07 0.011037616230836102 6.904872664329786e-07 6.917734866702224e-07 7.055269426072115e-07 1.6341148819346194e-06 6.985511740886546e-07 0.0039422021257302 7.094419456431457e-07 7.225241811649148e-07 6.996695581797093e-07 7.886320590347826e-05 6.873980107838283e-07 0.020854941675678865 1.8992748532751046e-06 7.4444375991639e-05 8.935403680846212e-07 0.007438460952069517 9.851505789037945e-07 0.014718061509611993 7.138276223603137e-07 0.00012541654034011333 0.0002934129169839286 1.9237840623148055e-05 0.006146347832490298 0.24934026218233624 0.1612894488942752 0.25242006164682507 6.595673769150251e-07 6.911274214318557e-07
2 6.890415193638436e-07 0.011037616230836102 6.904872664329786e-07 6.917734866702224e-07 7.055269426072115e-07 1.6341148819346194e-06 6.985511740886546e-07 0.0039422021257302 7.094419456431457e-07 7.225241811649148e-07 6.996695581797093e-07 7.886320590347826e-05 6.873980107838283e-07 0.020854941675678865 1.8992748532751046e-06 7.4444375991639e-05 8.935403680846212e-07 0.007438460952069517 9.851505789037945e-07 0.014718061509611993 7.138276223603137e-07 0.00012541654034011333 0.0002934129169839286 1.9237840623148055e-05 0.006146347832490298 0.24934026218233624 0.1612894488942752 0.25242006164682507 6.595673769150251e-07 6.911274214318557e-07
3 6.890415193638436e-07 0.011037616230836102 6.904872664329786e-07 6.917734866702224e-07 7.055269426072115e-07 1.6341148819346194e-06 6.985511740886546e-07 0.0039422021257302 7.094419456431457e-07 7.225241811649148e-07 6.996695581797093e-07 7.886320590347826e-05 6.873980107838283e-07 0.020854941675678865 1.8992748532751046e-06 7.4444375991639e-05 8.935403680846212e-07 0.007438460952069517 9.851505789037945e-07 0.014718061509611993 7.138276223603137e-07 0.00012541654034011333 0.0002934129169839286 1.9237840623148055e-05 0.006146347832490298 0.24934026218233624 0.1612894488942752 0.25242006164682507 6.595673769150251e-07 6.911274214318557e-07
4 6.890415193638436e-07 0.011037616230836102 6.904872664329786e-07 6.917734866702224e-07 7.055269426072115e-07 1.6341148819346194e-06 6.985511740886546e-07 0.0039422021257302 7.094419456431457e-07 7.225241811649148e-07 6.996695581797093e-07 7.886320590347826e-05 6.873980107838283e-07 0.020854941675678865 1.8992748532751046e-06 7.4444375991639e-05 8.935403680846212e-07 0.007438460952069517 9.851505789037945e-07 0.014718061509611993 7.138276223603137e-07 0.00012541654034011333 0.0002934129169839286 1.9237840623148055e-05 0.006146347832490298 0.24934026218233624 0.1612894488942752 0.25242006164682507 6.595673769150251e-07 6.911274214318557e-07
5 6.890415193638436e-07 0.011037616230836102 6.904872664329786e-07 6.917734866702224e-07 7.055269426072115e-07 1.6341148819346194e-06 6.985511740886546e-07 0.0039422021257302 7.094419456431457e-07 7.225241811649148e-07 6.996695581797093e-07 7.886320590347826e-05 6.873980107838283e-07 0.020854941675678865 1.8992748532751046e-06 7.4444375991639e-05 8.935403680846212e-07 0.007438460952069517 9.851505789037945e-07 0.014718061509611993 7.138276223603137e-07 0.00012541654034011333 0.0002934129169839286 1.9237840623148055e-05 0.006146347832490298 0.24934026218233624 0.1612894488942752 0.25242006164682507 6.595673769150251e-07 6.911274214318557e-07
6 6.890415193638436e-07 0.011037616230836102 6.904872664329786e-07 6.917734866702224e-07 7.055269426072115e-07 1.6341148819346194e-06 6.985511740886546e-07 0.0039422021257302 7.094419456431457e-07 7.225241811649148e-07 6.996695581797093e-07 7.886320590347826e-05 6.873980107838283e-07 0.020854941675678865 1.8992748532751046e-06 7.4444375991639e-05 8.935403680846212e-07 0.007438460952069517 9.851505789037945e-07 0.014718061509611993 7.138276223603137e-07 0.00012541654034011333 0.0002934129169839286 1.9237840623148055e-05 0.006146347832490298 0.24934026218233624 0.1612894488942752 0.25242006164682507 6.595673769150251e-07 6.911274214318557e-07
7 6.890415193638436e-07 0.011037616230836102 6.904872664329786e-07 6.917734866702224e-07 7.055269426072115e-07 1.6341148819346194e-06 6.985511740886546e-07 0.0039422021257302 7.094419456431457e-07 7.225241811649148e-07 6.996695581797093e-07 7.886320590347826e-05 6.873980107838283e-07 0.020854941675678865 1.8992748532751046e-06 7.4444375991639e-05 8.935403680846212e-07 0.007438460952069517 9.851505789037945e-07 0.014718061509611993 7.138276223603137e-07 0.00012541654034011333 0.0002934129169839286 1.9237840623148055e-05 0.006146347832490298 0.24934026218233624 0.1612894488942752 0.25242006164682507 6.595673769150251e-07 6.911274214318557e-07
8 6.890415193638436e-07 0.011037616230836102 6.904872664329786e-07 6.917734866702224e-07 7.055269426072115e-07 1.6341148819346194e-06 6.985511740886546e-07 0.0039422021257302 7.094419456431457e-07 7.225241811649148e-07 6.996695581797093e-07 7.886320590347826e-05 6.873980107838283e-07 0.020854941675678865 1.8992748532751046e-06 7.4444375991639e-05 8.935403680846212e-07 0.007438460952069517 9.851505789037945e-07 0.014718061509611993 7.138276223603137e-07 0.00012541654034011333 0.0002934129169839286 1.9237840623148055e-05 0.006146347832490298 0.24934026218233624 0.1612894488942752 0.25242006164682507 6.595673769150251e-07 6.911274214318557e-07
9 6.890415193638436e-07 0.011037616230836102 6.904872664329786e-07 6.917734866702224e-07 7.055269426072115e-07 1.6341148819346194e-06 6.985511740886546e-07 0.0039422021257302 7.094419456431457e-07 7.225241811649148e-07 6.996695581797093e-07 7.886320590347826e-05 6.873980107838283e-07 0.020854941675678865 1.8992748532751046e-06 7.4444375991639e-05 8.935403680846212e-07 0.007438460952069517 9.851505789037945e-07 0.014718061509611993 7.138276223603137e-07 0.00012541654034011333 0.0002934129169839286 1.9237840623148055e-05 0.006146347832490298 0.24934026218233624 0.1612894488942752 0.25242006164682507 6.595673769150251e-07 6.911274214318557e-07
10 6.890415193638436e-07 0.011037616230836102 6.904872664329786e-07 6.917734866702224e-07 7.055269426072115e-07 1.6341148819346194e-06 6.985511740886546e-07 0.0039422021257302 7.094419456431457e-07 7.225241811649148e-07 6.996695581797093e-07 7.886320590347826e-05 6.873980107838283e-07 0.020854941675678865 1.8992748532751046e-06 7.4444375991639e-05 8.935403680846212e-07 0.007438460952069517 9.851505789037945e-07 0.014718061509611993 7.138276223603137e-07 0.00012541654034011333 0.0002934129169839286 1.9237840623148055e-05 0.006146347832490298 0.24934026218233624 0.1612894488942752 0.25242006164682507 6.595673769150251e-07 6.911274214318557e-07
11 6.890415193638436e-07 0.011037616230836102 6.904872664329786e-07 6.917734866702224e-07 7.055269426072115e-07 1.6341148819346194e-06 6.985511740886546e-07 0.0039422021257302 7.094419456431457e-07 7.225241811649148e-07 6.996695581797093e-07 7.886320590347826e-05 6.873980107838283e-07 0.020854941675678865 1.8992748532751046e-06 7.4444375991639e-05 8.935403680846212e-07 0.007438460952069517 9.851505789037945e-07 0.014718061509611993 7.138276223603137e-07 0.00012541654034011333 0.0002934129169839286 1.9237840623148055e-05 0.006146347832490298 0.24934026218233624 0.1612894488942752 0.25242006164682507 6.595673769150251e-07 6.911274214318557e-07
12 7.467539497803967e-07 0.0037009390231972895 8.139224344280847e-07 8.029708923229618e-07 7.685060608103365e-07 1.4618287137301822e-06 7.948684468952149e-07 0.0044157745799095266 8.259859065061314e-07 8.263124542978708e-07 8.17933167236449e-07 0.0020721924730605825 7.666679619952606e-07 0.018016119306140905 5.601100595540571e-06 0.000682811389167248 2.0668413439663985e-06 0.011112072929362669 1.4255318246330857e-06 0.033198805317952704 8.004226301279372e-07 0.00011621650248517754 0.0007688529357239095 2.0122783252032268e-05 0.01940039462508022 0.20486946999353095 0.20327328965468033 0.25354514411455226 8.124483501892578e-07 7.888095854344091e-07
13 7.467539497803967e-07 0.0037009390231972895 8.139224344280847e-07 8.029708923229618e-07 7.685060608103365e-07 1.4618287137301822e-06 7.948684468952149e-07 0.0044157745799095266 8.259859065061314e-07 8.263124542978708e-07 8.17933167236449e-07 0.0020721924730605825 7.666679619952606e-07 0.018016119306140905 5.601100595540571e-06 0.000682811389167248 2.0668413439663985e-06 0.011112072929362669 1.4255318246330857e-06 0.033198805317952704 8.004226301279372e-07 0.00011621650248517754 0.0007688529357239095 2.0122783252032268e-05 0.01940039462508022 0.20486946999353095 0.20327328965468033 0.25354514411455226 8.124483501892578e-07 7.888095854344091e-07
14 7.467539497803967e-07 0.0037009390231972895 8.139224344280847e-07 8.029708923229618e-07 7.685060608103365e-07 1.4618287137301822e-06 7.948684468952149e-07 0.0044157745799095266 8.259859065061314e-07 8.263124542978708e-07 8.17933167236449e-07 0.0020721924730605825 7.666679619952606e-07 0.018016119306140905 5.601100595540571e-06 0.000682811389167248 2.0668413439663985e-06 0.011112072929362669 1.4255318246330857e-06 0.033198805317952704 8.004226301279372e-07 0.00011621650248517754 0.0007688529357239095 2.0122783252032268e-05 0.01940039462508022 0.20486946999353095 0.20327328965468033 0.25354514411455226 8.124483501892578e-07 7.888095854344091e-07
15 7.467539497803967e-07 0.0037009390231972895 8.139224344280847e-07 8.029708923229618e-07 7.685060608103365e-07 1.4618287137301822e-06 7.948684468952149e-07 0.0044157745799095266 8.259859065061314e-07 8.263124542978708e-07 8.17933167236449e-07 0.0020721924730605825 7.666679619952606e-07 0.018016119306140905 5.601100595540571e-06 0.000682811389167248 2.0668413439663985e-06 0.011112072929362669 1.4255318246330857e-06 0.033198805317952704 8.004226301279372e-07 0.00011621650248517754 0.0007688529357239095 2.0122783252032268e-05 0.01940039462508022 0.20486946999353095 0.20327328965468033 0.25354514411455226 8.124483501892578e-07 7.888095854344091e-07
16 7.467539497803967e-07 0.0037009390231972895 8.139224344280847e-07 8.029708923229618e-07 7.685060608103365e-07 1.4618287137301822e-06 7.948684468952149e-07 0.0044157745799095266 8.259859065061314e-07 8.263124542978708e-07 8.17933167236449e-07 0.0020721924730605825 7.666679619952606e-07 0.018016119306140905 5.601100595540571e-06 0.000682811389167248 2.0668413439663985e-06 0.011112072929362669 1.4255318246330857e-06 0.033198805317952704 8.004226301279372e-07 0.00011621650248517754 0.0007688529357239095 2.0122783252032268e-05 0.01940039462508022 0.20486946999353095 0.20327328965468033 0.25354514411455226 8.124483501892578e-07 7.888095854344091e-07
17 7.467539497803967e-07 0.0037009390231972895 8.139224344280847e-07 8.029708923229618e-07 7.685060608103365e-07 1.4618287137301822e-06 7.948684468952149e-07 0.0044157745799095266 8.259859065061314e-07 8.263124542978708e-07 8.17933167236449e-07 0.0020721924730605825 7.666679619952606e-07 0.018016119306140905 5.601100595540571e-06 0.000682811389167248 2.0668413439663985e-06 0.011112072929362669 1.4255318246330857e-06 0.033198805317952704 8.004226301279372e-07 0.00011621650248517754 0.0007688529357239095 2.0122783252032268e-05 0.01940039462508022 0.20486946999353095 0.20327328965468033 0.25354514411455226 8.124483501892578e-07 7.888095854344091e-07
18 7.467539497803967e-07 0.0037009390231972895 8.139224344280847e-07 8.029708923229618e-07 7.685060608103365e-07 1.4618287137301822e-06 7.948684468952149e-07 0.0044157745799095266 8.259859065061314e-07 8.263124542978708e-07 8.17933167236449e-07 0.0020721924730605825 7.666679619952606e-07 0.018016119306140905 5.601100595540571e-06 0.000682811389167248 2.0668413439663985e-06 0.011112072929362669 1.4255318246330857e-06 0.033198805317952704 8.004226301279372e-07 0.00011621650248517754 0.0007688529357239095 2.0122783252032268e-05 0.01940039462508022 0.20486946999353095 0.20327328965468033 0.25354514411455226 8.124483501892578e-07 7.888095854344091e-07
19 7.467539497803967e-07 0.0037009390231972895 8.139224344280847e-07 8.029708923229618e-07 7.685060608103365e-07 1.4618287137301822e-06 7.948684468952149e-07 0.0044157745799095266 8.259859065061314e-07 8.263124542978708e-07 8.17933167236449e-07 0.0020721924730605825 7.666679619952606e-07 0.018016119306140905 5.601100595540571e-06 0.000682811389167248 2.0668413439663985e-06 0.011112072929362669 1.4255318246330857e-06 0.033198805317952704 8.004226301279372e-07 0.00011621650248517754 0.0007688529357239095 2.0122783252032268e-05 0.01940039462508022 0.20486946999353095 0.20327328965468033 0.25354514411455226 8.124483501892578e-07 7.888095854344091e-07
20 7.467539497803967e-07 0.0037009390231972895 8.139224344280847e-07 8.029708923229618e-07 7.685060608103365e-07 1.4618287137301822e-06 7.948684468952149e-07 0.0044157745799095266 8.259859065061314e-07 8.263124542978708e-07 8.17933167236449e-07 0.0020721924730605825 7.666679619952606e-07 0.018016119306140905 5.601100595540571e-06 0.000682811389167248 2.0668413439663985e-06 0.011112072929362669 1.4255318246330857e-06 0.033198805317952704 8.004226301279372e-07 0.00011621650248517754 0.0007688529357239095 2.0122783252032268e-05 0.01940039462508022 0.20486946999353095 0.20327328965468033 0.25354514411455226 8.124483501892578e-07 7.888095854344091e-07
21 7.467539497803967e-07 0.0037009390231972895 8.139224344280847e-07 8.029708923229618e-07 7.685060608103365e-07 1.4618287137301822e-06 7.948684468952149e-07 0.0044157745799095266 8.259859065061314e-07 8.263124542978708e-07 8.17933167236449e-07 0.0020721924730605825 7.666679619952606e-07 0.018016119306140905 5.601100595540571e-06 0.000682811389167248 2.0668413439663985e-06 0.011112072929362669 1.4255318246330857e-06 0.033198805317952704 8.004226301279372e-07 0.00011621650248517754 0.0007688529357239095 2.0122783252032268e-05 0.01940039462508022 0.20486946999353095 0.20327328965468033 0.25354514411455226 8.124483501892578e-07 7.888095854344091e-07
22 5.210894368997216e-07 5.649696618823681e-07 5.535512854488212e-07 5.210699846937189e-07 6.203937142049541e-07 1.7307773203308967e-06 6.223271460525597e-07 0.002921091610797835 4.80073565259475e-07 6.103764952727791e-07 6.135553082372115e-07 0.1696998630559759 5.797430740436415e-07 0.4291288678737963 7.341553753130722e-06 0.15234338401657452 1.2891965587288014e-06 0.011851049551715209 1.125429173102128e-06 0.06222173170140669 4.326892538483074e-07 0.00010382139260458082 0.00032587212926455994 4.2090042400949375e-05 0.0049922772095058725 0.07417393134156738 0.019195921544179057 0.02471995582875782 5.478747889635753e-07 6.272112305060241e-07
23 5.210894368997216e-07 5.649696618823681e-07 5.535512854488212e-07 5.210699846937189e-07 6.203937142049541e-07 1.7307773203308967e-06 6.223271460525597e-07 0.002921091610797835 4.80073565259475e-07 6.103764952727791e-07 6.135553082372115e-07 0.1696998630559759 5.797430740436415e-07 0.4291288678737963 7.341553753130722e-06 0.15234338401657452 1.2891965587288014e-06 0.011851049551715209 1.125429173102128e-06 0.06222173170140669 4.326892538483074e-07 0.00010382139260458082 0.00032587212926455994 4.2090042400949375e-05 0.0049922772095058725 0.07417393134156738 0.019195921544179057 0.02471995582875782 5.478747889635753e-07 6.272112305060241e-07
24 5.210894368997216e-07 5.649696618823681e-07 5.535512854488212e-07 5.210699846937189e-07 6.203937142049541e-07 1.7307773203308967e-06 6.223271460525597e-07 0.002921091610797835 4.80073565259475e-07 6.103764952727791e-07 6.135553082372115e-07 0.1696998630559759 5.797430740436415e-07 0.4291288678737963 7.341553753130722e-06 0.15234338401657452 1.2891965587288014e-06 0.011851049551715209 1.125429173102128e-06 0.06222173170140669 4.326892538483074e-07 0.00010382139260458082 0.00032587212926455994 4.2090042400949375e-05 0.0049922772095058725 0.07417393134156738 0.019195921544179057 0.02471995582875782 5.478747889635753e-07 6.272112305060241e-07
25 5.210894368997216e-07 5.649696618823681e-07 5.535512854488212e-07 5.210699846937189e-07 6.203937142049541e-07 1.7307773203308967e-06 6.223271460525597e-07 0.002921091610797835 4.80073565259475e-07 6.103764952727791e-07 6.135553082372115e-07 0.1696998630559759 5.797430740436415e-07 0.4291288678737963 7.341553753130722e-06 0.15234338401657452 1.2891965587288014e-06 0.011851049551715209 1.125429173102128e-06 0.06222173170140669 4.326892538483074e-07 0.00010382139260458082 0.00032587212926455994 4.2090042400949375e-05 0.0049922772095058725 0.07417393134156738 0.019195921544179057 0.02471995582875782 5.478747889635753e-07 6.272112305060241e-07
26 5.210894368997216e-07 5.649696618823681e-07 5.535512854488212e-07 5.210699846937189e-07 6.203937142049541e-07 1.7307773203308967e-06 6.223271460525597e-07 0.002921091610797835 4.80073565259475e-07 6.103764952727791e-07 6.135553082372115e-07 0.1696998630559759 5.797430740436415e-07 0.4291288678737963 7.341553753130722e-06 0.15234338401657452 1.2891965587288014e-06 0.011851049551715209 1.125429173102128e-06 0.06222173170140669 4.326892538483074e-07 0.00010382139260458082 0.00032587212926455994 4.2090042400949375e-05 0.0049922772095058725 0.07417393134156738 0.019195921544179057 0.02471995582875782 5.478747889635753e-07 6.272112305060241e-07
27 5.210894368997216e-07 5.649696618823681e-07 5.535512854488212e-07 5.210699846937189e-07 6.203937142049541e-07 1.7307773203308967e-06 6.223271460525597e-07 0.002921091610797835 4.80073565259475e-07 6.103764952727791e-07 6.135553082372115e-07 0.1696998630559759 5.797430740436415e-07 0.4291288678737963 7.341553753130722e-06 0.15234338401657452 1.2891965587288014e-06 0.011851049551715209 1.125429173102128e-06 0.06222173170140669 4.326892538483074e-07 0.00010382139260458082 0.00032587212926455994 4.2090042400949375e-05 0.0049922772095058725 0.07417393134156738 0.019195921544179057 0.02471995582875782 5.478747889635753e-07 6.272112305060241e-07
28 5.210894368997216e-07 5.649696618823681e-07 5.535512854488212e-07 5.210699846937189e-07 6.203937142049541e-07 1.7307773203308967e-06 6.223271460525597e-07 0.002921091610797835 4.80073565259475e-07 6.103764952727791e-07 6.135553082372115e-07 0.1696998630559759 5.797430740436415e-07 0.4291288678737963 7.341553753130722e-06 0.15234338401657452 1.2891965587288014e-06 0.011851049551715209 1.125429173102128e-06 0.06222173170140669 4.326892538483074e-07 0.00010382139260458082 0.00032587212926455994 4.2090042400949375e-05 0.0049922772095058725 0.07417393134156738 0.019195921544179057 0.02471995582875782 5.478747889635753e-07 6.272112305060241e-07
29 5.210894368997216e-07 5.649696618823681e-07 5.535512854488212e-07 5.210699846937189e-07 6.203937142049541e-07 1.7307773203308967e-06 6.223271460525597e-07 0.002921091610797835 4.80073565259475e-07 6.103764952727791e-07 6.135553082372115e-07 0.1696998630559759 5.797430740436415e-07 0.4291288678737963 7.341553753130722e-06 0.15234338401657452 1.2891965587288014e-06 0.011851049551715209 1.125429173102128e-06 0.06222173170140669 4.326892538483074e-07 0.00010382139260458082 0.00032587212926455994 4.2090042400949375e-05 0.0049922772095058725 0.07417393134156738 0.019195921544179057 0.02471995582875782 5.478747889635753e-07 6.272112305060241e-07
30 5.210894368997216e-07 5.649696618823681e-07 5.535512854488212e-07 5.210699846937189e-07 6.203937142049541e-07 1.7307773203308967e-06 6.223271460525597e-07 0.002921091610797835 4.80073565259475e-07 6.103764952727791e-07 6.135553082372115e-07 0.1696998630559759 5.797430740436415e-07 0.4291288678737963 7.341553753130722e-06 0.15234338401657452 1.2891965587288014e-06 0.011851049551715209 1.125429173102128e-06 0.06222173170140669 4.326892538483074e-07 0.00010382139260458082 0.00032587212926455994 4.2090042400949375e-05 0.0049922772095058725 0.07417393134156738 0.019195921544179057 0.02471995582875782 5.478747889635753e-07 6.272112305060241e-07
31 5.210894368997216e-07 5.649696618823681e-07 5.535512854488212e-07 5.210699846937189e-07 6.203937142049541e-07 1.7307773203308967e-06 6.223271460525597e-07 0.002921091610797835 4.80073565259475e-07 6.103764952727791e-07 6.135553082372115e-07 0.1696998630559759 5.797430740436415e-07 0.4291288678737963 7.341553753130722e-06 0.15234338401657452 1.2891965587288014e-06 0.011851049551715209 1.125429173102128e-06 0.06222173170140669 4.326892538483074e-07 0.00010382139260458082 0.00032587212926455994 4.2090042400949375e-05 0.0049922772095058725 0.07417393134156738 0.019195921544179057 0.02471995582875782 5.478747889635753e-07 6.272112305060241e-07
32 2.2786316314145147e-07 2.15984264333254e-07 1.785041946707918e-07 1.572606214296534e-07 1.898599328373653e-07 5.109498958604635e-06 1.6504640446156106e-07 0.7110803580999486 1.7793399207935866e-07 5.882116667697384e-07 2.0074675986278682e-07 0.03617252418228185 1.616872823160527e-07 0.08533064288940553 1.758469461262828e-05 3.649252247137551e-05 8.601725344382686e-06 0.005302560541780994 8.787422028750077e-06 0.0028607696340086693 1.4853710173394439e-07 1.703072435846476e-05 1.1524577262118188e-05 1.6066425544362374e-05 0.0001551424236482555 0.006466534037975917 0.0024895701202198553 0.003083576163636131 1.3200378839545593e-07 1.8577904050609086e-07
33 2.2786316314145147e-07 2.15984264333254e-07 1.785041946707918e-07 1.572606214296534e-07 1.898599328373653e-07 5.109498958604635e-06 1.6504640446156106e-07 0.7110803580999486 1.7793399207935866e-07 5.882116667697384e-07 2.0074675986278682e-07 0.03617252418228185 1.616872823160527e-07 0.08533064288940553 1.758469461262828e-05 3.649252247137551e-05 8.601725344382686e-06 0.005302560541780994 8.787422028750077e-06 0.0028607696340086693 1.4853710173394439e-07 1.703072435846476e-05 1.1524577262118188e-05 1.6066425544362374e-05 0.0001551424236482555 0.006466534037975917 0.0024895701202198553 0.003083576163636131 1.3200378839545593e-07 1.8577904050609086e-07
34 2.2786316314145147e-07 2.15984264333254e-07 1.785041946707918e-07 1.572606214296534e-07 1.898599328373653e-07 5.109498958604635e-06 1.6504640446156106e-07 0.7110803580999486 1.7793399207935866e-07 5.882116667697384e-07 2.0074675986278682e-07 0.03617252418228185 1.616872823160527e-07 0.08533064288940553 1.758469461262828e-05 3.649252247137551e-05 8.601725344382686e-06 0.005302560541780994 8.787422028750077e-06 0.0028607696340086693 1.4853710173394439e-07 1.703072435846476e-05 1.1524577262118188e-05 1.6066425544362374e-05 0.0001551424236482555 0.006466534037975917 0.0024895701202198553 0.003083576163636131 1.3200378839545593e-07 1.8577904050609086e-07
35 2.2786316314145147e-07 2.15984264333254e-07 1.785041946707918e-07 1.572606214296534e-07 1.898599328373653e-07 5.109498958604635e-06 1.6504640446156106e-07 0.7110803580999486 1.7793399207935866e-07 5.882116667697384e-07 2.0074675986278682e-07 0.03617252418228185 1.616872823160527e-07 0.08533064288940553 1.758469461262828e-05 3.649252247137551e-05 8.601725344382686e-06 0.005302560541780994 8.787422028750077e-06 0.0028607696340086693 1.4853710173394439e-07 1.703072435846476e-05 1.1524577262118188e-05 1.6066425544362374e-05 0.0001551424236482555 0.006466534037975917 0.0024895701202198553 0.003083576163636131 1.3200378839545593e-07 1.8577904050609086e-07
36 2.2786316314145147e-07 2.15984264333254e-07 1.785041946707918e-07 1.572606214296534e-07 1.898599328373653e-07 5.109498958604635e-06 1.6504640446156106e-07 0.7110803580999486 1.7793399207935866e-07 5.882116667697384e-07 2.0074675986278682e-07 0.03617252418228185 1.616872823160527e-07 0.08533064288940553 1.758469461262828e-05 3.649252247137551e-05 8.601725344382686e-06 0.005302560541780994 8.787422028750077e-06 0.0028607696340086693 1.4853710173394439e-07 1.703072435846476e-05 1.1524577262118188e-05 1.6066425544362374e-05 0.0001551424236482555 0.006466534037975917 0.0024895701202198553 0.003083576163636131 1.3200378839545593e-07 1.8577904050609086e-07
37 2.2786316314145147e-07 2.15984264333254e-07 1.785041946707918e-07 1.572606214296534e-07 1.898599328373653e-07 5.109498958604635e-06 1.6504640446156106e-07 0.7110803580999486 1.7793399207935866e-07 5.882116667697384e-07 2.0074675986278682e-07 0.03617252418228185 1.616872823160527e-07 0.08533064288940553 1.758469461262828e-05 3.649252247137551e-05 8.601725344382686e-06 0.005302560541780994 8.787422028750077e-06 0.0028607696340086693 1.4853710173394439e-07 1.703072435846476e-05 1.1524577262118188e-05 1.6066425544362374e-05 0.0001551424236482555 0.006466534037975917 0.0024895701202198553 0.003083576163636131 1.3200378839545593e-07 1.8577904050609086e-07
38 2.2786316314145147e-07 2.15984264333254e-07 1.785041946707918e-07 1.572606214296534e-07 1.898599328373653e-07 5.109498958604635e-06 1.6504640446156106e-07 0.7110803580999486 1.7793399207935866e-07 5.882116667697384e-07 2.0074675986278682e-07 0.03617252418228185 1.616872823160527e-07 0.08533064288940553 1.758469461262828e-05 3.649252247137551e-05 8.601725344382686e-06 0.005302560541780994 8.787422028750077e-06 0.0028607696340086693 1.4853710173394439e-07 1.703072435846476e-05 1.1524577262118188e-05 1.6066425544362374e-05 0.0001551424236482555 0.006466534037975917 0.0024895701202198553 0.003083576163636131 1.3200378839545593e-07 1.8577904050609086e-07
39 2.2786316314145147e-07 2.15984264333254e-07 1.785041946707918e-07 1.572606214296534e-07 1.898599328373653e-07 5.109498958604635e-06 1.6504640446156106e-07 0.7110803580999486 1.7793399207935866e-07 5.882116667697384e-07 2.0074675986278682e-07 0.03617252418228185 1.616872823160527e-07 0.08533064288940553 1.758469461262828e-05 3.649252247137551e-05 8.601725344382686e-06 0.005302560541780994 8.787422028750077e-06 0.0028607696340086693 1.4853710173394439e-07 1.703072435846476e-05 1.1524577262118188e-05 1.6066425544362374e-05 0.0001551424236482555 0.006466534037975917 0.0024895701202198553 0.003083576163636131 1.3200378839545593e-07 1.8577904050609086e-07
40 2.2786316314145147e-07 2.15984264333254e-07 1.785041946707918e-07 1.572606214296534e-07 1.898599328373653e-07 5.109498958604635e-06 1.6504640446156106e-07 0.7110803580999486 1.7793399207935866e-07 5.882116667697384e-07 2.0074675986278682e-07 0.03617252418228185 1.616872823160527e-07 0.08533064288940553 1.758469461262828e-05 3.649252247137551e-05 8.601725344382686e-06 0.005302560541780994 8.787422028750077e-06 0.0028607696340086693 1.4853710173394439e-07 1.703072435846476e-05 1.1524577262118188e-05 1.6066425544362374e-05 0.0001551424236482555 0.006466534037975917 0.0024895701202198553 0.003083576163636131 1.3200378839545593e-07 1.8577904050609086e-07
41 2.2786316314145147e-07 2.15984264333254e-07 1.785041946707918e-07 1.572606214296534e-07 1.898599328373653e-07 5.109498958604635e-06 1.6504640446156106e-07 0.7110803580999486 1.7793399207935866e-07 5.882116667697384e-07 2.0074675986278682e-07 0.03617252418228185 1.616872823160527e-07 0.08533064288940553 1.758469461262828e-05 3.649252247137551e-05 8.601725344382686e-06 0.005302560541780994 8.787422028750077e-06 0.0028607696340086693 1.4853710173394439e-07 1.703072435846476e-05 1.1524577262118188e-05 1.6066425544362374e-05 0.0001551424236482555 0.006466534037975917 0.0024895701202198553 0.003083576163636131 1.3200378839545593e-07 1.8577904050609086e-07
42 2.2786316314145147e-07 2.15984264333254e-07 1.785041946707918e-07 1.572606214296534e-07 1.898599328373653e-07 5.109498958604635e-06 1.6504640446156106e-07 0.7110803580999486 1.7793399207935866e-07 5.882116667697384e-07 2.0074675986278682e-07 0.03617252418228185 1.616872823160527e-07 0.08533064288940553 1.758469461262828e-05 3.649252247137551e-05 8.601725344382686e-06 0.005302560541780994 8.787422028750077e-06 0.0028607696340086693 1.4853710173394439e-07 1.703072435846476e-05 1.1524577262118188e-05 1.6066425544362374e-05 0.0001551424236482555 0.006466534037975917 0.0024895701202198553 0.003083576163636131 1.3200378839545593e-07 1.8577904050609086e-07
43 2.2786316314145147e-07 2.15984264333254e-07 1.785041946707918e-07 1.572606214296534e-07 1.898599328373653e-07 5.109498958604635e-06 1.6504640446156106e-07 0.7110803580999486 1.7793399207935866e-07 5.882116667697384e-07 2.0074675986278682e-07 0.03617252418228185 1.616872823160527e-07 0.08533064288940553 1.758469461262828e-05 3.649252247137551e-05 8.601725344382686e-06 0.005302560541780994 8.787422028750077e-06 0.0028607696340086693 1.4853710173394439e-07 1.703072435846476e-05 1.1524577262118188e-05 1.6066425544362374e-05 0.0001551424236482555 0.006466534037975917 0.0024895701202198553 0.003083576163636131 1.3200378839545593e-07 1.8577904050609086e-07
44 2.2786316314145147e-07 2.15984264333254e-07 1.785041946707918e-07 1.572606214296534e-07 1.898599328373653e-07 5.109498958604635e-06 1.6504640446156106e-07 0.7110803580999486 1.7793399207935866e-07 5.882116667697384e-07 2.0074675986278682e-07 0.03617252418228185 1.616872823160527e-07 0.08533064288940553 1.758469461262828e-05 3.649252247137551e-05 8.601725344382686e-06 0.005302560541780994 8.787422028750077e-06 0.0028607696340086693 1.4853710173394439e-07 1.703072435846476e-05 1.1524577262118188e-05 1.6066425544362374e-05 0.0001551424236482555 0.006466534037975917 0.0024895701202198553 0.003083576163636131 1.3200378839545593e-07 1.8577904050609086e-07
45 8.515555318638082e-07 7.255553796743467e-07 9.008150225197087e-07 8.234830403065229e-07 7.87828926998112e-07 0.056310421047034466 8.296989050740322e-07 0.8139677606408289 8.529919244604095e-07 0.05050190351613127 0.0003622350566781217 0.053373587289282924 8.534434607504896e-07 8.711521125766905e-05 0.00010726386545505684 9.754550641917502e-05 2.8211278210164648e-05 0.002462078356261306 6.324050799968298e-06 0.0014065694252254658 9.076036475734851e-07 1.101501353003535e-05 1.4376742172226356e-06 8.914130017759283e-06 2.456379733330148e-05 0.001989959957289464 0.0005662284366242979 0.0012947600565189478 8.557094277360412e-07 8.028324885901546e-07
46 8.515555318638082e-07 7.255553796743467e-07 9.008150225197087e-07 8.234830403065229e-07 7.87828926998112e-07 0.056310421047034466 8.296989050740322e-07 0.8139677606408289 8.529919244604095e-07 0.05050190351613127 0.0003622350566781217 0.053373587289282924 8.534434607504896e-07 8.711521125766905e-05 0.00010726386545505684 9.754550641917502e-05 2.8211278210164648e-05 0.002462078356261306 6.324050799968298e-06 0.0014065694252254658 9.076036475734851e-07 1.101501353003535e-05 1.4376742172226356e-06 8.914130017759283e-06 2.456379733330148e-05 0.001989959957289464 0.0005662284366242979 0.0012947600565189478 8.557094277360412e-07 8.028324885901546e-07
47 8.515555318638082e-07 7.255553796743467e-07 9.008150225197087e-07 8.234830403065229e-07 7.87828926998112e-07 0.056310421047034466 8.296989050740322e-07 0.8139677606408289 8.529919244604095e-07 0.05050190351613127 0.0003622350566781217 0.053373587289282924 8.534434607504896e-07 8.711521125766905e-05 0.00010726386545505684 9.754550641917502e-05 2.8211278210164648e-05 0.002462078356261306 6.324050799968298e-06 0.0014065694252254658 9.076036475734851e-07 1.101501353003535e-05 1.4376742172226356e-06 8.914130017759283e-06 2.456379733330148e-05 0.001989959957289464 0.0005662284366242979 0.0012947600565189478 8.557094277360412e-07 8.028324885901546e-07
48 8.515555318638082e-07 7.255553796743467e-07 9.008150225197087e-07 8.234830403065229e-07 7.87828926998112e-07 0.056310421047034466 8.296989050740322e-07 0.8139677606408289 8.529919244604095e-07 0.05050190351613127 0.0003622350566781217 0.053373587289282924 8.534434607504896e-07 8.711521125766905e-05 0.00010726386545505684 9.754550641917502e-05 2.8211278210164648e-05 0.002462078356261306 6.324050799968298e-06 0.0014065694252254658 9.076036475734851e-07 1.101501353003535e-05 1.4376742172226356e-06 8.914130017759283e-06 2.456379733330148e-05 0.001989959957289464 0.0005662284366242979 0.0012947600565189478 8.557094277360412e-07 8.028324885901546e-07
49 8.515555318638082e-07 7.255553796743467e-07 9.008150225197087e-07 8.234830403065229e-07 7.87828926998112e-07 0.056310421047034466 8.296989050740322e-07 0.8139677606408289 8.529919244604095e-07 0.05050190351613127 0.0003622350566781217 0.053373587289282924 8.534434607504896e-07 8.711521125766905e-05 0.00010726386545505684 9.754550641917502e-05 2.8211278210164648e-05 0.002462078356261306 6.324050799968298e-06 0.0014065694252254658 9.076036475734851e-07 1.101501353003535e-05 1.4376742172226356e-06 8.914130017759283e-06 2.456379733330148e-05 0.001989959957289464 0.0005662284366242979 0.0012947600565189478 8.557094277360412e-07 8.028324885901546e-07
50 8.515555318638082e-07 7.255553796743467e-07 9.008150225197087e-07 8.234830403065229e-07 7.87828926998112e-07 0.056310421047034466 8.296989050740322e-07 0.8139677606408289 8.529919244604095e-07 0.05050190351613127 0.0003622350566781217 0.053373587289282924 8.534434607504896e-07 8.711521125766905e-05 0.00010726386545505684 9.754550641917502e-05 2.8211278210164648e-05 0.002462078356261306 6.324050799968298e-06 0.0014065694252254658 9.076036475734851e-07 1.101501353003535e-05 1.4376742172226356e-06 8.914130017759283e-06 2.456379733330148e-05 0.001989959957289464 0.0005662284366242979 0.0012947600565189478 8.557094277360412e-07 8.028324885901546e-07
51 8.515555318638082e-07 7.255553796743467e-07 9.008150225197087e-07 8.234830403065229e-07 7.87828926998112e-07 0.056310421047034466 8.296989050740322e-07 0.8139677606408289 8.529919244604095e-07 0.05050190351613127 0.0003622350566781217 0.053373587289282924 8.534434607504896e-07 8.711521125766905e-05 0.00010726386545505684 9.754550641917502e-05 2.8211278210164648e-05 0.002462078356261306 6.324050799968298e-06 0.0014065694252254658 9.076036475734851e-07 1.101501353003535e-05 1.4376742172226356e-06 8.914130017759283e-06 2.456379733330148e-05 0.001989959957289464 0.0005662284366242979 0.0012947600565189478 8.557094277360412e-07 8.028324885901546e-07
52 8.515555318638082e-07 7.255553796743467e-07 9.008150225197087e-07 8.234830403065229e-07 7.87828926998112e-07 0.056310421047034466 8.296989050740322e-07 0.8139677606408289 8.529919244604095e-07 0.05050190351613127 0.0003622350566781217 0.053373587289282924 8.534434607504896e-07 8.711521125766905e-05 0.00010726386545505684 9.754550641917502e-05 2.8211278210164648e-05 0.002462078356261306 6.324050799968298e-06 0.0014065694252254658 9.076036475734851e-07 1.101501353003535e-05 1.4376742172226356e-06 8.914130017759283e-06 2.456379733330148e-05 0.001989959957289464 0.0005662284366242979 0.0012947600565189478 8.557094277360412e-07 8.028324885901546e-07
53 8.515555318638082e-07 7.255553796743467e-07 9.008150225197087e-07 8.234830403065229e-07 7.87828926998112e-07 0.056310421047034466 8.296989050740322e-07 0.8139677606408289 8.529919244604095e-07 0.05050190351613127 0.0003622350566781217 0.053373587289282924 8.534434607504896e-07 8.711521125766905e-05 0.00010726386545505684 9.754550641917502e-05 2.8211278210164648e-05 0.002462078356261306 6.324050799968298e-06 0.0014065694252254658 9.076036475734851e-07 1.101501353003535e-05 1.4376742172226356e-06 8.914130017759283e-06 2.456379733330148e-05 0.001989959957289464 0.0005662284366242979 0.0012947600565189478 8.557094277360412e-07 8.028324885901546e-07
54 8.515555318638082e-07 7.255553796743467e-07 9.008150225197087e-07 8.234830403065229e-07 7.87828926998112e-07 0.056310421047034466 8.296989050740322e-07 0.8139677606408289 8.529919244604095e-07 0.05050190351613127 0.0003622350566781217 0.053373587289282924 8.534434607504896e-07 8.711521125766905e-05 0.00010726386545505684 9.754550641917502e-05 2.8211278210164648e-05 0.002462078356261306 6.324050799968298e-06 0.0014065694252254658 9.076036475734851e-07 1.101501353003535e-05 1.4376742172226356e-06 8.914130017759283e-06 2.456379733330148e-05 0.001989959957289464 0.0005662284366242979 0.0012947600565189478 8.557094277360412e-07 8.028324885901546e-07
55 8.515555318638082e-07 7.255553796743467e-07 9.008150225197087e-07 8.234830403065229e-07 7.87828926998112e-07 0.056310421047034466 8.296989050740322e-07 0.8139677606408289 8.529919244604095e-07 0.05050190351613127 0.0003622350566781217 0.053373587289282924 8.534434607504896e-07 8.711521125766905e-05 0.00010726386545505684 9.754550641917502e-05 2.8211278210164648e-05 0.002462078356261306 6.324050799968298e-06 0.0014065694252254658 9.076036475734851e-07 1.101501353003535e-05 1.4376742172226356e-06 8.914130017759283e-06 2.456379733330148e-05 0.001989959957289464 0.0005662284366242979 0.0012947600565189478 8.557094277360412e-07 8.028324885901546e-07
56 8.515555318638082e-07 7.255553796743467e-07 9.008150225197087e-07 8.234830403065229e-07 7.87828926998112e-07 0.056310421047034466 8.296989050740322e-07 0.8139677606408289 8.529919244604095e-07 0.05050190351613127 0.0003622350566781217 0.053373587289282924 8.534434607504896e-07 8.711521125766905e-05 0.00010726386545505684 9.754550641917502e-05 2.8211278210164648e-05 0.002462078356261306 6.324050799968298e-06 0.0014065694252254658 9.076036475734851e-07 1.101501353003535e-05 1.4376742172226356e-06 8.914130017759283e-06 2.456379733330148e-05 0.001989959957289464 0.0005662284366242979 0.0012947600565189478 8.557094277360412e-07 8.028324885901546e-07
57 8.515555318638082e-07 7.255553796743467e-07 9.008150225197087e-07 8.234830403065229e-07 7.87828926998112e-07 0.056310421047034466 8.296989050740322e-07 0.8139677606408289 8.529919244604095e-07 0.05050190351613127 0.0003622350566781217 0.053373587289282924 8.534434607504896e-07 8.711521125766905e-05 0.00010726386545505684 9.754550641917502e-05 2.8211278210164648e-05 0.002462078356261306 6.324050799968298e-06 0.0014065694252254658 9.076036475734851e-07 1.101501353003535e-05 1.4376742172226356e-06 8.914130017759283e-06 2.456379733330148e-05 0.001989959957289464 0.0005662284366242979 0.0012947600565189478 8.557094277360412e-07 8.028324885901546e-07
58 8.515555318638082e-07 7.255553796743467e-07 9.008150225197087e-07 8.234830403065229e-07 7.87828926998112e-07 0.056310421047034466 8.296989050740322e-07 0.8139677606408289 8.529919244604095e-07 0.05050190351613127 0.0003622350566781217 0.053373587289282924 8.534434607504896e-07 8.711521125766905e-05 0.00010726386545505684 9.754550641917502e-05 2.8211278210164648e-05 0.002462078356261306 6.324050799968298e-06 0.0014065694252254658 9.076036475734851e-07 1.101501353003535e-05 1.4376742172226356e-06 8.914130017759283e-06 2.456379733330148e-05 0.001989959957289464 0.0005662284366242979 0.0012947600565189478 8.557094277360412e-07 8.028324885901546e-07
59 8.515555318638082e-07 7.255553796743467e-07 9.008150225197087e-07 8.234830403065229e-07 7.87828926998112e-07 0.056310421047034466 8.296989050740322e-07 0.8139677606408289 8.529919244604095e-07 0.05050190351613127 0.0003622350566781217 0.053373587289282924 8.534434607504896e-07 8.711521125766905e-05 0.00010726386545505684 9.754550641917502e-05 2.8211278210164648e-05 0.002462078356261306 6.324050799968298e-06 0.0014065694252254658 9.076036475734851e-07 1.101501353003535e-05 1.4376742172226356e-06 8.914130017759283e-06 2.456379733330148e-05 0.001989959957289464 0.0005662284366242979 0.0012947600565189478 8.557094277360412e-07 8.028324885901546e-07
60 8.515555318638082e-07 7.255553796743467e-07 9.008150225197087e-07 8.234830403065229e-07 7.87828926998112e-07 0.056310421047034466 8.296989050740322e-07 0.8139677606408289 8.529919244604095e-07 0.05050190351613127 0.0003622350566781217 0.053373587289282924 8.534434607504896e-07 8.711521125766905e-05 0.00010726386545505684 9.754550641917502e-05 2.8211278210164648e-05 0.002462078356261306 6.324050799968298e-06 0.0014065694252254658 9.076036475734851e-07 1.101501353003535e-05 1.4376742172226356e-06 8.914130017759283e-06 2.456379733330148e-05 0.001989959957289464 0.0005662284366242979 0.0012947600565189478 8.557094277360412e-07 8.028324885901546e-07
61 8.515555318638082e-07 7.255553796743467e-07 9.008150225197087e-07 8.234830403065229e-07 7.87828926998112e-07 0.056310421047034466 8.296989050740322e-07 0.8139677606408289 8.529919244604095e-07 0.05050190351613127 0.0003622350566781217 0.053373587289282924 8.534434607504896e-07 8.711521125766905e-05 0.00010726386545505684 9.754550641917502e-05 2.8211278210164648e-05 0.002462078356261306 6.324050799968298e-06 0.0014065694252254658 9.076036475734851e-07 1.101501353003535e-05 1.4376742172226356e-06 8.914130017759283e-06 2.456379733330148e-05 0.001989959957289464 0.0005662284366242979 0.0012947600565189478 8.557094277360412e-07 8.028324885901546e-07
62 8.515555318638082e-07 7.255553796743467e-07 9.008150225197087e-07 8.234830403065229e-07 7.87828926998112e-07 0.056310421047034466 8.296989050740322e-07 0.8139677606408289 8.529919244604095e-07 0.05050190351613127 0.0003622350566781217 0.053373587289282924 8.534434607504896e-07 8.711521125766905e-05 0.00010726386545505684 9.754550641917502e-05 2.8211278210164648e-05 0.002462078356261306 6.324050799968298e-06 0.0014065694252254658 9.076036475734851e-07 1.101501353003535e-05 1.4376742172226356e-06 8.914130017759283e-06 2.456379733330148e-05 0.001989959957289464 0.0005662284366242979 0.0012947600565189478 8.557094277360412e-07 8.028324885901546e-07
63 8.515555318638082e-07 7.255553796743467e-07 9.008150225197087e-07 8.234830403065229e-07 7.87828926998112e-07 0.056310421047034466 8.296989050740322e-07 0.8139677606408289 8.529919244604095e-07 0.05050190351613127 0.0003622350566781217 0.053373587289282924 8.534434607504896e-07 8.711521125766905e-05 0.00010726386545505684 9.754550641917502e-05 2.8211278210164648e-05 0.002462078356261306 6.324050799968298e-06 0.0014065694252254658 9.076036475734851e-07 1.101501353003535e-05 1.4376742172226356e-06 8.914130017759283e-06 2.456379733330148e-05 0.001989959957289464 0.0005662284366242979 0.0012947600565189478 8.557094277360412e-07 8.028324885901546e-07
64 8.515555318638082e-07 7.255553796743467e-07 9.008150225197087e-07 8.234830403065229e-07 7.87828926998112e-07 0.056310421047034466 8.296989050740322e-07 0.8139677606408289 8.529919244604095e-07 0.05050190351613127 0.0003622350566781217 0.053373587289282924 8.534434607504896e-07 8.711521125766905e-05 0.00010726386545505684 9.754550641917502e-05 2.8211278210164648e-05 0.002462078356261306 6.324050799968298e-06 0.0014065694252254658 9.076036475734851e-07 1.101501353003535e-05 1.4376742172226356e-06 8.914130017759283e-06 2.456379733330148e-05 0.001989959957289464 0.0005662284366242979 0.0012947600565189478 8.557094277360412e-07 8.028324885901546e-07
65 8.515555318638082e-07 7.255553796743467e-07 9.008150225197087e-07 8.234830403065229e-07 7.87828926998112e-07 0.056310421047034466 8.296989050740322e-07 0.8139677606408289 8.529919244604095e-07 0.05050190351613127 0.0003622350566781217 0.053373587289282924 8.534434607504896e-07 8.711521125766905e-05 0.00010726386545505684 9.754550641917502e-05 2.8211278210164648e-05 0.002462078356261306 6.324050799968298e-06 0.0014065694252254658 9.076036475734851e-07 1.101501353003535e-05 1.4376742172226356e-06 8.914130017759283e-06 2.456379733330148e-05 0.001989959957289464 0.0005662284366242979 0.0012947600565189478 8.557094277360412e-07 8.028324885901546e-07
66 8.515555318638082e-07 7.255553796743467e-07 9.008150225197087e-07 8.234830403065229e-07 7.87828926998112e-07 0.056310421047034466 8.296989050740322e-07 0.8139677606408289 8.529919244604095e-07 0.05050190351613127 0.0003622350566781217 0.053373587289282924 8.534434607504896e-07 8.711521125766905e-05 0.00010726386545505684 9.754550641917502e-05 2.8211278210164648e-05 0.002462078356261306 6.324050799968298e-06 0.0014065694252254658 9.076036475734851e-07 1.101501353003535e-05 1.4376742172226356e-06 8.914130017759283e-06 2.456379733330148e-05 0.001989959957289464 0.0005662284366242979 0.0012947600565189478 8.557094277360412e-07 8.028324885901546e-07
67 8.515555318638082e-07 7.255553796743467e-07 9.008150225197087e-07 8.234830403065229e-07 7.87828926998112e-07 0.056310421047034466 8.296989050740322e-07 0.8139677606408289 8.529919244604095e-07 0.05050190351613127 0.0003622350566781217 0.053373587289282924 8.534434607504896e-07 8.711521125766905e-05 0.00010726386545505684 9.754550641917502e-05 2.8211278210164648e-05 0.002462078356261306 6.324050799968298e-06 0.0014065694252254658 9.076036475734851e-07 1.101501353003535e-05 1.4376742172226356e-06 8.914130017759283e-06 2.456379733330148e-05 0.001989959957289464 0.0005662284366242979 0.0012947600565189478 8.557094277360412e-07 8.028324885901546e-07
68 9.735505301754288e-07 9.24656718959422e-07 1.1603984590286864e-06 8.969698856760685e-07 1.1024559849059098e-06 0.08088998047135659 1.0301813988650184e-06 0.4896275623764517 9.667238835860053e-07 0.05639690536156132 0.00041982849195954387 0.14137593345020394 9.95666990279327e-07 0.00013013659314950544 0.00016247278337447907 0.0001300618859915983 3.8125527255887305e-05 0.0033276719270733577 9.218751081827431e-06 0.00043338912919959336 1.1274612179673563e-06 1.3931738002735637e-05 1.9960629626383384e-06 1.0613739294318462e-05 2.9473284703175983e-05 0.004834843697900687 0.0006750566494241689 0.0023220084724893185 9.99644324832561e-07 1.0517466666384508e-06
69 9.735505301754288e-07 9.24656718959422e-07 1.1603984590286864e-06 8.969698856760685e-07 1.1024559849059098e-06 0.08088998047135659 1.0301813988650184e-06 0.4896275623764517 9.667238835860053e-07 0.05639690536156132 0.00041982849195954387 0.14137593345020394 9.95666990279327e-07 0.00013013659314950544 0.00016247278337447907 0.0001300618859915983 3.8125527255887305e-05 0.0033276719270733577 9.218751081827431e-06 0.00043338912919959336 1.1274612179673563e-06 1.3931738002735637e-05 1.9960629626383384e-06 1.0613739294318462e-05 2.9473284703175983e-05 0.004834843697900687 0.0006750566494241689 0.0023220084724893185 9.99644324832561e-07 1.0517466666384508e-06
70 9.735505301754288e-07 9.24656718959422e-07 1.1603984590286864e-06 8.969698856760685e-07 1.1024559849059098e-06 0.08088998047135659 1.0301813988650184e-06 0.4896275623764517 9.667238835860053e-07 0.05639690536156132 0.00041982849195954387 0.14137593345020394 9.95666990279327e-07 0.00013013659314950544 0.00016247278337447907 0.0001300618859915983 3.8125527255887305e-05 0.0033276719270733577 9.218751081827431e-06 0.00043338912919959336 1.1274612179673563e-06 1.3931738002735637e-05 1.9960629626383384e-06 1.0613739294318462e-05 2.9473284703175983e-05 0.004834843697900687 0.0006750566494241689 0.0023220084724893185 9.99644324832561e-07 1.0517466666384508e-06
71 9.735505301754288e-07 9.24656718959422e-07 1.1603984590286864e-06 8.969698856760685e-07 1.1024559849059098e-06 0.08088998047135659 1.0301813988650184e-06 0.4896275623764517 9.667238835860053e-07 0.05639690536156132 0.00041982849195954387 0.14137593345020394 9.95666990279327e-07 0.00013013659314950544 0.00016247278337447907 0.0001300618859915983 3.8125527255887305e-05 0.0033276719270733577 9.218751081827431e-06 0.00043338912919959336 1.1274612179673563e-06 1.3931738002735637e-05 1.9960629626383384e-06 1.0613739294318462e-05 2.9473284703175983e-05 0.004834843697900687 0.0006750566494241689 0.0023220084724893185 9.99644324832561e-07 1.0517466666384508e-06
72 9.735505301754288e-07 9.24656718959422e-07 1.1603984590286864e-06 8.969698856760685e-07 1.1024559849059098e-06 0.08088998047135659 1.0301813988650184e-06 0.4896275623764517 9.667238835860053e-07 0.05639690536156132 0.00041982849195954387 0.14137593345020394 9.95666990279327e-07 0.00013013659314950544 0.00016247278337447907 0.0001300618859915983 3.8125527255887305e-05 0.0033276719270733577 9.218751081827431e-06 0.00043338912919959336 1.1274612179673563e-06 1.3931738002735637e-05 1.9960629626383384e-06 1.0613739294318462e-05 2.9473284703175983e-05 0.004834843697900687 0.0006750566494241689 0.0023220084724893185 9.99644324832561e-07 1.0517466666384508e-06
73 9.735505301754288e-07 9.24656718959422e-07 1.1603984590286864e-06 8.969698856760685e-07 1.1024559849059098e-06 0.08088998047135659 1.0301813988650184e-06 0.4896275623764517 9.667238835860053e-07 0.05639690536156132 0.00041982849195954387 0.14137593345020394 9.95666990279327e-07 0.00013013659314950544 0.00016247278337447907 0.0001300618859915983 3.8125527255887305e-05 0.0033276719270733577 9.218751081827431e-06 0.00043338912919959336 1.1274612179673563e-06 1.3931738002735637e-05 1.9960629626383384e-06 1.0613739294318462e-05 2.9473284703175983e-05 0.004834843697900687 0.0006750566494241689 0.0023220084724893185 9.99644324832561e-07 1.0517466666384508e-06
74 9.735505301754288e-07 9.24656718959422e-07 1.1603984590286864e-06 8.969698856760685e-07 1.1024559849059098e-06 0.08088998047135659 1.0301813988650184e-06 0.4896275623764517 9.667238835860053e-07 0.05639690536156132 0.00041982849195954387 0.14137593345020394 9.95666990279327e-07 0.00013013659314950544 0.00016247278337447907 0.0001300618859915983 3.8125527255887305e-05 0.0033276719270733577 9.218751081827431e-06 0.00043338912919959336 1.1274612179673563e-06 1.3931738002735637e-05 1.9960629626383384e-06 1.0613739294318462e-05 2.9473284703175983e-05 0.004834843697900687 0.0006750566494241689 0.0023220084724893185 9.99644324832561e-07 1.0517466666384508e-06
75 9.735505301754288e-07 9.24656718959422e-07 1.1603984590286864e-06 8.969698856760685e-07 1.1024559849059098e-06 0.08088998047135659 1.0301813988650184e-06 0.4896275623764517 9.667238835860053e-07 0.05639690536156132 0.00041982849195954387 0.14137593345020394 9.95666990279327e-07 0.00013013659314950544 0.00016247278337447907 0.0001300618859915983 3.8125527255887305e-05 0.0033276719270733577 9.218751081827431e-06 0.00043338912919959336 1.1274612179673563e-06 1.3931738002735637e-05 1.9960629626383384e-06 1.0613739294318462e-05 2.9473284703175983e-05 0.004834843697900687 0.0006750566494241689 0.0023220084724893185 9.99644324832561e-07 1.0517466666384508e-06
76 9.735505301754288e-07 9.24656718959422e-07 1.1603984590286864e-06 8.969698856760685e-07 1.1024559849059098e-06 0.08088998047135659 1.0301813988650184e-06 0.4896275623764517 9.667238835860053e-07 0.05639690536156132 0.00041982849195954387 0.14137593345020394 9.95666990279327e-07 0.00013013659314950544 0.00016247278337447907 0.0001300618859915983 3.8125527255887305e-05 0.0033276719270733577 9.218751081827431e-06 0.00043338912919959336 1.1274612179673563e-06 1.3931738002735637e-05 1.9960629626383384e-06 1.0613739294318462e-05 2.9473284703175983e-05 0.004834843697900687 0.0006750566494241689 0.0023220084724893185 9.99644324832561e-07 1.0517466666384508e-06
77 9.735505301754288e-07 9.24656718959422e-07 1.1603984590286864e-06 8.969698856760685e-07 1.1024559849059098e-06 0.08088998047135659 1.0301813988650184e-06 0.4896275623764517 9.667238835860053e-07 0.05639690536156132 0.00041982849195954387 0.14137593345020394 9.95666990279327e-07 0.00013013659314950544 0.00016247278337447907 0.0001300618859915983 3.8125527255887305e-05 0.0033276719270733577 9.218751081827431e-06 0.00043338912919959336 1.1274612179673563e-06 1.3931738002735637e-05 1.9960629626383384e-06 1.0613739294318462e-05 2.9473284703175983e-05 0.004834843697900687 0.0006750566494241689 0.0023220084724893185 9.99644324832561e-07 1.0517466666384508e-06
78 9.735505301754288e-07 9.24656718959422e-07 1.1603984590286864e-06 8.969698856760685e-07 1.1024559849059098e-06 0.08088998047135659 1.0301813988650184e-06 0.4896275623764517 9.667238835860053e-07 0.05639690536156132 0.00041982849195954387 0.14137593345020394 9.95666990279327e-07 0.00013013659314950544 0.00016247278337447907 0.0001300618859915983 3.8125527255887305e-05 0.0033276719270733577 9.218751081827431e-06 0.00043338912919959336 1.1274612179673563e-06 1.3931738002735637e-05 1.9960629626383384e-06 1.0613739294318462e-05 2.9473284703175983e-05 0.004834843697900687 0.0006750566494241689 0.0023220084724893185 9.99644324832561e-07 1.0517466666384508e-06
79 9.735505301754288e-07 9.24656718959422e-07 1.1603984590286864e-06 8.969698856760685e-07 1.1024559849059098e-06 0.08088998047135659 1.0301813988650184e-06 0.4896275623764517 9.667238835860053e-07 0.05639690536156132 0.00041982849195954387 0.14137593345020394 9.95666990279327e-07 0.00013013659314950544 0.00016247278337447907 0.0001300618859915983 3.8125527255887305e-05 0.0033276719270733577 9.218751081827431e-06 0.00043338912919959336 1.1274612179673563e-06 1.3931738002735637e-05 1.9960629626383384e-06 1.0613739294318462e-05 2.9473284703175983e-05 0.004834843697900687 0.0006750566494241689 0.0023220084724893185 9.99644324832561e-07 1.0517466666384508e-06
80 9.735505301754288e-07 9.24656718959422e-07 1.1603984590286864e-06 8.969698856760685e-07 1.1024559849059098e-06 0.08088998047135659 1.0301813988650184e-06 0.4896275623764517 9.667238835860053e-07 0.05639690536156132 0.00041982849195954387 0.14137593345020394 9.95666990279327e-07 0.00013013659314950544 0.00016247278337447907 0.0001300618859915983 3.8125527255887305e-05 0.0033276719270733577 9.218751081827431e-06 0.00043338912919959336 1.1274612179673563e-06 1.3931738002735637e-05 1.9960629626383384e-06 1.0613739294318462e-05 2.9473284703175983e-05 0.004834843697900687 0.0006750566494241689 0.0023220084724893185 9.99644324832561e-07 1.0517466666384508e-06
81 9.735505301754288e-07 9.24656718959422e-07 1.1603984590286864e-06 8.969698856760685e-07 1.1024559849059098e-06 0.08088998047135659 1.0301813988650184e-06 0.4896275623764517 9.667238835860053e-07 0.05639690536156132 0.00041982849195954387 0.14137593345020394 9.95666990279327e-07 0.00013013659314950544 0.00016247278337447907 0.0001300618859915983 3.8125527255887305e-05 0.0033276719270733577 9.218751081827431e-06 0.00043338912919959336 1.1274612179673563e-06 1.3931738002735637e-05 1.9960629626383384e-06 1.0613739294318462e-05 2.9473284703175983e-05 0.004834843697900687 0.0006750566494241689 0.0023220084724893185 9.99644324832561e-07 1.0517466666384508e-06
82 9.735505301754288e-07 9.24656718959422e-07 1.1603984590286864e-06 8.969698856760685e-07 1.1024559849059098e-06 0.08088998047135659 1.0301813988650184e-06 0.4896275623764517 9.667238835860053e-07 0.05639690536156132 0.00041982849195954387 0.14137593345020394 9.95666990279327e-07 0.00013013659314950544 0.00016247278337447907 0.0001300618859915983 3.8125527255887305e-05 0.0033276719270733577 9.218751081827431e-06 0.00043338912919959336 1.1274612179673563e-06 1.3931738002735637e-05 1.9960629626383384e-06 1.0613739294318462e-05 2.9473284703175983e-05 0.004834843697900687 0.0006750566494241689 0.0023220084724893185 9.99644324832561e-07 1.0517466666384508e-06
83 9.735505301754288e-07 9.24656718959422e-07 1.1603984590286864e-06 8.969698856760685e-07 1.1024559849059098e-06 0.08088998047135659 1.0301813988650184e-06 0.4896275623764517 9.667238835860053e-07 0.05639690536156132 0.00041982849195954387 0.14137593345020394 9.95666990279327e-07 0.00013013659314950544 0.00016247278337447907 0.0001300618859915983 3.8125527255887305e-05 0.0033276719270733577 9.218751081827431e-06 0.00043338912919959336 1.1274612179673563e-06 1.3931738002735637e-05 1.9960629626383384e-06 1.0613739294318462e-05 2.9473284703175983e-05 0.004834843697900687 0.0006750566494241689 0.0023220084724893185 9.99644324832561e-07 1.0517466666384508e-06
84 9.735505301754288e-07 9.24656718959422e-07 1.1603984590286864e-06 8.969698856760685e-07 1.1024559849059098e-06 0.08088998047135659 1.0301813988650184e-06 0.4896275623764517 9.667238835860053e-07 0.05639690536156132 0.00041982849195954387 0.14137593345020394 9.95666990279327e-07 0.00013013659314950544 0.00016247278337447907 0.0001300618859915983 3.8125527255887305e-05 0.0033276719270733577 9.218751081827431e-06 0.00043338912919959336 1.1274612179673563e-06 1.3931738002735637e-05 1.9960629626383384e-06 1.0613739294318462e-05 2.9473284703175983e-05 0.004834843697900687 0.0006750566494241689 0.0023220084724893185 9.99644324832561e-07 1.0517466666384508e-06
85 9.735505301754288e-07 9.24656718959422e-07 1.1603984590286864e-06 8.969698856760685e-07 1.1024559849059098e-06 0.08088998047135659 1.0301813988650184e-06 0.4896275623764517 9.667238835860053e-07 0.05639690536156132 0.00041982849195954387 0.14137593345020394 9.95666990279327e-07 0.00013013659314950544 0.00016247278337447907 0.0001300618859915983 3.8125527255887305e-05 0.0033276719270733577 9.218751081827431e-06 0.00043338912919959336 1.1274612179673563e-06 1.3931738002735637e-05 1.9960629626383384e-06 1.0613739294318462e-05 2.9473284703175983e-05 0.004834843697900687 0.0006750566494241689 0.0023220084724893185 9.99644324832561e-07 1.0517466666384508e-06
86 9.735505301754288e-07 9.24656718959422e-07 1.1603984590286864e-06 8.969698856760685e-07 1.1024559849059098e-06 0.08088998047135659 1.0301813988650184e-06 0.4896275623764517 9.667238835860053e-07 0.05639690536156132 0.00041982849195954387 0.14137593345020394 9.95666990279327e-07 0.00013013659314950544 0.00016247278337447907 0.0001300618859915983 3.8125527255887305e-05 0.0033276719270733577 9.218751081827431e-06 0.00043338912919959336 1.1274612179673563e-06 1.3931738002735637e-05 1.9960629626383384e-06 1.0613739294318462e-05 2.9473284703175983e-05 0.004834843697900687 0.0006750566494241689 0.0023220084724893185 9.99644324832561e-07 1.0517466666384508e-06
87 9.735505301754288e-07 9.24656718959422e-07 1.1603984590286864e-06 8.969698856760685e-07 1.1024559849059098e-06 0.08088998047135659 1.0301813988650184e-06 0.4896275623764517 9.667238835860053e-07 0.05639690536156132 0.00041982849195954387 0.14137593345020394 9.95666990279327e-07 0.00013013659314950544 0.00016247278337447907 0.0001300618859915983 3.8125527255887305e-05 0.0033276719270733577 9.218751081827431e-06 0.00043338912919959336 1.1274612179673563e-06 1.3931738002735637e-05 1.9960629626383384e-06 1.0613739294318462e-05 2.9473284703175983e-05 0.004834843697900687 0.0006750566494241689 0.0023220084724893185 9.99644324832561e-07 1.0517466666384508e-06
88 9.735505301754288e-07 9.24656718959422e-07 1.1603984590286864e-06 8.969698856760685e-07 1.1024559849059098e-06 0.08088998047135659 1.0301813988650184e-06 0.4896275623764517 9.667238835860053e-07 0.05639690536156132 0.00041982849195954387 0.14137593345020394 9.95666990279327e-07 0.00013013659314950544 0.00016247278337447907 0.0001300618859915983 3.8125527255887305e-05 0.0033276719270733577 9.218751081827431e-06 0.00043338912919959336 1.1274612179673563e-06 1.3931738002735637e-05 1.9960629626383384e-06 1.0613739294318462e-05 2.9473284703175983e-05 0.004834843697900687 0.0006750566494241689 0.0023220084724893185 9.99644324832561e-07 1.0517466666384508e-06
89 9.735505301754288e-07 9.24656718959422e-07 1.1603984590286864e-06 8.969698856760685e-07 1.1024559849059098e-06 0.08088998047135659 1.0301813988650184e-06 0.4896275623764517 9.667238835860053e-07 0.05639690536156132 0.00041982849195954387 0.14137593345020394 9.95666990279327e-07 0.00013013659314950544 0.00016247278337447907 0.0001300618859915983 3.8125527255887305e-05 0.0033276719270733577 9.218751081827431e-06 0.00043338912919959336 1.1274612179673563e-06 1.3931738002735637e-05 1.9960629626383384e-06 1.0613739294318462e-05 2.9473284703175983e-05 0.004834843697900687 0.0006750566494241689 0.0023220084724893185 9.99644324832561e-07 1.0517466666384508e-06
90 9.735505301754288e-07 9.24656718959422e-07 1.1603984590286864e-06 8.969698856760685e-07 1.1024559849059098e-06 0.08088998047135659 1.0301813988650184e-06 0.4896275623764517 9.667238835860053e-07 0.05639690536156132 0.00041982849195954387 0.14137593345020394 9.95666990279327e-07 0.00013013659314950544 0.00016247278337447907 0.0001300618859915983 3.8125527255887305e-05 0.0033276719270733577 9.218751081827431e-06 0.00043338912919959336 1.1274612179673563e-06 1.3931738002735637e-05 1.9960629626383384e-06 1.0613739294318462e-05 2.9473284703175983e-05 0.004834843697900687 0.0006750566494241689 0.0023220084724893185 9.99644324832561e-07 1.0517466666384508e-06
91 9.735505301754288e-07 9.24656718959422e-07 1.1603984590286864e-06 8.969698856760685e-07 1.1024559849059098e-06 0.08088998047135659 1.0301813988650184e-06 0.4896275623764517 9.667238835860053e-07 0.05639690536156132 0.00041982849195954387 0.14137593345020394 9.95666990279327e-07 0.00013013659314950544 0.00016247278337447907 0.0001300618859915983 3.8125527255887305e-05 0.0033276719270733577 9.218751081827431e-06 0.00043338912919959336 1.1274612179673563e-06 1.3931738002735637e-05 1.9960629626383384e-06 1.0613739294318462e-05 2.9473284703175983e-05 0.004834843697900687 0.0006750566494241689 0.0023220084724893185 9.99644324832561e-07 1.0517466666384508e-06
92 9.735505301754288e-07 9.24656718959422e-07 1.1603984590286864e-06 8.969698856760685e-07 1.1024559849059098e-06 0.08088998047135659 1.0301813988650184e-06 0.4896275623764517 9.667238835860053e-07 0.05639690536156132 0.00041982849195954387 0.14137593345020394 9.95666990279327e-07 0.00013013659314950544 0.00016247278337447907 0.0001300618859915983 3.8125527255887305e-05 0.0033276719270733577 9.218751081827431e-06 0.00043338912919959336 1.1274612179673563e-06 1.3931738002735637e-05 1.9960629626383384e-06 1.0613739294318462e-05 2.9473284703175983e-05 0.004834843697900687 0.0006750566494241689 0.0023220084724893185 9.99644324832561e-07 1.0517466666384508e-06
93 9.735505301754288e-07 9.24656718959422e-07 1.1603984590286864e-06 8.969698856760685e-07 1.1024559849059098e-06 0.08088998047135659 1.0301813988650184e-06 0.4896275623764517 9.667238835860053e-07 0.05639690536156132 0.00041982849195954387 0.14137593345020394 9.95666990279327e-07 0.00013013659314950544 0.00016247278337447907 0.0001300618859915983 3.8125527255887305e-05 0.0033276719270733577 9.218751081827431e-06 0.00043338912919959336 1.1274612179673563e-06 1.3931738002735637e-05 1.9960629626383384e-06 1.0613739294318462e-05 2.9473284703175983e-05 0.004834843697900687 0.0006750566494241689 0.0023220084724893185 9.99644324832561e-07 1.0517466666384508e-06
94 9.735505301754288e-07 9.24656718959422e-07 1.1603984590286864e-06 8.969698856760685e-07 1.1024559849059098e-06 0.08088998047135659 1.0301813988650184e-06 0.4896275623764517 9.667238835860053e-07 0.05639690536156132 0.00041982849195954387 0.14137593345020394 9.95666990279327e-07 0.00013013659314950544 0.00016247278337447907 0.0001300618859915983 3.8125527255887305e-05 0.0033276719270733577 9.218751081827431e-06 0.00043338912919959336 1.1274612179673563e-06 1.3931738002735637e-05 1.9960629626383384e-06 1.0613739294318462e-05 2.9473284703175983e-05 0.004834843697900687 0.0006750566494241689 0.0023220084724893185 9.99644324832561e-07 1.0517466666384508e-06
95 9.735505301754288e-07 9.24656718959422e-07 1.1603984590286864e-06 8.969698856760685e-07 1.1024559849059098e-06 0.08088998047135659 1.0301813988650184e-06 0.4896275623764517 9.667238835860053e-07 0.05639690536156132 0.00041982849195954387 0.14137593345020394 9.95666990279327e-07 0.00013013659314950544 0.00016247278337447907 0.0001300618859915983 3.8125527255887305e-05 0.0033276719270733577 9.218751081827431e-06 0.00043338912919959336 1.1274612179673563e-06 1.3931738002735637e-05 1.9960629626383384e-06 1.0613739294318462e-05 2.9473284703175983e-05 0.004834843697900687 0.0006750566494241689 0.0023220084724893185 9.99644324832561e-07 1.0517466666384508e-06
96 9.735505301754288e-07 9.24656718959422e-07 1.1603984590286864e-06 8.969698856760685e-07 1.1024559849059098e-06 0.08088998047135659 1.0301813988650184e-06 0.4896275623764517 9.667238835860053e-07 0.05639690536156132 0.00041982849195954387 0.14137593345020394 9.95666990279327e-07 0.00013013659314950544 0.00016247278337447907 0.0001300618859915983 3.8125527255887305e-05 0.0033276719270733577 9.218751081827431e-06 0.00043338912919959336 1.1274612179673563e-06 1.3931738002735637e-05 1.9960629626383384e-06 1.0613739294318462e-05 2.9473284703175983e-05 0.004834843697900687 0.0006750566494241689 0.0023220084724893185 9.99644324832561e-07 1.0517466666384508e-06
97 9.735505301754288e-07 9.24656718959422e-07 1.1603984590286864e-06 8.969698856760685e-07 1.1024559849059098e-06 0.08088998047135659 1.0301813988650184e-06 0.4896275623764517 9.667238835860053e-07 0.05639690536156132 0.00041982849195954387 0.14137593345020394 9.95666990279327e-07 0.00013013659314950544 0.00016247278337447907 0.0001300618859915983 3.8125527255887305e-05 0.0033276719270733577 9.218751081827431e-06 0.00043338912919959336 1.1274612179673563e-06 1.3931738002735637e-05 1.9960629626383384e-06 1.0613739294318462e-05 2.9473284703175983e-05 0.004834843697900687 0.0006750566494241689 0.0023220084724893185 9.99644324832561e-07 1.0517466666384508e-06
98 9.735505301754288e-07 9.24656718959422e-07 1.1603984590286864e-06 8.969698856760685e-07 1.1024559849059098e-06 0.08088998047135659 1.0301813988650184e-06 0.4896275623764517 9.667238835860053e-07 0.05639690536156132 0.00041982849195954387 0.14137593345020394 9.95666990279327e-07 0.00013013659314950544 0.00016247278337447907 0.0001300618859915983 3.8125527255887305e-05 0.0033276719270733577 9.218751081827431e-06 0.00043338912919959336 1.1274612179673563e-06 1.3931738002735637e-05 1.9960629626383384e-06 1.0613739294318462e-05 2.9473284703175983e-05 0.004834843697900687 0.0006750566494241689 0.0023220084724893185 9.99644324832561e-07 1.0517466666384508e-06
99 9.735505301754288e-07 9.24656718959422e-07 1.1603984590286864e-06 8.969698856760685e-07 1.1024559849059098e-06 0.08088998047135659 1.0301813988650184e-06 0.4896275623764517 9.667238835860053e-07 0.05639690536156132 0.00041982849195954387 0.14137593345020394 9.95666990279327e-07 0.00013013659314950544 0.00016247278337447907 0.0001300618859915983 3.8125527255887305e-05 0.0033276719270733577 9.218751081827431e-06 0.00043338912919959336 1.1274612179673563e-06 1.3931738002735637e-05 1.9960629626383384e-06 1.0613739294318462e-05 2.9473284703175983e-05 0.004834843697900687 0.0006750566494241689 0.0023220084724893185 9.99644324832561e-07 1.0517466666384508e-06
100 9.735505301754288e-07 9.24656718959422e-07 1.1603984590286864e-06 8.969698856760685e-07 1.1024559849059098e-06 0.08088998047135659 1.0301813988650184e-06 0.4896275623764517 9.667238835860053e-07 0.05639690536156132 0.00041982849195954387 0.14137593345020394 9.95666990279327e-07 0.00013013659314950544 0.00016247278337447907 0.0001300618859915983 3.8125527255887305e-05 0.0033276719270733577 9.218751081827431e-06 0.00043338912919959336 1.1274612179673563e-06 1.3931738002735637e-05 1.9960629626383384e-06 1.0613739294318462e-05 2.9473284703175983e-05 0.004834843697900687 0.0006750566494241689 0.0023220084724893185 9.99644324832561e-07 1.0517466666384508e-06
101 9.735505301754288e-07 9.24656718959422e-07 1.1603984590286864e-06 8.969698856760685e-07 1.1024559849059098e-06 0.08088998047135659 1.0301813988650184e-06 0.4896275623764517 9.667238835860053e-07 0.05639690536156132 0.00041982849195954387 0.14137593345020394 9.95666990279327e-07 0.00013013659314950544 0.00016247278337447907 0.0001300618859915983 3.8125527255887305e-05 0.0033276719270733577 9.218751081827431e-06 0.00043338912919959336 1.1274612179673563e-06 1.3931738002735637e-05 1.9960629626383384e-06 1.0613739294318462e-05 2.9473284703175983e-05 0.004834843697900687 0.0006750566494241689 0.0023220084724893185 9.99644324832561e-07 1.0517466666384508e-06
102 9.735505301754288e-07 9.24656718959422e-07 1.1603984590286864e-06 8.969698856760685e-07 1.1024559849059098e-06 0.08088998047135659 1.0301813988650184e-06 0.4896275623764517 9.667238835860053e-07 0.05639690536156132 0.00041982849195954387 0.14137593345020394 9.95666990279327e-07 0.00013013659314950544 0.00016247278337447907 0.0001300618859915983 3.8125527255887305e-05 0.0033276719270733577 9.218751081827431e-06 0.00043338912919959336 1.1274612179673563e-06 1.3931738002735637e-05 1.9960629626383384e-06 1.0613739294318462e-05 2.9473284703175983e-05 0.004834843697900687 0.0006750566494241689 0.0023220084724893185 9.99644324832561e-07 1.0517466666384508e-06
103 9.735505301754288e-07 9.24656718959422e-07 1.1603984590286864e-06 8.969698856760685e-07 1.1024559849059098e-06 0.08088998047135659 1.0301813988650184e-06 0.4896275623764517 9.667238835860053e-07 0.05639690536156132 0.00041982849195954387 0.14137593345020394 9.95666990279327e-07 0.00013013659314950544 0.00016247278337447907 0.0001300618859915983 3.8125527255887305e-05 0.0033276719270733577 9.218751081827431e-06 0.00043338912919959336 1.1274612179673563e-06 1.3931738002735637e-05 1.9960629626383384e-06 1.0613739294318462e-05 2.9473284703175983e-05 0.004834843697900687 0.0006750566494241689 0.0023220084724893185 9.99644324832561e-07 1.0517466666384508e-06
104 9.735505301754288e-07 9.24656718959422e-07 1.1603984590286864e-06 8.969698856760685e-07 1.1024559849059098e-06 0.08088998047135659 1.0301813988650184e-06 0.4896275623764517 9.667238835860053e-07 0.05639690536156132 0.00041982849195954387 0.14137593345020394 9.95666990279327e-07 0.00013013659314950544 0.00016247278337447907 0.0001300618859915983 3.8125527255887305e-05 0.0033276719270733577 9.218751081827431e-06 0.00043338912919959336 1.1274612179673563e-06 1.3931738002735637e-05 1.9960629626383384e-06 1.0613739294318462e-05 2.9473284703175983e-05 0.004834843697900687 0.0006750566494241689 0.0023220084724893185 9.99644324832561e-07 1.0517466666384508e-06
105 9.735505301754288e-07 9.24656718959422e-07 1.1603984590286864e-06 8.969698856760685e-07 1.1024559849059098e-06 0.08088998047135659 1.0301813988650184e-06 0.4896275623764517 9.667238835860053e-07 0.05639690536156132 0.00041982849195954387 0.14137593345020394 9.95666990279327e-07 0.00013013659314950544 0.00016247278337447907 0.0001300618859915983 3.8125527255887305e-05 0.0033276719270733577 9.218751081827431e-06 0.00043338912919959336 1.1274612179673563e-06 1.3931738002735637e-05 1.9960629626383384e-06 1.0613739294318462e-05 2.9473284703175983e-05 0.004834843697900687 0.0006750566494241689 0.0023220084724893185 9.99644324832561e-07 1.0517466666384508e-06
106 9.735505301754288e-07 9.24656718959422e-07 1.1603984590286864e-06 8.969698856760685e-07 1.1024559849059098e-06 0.08088998047135659 1.0301813988650184e-06 0.4896275623764517 9.667238835860053e-07 0.05639690536156132 0.00041982849195954387 0.14137593345020394 9.95666990279327e-07 0.00013013659314950544 0.00016247278337447907 0.0001300618859915983 3.8125527255887305e-05 0.0033276719270733577 9.218751081827431e-06 0.00043338912919959336 1.1274612179673563e-06 1.3931738002735637e-05 1.9960629626383384e-06 1.0613739294318462e-05 2.9473284703175983e-05 0.004834843697900687 0.0006750566494241689 0.0023220084724893185 9.99644324832561e-07 1.0517466666384508e-06
107 9.735505301754288e-07 9.24656718959422e-07 1.1603984590286864e-06 8.969698856760685e-07 1.1024559849059098e-06 0.08088998047135659 1.0301813988650184e-06 0.4896275623764517 9.667238835860053e-07 0.05639690536156132 0.00041982849195954387 0.14137593345020394 9.95666990279327e-07 0.00013013659314950544 0.00016247278337447907 0.0001300618859915983 3.8125527255887305e-05 0.0033276719270733577 9.218751081827431e-06 0.00043338912919959336 1.1274612179673563e-06 1.3931738002735637e-05 1.9960629626383384e-06 1.0613739294318462e-05 2.9473284703175983e-05 0.004834843697900687 0.0006750566494241689 0.0023220084724893185 9.99644324832561e-07 1.0517466666384508e-06
108 9.735505301754288e-07 9.24656718959422e-07 1.1603984590286864e-06 8.969698856760685e-07 1.1024559849059098e-06 0.08088998047135659 1.0301813988650184e-06 0.4896275623764517 9.667238835860053e-07 0.05639690536156132 0.00041982849195954387 0.14137593345020394 9.95666990279327e-07 0.00013013659314950544 0.00016247278337447907 0.0001300618859915983 3.8125527255887305e-05 0.0033276719270733577 9.218751081827431e-06 0.00043338912919959336 1.1274612179673563e-06 1.3931738002735637e-05 1.9960629626383384e-06 1.0613739294318462e-05 2.9473284703175983e-05 0.004834843697900687 0.0006750566494241689 0.0023220084724893185 9.99644324832561e-07 1.0517466666384508e-06
