# index Z=1 - Z=30
0 7.000668343994761e-07 0.011709765622552422 7.17397106461061e-07 7.484662308224546e-07 7.331170835833655e-07 1.7691963368886324e-06 7.334657019431849e-07 0.00406628091513946 7.347722793338323e-07 7.564286459661685e-07 7.37565701095307e-07 8.493378653071298e-05 7.202755052709694e-07 0.02669664520648738 2.0341433604483022e-06 8.0416373908374e-05 9.279733321474353e-07 0.0076216221573583735 1.0532512573146618e-06 0.01577837165305677 7.560076859632998e-07 0.00013132651306319368 0.00030055262971688356 2.068653043128103e-05 0.0062429676250872045 0.2595107923210589 0.1425711439694057 0.26930294823389606 6.94270025983316e-07 7.233147414464362e-07
1 7.000668343994761e-07 0.011709765622552422 7.17397106461061e-07 7.484662308224546e-07 7.331170835833655e-07 1.7691963368886324e-06 7.334657019431849e-07 0.00406628091513946 7.347722793338323e-07 7.564286459661685e-07 7.37565701095307e-07 8.493378653071298e-05 7.202755052709694e-07 0.02669664520648738 2.0341433604483022e-06 8.0416373908374e-05 9.279733321474353e-07 0.0076216221573583735 1.0532512573146618e-06 0.01577837165305677 7.560076859632998e-07 0.00013132651306319368 0.00030055262971688356 2.068653043128103e-05 0.0062429676250872045 0.2595107923210589 0.1425711439694057 0.26930294823389606 6.94270025983316e-07 7.233147414464362e-07
2 7.000668343994761e-07 0.011709765622552422 7.17397106461061e-07 7.484662308224546e-07 7.331170835833655e-07 1.7691963368886324e-06 7.334657019431849e-07 0.00406628091513946 7.347722793338323e-07 7.564286459661685e-07 7.37565701095307e-07 8.493378653071298e-05 7.202755052709694e-07 0.02669664520648738 2.0341433604483022e-06 8.0416373908374e-05 9.279733321474353e-07 0.0076216221573583735 1.0532512573146618e-06 0.01577837165305677 7.560076859632998e-07 0.00013132651306319368 0.00030055262971688356 2.068653043128103e-05 0.0062429676250872045 0.2595107923210589 0.1425711439694057 0.26930294823389606 6.94270025983316e-07 7.233147414464362e-07
3 7.000668343994761e-07 0.011709765622552422 7.17397106461061e-07 7.484662308224546e-07 7.331170835833655e-07 1.7691963368886324e-06 7.334657019431849e-07 0.00406628091513946 7.347722793338323e-07 7.564286459661685e-07 7.37565701095307e-07 8.493378653071298e-05 7.202755052709694e-07 0.02669664520648738 2.0341433604483022e-06 8.0416373908374e-05 9.279733321474353e-07 0.0076216221573583735 1.0532512573146618e-06 0.01577837165305677 7.560076859632998e-07 0.00013132651306319368 0.00030055262971688356 2.068653043128103e-05 0.0062429676250872045 0.2595107923210589 0.1425711439694057 0.26930294823389606 6.94270025983316e-07 7.233147414464362e-07
4 7.000668343994761e-07 0.011709765622552422 7.17397106461061e-07 7.484662308224546e-07 7.331170835833655e-07 1.7691963368886324e-06 7.334657019431849e-07 0.00406628091513946 7.347722793338323e-07 7.564286459661685e-07 7.37565701095307e-07 8.493378653071298e-05 7.202755052709694e-07 0.02669664520648738 2.0341433604483022e-06 8.0416373908374e-05 9.279733321474353e-07 0.0076216221573583735 1.0532512573146618e-06 0.01577837165305677 7.560076859632998e-07 0.00013132651306319368 0.00030055262971688356 2.068653043128103e-05 0.0062429676250872045 0.2595107923210589 0.1425711439694057 0.26930294823389606 6.94270025983316e-07 7.233147414464362e-07
5 7.000668343994761e-07 0.011709765622552422 7.17397106461061e-07 7.484662308224546e-07 7.331170835833655e-07 1.7691963368886324e-06 7.334657019431849e-07 0.00406628091513946 7.347722793338323e-07 7.564286459661685e-07 7.37565701095307e-07 8.493378653071298e-05 7.202755052709694e-07 0.02669664520648738 2.0341433604483022e-06 8.0416373908374e-05 9.279733321474353e-07 0.0076216221573583735 1.0532512573146618e-06 0.01577837165305677 7.560076859632998e-07 0.00013132651306319368 0.00030055262971688356 2.068653043128103e-05 0.0062429676250872045 0.2595107923210589 0.1425711439694057 0.26930294823389606 6.94270025983316e-07 7.233147414464362e-07
6 7.000668343994761e-07 0.011709765622552422 7.17397106461061e-07 7.484662308224546e-07 7.331170835833655e-07 1.7691963368886324e-06 7.334657019431849e-07 0.00406628091513946 7.347722793338323e-07 7.564286459661685e-07 7.37565701095307e-07 8.493378653071298e-05 7.202755052709694e-07 0.02669664520648738 2.0341433604483022e-06 8.0416373908374e-05 9.279733321474353e-07 0.0076216221573583735 1.0532512573146618e-06 0.01577837165305677 7.560076859632998e-07 0.00013132651306319368 0.00030055262971688356 2.068653043128103e-05 0.0062429676250872045 0.2595107923210589 0.1425711439694057 0.26930294823389606 6.94270025983316e-07 7.233147414464362e-07
7 7.000668343994761e-07 0.011709765622552422 7.17397106461061e-07 7.484662308224546e-07 7.331170835833655e-07 1.7691963368886324e-06 7.334657019431849e-07 0.00406628091513946 7.347722793338323e-07 7.564286459661685e-07 7.37565701095307e-07 8.493378653071298e-05 7.202755052709694e-07 0.02669664520648738 2.0341433604483022e-06 8.0416373908374e-05 9.279733321474353e-07 0.0076216221573583735 1.0532512573146618e-06 0.01577837165305677 7.560076859632998e-07 0.00013132651306319368 0.00030055262971688356 2.068653043128103e-05 0.0062429676250872045 0.2595107923210589 0.1425711439694057 0.26930294823389606 6.94270025983316e-07 7.233147414464362e-07
8 7.000668343994761e-07 0.011709765622552422 7.17397106461061e-07 7.484662308224546e-07 7.331170835833655e-07 1.7691963368886324e-06 7.334657019431849e-07 0.00406628091513946 7.347722793338323e-07 7.564286459661685e-07 7.37565701095307e-07 8.493378653071298e-05 7.202755052709694e-07 0.02669664520648738 2.0341433604483022e-06 8.0416373908374e-05 9.279733321474353e-07 0.0076216221573583735 1.0532512573146618e-06 0.01577837165305677 7.560076859632998e-07 0.00013132651306319368 0.00030055262971688356 2.068653043128103e-05 0.0062429676250872045 0.2595107923210589 0.1425711439694057 0.26930294823389606 6.94270025983316e-07 7.233147414464362e-07
9 7.000668343994761e-07 0.011709765622552422 7.17397106461061e-07 7.484662308224546e-07 7.331170835833655e-07 1.7691963368886324e-06 7.334657019431849e-07 0.00406628091513946 7.347722793338323e-07 7.564286459661685e-07 7.37565701095307e-07 8.493378653071298e-05 7.202755052709694e-07 0.02669664520648738 2.0341433604483022e-06 8.0416373908374e-05 9.279733321474353e-07 0.0076216221573583735 1.0532512573146618e-06 0.01577837165305677 7.560076859632998e-07 0.00013132651306319368 0.00030055262971688356 2.068653043128103e-05 0.0062429676250872045 0.2595107923210589 0.1425711439694057 0.26930294823389606 6.94270025983316e-07 7.233147414464362e-07
10 7.000668343994761e-07 0.011709765622552422 7.17397106461061e-07 7.484662308224546e-07 7.331170835833655e-07 1.7691963368886324e-06 7.334657019431849e-07 0.00406628091513946 7.347722793338323e-07 7.564286459661685e-07 7.37565701095307e-07 8.493378653071298e-05 7.202755052709694e-07 0.02669664520648738 2.0341433604483022e-06 8.0416373908374e-05 9.279733321474353e-07 0.0076216221573583735 1.0532512573146618e-06 0.01577837165305677 7.560076859632998e-07 0.00013132651306319368 0.00030055262971688356 2.068653043128103e-05 0.0062429676250872045 0.2595107923210589 0.1425711439694057 0.26930294823389606 6.94270025983316e-07 7.233147414464362e-07
11 7.000668343994761e-07 0.011709765622552422 7.17397106461061e-07 7.484662308224546e-07 7.331170835833655e-07 1.7691963368886324e-06 7.334657019431849e-07 0.00406628091513946 7.347722793338323e-07 7.564286459661685e-07 7.37565701095307e-07 8.493378653071298e-05 7.202755052709694e-07 0.02669664520648738 2.0341433604483022e-06 8.0416373908374e-05 9.279733321474353e-07 0.0076216221573583735 1.0532512573146618e-06 0.01577837165305677 7.560076859632998e-07 0.00013132651306319368 0.00030055262971688356 2.068653043128103e-05 0.0062429676250872045 0.2595107923210589 0.1425711439694057 0.26930294823389606 6.94270025983316e-07 7.233147414464362e-07
12 8.832730705835716e-07 0.004563243295829858 9.440596324395631e-07 1.0697013471070466e-06 9.795914776935987e-07 1.9520571786093477e-06 9.146261823399559e-07 0.004939496369834119 9.715633052350484e-07 9.820748394579896e-07 9.833663856197578e-07 0.002723460365795978 9.920376357418768e-07 0.08197870572788686 6.8864671928925335e-06 0.0008044149742150279 2.808487529658793e-06 0.014125242844294244 1.8130209578256074e-06 0.02790439630576848 1.060906729290101e-06 0.0001365684018864586 0.0009114848619171208 2.5128441729468003e-05 0.035708202750086675 0.2606927380230228 0.24241308307261228 0.15573943963496228 9.533331810033452e-07 8.856853339825922e-07
13 8.832730705835716e-07 0.004563243295829858 9.440596324395631e-07 1.0697013471070466e-06 9.795914776935987e-07 1.9520571786093477e-06 9.146261823399559e-07 0.004939496369834119 9.715633052350484e-07 9.820748394579896e-07 9.833663856197578e-07 0.002723460365795978 9.920376357418768e-07 0.08197870572788686 6.8864671928925335e-06 0.0008044149742150279 2.808487529658793e-06 0.014125242844294244 1.8130209578256074e-06 0.02790439630576848 1.060906729290101e-06 0.0001365684018864586 0.0009114848619171208 2.5128441729468003e-05 0.035708202750086675 0.2606927380230228 0.24241308307261228 0.15573943963496228 9.533331810033452e-07 8.856853339825922e-07
14 8.832730705835716e-07 0.004563243295829858 9.440596324395631e-07 1.0697013471070466e-06 9.795914776935987e-07 1.9520571786093477e-06 9.146261823399559e-07 0.004939496369834119 9.715633052350484e-07 9.820748394579896e-07 9.833663856197578e-07 0.002723460365795978 9.920376357418768e-07 0.08197870572788686 6.8864671928925335e-06 0.0008044149742150279 2.808487529658793e-06 0.014125242844294244 1.8130209578256074e-06 0.02790439630576848 1.060906729290101e-06 0.0001365684018864586 0.0009114848619171208 2.5128441729468003e-05 0.035708202750086675 0.2606927380230228 0.24241308307261228 0.15573943963496228 9.533331810033452e-07 8.856853339825922e-07
15 8.832730705835716e-07 0.004563243295829858 9.440596324395631e-07 1.0697013471070466e-06 9.795914776935987e-07 1.9520571786093477e-06 9.146261823399559e-07 0.004939496369834119 9.715633052350484e-07 9.820748394579896e-07 9.833663856197578e-07 0.002723460365795978 9.920376357418768e-07 0.08197870572788686 6.8864671928925335e-06 0.0008044149742150279 2.808487529658793e-06 0.014125242844294244 1.8130209578256074e-06 0.02790439630576848 1.060906729290101e-06 0.0001365684018864586 0.0009114848619171208 2.5128441729468003e-05 0.035708202750086675 0.2606927380230228 0.24241308307261228 0.15573943963496228 9.533331810033452e-07 8.856853339825922e-07
16 8.832730705835716e-07 0.004563243295829858 9.440596324395631e-07 1.0697013471070466e-06 9.795914776935987e-07 1.9520571786093477e-06 9.146261823399559e-07 0.004939496369834119 9.715633052350484e-07 9.820748394579896e-07 9.833663856197578e-07 0.002723460365795978 9.920376357418768e-07 0.08197870572788686 6.8864671928925335e-06 0.0008044149742150279 2.808487529658793e-06 0.014125242844294244 1.8130209578256074e-06 0.02790439630576848 1.060906729290101e-06 0.0001365684018864586 0.0009114848619171208 2.5128441729468003e-05 0.035708202750086675 0.2606927380230228 0.24241308307261228 0.15573943963496228 9.533331810033452e-07 8.856853339825922e-07
17 8.832730705835716e-07 0.004563243295829858 9.440596324395631e-07 1.0697013471070466e-06 9.795914776935987e-07 1.9520571786093477e-06 9.146261823399559e-07 0.004939496369834119 9.715633052350484e-07 9.820748394579896e-07 9.833663856197578e-07 0.002723460365795978 9.920376357418768e-07 0.08197870572788686 6.8864671928925335e-06 0.0008044149742150279 2.808487529658793e-06 0.014125242844294244 1.8130209578256074e-06 0.02790439630576848 1.060906729290101e-06 0.0001365684018864586 0.0009114848619171208 2.5128441729468003e-05 0.035708202750086675 0.2606927380230228 0.24241308307261228 0.15573943963496228 9.533331810033452e-07 8.856853339825922e-07
18 8.832730705835716e-07 0.004563243295829858 9.440596324395631e-07 1.0697013471070466e-06 9.795914776935987e-07 1.9520571786093477e-06 9.146261823399559e-07 0.004939496369834119 9.715633052350484e-07 9.820748394579896e-07 9.833663856197578e-07 0.002723460365795978 9.920376357418768e-07 0.08197870572788686 6.8864671928925335e-06 0.0008044149742150279 2.808487529658793e-06 0.014125242844294244 1.8130209578256074e-06 0.02790439630576848 1.060906729290101e-06 0.0001365684018864586 0.0009114848619171208 2.5128441729468003e-05 0.035708202750086675 0.2606927380230228 0.24241308307261228 0.15573943963496228 9.533331810033452e-07 8.856853339825922e-07
19 8.832730705835716e-07 0.004563243295829858 9.440596324395631e-07 1.0697013471070466e-06 9.795914776935987e-07 1.9520571786093477e-06 9.146261823399559e-07 0.004939496369834119 9.715633052350484e-07 9.820748394579896e-07 9.833663856197578e-07 0.002723460365795978 9.920376357418768e-07 0.08197870572788686 6.8864671928925335e-06 0.0008044149742150279 2.808487529658793e-06 0.014125242844294244 1.8130209578256074e-06 0.02790439630576848 1.060906729290101e-06 0.0001365684018864586 0.0009114848619171208 2.5128441729468003e-05 0.035708202750086675 0.2606927380230228 0.24241308307261228 0.15573943963496228 9.533331810033452e-07 8.856853339825922e-07
20 8.832730705835716e-07 0.004563243295829858 9.440596324395631e-07 1.0697013471070466e-06 9.795914776935987e-07 1.9520571786093477e-06 9.146261823399559e-07 0.004939496369834119 9.715633052350484e-07 9.820748394579896e-07 9.833663856197578e-07 0.002723460365795978 9.920376357418768e-07 0.08197870572788686 6.8864671928925335e-06 0.0008044149742150279 2.808487529658793e-06 0.014125242844294244 1.8130209578256074e-06 0.02790439630576848 1.060906729290101e-06 0.0001365684018864586 0.0009114848619171208 2.5128441729468003e-05 0.035708202750086675 0.2606927380230228 0.24241308307261228 0.15573943963496228 9.533331810033452e-07 8.856853339825922e-07
21 8.832730705835716e-07 0.004563243295829858 9.440596324395631e-07 1.0697013471070466e-06 9.795914776935987e-07 1.9520571786093477e-06 9.146261823399559e-07 0.004939496369834119 9.715633052350484e-07 9.820748394579896e-07 9.833663856197578e-07 0.002723460365795978 9.920376357418768e-07 0.08197870572788686 6.8864671928925335e-06 0.0008044149742150279 2.808487529658793e-06 0.014125242844294244 1.8130209578256074e-06 0.02790439630576848 1.060906729290101e-06 0.0001365684018864586 0.0009114848619171208 2.5128441729468003e-05 0.035708202750086675 0.2606927380230228 0.24241308307261228 0.15573943963496228 9.533331810033452e-07 8.856853339825922e-07
22 3.0581672635276673e-07 3.3572731057147824e-07 2.913007752758468e-07 3.021162355528404e-07 3.789083066885487e-07 9.692065486409215e-07 3.0921231792469135e-07 0.0014530827083237025 3.156449995152368e-07 3.4221451010867395e-07 3.4580497254875667e-07 0.07713716186317345 3.3020457983546234e-07 0.6093087011494458 4.366489570963561e-06 0.1256375401605089 8.180589047921877e-07 0.012347352147024123 6.299172543726469e-07 0.047469234120651724 2.3591679814667534e-07 5.9292239765893406e-05 0.0002476617341721503 2.3306749506077567e-05 0.001742925752309798 0.062401407769934136 0.03935073256548334 0.004481795792056033 2.9146649747456006e-07 2.968708516007651e-07
23 3.0581672635276673e-07 3.3572731057147824e-07 2.913007752758468e-07 3.021162355528404e-07 3.789083066885487e-07 9.692065486409215e-07 3.0921231792469135e-07 0.0014530827083237025 3.156449995152368e-07 3.4221451010867395e-07 3.4580497254875667e-07 0.07713716186317345 3.3020457983546234e-07 0.6093087011494458 4.366489570963561e-06 0.1256375401605089 8.180589047921877e-07 0.012347352147024123 6.299172543726469e-07 0.047469234120651724 2.3591679814667534e-07 5.9292239765893406e-05 0.0002476617341721503 2.3306749506077567e-05 0.001742925752309798 0.062401407769934136 0.03935073256548334 0.004481795792056033 2.9146649747456006e-07 2.968708516007651e-07
24 3.0581672635276673e-07 3.3572731057147824e-07 2.913007752758468e-07 3.021162355528404e-07 3.789083066885487e-07 9.692065486409215e-07 3.0921231792469135e-07 0.0014530827083237025 3.156449995152368e-07 3.4221451010867395e-07 3.4580497254875667e-07 0.07713716186317345 3.3020457983546234e-07 0.6093087011494458 4.366489570963561e-06 0.1256375401605089 8.180589047921877e-07 0.012347352147024123 6.299172543726469e-07 0.047469234120651724 2.3591679814667534e-07 5.9292239765893406e-05 0.0002476617341721503 2.3306749506077567e-05 0.001742925752309798 0.062401407769934136 0.03935073256548334 0.004481795792056033 2.9146649747456006e-07 2.968708516007651e-07
25 3.0581672635276673e-07 3.3572731057147824e-07 2.913007752758468e-07 3.021162355528404e-07 3.789083066885487e-07 9.692065486409215e-07 3.0921231792469135e-07 0.0014530827083237025 3.156449995152368e-07 3.4221451010867395e-07 3.4580497254875667e-07 0.07713716186317345 3.3020457983546234e-07 0.6093087011494458 4.366489570963561e-06 0.1256375401605089 8.180589047921877e-07 0.012347352147024123 6.299172543726469e-07 0.047469234120651724 2.3591679814667534e-07 5.9292239765893406e-05 0.0002476617341721503 2.3306749506077567e-05 0.001742925752309798 0.062401407769934136 0.03935073256548334 0.004481795792056033 2.9146649747456006e-07 2.968708516007651e-07
26 3.0581672635276673e-07 3.3572731057147824e-07 2.913007752758468e-07 3.021162355528404e-07 3.789083066885487e-07 9.692065486409215e-07 3.0921231792469135e-07 0.0014530827083237025 3.156449995152368e-07 3.4221451010867395e-07 3.4580497254875667e-07 0.07713716186317345 3.3020457983546234e-07 0.6093087011494458 4.366489570963561e-06 0.1256375401605089 8.180589047921877e-07 0.012347352147024123 6.299172543726469e-07 0.047469234120651724 2.3591679814667534e-07 5.9292239765893406e-05 0.0002476617341721503 2.3306749506077567e-05 0.001742925752309798 0.062401407769934136 0.03935073256548334 0.004481795792056033 2.9146649747456006e-07 2.968708516007651e-07
27 3.0581672635276673e-07 3.3572731057147824e-07 2.913007752758468e-07 3.021162355528404e-07 3.789083066885487e-07 9.692065486409215e-07 3.0921231792469135e-07 0.0014530827083237025 3.156449995152368e-07 3.4221451010867395e-07 3.4580497254875667e-07 0.07713716186317345 3.3020457983546234e-07 0.6093087011494458 4.366489570963561e-06 0.1256375401605089 8.180589047921877e-07 0.012347352147024123 6.299172543726469e-07 0.047469234120651724 2.3591679814667534e-07 5.9292239765893406e-05 0.0002476617341721503 2.3306749506077567e-05 0.001742925752309798 0.062401407769934136 0.03935073256548334 0.004481795792056033 2.9146649747456006e-07 2.968708516007651e-07
28 3.0581672635276673e-07 3.3572731057147824e-07 2.913007752758468e-07 3.021162355528404e-07 3.789083066885487e-07 9.692065486409215e-07 3.0921231792469135e-07 0.0014530827083237025 3.156449995152368e-07 3.4221451010867395e-07 3.4580497254875667e-07 0.07713716186317345 3.3020457983546234e-07 0.6093087011494458 4.366489570963561e-06 0.1256375401605089 8.180589047921877e-07 0.012347352147024123 6.299172543726469e-07 0.047469234120651724 2.3591679814667534e-07 5.9292239765893406e-05 0.0002476617341721503 2.3306749506077567e-05 0.001742925752309798 0.062401407769934136 0.03935073256548334 0.004481795792056033 2.9146649747456006e-07 2.968708516007651e-07
29 3.0581672635276673e-07 3.3572731057147824e-07 2.913007752758468e-07 3.021162355528404e-07 3.789083066885487e-07 9.692065486409215e-07 3.0921231792469135e-07 0.0014530827083237025 3.156449995152368e-07 3.4221451010867395e-07 3.4580497254875667e-07 0.07713716186317345 3.3020457983546234e-07 0.6093087011494458 4.366489570963561e-06 0.1256375401605089 8.180589047921877e-07 0.012347352147024123 6.299172543726469e-07 0.047469234120651724 2.3591679814667534e-07 5.9292239765893406e-05 0.0002476617341721503 2.3306749506077567e-05 0.001742925752309798 0.062401407769934136 0.03935073256548334 0.004481795792056033 2.9146649747456006e-07 2.968708516007651e-07
30 3.0581672635276673e-07 3.3572731057147824e-07 2.913007752758468e-07 3.021162355528404e-07 3.789083066885487e-07 9.692065486409215e-07 3.0921231792469135e-07 0.0014530827083237025 3.156449995152368e-07 3.4221451010867395e-07 3.4580497254875667e-07 0.07713716186317345 3.3020457983546234e-07 0.6093087011494458 4.366489570963561e-06 0.1256375401605089 8.180589047921877e-07 0.012347352147024123 6.299172543726469e-07 0.047469234120651724 2.3591679814667534e-07 5.9292239765893406e-05 0.0002476617341721503 2.3306749506077567e-05 0.001742925752309798 0.062401407769934136 0.03935073256548334 0.004481795792056033 2.9146649747456006e-07 2.968708516007651e-07
31 3.0581672635276673e-07 3.3572731057147824e-07 2.913007752758468e-07 3.021162355528404e-07 3.789083066885487e-07 9.692065486409215e-07 3.0921231792469135e-07 0.0014530827083237025 3.156449995152368e-07 3.4221451010867395e-07 3.4580497254875667e-07 0.07713716186317345 3.3020457983546234e-07 0.6093087011494458 4.366489570963561e-06 0.1256375401605089 8.180589047921877e-07 0.012347352147024123 6.299172543726469e-07 0.047469234120651724 2.3591679814667534e-07 5.9292239765893406e-05 0.0002476617341721503 2.3306749506077567e-05 0.001742925752309798 0.062401407769934136 0.03935073256548334 0.004481795792056033 2.9146649747456006e-07 2.968708516007651e-07
32 1.629805547744056e-07 1.9975867014582228e-07 1.7461101166488096e-07 1.391651105091726e-07 1.7217327034845923e-07 4.930231124387302e-06 2.012214253700081e-07 0.730615733419195 2.068212458933122e-07 6.56191242238295e-07 1.98848133453067e-07 0.023351235053079334 1.5268400553376558e-07 0.08177542490757171 1.74918986451563e-05 3.531566869392395e-05 9.04234733489207e-06 0.007127640790824961 9.400133919276513e-06 0.0020610355534678147 1.4924675449594784e-07 1.4857885800685e-05 1.4124618623846018e-05 1.7016014584130725e-05 0.00016629313068149528 0.006100880561928288 0.006300064800289068 0.0021918136294663743 1.529025976208554e-07 1.6865761651980438e-07
33 1.629805547744056e-07 1.9975867014582228e-07 1.7461101166488096e-07 1.391651105091726e-07 1.7217327034845923e-07 4.930231124387302e-06 2.012214253700081e-07 0.730615733419195 2.068212458933122e-07 6.56191242238295e-07 1.98848133453067e-07 0.023351235053079334 1.5268400553376558e-07 0.08177542490757171 1.74918986451563e-05 3.531566869392395e-05 9.04234733489207e-06 0.007127640790824961 9.400133919276513e-06 0.0020610355534678147 1.4924675449594784e-07 1.4857885800685e-05 1.4124618623846018e-05 1.7016014584130725e-05 0.00016629313068149528 0.006100880561928288 0.006300064800289068 0.0021918136294663743 1.529025976208554e-07 1.6865761651980438e-07
34 1.629805547744056e-07 1.9975867014582228e-07 1.7461101166488096e-07 1.391651105091726e-07 1.7217327034845923e-07 4.930231124387302e-06 2.012214253700081e-07 0.730615733419195 2.068212458933122e-07 6.56191242238295e-07 1.98848133453067e-07 0.023351235053079334 1.5268400553376558e-07 0.08177542490757171 1.74918986451563e-05 3.531566869392395e-05 9.04234733489207e-06 0.007127640790824961 9.400133919276513e-06 0.0020610355534678147 1.4924675449594784e-07 1.4857885800685e-05 1.4124618623846018e-05 1.7016014584130725e-05 0.00016629313068149528 0.006100880561928288 0.006300064800289068 0.0021918136294663743 1.529025976208554e-07 1.6865761651980438e-07
35 1.629805547744056e-07 1.9975867014582228e-07 1.7461101166488096e-07 1.391651105091726e-07 1.7217327034845923e-07 4.930231124387302e-06 2.012214253700081e-07 0.730615733419195 2.068212458933122e-07 6.56191242238295e-07 1.98848133453067e-07 0.023351235053079334 1.5268400553376558e-07 0.08177542490757171 1.74918986451563e-05 3.531566869392395e-05 9.04234733489207e-06 0.007127640790824961 9.400133919276513e-06 0.0020610355534678147 1.4924675449594784e-07 1.4857885800685e-05 1.4124618623846018e-05 1.7016014584130725e-05 0.00016629313068149528 0.006100880561928288 0.006300064800289068 0.0021918136294663743 1.529025976208554e-07 1.6865761651980438e-07
36 1.629805547744056e-07 1.9975867014582228e-07 1.7461101166488096e-07 1.391651105091726e-07 1.7217327034845923e-07 4.930231124387302e-06 2.012214253700081e-07 0.730615733419195 2.068212458933122e-07 6.56191242238295e-07 1.98848133453067e-07 0.023351235053079334 1.5268400553376558e-07 0.08177542490757171 1.74918986451563e-05 3.531566869392395e-05 9.04234733489207e-06 0.007127640790824961 9.400133919276513e-06 0.0020610355534678147 1.4924675449594784e-07 1.4857885800685e-05 1.4124618623846018e-05 1.7016014584130725e-05 0.00016629313068149528 0.006100880561928288 0.006300064800289068 0.0021918136294663743 1.529025976208554e-07 1.6865761651980438e-07
37 1.629805547744056e-07 1.9975867014582228e-07 1.7461101166488096e-07 1.391651105091726e-07 1.7217327034845923e-07 4.930231124387302e-06 2.012214253700081e-07 0.730615733419195 2.068212458933122e-07 6.56191242238295e-07 1.98848133453067e-07 0.023351235053079334 1.5268400553376558e-07 0.08177542490757171 1.74918986451563e-05 3.531566869392395e-05 9.04234733489207e-06 0.007127640790824961 9.400133919276513e-06 0.0020610355534678147 1.4924675449594784e-07 1.4857885800685e-05 1.4124618623846018e-05 1.7016014584130725e-05 0.00016629313068149528 0.006100880561928288 0.006300064800289068 0.0021918136294663743 1.529025976208554e-07 1.6865761651980438e-07
38 1.629805547744056e-07 1.9975867014582228e-07 1.7461101166488096e-07 1.391651105091726e-07 1.7217327034845923e-07 4.930231124387302e-06 2.012214253700081e-07 0.730615733419195 2.068212458933122e-07 6.56191242238295e-07 1.98848133453067e-07 0.023351235053079334 1.5268400553376558e-07 0.08177542490757171 1.74918986451563e-05 3.531566869392395e-05 9.04234733489207e-06 0.007127640790824961 9.400133919276513e-06 0.0020610355534678147 1.4924675449594784e-07 1.4857885800685e-05 1.4124618623846018e-05 1.7016014584130725e-05 0.00016629313068149528 0.006100880561928288 0.006300064800289068 0.0021918136294663743 1.529025976208554e-07 1.6865761651980438e-07
39 1.629805547744056e-07 1.9975867014582228e-07 1.7461101166488096e-07 1.391651105091726e-07 1.7217327034845923e-07 4.930231124387302e-06 2.012214253700081e-07 0.730615733419195 2.068212458933122e-07 6.56191242238295e-07 1.98848133453067e-07 0.023351235053079334 1.5268400553376558e-07 0.08177542490757171 1.74918986451563e-05 3.531566869392395e-05 9.04234733489207e-06 0.007127640790824961 9.400133919276513e-06 0.0020610355534678147 1.4924675449594784e-07 1.4857885800685e-05 1.4124618623846018e-05 1.7016014584130725e-05 0.00016629313068149528 0.006100880561928288 0.006300064800289068 0.0021918136294663743 1.529025976208554e-07 1.6865761651980438e-07
40 1.629805547744056e-07 1.9975867014582228e-07 1.7461101166488096e-07 1.391651105091726e-07 1.7217327034845923e-07 4.930231124387302e-06 2.012214253700081e-07 0.730615733419195 2.068212458933122e-07 6.56191242238295e-07 1.98848133453067e-07 0.023351235053079334 1.5268400553376558e-07 0.08177542490757171 1.74918986451563e-05 3.531566869392395e-05 9.04234733489207e-06 0.007127640790824961 9.400133919276513e-06 0.0020610355534678147 1.4924675449594784e-07 1.4857885800685e-05 1.4124618623846018e-05 1.7016014584130725e-05 0.00016629313068149528 0.006100880561928288 0.006300064800289068 0.0021918136294663743 1.529025976208554e-07 1.6865761651980438e-07
41 1.629805547744056e-07 1.9975867014582228e-07 1.7461101166488096e-07 1.391651105091726e-07 1.7217327034845923e-07 4.930231124387302e-06 2.012214253700081e-07 0.730615733419195 2.068212458933122e-07 6.56191242238295e-07 1.98848133453067e-07 0.023351235053079334 1.5268400553376558e-07 0.08177542490757171 1.74918986451563e-05 3.531566869392395e-05 9.04234733489207e-06 0.007127640790824961 9.400133919276513e-06 0.0020610355534678147 1.4924675449594784e-07 1.4857885800685e-05 1.4124618623846018e-05 1.7016014584130725e-05 0.00016629313068149528 0.006100880561928288 0.006300064800289068 0.0021918136294663743 1.529025976208554e-07 1.6865761651980438e-07
42 1.629805547744056e-07 1.9975867014582228e-07 1.7461101166488096e-07 1.391651105091726e-07 1.7217327034845923e-07 4.930231124387302e-06 2.012214253700081e-07 0.730615733419195 2.068212458933122e-07 6.56191242238295e-07 1.98848133453067e-07 0.023351235053079334 1.5268400553376558e-07 0.08177542490757171 1.74918986451563e-05 3.531566869392395e-05 9.04234733489207e-06 0.007127640790824961 9.400133919276513e-06 0.0020610355534678147 1.4924675449594784e-07 1.4857885800685e-05 1.4124618623846018e-05 1.7016014584130725e-05 0.00016629313068149528 0.006100880561928288 0.006300064800289068 0.0021918136294663743 1.529025976208554e-07 1.6865761651980438e-07
43 1.629805547744056e-07 1.9975867014582228e-07 1.7461101166488096e-07 1.391651105091726e-07 1.7217327034845923e-07 4.930231124387302e-06 2.012214253700081e-07 0.730615733419195 2.068212458933122e-07 6.56191242238295e-07 1.98848133453067e-07 0.023351235053079334 1.5268400553376558e-07 0.08177542490757171 1.74918986451563e-05 3.531566869392395e-05 9.04234733489207e-06 0.007127640790824961 9.400133919276513e-06 0.0020610355534678147 1.4924675449594784e-07 1.4857885800685e-05 1.4124618623846018e-05 1.7016014584130725e-05 0.00016629313068149528 0.006100880561928288 0.006300064800289068 0.0021918136294663743 1.529025976208554e-07 1.6865761651980438e-07
44 1.629805547744056e-07 1.9975867014582228e-07 1.7461101166488096e-07 1.391651105091726e-07 1.7217327034845923e-07 4.930231124387302e-06 2.012214253700081e-07 0.730615733419195 2.068212458933122e-07 6.56191242238295e-07 1.98848133453067e-07 0.023351235053079334 1.5268400553376558e-07 0.08177542490757171 1.74918986451563e-05 3.531566869392395e-05 9.04234733489207e-06 0.007127640790824961 9.400133919276513e-06 0.0020610355534678147 1.4924675449594784e-07 1.4857885800685e-05 1.4124618623846018e-05 1.7016014584130725e-05 0.00016629313068149528 0.006100880561928288 0.006300064800289068 0.0021918136294663743 1.529025976208554e-07 1.6865761651980438e-07
45 1.035544262660299e-06 8.822359972571888e-07 1.0519141221697156e-06 8.97575763969895e-07 8.947478992733714e-07 0.07037873149605375 1.0080030304467448e-06 0.6279172372773153 9.89537772895105e-07 0.0594541698695008 0.00041600396620778297 0.11429333090716079 1.0539881582025703e-06 0.0001110623343139153 0.00014282578309612832 0.00010748225869195804 3.343349996390387e-05 0.002930135556147075 7.663826552945382e-06 0.0007680855478426015 1.1141830291586707e-06 1.4115316744174844e-05 1.8483560001130766e-06 9.534336714115053e-06 3.1072134082931285e-05 0.0025521019637466825 0.0007042395066360126 0.0023009882252951236 1.0409853331190383e-06 9.562454080122329e-07
46 1.035544262660299e-06 8.822359972571888e-07 1.0519141221697156e-06 8.97575763969895e-07 8.947478992733714e-07 0.07037873149605375 1.0080030304467448e-06 0.6279172372773153 9.89537772895105e-07 0.0594541698695008 0.00041600396620778297 0.11429333090716079 1.0539881582025703e-06 0.0001110623343139153 0.00014282578309612832 0.00010748225869195804 3.343349996390387e-05 0.002930135556147075 7.663826552945382e-06 0.0007680855478426015 1.1141830291586707e-06 1.4115316744174844e-05 1.8483560001130766e-06 9.534336714115053e-06 3.1072134082931285e-05 0.0025521019637466825 0.0007042395066360126 0.0023009882252951236 1.0409853331190383e-06 9.562454080122329e-07
47 1.035544262660299e-06 8.822359972571888e-07 1.0519141221697156e-06 8.97575763969895e-07 8.947478992733714e-07 0.07037873149605375 1.0080030304467448e-06 0.6279172372773153 9.89537772895105e-07 0.0594541698695008 0.00041600396620778297 0.11429333090716079 1.0539881582025703e-06 0.0001110623343139153 0.00014282578309612832 0.00010748225869195804 3.343349996390387e-05 0.002930135556147075 7.663826552945382e-06 0.0007680855478426015 1.1141830291586707e-06 1.4115316744174844e-05 1.8483560001130766e-06 9.534336714115053e-06 3.1072134082931285e-05 0.0025521019637466825 0.0007042395066360126 0.0023009882252951236 1.0409853331190383e-06 9.562454080122329e-07
48 1.035544262660299e-06 8.822359972571888e-07 1.0519141221697156e-06 8.97575763969895e-07 8.947478992733714e-07 0.07037873149605375 1.0080030304467448e-06 0.6279172372773153 9.89537772895105e-07 0.0594541698695008 0.00041600396620778297 0.11429333090716079 1.0539881582025703e-06 0.0001110623343139153 0.00014282578309612832 0.00010748225869195804 3.343349996390387e-05 0.002930135556147075 7.663826552945382e-06 0.0007680855478426015 1.1141830291586707e-06 1.4115316744174844e-05 1.8483560001130766e-06 9.534336714115053e-06 3.1072134082931285e-05 0.0025521019637466825 0.0007042395066360126 0.0023009882252951236 1.0409853331190383e-06 9.562454080122329e-07
49 1.035544262660299e-06 8.822359972571888e-07 1.0519141221697156e-06 8.97575763969895e-07 8.947478992733714e-07 0.07037873149605375 1.0080030304467448e-06 0.6279172372773153 9.89537772895105e-07 0.0594541698695008 0.00041600396620778297 0.11429333090716079 1.0539881582025703e-06 0.0001110623343139153 0.00014282578309612832 0.00010748225869195804 3.343349996390387e-05 0.002930135556147075 7.663826552945382e-06 0.0007680855478426015 1.1141830291586707e-06 1.4115316744174844e-05 1.8483560001130766e-06 9.534336714115053e-06 3.1072134082931285e-05 0.0025521019637466825 0.0007042395066360126 0.0023009882252951236 1.0409853331190383e-06 9.562454080122329e-07
50 1.035544262660299e-06 8.822359972571888e-07 1.0519141221697156e-06 8.97575763969895e-07 8.947478992733714e-07 0.07037873149605375 1.0080030304467448e-06 0.6279172372773153 9.89537772895105e-07 0.0594541698695008 0.00041600396620778297 0.11429333090716079 1.0539881582025703e-06 0.0001110623343139153 0.00014282578309612832 0.00010748225869195804 3.343349996390387e-05 0.002930135556147075 7.663826552945382e-06 0.0007680855478426015 1.1141830291586707e-06 1.4115316744174844e-05 1.8483560001130766e-06 9.534336714115053e-06 3.1072134082931285e-05 0.0025521019637466825 0.0007042395066360126 0.0023009882252951236 1.0409853331190383e-06 9.562454080122329e-07
51 1.035544262660299e-06 8.822359972571888e-07 1.0519141221697156e-06 8.97575763969895e-07 8.947478992733714e-07 0.07037873149605375 1.0080030304467448e-06 0.6279172372773153 9.89537772895105e-07 0.0594541698695008 0.00041600396620778297 0.11429333090716079 1.0539881582025703e-06 0.0001110623343139153 0.00014282578309612832 0.00010748225869195804 3.343349996390387e-05 0.002930135556147075 7.663826552945382e-06 0.0007680855478426015 1.1141830291586707e-06 1.4115316744174844e-05 1.8483560001130766e-06 9.534336714115053e-06 3.1072134082931285e-05 0.0025521019637466825 0.0007042395066360126 0.0023009882252951236 1.0409853331190383e-06 9.562454080122329e-07
52 1.035544262660299e-06 8.822359972571888e-07 1.0519141221697156e-06 8.97575763969895e-07 8.947478992733714e-07 0.07037873149605375 1.0080030304467448e-06 0.6279172372773153 9.89537772895105e-07 0.0594541698695008 0.00041600396620778297 0.11429333090716079 1.0539881582025703e-06 0.0001110623343139153 0.00014282578309612832 0.00010748225869195804 3.343349996390387e-05 0.002930135556147075 7.663826552945382e-06 0.0007680855478426015 1.1141830291586707e-06 1.4115316744174844e-05 1.8483560001130766e-06 9.534336714115053e-06 3.1072134082931285e-05 0.0025521019637466825 0.0007042395066360126 0.0023009882252951236 1.0409853331190383e-06 9.562454080122329e-07
53 1.035544262660299e-06 8.822359972571888e-07 1.0519141221697156e-06 8.97575763969895e-07 8.947478992733714e-07 0.07037873149605375 1.0080030304467448e-06 0.6279172372773153 9.89537772895105e-07 0.0594541698695008 0.00041600396620778297 0.11429333090716079 1.0539881582025703e-06 0.0001110623343139153 0.00014282578309612832 0.00010748225869195804 3.343349996390387e-05 0.002930135556147075 7.663826552945382e-06 0.0007680855478426015 1.1141830291586707e-06 1.4115316744174844e-05 1.8483560001130766e-06 9.534336714115053e-06 3.1072134082931285e-05 0.0025521019637466825 0.0007042395066360126 0.0023009882252951236 1.0409853331190383e-06 9.562454080122329e-07
54 1.035544262660299e-06 8.822359972571888e-07 1.0519141221697156e-06 8.97575763969895e-07 8.947478992733714e-07 0.07037873149605375 1.0080030304467448e-06 0.6279172372773153 9.89537772895105e-07 0.0594541698695008 0.00041600396620778297 0.11429333090716079 1.0539881582025703e-06 0.0001110623343139153 0.00014282578309612832 0.00010748225869195804 3.343349996390387e-05 0.002930135556147075 7.663826552945382e-06 0.0007680855478426015 1.1141830291586707e-06 1.4115316744174844e-05 1.8483560001130766e-06 9.534336714115053e-06 3.1072134082931285e-05 0.0025521019637466825 0.0007042395066360126 0.0023009882252951236 1.0409853331190383e-06 9.562454080122329e-07
55 1.035544262660299e-06 8.822359972571888e-07 1.0519141221697156e-06 8.97575763969895e-07 8.947478992733714e-07 0.07037873149605375 1.0080030304467448e-06 0.6279172372773153 9.89537772895105e-07 0.0594541698695008 0.00041600396620778297 0.11429333090716079 1.0539881582025703e-06 0.0001110623343139153 0.00014282578309612832 0.00010748225869195804 3.343349996390387e-05 0.002930135556147075 7.663826552945382e-06 0.0007680855478426015 1.1141830291586707e-06 1.4115316744174844e-05 1.8483560001130766e-06 9.534336714115053e-06 3.1072134082931285e-05 0.0025521019637466825 0.0007042395066360126 0.0023009882252951236 1.0409853331190383e-06 9.562454080122329e-07
56 1.035544262660299e-06 8.822359972571888e-07 1.0519141221697156e-06 8.97575763969895e-07 8.947478992733714e-07 0.07037873149605375 1.0080030304467448e-06 0.6279172372773153 9.89537772895105e-07 0.0594541698695008 0.00041600396620778297 0.11429333090716079 1.0539881582025703e-06 0.0001110623343139153 0.00014282578309612832 0.00010748225869195804 3.343349996390387e-05 0.002930135556147075 7.663826552945382e-06 0.0007680855478426015 1.1141830291586707e-06 1.4115316744174844e-05 1.8483560001130766e-06 9.534336714115053e-06 3.1072134082931285e-05 0.0025521019637466825 0.0007042395066360126 0.0023009882252951236 1.0409853331190383e-06 9.562454080122329e-07
57 1.035544262660299e-06 8.822359972571888e-07 1.0519141221697156e-06 8.97575763969895e-07 8.947478992733714e-07 0.07037873149605375 1.0080030304467448e-06 0.6279172372773153 9.89537772895105e-07 0.0594541698695008 0.00041600396620778297 0.11429333090716079 1.0539881582025703e-06 0.0001110623343139153 0.00014282578309612832 0.00010748225869195804 3.343349996390387e-05 0.002930135556147075 7.663826552945382e-06 0.0007680855478426015 1.1141830291586707e-06 1.4115316744174844e-05 1.8483560001130766e-06 9.534336714115053e-06 3.1072134082931285e-05 0.0025521019637466825 0.0007042395066360126 0.0023009882252951236 1.0409853331190383e-06 9.562454080122329e-07
58 1.035544262660299e-06 8.822359972571888e-07 1.0519141221697156e-06 8.97575763969895e-07 8.947478992733714e-07 0.07037873149605375 1.0080030304467448e-06 0.6279172372773153 9.89537772895105e-07 0.0594541698695008 0.00041600396620778297 0.11429333090716079 1.0539881582025703e-06 0.0001110623343139153 0.00014282578309612832 0.00010748225869195804 3.343349996390387e-05 0.002930135556147075 7.663826552945382e-06 0.0007680855478426015 1.1141830291586707e-06 1.4115316744174844e-05 1.8483560001130766e-06 9.534336714115053e-06 3.1072134082931285e-05 0.0025521019637466825 0.0007042395066360126 0.0023009882252951236 1.0409853331190383e-06 9.562454080122329e-07
59 1.035544262660299e-06 8.822359972571888e-07 1.0519141221697156e-06 8.97575763969895e-07 8.947478992733714e-07 0.07037873149605375 1.0080030304467448e-06 0.6279172372773153 9.89537772895105e-07 0.0594541698695008 0.00041600396620778297 0.11429333090716079 1.0539881582025703e-06 0.0001110623343139153 0.00014282578309612832 0.00010748225869195804 3.343349996390387e-05 0.002930135556147075 7.663826552945382e-06 0.0007680855478426015 1.1141830291586707e-06 1.4115316744174844e-05 1.8483560001130766e-06 9.534336714115053e-06 3.1072134082931285e-05 0.0025521019637466825 0.0007042395066360126 0.0023009882252951236 1.0409853331190383e-06 9.562454080122329e-07
60 1.035544262660299e-06 8.822359972571888e-07 1.0519141221697156e-06 8.97575763969895e-07 8.947478992733714e-07 0.07037873149605375 1.0080030304467448e-06 0.6279172372773153 9.89537772895105e-07 0.0594541698695008 0.00041600396620778297 0.11429333090716079 1.0539881582025703e-06 0.0001110623343139153 0.00014282578309612832 0.00010748225869195804 3.343349996390387e-05 0.002930135556147075 7.663826552945382e-06 0.0007680855478426015 1.1141830291586707e-06 1.4115316744174844e-05 1.8483560001130766e-06 9.534336714115053e-06 3.1072134082931285e-05 0.0025521019637466825 0.0007042395066360126 0.0023009882252951236 1.0409853331190383e-06 9.562454080122329e-07
61 1.035544262660299e-06 8.822359972571888e-07 1.0519141221697156e-06 8.97575763969895e-07 8.947478992733714e-07 0.07037873149605375 1.0080030304467448e-06 0.6279172372773153 9.89537772895105e-07 0.0594541698695008 0.00041600396620778297 0.11429333090716079 1.0539881582025703e-06 0.0001110623343139153 0.00014282578309612832 0.00010748225869195804 3.343349996390387e-05 0.002930135556147075 7.663826552945382e-06 0.0007680855478426015 1.1141830291586707e-06 1.4115316744174844e-05 1.8483560001130766e-06 9.534336714115053e-06 3.1072134082931285e-05 0.0025521019637466825 0.0007042395066360126 0.0023009882252951236 1.0409853331190383e-06 9.562454080122329e-07
62 1.035544262660299e-06 8.822359972571888e-07 1.0519141221697156e-06 8.97575763969895e-07 8.947478992733714e-07 0.07037873149605375 1.0080030304467448e-06 0.6279172372773153 9.89537772895105e-07 0.0594541698695008 0.00041600396620778297 0.11429333090716079 1.0539881582025703e-06 0.0001110623343139153 0.00014282578309612832 0.00010748225869195804 3.343349996390387e-05 0.002930135556147075 7.663826552945382e-06 0.0007680855478426015 1.1141830291586707e-06 1.4115316744174844e-05 1.8483560001130766e-06 9.534336714115053e-06 3.1072134082931285e-05 0.0025521019637466825 0.0007042395066360126 0.0023009882252951236 1.0409853331190383e-06 9.562454080122329e-07
63 1.035544262660299e-06 8.822359972571888e-07 1.0519141221697156e-06 8.97575763969895e-07 8.947478992733714e-07 0.07037873149605375 1.0080030304467448e-06 0.6279172372773153 9.89537772895105e-07 0.0594541698695008 0.00041600396620778297 0.11429333090716079 1.0539881582025703e-06 0.0001110623343139153 0.00014282578309612832 0.00010748225869195804 3.343349996390387e-05 0.002930135556147075 7.663826552945382e-06 0.0007680855478426015 1.1141830291586707e-06 1.4115316744174844e-05 1.8483560001130766e-06 9.534336714115053e-06 3.1072134082931285e-05 0.0025521019637466825 0.0007042395066360126 0.0023009882252951236 1.0409853331190383e-06 9.562454080122329e-07
64 1.035544262660299e-06 8.822359972571888e-07 1.0519141221697156e-06 8.97575763969895e-07 8.947478992733714e-07 0.07037873149605375 1.0080030304467448e-06 0.6279172372773153 9.89537772895105e-07 0.0594541698695008 0.00041600396620778297 0.11429333090716079 1.0539881582025703e-06 0.0001110623343139153 0.00014282578309612832 0.00010748225869195804 3.343349996390387e-05 0.002930135556147075 7.663826552945382e-06 0.0007680855478426015 1.1141830291586707e-06 1.4115316744174844e-05 1.8483560001130766e-06 9.534336714115053e-06 3.1072134082931285e-05 0.0025521019637466825 0.0007042395066360126 0.0023009882252951236 1.0409853331190383e-06 9.562454080122329e-07
65 1.035544262660299e-06 8.822359972571888e-07 1.0519141221697156e-06 8.97575763969895e-07 8.947478992733714e-07 0.07037873149605375 1.0080030304467448e-06 0.6279172372773153 9.89537772895105e-07 0.0594541698695008 0.00041600396620778297 0.11429333090716079 1.0539881582025703e-06 0.0001110623343139153 0.00014282578309612832 0.00010748225869195804 3.343349996390387e-05 0.002930135556147075 7.663826552945382e-06 0.0007680855478426015 1.1141830291586707e-06 1.4115316744174844e-05 1.8483560001130766e-06 9.534336714115053e-06 3.1072134082931285e-05 0.0025521019637466825 0.0007042395066360126 0.0023009882252951236 1.0409853331190383e-06 9.562454080122329e-07
66 1.035544262660299e-06 8.822359972571888e-07 1.0519141221697156e-06 8.97575763969895e-07 8.947478992733714e-07 0.07037873149605375 1.0080030304467448e-06 0.6279172372773153 9.89537772895105e-07 0.0594541698695008 0.00041600396620778297 0.11429333090716079 1.0539881582025703e-06 0.0001110623343139153 0.00014282578309612832 0.00010748225869195804 3.343349996390387e-05 0.002930135556147075 7.663826552945382e-06 0.0007680855478426015 1.1141830291586707e-06 1.4115316744174844e-05 1.8483560001130766e-06 9.534336714115053e-06 3.1072134082931285e-05 0.0025521019637466825 0.0007042395066360126 0.0023009882252951236 1.0409853331190383e-06 9.562454080122329e-07
67 1.035544262660299e-06 8.822359972571888e-07 1.0519141221697156e-06 8.97575763969895e-07 8.947478992733714e-07 0.07037873149605375 1.0080030304467448e-06 0.6279172372773153 9.89537772895105e-07 0.0594541698695008 0.00041600396620778297 0.11429333090716079 1.0539881582025703e-06 0.0001110623343139153 0.00014282578309612832 0.00010748225869195804 3.343349996390387e-05 0.002930135556147075 7.663826552945382e-06 0.0007680855478426015 1.1141830291586707e-06 1.4115316744174844e-05 1.8483560001130766e-06 9.534336714115053e-06 3.1072134082931285e-05 0.0025521019637466825 0.0007042395066360126 0.0023009882252951236 1.0409853331190383e-06 9.562454080122329e-07
68 7.333706809721338e-07 7.249048252580484e-07 8.21836423502663e-07 6.624246342305929e-07 8.33815758817183e-07 0.06141173963547478 7.821293776624184e-07 0.508499026530236 7.434945838283389e-07 0.04535773691495352 0.0003055455413004469 0.1359320359522541 7.646503750572262e-07 9.519274268920716e-05 0.00012459995164004552 9.845158525161935e-05 2.7012650034981224e-05 0.0024210998406481482 6.533881319695482e-06 0.0004367208763595273 8.622584797431246e-07 1.031203285087288e-05 1.3952725248394686e-06 7.857556522151404e-06 2.2329027088018212e-05 0.002264418148244218 0.0005151252880781274 0.0017256028951923375 7.379366902130734e-07 7.88318670954959e-07
69 7.333706809721338e-07 7.249048252580484e-07 8.21836423502663e-07 6.624246342305929e-07 8.33815758817183e-07 0.06141173963547478 7.821293776624184e-07 0.508499026530236 7.434945838283389e-07 0.04535773691495352 0.0003055455413004469 0.1359320359522541 7.646503750572262e-07 9.519274268920716e-05 0.00012459995164004552 9.845158525161935e-05 2.7012650034981224e-05 0.0024210998406481482 6.533881319695482e-06 0.0004367208763595273 8.622584797431246e-07 1.031203285087288e-05 1.3952725248394686e-06 7.857556522151404e-06 2.2329027088018212e-05 0.002264418148244218 0.0005151252880781274 0.0017256028951923375 7.379366902130734e-07 7.88318670954959e-07
70 7.333706809721338e-07 7.249048252580484e-07 8.21836423502663e-07 6.624246342305929e-07 8.33815758817183e-07 0.06141173963547478 7.821293776624184e-07 0.508499026530236 7.434945838283389e-07 0.04535773691495352 0.0003055455413004469 0.1359320359522541 7.646503750572262e-07 9.519274268920716e-05 0.00012459995164004552 9.845158525161935e-05 2.7012650034981224e-05 0.0024210998406481482 6.533881319695482e-06 0.0004367208763595273 8.622584797431246e-07 1.031203285087288e-05 1.3952725248394686e-06 7.857556522151404e-06 2.2329027088018212e-05 0.002264418148244218 0.0005151252880781274 0.0017256028951923375 7.379366902130734e-07 7.88318670954959e-07
71 7.333706809721338e-07 7.249048252580484e-07 8.21836423502663e-07 6.624246342305929e-07 8.33815758817183e-07 0.06141173963547478 7.821293776624184e-07 0.508499026530236 7.434945838283389e-07 0.04535773691495352 0.0003055455413004469 0.1359320359522541 7.646503750572262e-07 9.519274268920716e-05 0.00012459995164004552 9.845158525161935e-05 2.7012650034981224e-05 0.0024210998406481482 6.533881319695482e-06 0.0004367208763595273 8.622584797431246e-07 1.031203285087288e-05 1.3952725248394686e-06 7.857556522151404e-06 2.2329027088018212e-05 0.002264418148244218 0.0005151252880781274 0.0017256028951923375 7.379366902130734e-07 7.88318670954959e-07
72 7.333706809721338e-07 7.249048252580484e-07 8.21836423502663e-07 6.624246342305929e-07 8.33815758817183e-07 0.06141173963547478 7.821293776624184e-07 0.508499026530236 7.434945838283389e-07 0.04535773691495352 0.0003055455413004469 0.1359320359522541 7.646503750572262e-07 9.519274268920716e-05 0.00012459995164004552 9.845158525161935e-05 2.7012650034981224e-05 0.0024210998406481482 6.533881319695482e-06 0.0004367208763595273 8.622584797431246e-07 1.031203285087288e-05 1.3952725248394686e-06 7.857556522151404e-06 2.2329027088018212e-05 0.002264418148244218 0.0005151252880781274 0.0017256028951923375 7.379366902130734e-07 7.88318670954959e-07
73 7.333706809721338e-07 7.249048252580484e-07 8.21836423502663e-07 6.624246342305929e-07 8.33815758817183e-07 0.06141173963547478 7.821293776624184e-07 0.508499026530236 7.434945838283389e-07 0.04535773691495352 0.0003055455413004469 0.1359320359522541 7.646503750572262e-07 9.519274268920716e-05 0.00012459995164004552 9.845158525161935e-05 2.7012650034981224e-05 0.0024210998406481482 6.533881319695482e-06 0.0004367208763595273 8.622584797431246e-07 1.031203285087288e-05 1.3952725248394686e-06 7.857556522151404e-06 2.2329027088018212e-05 0.002264418148244218 0.0005151252880781274 0.0017256028951923375 7.379366902130734e-07 7.88318670954959e-07
74 7.333706809721338e-07 7.249048252580484e-07 8.21836423502663e-07 6.624246342305929e-07 8.33815758817183e-07 0.06141173963547478 7.821293776624184e-07 0.508499026530236 7.434945838283389e-07 0.04535773691495352 0.0003055455413004469 0.1359320359522541 7.646503750572262e-07 9.519274268920716e-05 0.00012459995164004552 9.845158525161935e-05 2.7012650034981224e-05 0.0024210998406481482 6.533881319695482e-06 0.0004367208763595273 8.622584797431246e-07 1.031203285087288e-05 1.3952725248394686e-06 7.857556522151404e-06 2.2329027088018212e-05 0.002264418148244218 0.0005151252880781274 0.0017256028951923375 7.379366902130734e-07 7.88318670954959e-07
75 7.333706809721338e-07 7.249048252580484e-07 8.21836423502663e-07 6.624246342305929e-07 8.33815758817183e-07 0.06141173963547478 7.821293776624184e-07 0.508499026530236 7.434945838283389e-07 0.04535773691495352 0.0003055455413004469 0.1359320359522541 7.646503750572262e-07 9.519274268920716e-05 0.00012459995164004552 9.845158525161935e-05 2.7012650034981224e-05 0.0024210998406481482 6.533881319695482e-06 0.0004367208763595273 8.622584797431246e-07 1.031203285087288e-05 1.3952725248394686e-06 7.857556522151404e-06 2.2329027088018212e-05 0.002264418148244218 0.0005151252880781274 0.0017256028951923375 7.379366902130734e-07 7.88318670954959e-07
76 7.333706809721338e-07 7.249048252580484e-07 8.21836423502663e-07 6.624246342305929e-07 8.33815758817183e-07 0.06141173963547478 7.821293776624184e-07 0.508499026530236 7.434945838283389e-07 0.04535773691495352 0.0003055455413004469 0.1359320359522541 7.646503750572262e-07 9.519274268920716e-05 0.00012459995164004552 9.845158525161935e-05 2.7012650034981224e-05 0.0024210998406481482 6.533881319695482e-06 0.0004367208763595273 8.622584797431246e-07 1.031203285087288e-05 1.3952725248394686e-06 7.857556522151404e-06 2.2329027088018212e-05 0.002264418148244218 0.0005151252880781274 0.0017256028951923375 7.379366902130734e-07 7.88318670954959e-07
77 7.333706809721338e-07 7.249048252580484e-07 8.21836423502663e-07 6.624246342305929e-07 8.33815758817183e-07 0.06141173963547478 7.821293776624184e-07 0.508499026530236 7.434945838283389e-07 0.04535773691495352 0.0003055455413004469 0.1359320359522541 7.646503750572262e-07 9.519274268920716e-05 0.00012459995164004552 9.845158525161935e-05 2.7012650034981224e-05 0.0024210998406481482 6.533881319695482e-06 0.0004367208763595273 8.622584797431246e-07 1.031203285087288e-05 1.3952725248394686e-06 7.857556522151404e-06 2.2329027088018212e-05 0.002264418148244218 0.0005151252880781274 0.0017256028951923375 7.379366902130734e-07 7.88318670954959e-07
78 7.333706809721338e-07 7.249048252580484e-07 8.21836423502663e-07 6.624246342305929e-07 8.33815758817183e-07 0.06141173963547478 7.821293776624184e-07 0.508499026530236 7.434945838283389e-07 0.04535773691495352 0.0003055455413004469 0.1359320359522541 7.646503750572262e-07 9.519274268920716e-05 0.00012459995164004552 9.845158525161935e-05 2.7012650034981224e-05 0.0024210998406481482 6.533881319695482e-06 0.0004367208763595273 8.622584797431246e-07 1.031203285087288e-05 1.3952725248394686e-06 7.857556522151404e-06 2.2329027088018212e-05 0.002264418148244218 0.0005151252880781274 0.0017256028951923375 7.379366902130734e-07 7.88318670954959e-07
79 7.333706809721338e-07 7.249048252580484e-07 8.21836423502663e-07 6.624246342305929e-07 8.33815758817183e-07 0.06141173963547478 7.821293776624184e-07 0.508499026530236 7.434945838283389e-07 0.04535773691495352 0.0003055455413004469 0.1359320359522541 7.646503750572262e-07 9.519274268920716e-05 0.00012459995164004552 9.845158525161935e-05 2.7012650034981224e-05 0.0024210998406481482 6.533881319695482e-06 0.0004367208763595273 8.622584797431246e-07 1.031203285087288e-05 1.3952725248394686e-06 7.857556522151404e-06 2.2329027088018212e-05 0.002264418148244218 0.0005151252880781274 0.0017256028951923375 7.379366902130734e-07 7.88318670954959e-07
80 7.333706809721338e-07 7.249048252580484e-07 8.21836423502663e-07 6.624246342305929e-07 8.33815758817183e-07 0.06141173963547478 7.821293776624184e-07 0.508499026530236 7.434945838283389e-07 0.04535773691495352 0.0003055455413004469 0.1359320359522541 7.646503750572262e-07 9.519274268920716e-05 0.00012459995164004552 9.845158525161935e-05 2.7012650034981224e-05 0.0024210998406481482 6.533881319695482e-06 0.0004367208763595273 8.622584797431246e-07 1.031203285087288e-05 1.3952725248394686e-06 7.857556522151404e-06 2.2329027088018212e-05 0.002264418148244218 0.0005151252880781274 0.0017256028951923375 7.379366902130734e-07 7.88318670954959e-07
81 7.333706809721338e-07 7.249048252580484e-07 8.21836423502663e-07 6.624246342305929e-07 8.33815758817183e-07 0.06141173963547478 7.821293776624184e-07 0.508499026530236 7.434945838283389e-07 0.04535773691495352 0.0003055455413004469 0.1359320359522541 7.646503750572262e-07 9.519274268920716e-05 0.00012459995164004552 9.845158525161935e-05 2.7012650034981224e-05 0.0024210998406481482 6.533881319695482e-06 0.0004367208763595273 8.622584797431246e-07 1.031203285087288e-05 1.3952725248394686e-06 7.857556522151404e-06 2.2329027088018212e-05 0.002264418148244218 0.0005151252880781274 0.0017256028951923375 7.379366902130734e-07 7.88318670954959e-07
82 7.333706809721338e-07 7.249048252580484e-07 8.21836423502663e-07 6.624246342305929e-07 8.33815758817183e-07 0.06141173963547478 7.821293776624184e-07 0.508499026530236 7.434945838283389e-07 0.04535773691495352 0.0003055455413004469 0.1359320359522541 7.646503750572262e-07 9.519274268920716e-05 0.00012459995164004552 9.845158525161935e-05 2.7012650034981224e-05 0.0024210998406481482 6.533881319695482e-06 0.0004367208763595273 8.622584797431246e-07 1.031203285087288e-05 1.3952725248394686e-06 7.857556522151404e-06 2.2329027088018212e-05 0.002264418148244218 0.0005151252880781274 0.0017256028951923375 7.379366902130734e-07 7.88318670954959e-07
83 7.333706809721338e-07 7.249048252580484e-07 8.21836423502663e-07 6.624246342305929e-07 8.33815758817183e-07 0.06141173963547478 7.821293776624184e-07 0.508499026530236 7.434945838283389e-07 0.04535773691495352 0.0003055455413004469 0.1359320359522541 7.646503750572262e-07 9.519274268920716e-05 0.00012459995164004552 9.845158525161935e-05 2.7012650034981224e-05 0.0024210998406481482 6.533881319695482e-06 0.0004367208763595273 8.622584797431246e-07 1.031203285087288e-05 1.3952725248394686e-06 7.857556522151404e-06 2.2329027088018212e-05 0.002264418148244218 0.0005151252880781274 0.0017256028951923375 7.379366902130734e-07 7.88318670954959e-07
84 7.333706809721338e-07 7.249048252580484e-07 8.21836423502663e-07 6.624246342305929e-07 8.33815758817183e-07 0.06141173963547478 7.821293776624184e-07 0.508499026530236 7.434945838283389e-07 0.04535773691495352 0.0003055455413004469 0.1359320359522541 7.646503750572262e-07 9.519274268920716e-05 0.00012459995164004552 9.845158525161935e-05 2.7012650034981224e-05 0.0024210998406481482 6.533881319695482e-06 0.0004367208763595273 8.622584797431246e-07 1.031203285087288e-05 1.3952725248394686e-06 7.857556522151404e-06 2.2329027088018212e-05 0.002264418148244218 0.0005151252880781274 0.0017256028951923375 7.379366902130734e-07 7.88318670954959e-07
85 7.333706809721338e-07 7.249048252580484e-07 8.21836423502663e-07 6.624246342305929e-07 8.33815758817183e-07 0.06141173963547478 7.821293776624184e-07 0.508499026530236 7.434945838283389e-07 0.04535773691495352 0.0003055455413004469 0.1359320359522541 7.646503750572262e-07 9.519274268920716e-05 0.00012459995164004552 9.845158525161935e-05 2.7012650034981224e-05 0.0024210998406481482 6.533881319695482e-06 0.0004367208763595273 8.622584797431246e-07 1.031203285087288e-05 1.3952725248394686e-06 7.857556522151404e-06 2.2329027088018212e-05 0.002264418148244218 0.0005151252880781274 0.0017256028951923375 7.379366902130734e-07 7.88318670954959e-07
86 7.333706809721338e-07 7.249048252580484e-07 8.21836423502663e-07 6.624246342305929e-07 8.33815758817183e-07 0.06141173963547478 7.821293776624184e-07 0.508499026530236 7.434945838283389e-07 0.04535773691495352 0.0003055455413004469 0.1359320359522541 7.646503750572262e-07 9.519274268920716e-05 0.00012459995164004552 9.845158525161935e-05 2.7012650034981224e-05 0.0024210998406481482 6.533881319695482e-06 0.0004367208763595273 8.622584797431246e-07 1.031203285087288e-05 1.3952725248394686e-06 7.857556522151404e-06 2.2329027088018212e-05 0.002264418148244218 0.0005151252880781274 0.0017256028951923375 7.379366902130734e-07 7.88318670954959e-07
87 7.333706809721338e-07 7.249048252580484e-07 8.21836423502663e-07 6.624246342305929e-07 8.33815758817183e-07 0.06141173963547478 7.821293776624184e-07 0.508499026530236 7.434945838283389e-07 0.04535773691495352 0.0003055455413004469 0.1359320359522541 7.646503750572262e-07 9.519274268920716e-05 0.00012459995164004552 9.845158525161935e-05 2.7012650034981224e-05 0.0024210998406481482 6.533881319695482e-06 0.0004367208763595273 8.622584797431246e-07 1.031203285087288e-05 1.3952725248394686e-06 7.857556522151404e-06 2.2329027088018212e-05 0.002264418148244218 0.0005151252880781274 0.0017256028951923375 7.379366902130734e-07 7.88318670954959e-07
88 7.333706809721338e-07 7.249048252580484e-07 8.21836423502663e-07 6.624246342305929e-07 8.33815758817183e-07 0.06141173963547478 7.821293776624184e-07 0.508499026530236 7.434945838283389e-07 0.04535773691495352 0.0003055455413004469 0.1359320359522541 7.646503750572262e-07 9.519274268920716e-05 0.00012459995164004552 9.845158525161935e-05 2.7012650034981224e-05 0.0024210998406481482 6.533881319695482e-06 0.0004367208763595273 8.622584797431246e-07 1.031203285087288e-05 1.3952725248394686e-06 7.857556522151404e-06 2.2329027088018212e-05 0.002264418148244218 0.0005151252880781274 0.0017256028951923375 7.379366902130734e-07 7.88318670954959e-07
89 7.333706809721338e-07 7.249048252580484e-07 8.21836423502663e-07 6.624246342305929e-07 8.33815758817183e-07 0.06141173963547478 7.821293776624184e-07 0.508499026530236 7.434945838283389e-07 0.04535773691495352 0.0003055455413004469 0.1359320359522541 7.646503750572262e-07 9.519274268920716e-05 0.00012459995164004552 9.845158525161935e-05 2.7012650034981224e-05 0.0024210998406481482 6.533881319695482e-06 0.0004367208763595273 8.622584797431246e-07 1.031203285087288e-05 1.3952725248394686e-06 7.857556522151404e-06 2.2329027088018212e-05 0.002264418148244218 0.0005151252880781274 0.0017256028951923375 7.379366902130734e-07 7.88318670954959e-07
90 7.333706809721338e-07 7.249048252580484e-07 8.21836423502663e-07 6.624246342305929e-07 8.33815758817183e-07 0.06141173963547478 7.821293776624184e-07 0.508499026530236 7.434945838283389e-07 0.04535773691495352 0.0003055455413004469 0.1359320359522541 7.646503750572262e-07 9.519274268920716e-05 0.00012459995164004552 9.845158525161935e-05 2.7012650034981224e-05 0.0024210998406481482 6.533881319695482e-06 0.0004367208763595273 8.622584797431246e-07 1.031203285087288e-05 1.3952725248394686e-06 7.857556522151404e-06 2.2329027088018212e-05 0.002264418148244218 0.0005151252880781274 0.0017256028951923375 7.379366902130734e-07 7.88318670954959e-07
91 7.333706809721338e-07 7.249048252580484e-07 8.21836423502663e-07 6.624246342305929e-07 8.33815758817183e-07 0.06141173963547478 7.821293776624184e-07 0.508499026530236 7.434945838283389e-07 0.04535773691495352 0.0003055455413004469 0.1359320359522541 7.646503750572262e-07 9.519274268920716e-05 0.00012459995164004552 9.845158525161935e-05 2.7012650034981224e-05 0.0024210998406481482 6.533881319695482e-06 0.0004367208763595273 8.622584797431246e-07 1.031203285087288e-05 1.3952725248394686e-06 7.857556522151404e-06 2.2329027088018212e-05 0.002264418148244218 0.0005151252880781274 0.0017256028951923375 7.379366902130734e-07 7.88318670954959e-07
92 7.333706809721338e-07 7.249048252580484e-07 8.21836423502663e-07 6.624246342305929e-07 8.33815758817183e-07 0.06141173963547478 7.821293776624184e-07 0.508499026530236 7.434945838283389e-07 0.04535773691495352 0.0003055455413004469 0.1359320359522541 7.646503750572262e-07 9.519274268920716e-05 0.00012459995164004552 9.845158525161935e-05 2.7012650034981224e-05 0.0024210998406481482 6.533881319695482e-06 0.0004367208763595273 8.622584797431246e-07 1.031203285087288e-05 1.3952725248394686e-06 7.857556522151404e-06 2.2329027088018212e-05 0.002264418148244218 0.0005151252880781274 0.0017256028951923375 7.379366902130734e-07 7.88318670954959e-07
93 7.333706809721338e-07 7.249048252580484e-07 8.21836423502663e-07 6.624246342305929e-07 8.33815758817183e-07 0.06141173963547478 7.821293776624184e-07 0.508499026530236 7.434945838283389e-07 0.04535773691495352 0.0003055455413004469 0.1359320359522541 7.646503750572262e-07 9.519274268920716e-05 0.00012459995164004552 9.845158525161935e-05 2.7012650034981224e-05 0.0024210998406481482 6.533881319695482e-06 0.0004367208763595273 8.622584797431246e-07 1.031203285087288e-05 1.3952725248394686e-06 7.857556522151404e-06 2.2329027088018212e-05 0.002264418148244218 0.0005151252880781274 0.0017256028951923375 7.379366902130734e-07 7.88318670954959e-07
94 7.333706809721338e-07 7.249048252580484e-07 8.21836423502663e-07 6.624246342305929e-07 8.33815758817183e-07 0.06141173963547478 7.821293776624184e-07 0.508499026530236 7.434945838283389e-07 0.04535773691495352 0.0003055455413004469 0.1359320359522541 7.646503750572262e-07 9.519274268920716e-05 0.00012459995164004552 9.845158525161935e-05 2.7012650034981224e-05 0.0024210998406481482 6.533881319695482e-06 0.0004367208763595273 8.622584797431246e-07 1.031203285087288e-05 1.3952725248394686e-06 7.857556522151404e-06 2.2329027088018212e-05 0.002264418148244218 0.0005151252880781274 0.0017256028951923375 7.379366902130734e-07 7.88318670954959e-07
95 7.333706809721338e-07 7.249048252580484e-07 8.21836423502663e-07 6.624246342305929e-07 8.33815758817183e-07 0.06141173963547478 7.821293776624184e-07 0.508499026530236 7.434945838283389e-07 0.04535773691495352 0.0003055455413004469 0.1359320359522541 7.646503750572262e-07 9.519274268920716e-05 0.00012459995164004552 9.845158525161935e-05 2.7012650034981224e-05 0.0024210998406481482 6.533881319695482e-06 0.0004367208763595273 8.622584797431246e-07 1.031203285087288e-05 1.3952725248394686e-06 7.857556522151404e-06 2.2329027088018212e-05 0.002264418148244218 0.0005151252880781274 0.0017256028951923375 7.379366902130734e-07 7.88318670954959e-07
96 7.333706809721338e-07 7.249048252580484e-07 8.21836423502663e-07 6.624246342305929e-07 8.33815758817183e-07 0.06141173963547478 7.821293776624184e-07 0.508499026530236 7.434945838283389e-07 0.04535773691495352 0.0003055455413004469 0.1359320359522541 7.646503750572262e-07 9.519274268920716e-05 0.00012459995164004552 9.845158525161935e-05 2.7012650034981224e-05 0.0024210998406481482 6.533881319695482e-06 0.0004367208763595273 8.622584797431246e-07 1.031203285087288e-05 1.3952725248394686e-06 7.857556522151404e-06 2.2329027088018212e-05 0.002264418148244218 0.0005151252880781274 0.0017256028951923375 7.379366902130734e-07 7.88318670954959e-07
97 7.333706809721338e-07 7.249048252580484e-07 8.21836423502663e-07 6.624246342305929e-07 8.33815758817183e-07 0.06141173963547478 7.821293776624184e-07 0.508499026530236 7.434945838283389e-07 0.04535773691495352 0.0003055455413004469 0.1359320359522541 7.646503750572262e-07 9.519274268920716e-05 0.00012459995164004552 9.845158525161935e-05 2.7012650034981224e-05 0.0024210998406481482 6.533881319695482e-06 0.0004367208763595273 8.622584797431246e-07 1.031203285087288e-05 1.3952725248394686e-06 7.857556522151404e-06 2.2329027088018212e-05 0.002264418148244218 0.0005151252880781274 0.0017256028951923375 7.379366902130734e-07 7.88318670954959e-07
98 7.333706809721338e-07 7.249048252580484e-07 8.21836423502663e-07 6.624246342305929e-07 8.33815758817183e-07 0.06141173963547478 7.821293776624184e-07 0.508499026530236 7.434945838283389e-07 0.04535773691495352 0.0003055455413004469 0.1359320359522541 7.646503750572262e-07 9.519274268920716e-05 0.00012459995164004552 9.845158525161935e-05 2.7012650034981224e-05 0.0024210998406481482 6.533881319695482e-06 0.0004367208763595273 8.622584797431246e-07 1.031203285087288e-05 1.3952725248394686e-06 7.857556522151404e-06 2.2329027088018212e-05 0.002264418148244218 0.0005151252880781274 0.0017256028951923375 7.379366902130734e-07 7.88318670954959e-07
99 7.333706809721338e-07 7.249048252580484e-07 8.21836423502663e-07 6.624246342305929e-07 8.33815758817183e-07 0.06141173963547478 7.821293776624184e-07 0.508499026530236 7.434945838283389e-07 0.04535773691495352 0.0003055455413004469 0.1359320359522541 7.646503750572262e-07 9.519274268920716e-05 0.00012459995164004552 9.845158525161935e-05 2.7012650034981224e-05 0.0024210998406481482 6.533881319695482e-06 0.0004367208763595273 8.622584797431246e-07 1.031203285087288e-05 1.3952725248394686e-06 7.857556522151404e-06 2.2329027088018212e-05 0.002264418148244218 0.0005151252880781274 0.0017256028951923375 7.379366902130734e-07 7.88318670954959e-07
100 7.333706809721338e-07 7.249048252580484e-07 8.21836423502663e-07 6.624246342305929e-07 8.33815758817183e-07 0.06141173963547478 7.821293776624184e-07 0.508499026530236 7.434945838283389e-07 0.04535773691495352 0.0003055455413004469 0.1359320359522541 7.646503750572262e-07 9.519274268920716e-05 0.00012459995164004552 9.845158525161935e-05 2.7012650034981224e-05 0.0024210998406481482 6.533881319695482e-06 0.0004367208763595273 8.622584797431246e-07 1.031203285087288e-05 1.3952725248394686e-06 7.857556522151404e-06 2.2329027088018212e-05 0.002264418148244218 0.0005151252880781274 0.0017256028951923375 7.379366902130734e-07 7.88318670954959e-07
101 7.333706809721338e-07 7.249048252580484e-07 8.21836423502663e-07 6.624246342305929e-07 8.33815758817183e-07 0.06141173963547478 7.821293776624184e-07 0.508499026530236 7.434945838283389e-07 0.04535773691495352 0.0003055455413004469 0.1359320359522541 7.646503750572262e-07 9.519274268920716e-05 0.00012459995164004552 9.845158525161935e-05 2.7012650034981224e-05 0.0024210998406481482 6.533881319695482e-06 0.0004367208763595273 8.622584797431246e-07 1.031203285087288e-05 1.3952725248394686e-06 7.857556522151404e-06 2.2329027088018212e-05 0.002264418148244218 0.0005151252880781274 0.0017256028951923375 7.379366902130734e-07 7.88318670954959e-07
102 7.333706809721338e-07 7.249048252580484e-07 8.21836423502663e-07 6.624246342305929e-07 8.33815758817183e-07 0.06141173963547478 7.821293776624184e-07 0.508499026530236 7.434945838283389e-07 0.04535773691495352 0.0003055455413004469 0.1359320359522541 7.646503750572262e-07 9.519274268920716e-05 0.00012459995164004552 9.845158525161935e-05 2.7012650034981224e-05 0.0024210998406481482 6.533881319695482e-06 0.0004367208763595273 8.622584797431246e-07 1.031203285087288e-05 1.3952725248394686e-06 7.857556522151404e-06 2.2329027088018212e-05 0.002264418148244218 0.0005151252880781274 0.0017256028951923375 7.379366902130734e-07 7.88318670954959e-07
103 7.333706809721338e-07 7.249048252580484e-07 8.21836423502663e-07 6.624246342305929e-07 8.33815758817183e-07 0.06141173963547478 7.821293776624184e-07 0.508499026530236 7.434945838283389e-07 0.04535773691495352 0.0003055455413004469 0.1359320359522541 7.646503750572262e-07 9.519274268920716e-05 0.00012459995164004552 9.845158525161935e-05 2.7012650034981224e-05 0.0024210998406481482 6.533881319695482e-06 0.0004367208763595273 8.622584797431246e-07 1.031203285087288e-05 1.3952725248394686e-06 7.857556522151404e-06 2.2329027088018212e-05 0.002264418148244218 0.0005151252880781274 0.0017256028951923375 7.379366902130734e-07 7.88318670954959e-07
104 7.333706809721338e-07 7.249048252580484e-07 8.21836423502663e-07 6.624246342305929e-07 8.33815758817183e-07 0.06141173963547478 7.821293776624184e-07 0.508499026530236 7.434945838283389e-07 0.04535773691495352 0.0003055455413004469 0.1359320359522541 7.646503750572262e-07 9.519274268920716e-05 0.00012459995164004552 9.845158525161935e-05 2.7012650034981224e-05 0.0024210998406481482 6.533881319695482e-06 0.0004367208763595273 8.622584797431246e-07 1.031203285087288e-05 1.3952725248394686e-06 7.857556522151404e-06 2.2329027088018212e-05 0.002264418148244218 0.0005151252880781274 0.0017256028951923375 7.379366902130734e-07 7.88318670954959e-07
105 7.333706809721338e-07 7.249048252580484e-07 8.21836423502663e-07 6.624246342305929e-07 8.33815758817183e-07 0.06141173963547478 7.821293776624184e-07 0.508499026530236 7.434945838283389e-07 0.04535773691495352 0.0003055455413004469 0.1359320359522541 7.646503750572262e-07 9.519274268920716e-05 0.00012459995164004552 9.845158525161935e-05 2.7012650034981224e-05 0.0024210998406481482 6.533881319695482e-06 0.0004367208763595273 8.622584797431246e-07 1.031203285087288e-05 1.3952725248394686e-06 7.857556522151404e-06 2.2329027088018212e-05 0.002264418148244218 0.0005151252880781274 0.0017256028951923375 7.379366902130734e-07 7.88318670954959e-07
106 7.333706809721338e-07 7.249048252580484e-07 8.21836423502663e-07 6.624246342305929e-07 8.33815758817183e-07 0.06141173963547478 7.821293776624184e-07 0.508499026530236 7.434945838283389e-07 0.04535773691495352 0.0003055455413004469 0.1359320359522541 7.646503750572262e-07 9.519274268920716e-05 0.00012459995164004552 9.845158525161935e-05 2.7012650034981224e-05 0.0024210998406481482 6.533881319695482e-06 0.0004367208763595273 8.622584797431246e-07 1.031203285087288e-05 1.3952725248394686e-06 7.857556522151404e-06 2.2329027088018212e-05 0.002264418148244218 0.0005151252880781274 0.0017256028951923375 7.379366902130734e-07 7.88318670954959e-07
107 7.333706809721338e-07 7.249048252580484e-07 8.21836423502663e-07 6.624246342305929e-07 8.33815758817183e-07 0.06141173963547478 7.821293776624184e-07 0.508499026530236 7.434945838283389e-07 0.04535773691495352 0.0003055455413004469 0.1359320359522541 7.646503750572262e-07 9.519274268920716e-05 0.00012459995164004552 9.845158525161935e-05 2.7012650034981224e-05 0.0024210998406481482 6.533881319695482e-06 0.0004367208763595273 8.622584797431246e-07 1.031203285087288e-05 1.3952725248394686e-06 7.857556522151404e-06 2.2329027088018212e-05 0.002264418148244218 0.0005151252880781274 0.0017256028951923375 7.379366902130734e-07 7.88318670954959e-07
108 7.333706809721338e-07 7.249048252580484e-07 8.21836423502663e-07 6.624246342305929e-07 8.33815758817183e-07 0.06141173963547478 7.821293776624184e-07 0.508499026530236 7.434945838283389e-07 0.04535773691495352 0.0003055455413004469 0.1359320359522541 7.646503750572262e-07 9.519274268920716e-05 0.00012459995164004552 9.845158525161935e-05 2.7012650034981224e-05 0.0024210998406481482 6.533881319695482e-06 0.0004367208763595273 8.622584797431246e-07 1.031203285087288e-05 1.3952725248394686e-06 7.857556522151404e-06 2.2329027088018212e-05 0.002264418148244218 0.0005151252880781274 0.0017256028951923375 7.379366902130734e-07 7.88318670954959e-07
