# index Z=1 - Z=30
0 7.889195852506458e-07 0.011852318285356087 7.520239472675768e-07 7.759264843761775e-07 7.47526699436727e-07 1.8853130445733213e-06 7.615386200336186e-07 0.004409183343439758 7.585494573048544e-07 7.636133899856063e-07 7.489364392425168e-07 8.482521537435785e-05 7.523196026797248e-07 0.02418559871374489 1.9870430804838097e-06 8.557817748448387e-05 9.783510784842039e-07 0.008240542089589587 1.081005196554626e-06 0.01596392002926081 7.903501117650694e-07 0.00014005462493710497 0.0003293191510900274 2.014734463393572e-05 0.0064012794173837675 0.2568141646812969 0.17807972005980577 0.22879829514834182 7.34539165801761e-07 7.47667882286635e-07
1 7.889195852506458e-07 0.011852318285356087 7.520239472675768e-07 7.759264843761775e-07 7.47526699436727e-07 1.8853130445733213e-06 7.615386200336186e-07 0.004409183343439758 7.585494573048544e-07 7.636133899856063e-07 7.489364392425168e-07 8.482521537435785e-05 7.523196026797248e-07 0.02418559871374489 1.9870430804838097e-06 8.557817748448387e-05 9.783510784842039e-07 0.008240542089589587 1.081005196554626e-06 0.01596392002926081 7.903501117650694e-07 0.00014005462493710497 0.0003293191510900274 2.014734463393572e-05 0.0064012794173837675 0.2568141646812969 0.17807972005980577 0.22879829514834182 7.34539165801761e-07 7.47667882286635e-07
2 7.889195852506458e-07 0.011852318285356087 7.520239472675768e-07 7.759264843761775e-07 7.47526699436727e-07 1.8853130445733213e-06 7.615386200336186e-07 0.004409183343439758 7.585494573048544e-07 7.636133899856063e-07 7.489364392425168e-07 8.482521537435785e-05 7.523196026797248e-07 0.02418559871374489 1.9870430804838097e-06 8.557817748448387e-05 9.783510784842039e-07 0.008240542089589587 1.081005196554626e-06 0.01596392002926081 7.903501117650694e-07 0.00014005462493710497 0.0003293191510900274 2.014734463393572e-05 0.0064012794173837675 0.2568141646812969 0.17807972005980577 0.22879829514834182 7.34539165801761e-07 7.47667882286635e-07
3 7.889195852506458e-07 0.011852318285356087 7.520239472675768e-07 7.759264843761775e-07 7.47526699436727e-07 1.8853130445733213e-06 7.615386200336186e-07 0.004409183343439758 7.585494573048544e-07 7.636133899856063e-07 7.489364392425168e-07 8.482521537435785e-05 7.523196026797248e-07 0.02418559871374489 1.9870430804838097e-06 8.557817748448387e-05 9.783510784842039e-07 0.008240542089589587 1.081005196554626e-06 0.01596392002926081 7.903501117650694e-07 0.00014005462493710497 0.0003293191510900274 2.014734463393572e-05 0.0064012794173837675 0.2568141646812969 0.17807972005980577 0.22879829514834182 7.34539165801761e-07 7.47667882286635e-07
4 7.889195852506458e-07 0.011852318285356087 7.520239472675768e-07 7.759264843761775e-07 7.47526699436727e-07 1.8853130445733213e-06 7.615386200336186e-07 0.004409183343439758 7.585494573048544e-07 7.636133899856063e-07 7.489364392425168e-07 8.482521537435785e-05 7.523196026797248e-07 0.02418559871374489 1.9870430804838097e-06 8.557817748448387e-05 9.783510784842039e-07 0.008240542089589587 1.081005196554626e-06 0.01596392002926081 7.903501117650694e-07 0.00014005462493710497 0.0003293191510900274 2.014734463393572e-05 0.0064012794173837675 0.2568141646812969 0.17807972005980577 0.22879829514834182 7.34539165801761e-07 7.47667882286635e-07
5 7.889195852506458e-07 0.011852318285356087 7.520239472675768e-07 7.759264843761775e-07 7.47526699436727e-07 1.8853130445733213e-06 7.615386200336186e-07 0.004409183343439758 7.585494573048544e-07 7.636133899856063e-07 7.489364392425168e-07 8.482521537435785e-05 7.523196026797248e-07 0.02418559871374489 1.9870430804838097e-06 8.557817748448387e-05 9.783510784842039e-07 0.008240542089589587 1.081005196554626e-06 0.01596392002926081 7.903501117650694e-07 0.00014005462493710497 0.0003293191510900274 2.014734463393572e-05 0.0064012794173837675 0.2568141646812969 0.17807972005980577 0.22879829514834182 7.34539165801761e-07 7.47667882286635e-07
6 7.889195852506458e-07 0.011852318285356087 7.520239472675768e-07 7.759264843761775e-07 7.47526699436727e-07 1.8853130445733213e-06 7.615386200336186e-07 0.004409183343439758 7.585494573048544e-07 7.636133899856063e-07 7.489364392425168e-07 8.482521537435785e-05 7.523196026797248e-07 0.02418559871374489 1.9870430804838097e-06 8.557817748448387e-05 9.783510784842039e-07 0.008240542089589587 1.081005196554626e-06 0.01596392002926081 7.903501117650694e-07 0.00014005462493710497 0.0003293191510900274 2.014734463393572e-05 0.0064012794173837675 0.2568141646812969 0.17807972005980577 0.22879829514834182 7.34539165801761e-07 7.47667882286635e-07
7 7.889195852506458e-07 0.011852318285356087 7.520239472675768e-07 7.759264843761775e-07 7.47526699436727e-07 1.8853130445733213e-06 7.615386200336186e-07 0.004409183343439758 7.585494573048544e-07 7.636133899856063e-07 7.489364392425168e-07 8.482521537435785e-05 7.523196026797248e-07 0.02418559871374489 1.9870430804838097e-06 8.557817748448387e-05 9.783510784842039e-07 0.008240542089589587 1.081005196554626e-06 0.01596392002926081 7.903501117650694e-07 0.00014005462493710497 0.0003293191510900274 2.014734463393572e-05 0.0064012794173837675 0.2568141646812969 0.17807972005980577 0.22879829514834182 7.34539165801761e-07 7.47667882286635e-07
8 7.889195852506458e-07 0.011852318285356087 7.520239472675768e-07 7.759264843761775e-07 7.47526699436727e-07 1.8853130445733213e-06 7.615386200336186e-07 0.004409183343439758 7.585494573048544e-07 7.636133899856063e-07 7.489364392425168e-07 8.482521537435785e-05 7.523196026797248e-07 0.02418559871374489 1.9870430804838097e-06 8.557817748448387e-05 9.783510784842039e-07 0.008240542089589587 1.081005196554626e-06 0.01596392002926081 7.903501117650694e-07 0.00014005462493710497 0.0003293191510900274 2.014734463393572e-05 0.0064012794173837675 0.2568141646812969 0.17807972005980577 0.22879829514834182 7.34539165801761e-07 7.47667882286635e-07
9 7.889195852506458e-07 0.011852318285356087 7.520239472675768e-07 7.759264843761775e-07 7.47526699436727e-07 1.8853130445733213e-06 7.615386200336186e-07 0.004409183343439758 7.585494573048544e-07 7.636133899856063e-07 7.489364392425168e-07 8.482521537435785e-05 7.523196026797248e-07 0.02418559871374489 1.9870430804838097e-06 8.557817748448387e-05 9.783510784842039e-07 0.008240542089589587 1.081005196554626e-06 0.01596392002926081 7.903501117650694e-07 0.00014005462493710497 0.0003293191510900274 2.014734463393572e-05 0.0064012794173837675 0.2568141646812969 0.17807972005980577 0.22879829514834182 7.34539165801761e-07 7.47667882286635e-07
10 7.889195852506458e-07 0.011852318285356087 7.520239472675768e-07 7.759264843761775e-07 7.47526699436727e-07 1.8853130445733213e-06 7.615386200336186e-07 0.004409183343439758 7.585494573048544e-07 7.636133899856063e-07 7.489364392425168e-07 8.482521537435785e-05 7.523196026797248e-07 0.02418559871374489 1.9870430804838097e-06 8.557817748448387e-05 9.783510784842039e-07 0.008240542089589587 1.081005196554626e-06 0.01596392002926081 7.903501117650694e-07 0.00014005462493710497 0.0003293191510900274 2.014734463393572e-05 0.0064012794173837675 0.2568141646812969 0.17807972005980577 0.22879829514834182 7.34539165801761e-07 7.47667882286635e-07
11 7.889195852506458e-07 0.011852318285356087 7.520239472675768e-07 7.759264843761775e-07 7.47526699436727e-07 1.8853130445733213e-06 7.615386200336186e-07 0.004409183343439758 7.585494573048544e-07 7.636133899856063e-07 7.489364392425168e-07 8.482521537435785e-05 7.523196026797248e-07 0.02418559871374489 1.9870430804838097e-06 8.557817748448387e-05 9.783510784842039e-07 0.008240542089589587 1.081005196554626e-06 0.01596392002926081 7.903501117650694e-07 0.00014005462493710497 0.0003293191510900274 2.014734463393572e-05 0.0064012794173837675 0.2568141646812969 0.17807972005980577 0.22879829514834182 7.34539165801761e-07 7.47667882286635e-07
12 4.4824404663794377e-07 0.0023018726312733413 5.106425594558316e-07 5.135071482272614e-07 5.115887146850821e-07 9.6203531200862e-07 5.014958170114016e-07 0.002910079527241737 5.08804095192905e-07 5.584140648923293e-07 5.370559956765511e-07 0.0012305751937029586 4.824333777939852e-07 0.010942627808212046 3.608663143198599e-06 0.00040691638399306315 1.3602936161182634e-06 0.006413949975343448 8.953906168110628e-07 0.018228498203211683 5.280120723191171e-07 6.934761850189643e-05 0.0004565734069650065 1.3051421223980076e-05 0.015712449040908634 0.12826088002955244 0.13396983040777272 0.4374925353471822 4.921112932711349e-07 4.755007465791056e-07
13 4.4824404663794377e-07 0.0023018726312733413 5.106425594558316e-07 5.135071482272614e-07 5.115887146850821e-07 9.6203531200862e-07 5.014958170114016e-07 0.002910079527241737 5.08804095192905e-07 5.584140648923293e-07 5.370559956765511e-07 0.0012305751937029586 4.824333777939852e-07 0.010942627808212046 3.608663143198599e-06 0.00040691638399306315 1.3602936161182634e-06 0.006413949975343448 8.953906168110628e-07 0.018228498203211683 5.280120723191171e-07 6.934761850189643e-05 0.0004565734069650065 1.3051421223980076e-05 0.015712449040908634 0.12826088002955244 0.13396983040777272 0.4374925353471822 4.921112932711349e-07 4.755007465791056e-07
14 4.4824404663794377e-07 0.0023018726312733413 5.106425594558316e-07 5.135071482272614e-07 5.115887146850821e-07 9.6203531200862e-07 5.014958170114016e-07 0.002910079527241737 5.08804095192905e-07 5.584140648923293e-07 5.370559956765511e-07 0.0012305751937029586 4.824333777939852e-07 0.010942627808212046 3.608663143198599e-06 0.00040691638399306315 1.3602936161182634e-06 0.006413949975343448 8.953906168110628e-07 0.018228498203211683 5.280120723191171e-07 6.934761850189643e-05 0.0004565734069650065 1.3051421223980076e-05 0.015712449040908634 0.12826088002955244 0.13396983040777272 0.4374925353471822 4.921112932711349e-07 4.755007465791056e-07
15 4.4824404663794377e-07 0.0023018726312733413 5.106425594558316e-07 5.135071482272614e-07 5.115887146850821e-07 9.6203531200862e-07 5.014958170114016e-07 0.002910079527241737 5.08804095192905e-07 5.584140648923293e-07 5.370559956765511e-07 0.0012305751937029586 4.824333777939852e-07 0.010942627808212046 3.608663143198599e-06 0.00040691638399306315 1.3602936161182634e-06 0.006413949975343448 8.953906168110628e-07 0.018228498203211683 5.280120723191171e-07 6.934761850189643e-05 0.0004565734069650065 1.3051421223980076e-05 0.015712449040908634 0.12826088002955244 0.13396983040777272 0.4374925353471822 4.921112932711349e-07 4.755007465791056e-07
16 4.4824404663794377e-07 0.0023018726312733413 5.106425594558316e-07 5.135071482272614e-07 5.115887146850821e-07 9.6203531200862e-07 5.014958170114016e-07 0.002910079527241737 5.08804095192905e-07 5.584140648923293e-07 5.370559956765511e-07 0.0012305751937029586 4.824333777939852e-07 0.010942627808212046 3.608663143198599e-06 0.00040691638399306315 1.3602936161182634e-06 0.006413949975343448 8.953906168110628e-07 0.018228498203211683 5.280120723191171e-07 6.934761850189643e-05 0.0004565734069650065 1.3051421223980076e-05 0.015712449040908634 0.12826088002955244 0.13396983040777272 0.4374925353471822 4.921112932711349e-07 4.755007465791056e-07
17 4.4824404663794377e-07 0.0023018726312733413 5.106425594558316e-07 5.135071482272614e-07 5.115887146850821e-07 9.6203531200862e-07 5.014958170114016e-07 0.002910079527241737 5.08804095192905e-07 5.584140648923293e-07 5.370559956765511e-07 0.0012305751937029586 4.824333777939852e-07 0.010942627808212046 3.608663143198599e-06 0.00040691638399306315 1.3602936161182634e-06 0.006413949975343448 8.953906168110628e-07 0.018228498203211683 5.280120723191171e-07 6.934761850189643e-05 0.0004565734069650065 1.3051421223980076e-05 0.015712449040908634 0.12826088002955244 0.13396983040777272 0.4374925353471822 4.921112932711349e-07 4.755007465791056e-07
18 4.4824404663794377e-07 0.0023018726312733413 5.106425594558316e-07 5.135071482272614e-07 5.115887146850821e-07 9.6203531200862e-07 5.014958170114016e-07 0.002910079527241737 5.08804095192905e-07 5.584140648923293e-07 5.370559956765511e-07 0.0012305751937029586 4.824333777939852e-07 0.010942627808212046 3.608663143198599e-06 0.00040691638399306315 1.3602936161182634e-06 0.006413949975343448 8.953906168110628e-07 0.018228498203211683 5.280120723191171e-07 6.934761850189643e-05 0.0004565734069650065 1.3051421223980076e-05 0.015712449040908634 0.12826088002955244 0.13396983040777272 0.4374925353471822 4.921112932711349e-07 4.755007465791056e-07
19 4.4824404663794377e-07 0.0023018726312733413 5.106425594558316e-07 5.135071482272614e-07 5.115887146850821e-07 9.6203531200862e-07 5.014958170114016e-07 0.002910079527241737 5.08804095192905e-07 5.584140648923293e-07 5.370559956765511e-07 0.0012305751937029586 4.824333777939852e-07 0.010942627808212046 3.608663143198599e-06 0.00040691638399306315 1.3602936161182634e-06 0.006413949975343448 8.953906168110628e-07 0.018228498203211683 5.280120723191171e-07 6.934761850189643e-05 0.0004565734069650065 1.3051421223980076e-05 0.015712449040908634 0.12826088002955244 0.13396983040777272 0.4374925353471822 4.921112932711349e-07 4.755007465791056e-07
20 4.4824404663794377e-07 0.0023018726312733413 5.106425594558316e-07 5.135071482272614e-07 5.115887146850821e-07 9.6203531200862e-07 5.014958170114016e-07 0.002910079527241737 5.08804095192905e-07 5.584140648923293e-07 5.370559956765511e-07 0.0012305751937029586 4.824333777939852e-07 0.010942627808212046 3.608663143198599e-06 0.00040691638399306315 1.3602936161182634e-06 0.006413949975343448 8.953906168110628e-07 0.018228498203211683 5.280120723191171e-07 6.934761850189643e-05 0.0004565734069650065 1.3051421223980076e-05 0.015712449040908634 0.12826088002955244 0.13396983040777272 0.4374925353471822 4.921112932711349e-07 4.755007465791056e-07
21 4.4824404663794377e-07 0.0023018726312733413 5.106425594558316e-07 5.135071482272614e-07 5.115887146850821e-07 9.6203531200862e-07 5.014958170114016e-07 0.002910079527241737 5.08804095192905e-07 5.584140648923293e-07 5.370559956765511e-07 0.0012305751937029586 4.824333777939852e-07 0.010942627808212046 3.608663143198599e-06 0.00040691638399306315 1.3602936161182634e-06 0.006413949975343448 8.953906168110628e-07 0.018228498203211683 5.280120723191171e-07 6.934761850189643e-05 0.0004565734069650065 1.3051421223980076e-05 0.015712449040908634 0.12826088002955244 0.13396983040777272 0.4374925353471822 4.921112932711349e-07 4.755007465791056e-07
22 6.841828383014363e-07 6.741089703988732e-07 7.454784489201188e-07 7.180046586811254e-07 6.807995446363023e-07 1.8136102774305263e-06 7.106784168624355e-07 0.0036345512097141243 6.928688476855074e-07 6.935188251675745e-07 7.574109661435139e-07 0.11122202508858822 6.72676097444007e-07 0.38025487199905195 9.535624402274813e-06 0.1802004130526416 1.7407159208459291e-06 0.021605186028734784 1.2840995953182684e-06 0.04853223240985332 6.618335913640625e-07 0.00013569477154001718 0.000581155030899707 5.1480102660862865e-05 0.01689811100143731 0.0848794835930772 0.04429079022024278 0.02255743545649444 7.097909955063539e-07 6.990652397084225e-07
23 6.841828383014363e-07 6.741089703988732e-07 7.454784489201188e-07 7.180046586811254e-07 6.807995446363023e-07 1.8136102774305263e-06 7.106784168624355e-07 0.0036345512097141243 6.928688476855074e-07 6.935188251675745e-07 7.574109661435139e-07 0.11122202508858822 6.72676097444007e-07 0.38025487199905195 9.535624402274813e-06 0.1802004130526416 1.7407159208459291e-06 0.021605186028734784 1.2840995953182684e-06 0.04853223240985332 6.618335913640625e-07 0.00013569477154001718 0.000581155030899707 5.1480102660862865e-05 0.01689811100143731 0.0848794835930772 0.04429079022024278 0.02255743545649444 7.097909955063539e-07 6.990652397084225e-07
24 6.841828383014363e-07 6.741089703988732e-07 7.454784489201188e-07 7.180046586811254e-07 6.807995446363023e-07 1.8136102774305263e-06 7.106784168624355e-07 0.0036345512097141243 6.928688476855074e-07 6.935188251675745e-07 7.574109661435139e-07 0.11122202508858822 6.72676097444007e-07 0.38025487199905195 9.535624402274813e-06 0.1802004130526416 1.7407159208459291e-06 0.021605186028734784 1.2840995953182684e-06 0.04853223240985332 6.618335913640625e-07 0.00013569477154001718 0.000581155030899707 5.1480102660862865e-05 0.01689811100143731 0.0848794835930772 0.04429079022024278 0.02255743545649444 7.097909955063539e-07 6.990652397084225e-07
25 6.841828383014363e-07 6.741089703988732e-07 7.454784489201188e-07 7.180046586811254e-07 6.807995446363023e-07 1.8136102774305263e-06 7.106784168624355e-07 0.0036345512097141243 6.928688476855074e-07 6.935188251675745e-07 7.574109661435139e-07 0.11122202508858822 6.72676097444007e-07 0.38025487199905195 9.535624402274813e-06 0.1802004130526416 1.7407159208459291e-06 0.021605186028734784 1.2840995953182684e-06 0.04853223240985332 6.618335913640625e-07 0.00013569477154001718 0.000581155030899707 5.1480102660862865e-05 0.01689811100143731 0.0848794835930772 0.04429079022024278 0.02255743545649444 7.097909955063539e-07 6.990652397084225e-07
26 6.841828383014363e-07 6.741089703988732e-07 7.454784489201188e-07 7.180046586811254e-07 6.807995446363023e-07 1.8136102774305263e-06 7.106784168624355e-07 0.0036345512097141243 6.928688476855074e-07 6.935188251675745e-07 7.574109661435139e-07 0.11122202508858822 6.72676097444007e-07 0.38025487199905195 9.535624402274813e-06 0.1802004130526416 1.7407159208459291e-06 0.021605186028734784 1.2840995953182684e-06 0.04853223240985332 6.618335913640625e-07 0.00013569477154001718 0.000581155030899707 5.1480102660862865e-05 0.01689811100143731 0.0848794835930772 0.04429079022024278 0.02255743545649444 7.097909955063539e-07 6.990652397084225e-07
27 6.841828383014363e-07 6.741089703988732e-07 7.454784489201188e-07 7.180046586811254e-07 6.807995446363023e-07 1.8136102774305263e-06 7.106784168624355e-07 0.0036345512097141243 6.928688476855074e-07 6.935188251675745e-07 7.574109661435139e-07 0.11122202508858822 6.72676097444007e-07 0.38025487199905195 9.535624402274813e-06 0.1802004130526416 1.7407159208459291e-06 0.021605186028734784 1.2840995953182684e-06 0.04853223240985332 6.618335913640625e-07 0.00013569477154001718 0.000581155030899707 5.1480102660862865e-05 0.01689811100143731 0.0848794835930772 0.04429079022024278 0.02255743545649444 7.097909955063539e-07 6.990652397084225e-07
28 6.841828383014363e-07 6.741089703988732e-07 7.454784489201188e-07 7.180046586811254e-07 6.807995446363023e-07 1.8136102774305263e-06 7.106784168624355e-07 0.0036345512097141243 6.928688476855074e-07 6.935188251675745e-07 7.574109661435139e-07 0.11122202508858822 6.72676097444007e-07 0.38025487199905195 9.535624402274813e-06 0.1802004130526416 1.7407159208459291e-06 0.021605186028734784 1.2840995953182684e-06 0.04853223240985332 6.618335913640625e-07 0.00013569477154001718 0.000581155030899707 5.1480102660862865e-05 0.01689811100143731 0.0848794835930772 0.04429079022024278 0.02255743545649444 7.097909955063539e-07 6.990652397084225e-07
29 6.841828383014363e-07 6.741089703988732e-07 7.454784489201188e-07 7.180046586811254e-07 6.807995446363023e-07 1.8136102774305263e-06 7.106784168624355e-07 0.0036345512097141243 6.928688476855074e-07 6.935188251675745e-07 7.574109661435139e-07 0.11122202508858822 6.72676097444007e-07 0.38025487199905195 9.535624402274813e-06 0.1802004130526416 1.7407159208459291e-06 0.021605186028734784 1.2840995953182684e-06 0.04853223240985332 6.618335913640625e-07 0.00013569477154001718 0.000581155030899707 5.1480102660862865e-05 0.01689811100143731 0.0848794835930772 0.04429079022024278 0.02255743545649444 7.097909955063539e-07 6.990652397084225e-07
30 6.841828383014363e-07 6.741089703988732e-07 7.454784489201188e-07 7.180046586811254e-07 6.807995446363023e-07 1.8136102774305263e-06 7.106784168624355e-07 0.0036345512097141243 6.928688476855074e-07 6.935188251675745e-07 7.574109661435139e-07 0.11122202508858822 6.72676097444007e-07 0.38025487199905195 9.535624402274813e-06 0.1802004130526416 1.7407159208459291e-06 0.021605186028734784 1.2840995953182684e-06 0.04853223240985332 6.618335913640625e-07 0.00013569477154001718 0.000581155030899707 5.1480102660862865e-05 0.01689811100143731 0.0848794835930772 0.04429079022024278 0.02255743545649444 7.097909955063539e-07 6.990652397084225e-07
31 6.841828383014363e-07 6.741089703988732e-07 7.454784489201188e-07 7.180046586811254e-07 6.807995446363023e-07 1.8136102774305263e-06 7.106784168624355e-07 0.0036345512097141243 6.928688476855074e-07 6.935188251675745e-07 7.574109661435139e-07 0.11122202508858822 6.72676097444007e-07 0.38025487199905195 9.535624402274813e-06 0.1802004130526416 1.7407159208459291e-06 0.021605186028734784 1.2840995953182684e-06 0.04853223240985332 6.618335913640625e-07 0.00013569477154001718 0.000581155030899707 5.1480102660862865e-05 0.01689811100143731 0.0848794835930772 0.04429079022024278 0.02255743545649444 7.097909955063539e-07 6.990652397084225e-07
32 3.841883415961374e-07 3.6723234797358505e-07 3.2038415127987476e-07 3.1324244400128076e-07 3.1076364742805763e-07 9.12956683725154e-06 3.1827663379614276e-07 0.6279227958057919 3.368312791336073e-07 1.1493592599029503e-06 3.593973693787797e-07 0.04283411551068014 3.459819484115252e-07 0.1987783083901908 3.318743458539622e-05 5.6668370037418045e-05 2.082575018927914e-05 0.01528381030866694 1.9229942488398406e-05 0.0033651504098626897 3.4421474617752243e-07 3.007972549204723e-05 2.3375533924936607e-05 2.8209977298462193e-05 0.00025503400506237767 0.005856481503186382 0.005916702136169882 0.009110086188018804 3.404639344324606e-07 3.4048599024042296e-07
33 3.841883415961374e-07 3.6723234797358505e-07 3.2038415127987476e-07 3.1324244400128076e-07 3.1076364742805763e-07 9.12956683725154e-06 3.1827663379614276e-07 0.6279227958057919 3.368312791336073e-07 1.1493592599029503e-06 3.593973693787797e-07 0.04283411551068014 3.459819484115252e-07 0.1987783083901908 3.318743458539622e-05 5.6668370037418045e-05 2.082575018927914e-05 0.01528381030866694 1.9229942488398406e-05 0.0033651504098626897 3.4421474617752243e-07 3.007972549204723e-05 2.3375533924936607e-05 2.8209977298462193e-05 0.00025503400506237767 0.005856481503186382 0.005916702136169882 0.009110086188018804 3.404639344324606e-07 3.4048599024042296e-07
34 3.841883415961374e-07 3.6723234797358505e-07 3.2038415127987476e-07 3.1324244400128076e-07 3.1076364742805763e-07 9.12956683725154e-06 3.1827663379614276e-07 0.6279227958057919 3.368312791336073e-07 1.1493592599029503e-06 3.593973693787797e-07 0.04283411551068014 3.459819484115252e-07 0.1987783083901908 3.318743458539622e-05 5.6668370037418045e-05 2.082575018927914e-05 0.01528381030866694 1.9229942488398406e-05 0.0033651504098626897 3.4421474617752243e-07 3.007972549204723e-05 2.3375533924936607e-05 2.8209977298462193e-05 0.00025503400506237767 0.005856481503186382 0.005916702136169882 0.009110086188018804 3.404639344324606e-07 3.4048599024042296e-07
35 3.841883415961374e-07 3.6723234797358505e-07 3.2038415127987476e-07 3.1324244400128076e-07 3.1076364742805763e-07 9.12956683725154e-06 3.1827663379614276e-07 0.6279227958057919 3.368312791336073e-07 1.1493592599029503e-06 3.593973693787797e-07 0.04283411551068014 3.459819484115252e-07 0.1987783083901908 3.318743458539622e-05 5.6668370037418045e-05 2.082575018927914e-05 0.01528381030866694 1.9229942488398406e-05 0.0033651504098626897 3.4421474617752243e-07 3.007972549204723e-05 2.3375533924936607e-05 2.8209977298462193e-05 0.00025503400506237767 0.005856481503186382 0.005916702136169882 0.009110086188018804 3.404639344324606e-07 3.4048599024042296e-07
36 3.841883415961374e-07 3.6723234797358505e-07 3.2038415127987476e-07 3.1324244400128076e-07 3.1076364742805763e-07 9.12956683725154e-06 3.1827663379614276e-07 0.6279227958057919 3.368312791336073e-07 1.1493592599029503e-06 3.593973693787797e-07 0.04283411551068014 3.459819484115252e-07 0.1987783083901908 3.318743458539622e-05 5.6668370037418045e-05 2.082575018927914e-05 0.01528381030866694 1.9229942488398406e-05 0.0033651504098626897 3.4421474617752243e-07 3.007972549204723e-05 2.3375533924936607e-05 2.8209977298462193e-05 0.00025503400506237767 0.005856481503186382 0.005916702136169882 0.009110086188018804 3.404639344324606e-07 3.4048599024042296e-07
37 3.841883415961374e-07 3.6723234797358505e-07 3.2038415127987476e-07 3.1324244400128076e-07 3.1076364742805763e-07 9.12956683725154e-06 3.1827663379614276e-07 0.6279227958057919 3.368312791336073e-07 1.1493592599029503e-06 3.593973693787797e-07 0.04283411551068014 3.459819484115252e-07 0.1987783083901908 3.318743458539622e-05 5.6668370037418045e-05 2.082575018927914e-05 0.01528381030866694 1.9229942488398406e-05 0.0033651504098626897 3.4421474617752243e-07 3.007972549204723e-05 2.3375533924936607e-05 2.8209977298462193e-05 0.00025503400506237767 0.005856481503186382 0.005916702136169882 0.009110086188018804 3.404639344324606e-07 3.4048599024042296e-07
38 3.841883415961374e-07 3.6723234797358505e-07 3.2038415127987476e-07 3.1324244400128076e-07 3.1076364742805763e-07 9.12956683725154e-06 3.1827663379614276e-07 0.6279227958057919 3.368312791336073e-07 1.1493592599029503e-06 3.593973693787797e-07 0.04283411551068014 3.459819484115252e-07 0.1987783083901908 3.318743458539622e-05 5.6668370037418045e-05 2.082575018927914e-05 0.01528381030866694 1.9229942488398406e-05 0.0033651504098626897 3.4421474617752243e-07 3.007972549204723e-05 2.3375533924936607e-05 2.8209977298462193e-05 0.00025503400506237767 0.005856481503186382 0.005916702136169882 0.009110086188018804 3.404639344324606e-07 3.4048599024042296e-07
39 3.841883415961374e-07 3.6723234797358505e-07 3.2038415127987476e-07 3.1324244400128076e-07 3.1076364742805763e-07 9.12956683725154e-06 3.1827663379614276e-07 0.6279227958057919 3.368312791336073e-07 1.1493592599029503e-06 3.593973693787797e-07 0.04283411551068014 3.459819484115252e-07 0.1987783083901908 3.318743458539622e-05 5.6668370037418045e-05 2.082575018927914e-05 0.01528381030866694 1.9229942488398406e-05 0.0033651504098626897 3.4421474617752243e-07 3.007972549204723e-05 2.3375533924936607e-05 2.8209977298462193e-05 0.00025503400506237767 0.005856481503186382 0.005916702136169882 0.009110086188018804 3.404639344324606e-07 3.4048599024042296e-07
40 3.841883415961374e-07 3.6723234797358505e-07 3.2038415127987476e-07 3.1324244400128076e-07 3.1076364742805763e-07 9.12956683725154e-06 3.1827663379614276e-07 0.6279227958057919 3.368312791336073e-07 1.1493592599029503e-06 3.593973693787797e-07 0.04283411551068014 3.459819484115252e-07 0.1987783083901908 3.318743458539622e-05 5.6668370037418045e-05 2.082575018927914e-05 0.01528381030866694 1.9229942488398406e-05 0.0033651504098626897 3.4421474617752243e-07 3.007972549204723e-05 2.3375533924936607e-05 2.8209977298462193e-05 0.00025503400506237767 0.005856481503186382 0.005916702136169882 0.009110086188018804 3.404639344324606e-07 3.4048599024042296e-07
41 3.841883415961374e-07 3.6723234797358505e-07 3.2038415127987476e-07 3.1324244400128076e-07 3.1076364742805763e-07 9.12956683725154e-06 3.1827663379614276e-07 0.6279227958057919 3.368312791336073e-07 1.1493592599029503e-06 3.593973693787797e-07 0.04283411551068014 3.459819484115252e-07 0.1987783083901908 3.318743458539622e-05 5.6668370037418045e-05 2.082575018927914e-05 0.01528381030866694 1.9229942488398406e-05 0.0033651504098626897 3.4421474617752243e-07 3.007972549204723e-05 2.3375533924936607e-05 2.8209977298462193e-05 0.00025503400506237767 0.005856481503186382 0.005916702136169882 0.009110086188018804 3.404639344324606e-07 3.4048599024042296e-07
42 3.841883415961374e-07 3.6723234797358505e-07 3.2038415127987476e-07 3.1324244400128076e-07 3.1076364742805763e-07 9.12956683725154e-06 3.1827663379614276e-07 0.6279227958057919 3.368312791336073e-07 1.1493592599029503e-06 3.593973693787797e-07 0.04283411551068014 3.459819484115252e-07 0.1987783083901908 3.318743458539622e-05 5.6668370037418045e-05 2.082575018927914e-05 0.01528381030866694 1.9229942488398406e-05 0.0033651504098626897 3.4421474617752243e-07 3.007972549204723e-05 2.3375533924936607e-05 2.8209977298462193e-05 0.00025503400506237767 0.005856481503186382 0.005916702136169882 0.009110086188018804 3.404639344324606e-07 3.4048599024042296e-07
43 3.841883415961374e-07 3.6723234797358505e-07 3.2038415127987476e-07 3.1324244400128076e-07 3.1076364742805763e-07 9.12956683725154e-06 3.1827663379614276e-07 0.6279227958057919 3.368312791336073e-07 1.1493592599029503e-06 3.593973693787797e-07 0.04283411551068014 3.459819484115252e-07 0.1987783083901908 3.318743458539622e-05 5.6668370037418045e-05 2.082575018927914e-05 0.01528381030866694 1.9229942488398406e-05 0.0033651504098626897 3.4421474617752243e-07 3.007972549204723e-05 2.3375533924936607e-05 2.8209977298462193e-05 0.00025503400506237767 0.005856481503186382 0.005916702136169882 0.009110086188018804 3.404639344324606e-07 3.4048599024042296e-07
44 3.841883415961374e-07 3.6723234797358505e-07 3.2038415127987476e-07 3.1324244400128076e-07 3.1076364742805763e-07 9.12956683725154e-06 3.1827663379614276e-07 0.6279227958057919 3.368312791336073e-07 1.1493592599029503e-06 3.593973693787797e-07 0.04283411551068014 3.459819484115252e-07 0.1987783083901908 3.318743458539622e-05 5.6668370037418045e-05 2.082575018927914e-05 0.01528381030866694 1.9229942488398406e-05 0.0033651504098626897 3.4421474617752243e-07 3.007972549204723e-05 2.3375533924936607e-05 2.8209977298462193e-05 0.00025503400506237767 0.005856481503186382 0.005916702136169882 0.009110086188018804 3.404639344324606e-07 3.4048599024042296e-07
45 1.2653106697734927e-06 1.1964792688128387e-06 1.2285117386791868e-06 1.021892322049364e-06 1.2241747519298733e-06 0.0909137076872284 1.2889078323604423e-06 0.4405753247064673 1.199711348355985e-06 0.06242935066216008 0.00048275659792772506 0.20036311491910963 1.2523380519189438e-06 0.00014431192991744228 0.0001862285381325623 0.00015710141807325298 4.029581048483188e-05 0.003906294003208875 1.010225607886128e-05 0.0023277416439445218 1.5488865465232e-06 1.641175876420431e-05 2.2246632973902334e-06 1.2235714030742548e-05 3.678501750960992e-05 0.003743879130675825 0.0007600530004232455 0.0018366016042628457 1.3016260073254264e-06 1.1963347722830664e-06
46 1.2653106697734927e-06 1.1964792688128387e-06 1.2285117386791868e-06 1.021892322049364e-06 1.2241747519298733e-06 0.0909137076872284 1.2889078323604423e-06 0.4405753247064673 1.199711348355985e-06 0.06242935066216008 0.00048275659792772506 0.20036311491910963 1.2523380519189438e-06 0.00014431192991744228 0.0001862285381325623 0.00015710141807325298 4.029581048483188e-05 0.003906294003208875 1.010225607886128e-05 0.0023277416439445218 1.5488865465232e-06 1.641175876420431e-05 2.2246632973902334e-06 1.2235714030742548e-05 3.678501750960992e-05 0.003743879130675825 0.0007600530004232455 0.0018366016042628457 1.3016260073254264e-06 1.1963347722830664e-06
47 1.2653106697734927e-06 1.1964792688128387e-06 1.2285117386791868e-06 1.021892322049364e-06 1.2241747519298733e-06 0.0909137076872284 1.2889078323604423e-06 0.4405753247064673 1.199711348355985e-06 0.06242935066216008 0.00048275659792772506 0.20036311491910963 1.2523380519189438e-06 0.00014431192991744228 0.0001862285381325623 0.00015710141807325298 4.029581048483188e-05 0.003906294003208875 1.010225607886128e-05 0.0023277416439445218 1.5488865465232e-06 1.641175876420431e-05 2.2246632973902334e-06 1.2235714030742548e-05 3.678501750960992e-05 0.003743879130675825 0.0007600530004232455 0.0018366016042628457 1.3016260073254264e-06 1.1963347722830664e-06
48 1.2653106697734927e-06 1.1964792688128387e-06 1.2285117386791868e-06 1.021892322049364e-06 1.2241747519298733e-06 0.0909137076872284 1.2889078323604423e-06 0.4405753247064673 1.199711348355985e-06 0.06242935066216008 0.00048275659792772506 0.20036311491910963 1.2523380519189438e-06 0.00014431192991744228 0.0001862285381325623 0.00015710141807325298 4.029581048483188e-05 0.003906294003208875 1.010225607886128e-05 0.0023277416439445218 1.5488865465232e-06 1.641175876420431e-05 2.2246632973902334e-06 1.2235714030742548e-05 3.678501750960992e-05 0.003743879130675825 0.0007600530004232455 0.0018366016042628457 1.3016260073254264e-06 1.1963347722830664e-06
49 1.2653106697734927e-06 1.1964792688128387e-06 1.2285117386791868e-06 1.021892322049364e-06 1.2241747519298733e-06 0.0909137076872284 1.2889078323604423e-06 0.4405753247064673 1.199711348355985e-06 0.06242935066216008 0.00048275659792772506 0.20036311491910963 1.2523380519189438e-06 0.00014431192991744228 0.0001862285381325623 0.00015710141807325298 4.029581048483188e-05 0.003906294003208875 1.010225607886128e-05 0.0023277416439445218 1.5488865465232e-06 1.641175876420431e-05 2.2246632973902334e-06 1.2235714030742548e-05 3.678501750960992e-05 0.003743879130675825 0.0007600530004232455 0.0018366016042628457 1.3016260073254264e-06 1.1963347722830664e-06
50 1.2653106697734927e-06 1.1964792688128387e-06 1.2285117386791868e-06 1.021892322049364e-06 1.2241747519298733e-06 0.0909137076872284 1.2889078323604423e-06 0.4405753247064673 1.199711348355985e-06 0.06242935066216008 0.00048275659792772506 0.20036311491910963 1.2523380519189438e-06 0.00014431192991744228 0.0001862285381325623 0.00015710141807325298 4.029581048483188e-05 0.003906294003208875 1.010225607886128e-05 0.0023277416439445218 1.5488865465232e-06 1.641175876420431e-05 2.2246632973902334e-06 1.2235714030742548e-05 3.678501750960992e-05 0.003743879130675825 0.0007600530004232455 0.0018366016042628457 1.3016260073254264e-06 1.1963347722830664e-06
51 1.2653106697734927e-06 1.1964792688128387e-06 1.2285117386791868e-06 1.021892322049364e-06 1.2241747519298733e-06 0.0909137076872284 1.2889078323604423e-06 0.4405753247064673 1.199711348355985e-06 0.06242935066216008 0.00048275659792772506 0.20036311491910963 1.2523380519189438e-06 0.00014431192991744228 0.0001862285381325623 0.00015710141807325298 4.029581048483188e-05 0.003906294003208875 1.010225607886128e-05 0.0023277416439445218 1.5488865465232e-06 1.641175876420431e-05 2.2246632973902334e-06 1.2235714030742548e-05 3.678501750960992e-05 0.003743879130675825 0.0007600530004232455 0.0018366016042628457 1.3016260073254264e-06 1.1963347722830664e-06
52 1.2653106697734927e-06 1.1964792688128387e-06 1.2285117386791868e-06 1.021892322049364e-06 1.2241747519298733e-06 0.0909137076872284 1.2889078323604423e-06 0.4405753247064673 1.199711348355985e-06 0.06242935066216008 0.00048275659792772506 0.20036311491910963 1.2523380519189438e-06 0.00014431192991744228 0.0001862285381325623 0.00015710141807325298 4.029581048483188e-05 0.003906294003208875 1.010225607886128e-05 0.0023277416439445218 1.5488865465232e-06 1.641175876420431e-05 2.2246632973902334e-06 1.2235714030742548e-05 3.678501750960992e-05 0.003743879130675825 0.0007600530004232455 0.0018366016042628457 1.3016260073254264e-06 1.1963347722830664e-06
53 1.2653106697734927e-06 1.1964792688128387e-06 1.2285117386791868e-06 1.021892322049364e-06 1.2241747519298733e-06 0.0909137076872284 1.2889078323604423e-06 0.4405753247064673 1.199711348355985e-06 0.06242935066216008 0.00048275659792772506 0.20036311491910963 1.2523380519189438e-06 0.00014431192991744228 0.0001862285381325623 0.00015710141807325298 4.029581048483188e-05 0.003906294003208875 1.010225607886128e-05 0.0023277416439445218 1.5488865465232e-06 1.641175876420431e-05 2.2246632973902334e-06 1.2235714030742548e-05 3.678501750960992e-05 0.003743879130675825 0.0007600530004232455 0.0018366016042628457 1.3016260073254264e-06 1.1963347722830664e-06
54 1.2653106697734927e-06 1.1964792688128387e-06 1.2285117386791868e-06 1.021892322049364e-06 1.2241747519298733e-06 0.0909137076872284 1.2889078323604423e-06 0.4405753247064673 1.199711348355985e-06 0.06242935066216008 0.00048275659792772506 0.20036311491910963 1.2523380519189438e-06 0.00014431192991744228 0.0001862285381325623 0.00015710141807325298 4.029581048483188e-05 0.003906294003208875 1.010225607886128e-05 0.0023277416439445218 1.5488865465232e-06 1.641175876420431e-05 2.2246632973902334e-06 1.2235714030742548e-05 3.678501750960992e-05 0.003743879130675825 0.0007600530004232455 0.0018366016042628457 1.3016260073254264e-06 1.1963347722830664e-06
55 1.2653106697734927e-06 1.1964792688128387e-06 1.2285117386791868e-06 1.021892322049364e-06 1.2241747519298733e-06 0.0909137076872284 1.2889078323604423e-06 0.4405753247064673 1.199711348355985e-06 0.06242935066216008 0.00048275659792772506 0.20036311491910963 1.2523380519189438e-06 0.00014431192991744228 0.0001862285381325623 0.00015710141807325298 4.029581048483188e-05 0.003906294003208875 1.010225607886128e-05 0.0023277416439445218 1.5488865465232e-06 1.641175876420431e-05 2.2246632973902334e-06 1.2235714030742548e-05 3.678501750960992e-05 0.003743879130675825 0.0007600530004232455 0.0018366016042628457 1.3016260073254264e-06 1.1963347722830664e-06
56 1.2653106697734927e-06 1.1964792688128387e-06 1.2285117386791868e-06 1.021892322049364e-06 1.2241747519298733e-06 0.0909137076872284 1.2889078323604423e-06 0.4405753247064673 1.199711348355985e-06 0.06242935066216008 0.00048275659792772506 0.20036311491910963 1.2523380519189438e-06 0.00014431192991744228 0.0001862285381325623 0.00015710141807325298 4.029581048483188e-05 0.003906294003208875 1.010225607886128e-05 0.0023277416439445218 1.5488865465232e-06 1.641175876420431e-05 2.2246632973902334e-06 1.2235714030742548e-05 3.678501750960992e-05 0.003743879130675825 0.0007600530004232455 0.0018366016042628457 1.3016260073254264e-06 1.1963347722830664e-06
57 1.2653106697734927e-06 1.1964792688128387e-06 1.2285117386791868e-06 1.021892322049364e-06 1.2241747519298733e-06 0.0909137076872284 1.2889078323604423e-06 0.4405753247064673 1.199711348355985e-06 0.06242935066216008 0.00048275659792772506 0.20036311491910963 1.2523380519189438e-06 0.00014431192991744228 0.0001862285381325623 0.00015710141807325298 4.029581048483188e-05 0.003906294003208875 1.010225607886128e-05 0.0023277416439445218 1.5488865465232e-06 1.641175876420431e-05 2.2246632973902334e-06 1.2235714030742548e-05 3.678501750960992e-05 0.003743879130675825 0.0007600530004232455 0.0018366016042628457 1.3016260073254264e-06 1.1963347722830664e-06
58 1.2653106697734927e-06 1.1964792688128387e-06 1.2285117386791868e-06 1.021892322049364e-06 1.2241747519298733e-06 0.0909137076872284 1.2889078323604423e-06 0.4405753247064673 1.199711348355985e-06 0.06242935066216008 0.00048275659792772506 0.20036311491910963 1.2523380519189438e-06 0.00014431192991744228 0.0001862285381325623 0.00015710141807325298 4.029581048483188e-05 0.003906294003208875 1.010225607886128e-05 0.0023277416439445218 1.5488865465232e-06 1.641175876420431e-05 2.2246632973902334e-06 1.2235714030742548e-05 3.678501750960992e-05 0.003743879130675825 0.0007600530004232455 0.0018366016042628457 1.3016260073254264e-06 1.1963347722830664e-06
59 1.2653106697734927e-06 1.1964792688128387e-06 1.2285117386791868e-06 1.021892322049364e-06 1.2241747519298733e-06 0.0909137076872284 1.2889078323604423e-06 0.4405753247064673 1.199711348355985e-06 0.06242935066216008 0.00048275659792772506 0.20036311491910963 1.2523380519189438e-06 0.00014431192991744228 0.0001862285381325623 0.00015710141807325298 4.029581048483188e-05 0.003906294003208875 1.010225607886128e-05 0.0023277416439445218 1.5488865465232e-06 1.641175876420431e-05 2.2246632973902334e-06 1.2235714030742548e-05 3.678501750960992e-05 0.003743879130675825 0.0007600530004232455 0.0018366016042628457 1.3016260073254264e-06 1.1963347722830664e-06
60 1.2653106697734927e-06 1.1964792688128387e-06 1.2285117386791868e-06 1.021892322049364e-06 1.2241747519298733e-06 0.0909137076872284 1.2889078323604423e-06 0.4405753247064673 1.199711348355985e-06 0.06242935066216008 0.00048275659792772506 0.20036311491910963 1.2523380519189438e-06 0.00014431192991744228 0.0001862285381325623 0.00015710141807325298 4.029581048483188e-05 0.003906294003208875 1.010225607886128e-05 0.0023277416439445218 1.5488865465232e-06 1.641175876420431e-05 2.2246632973902334e-06 1.2235714030742548e-05 3.678501750960992e-05 0.003743879130675825 0.0007600530004232455 0.0018366016042628457 1.3016260073254264e-06 1.1963347722830664e-06
61 1.2653106697734927e-06 1.1964792688128387e-06 1.2285117386791868e-06 1.021892322049364e-06 1.2241747519298733e-06 0.0909137076872284 1.2889078323604423e-06 0.4405753247064673 1.199711348355985e-06 0.06242935066216008 0.00048275659792772506 0.20036311491910963 1.2523380519189438e-06 0.00014431192991744228 0.0001862285381325623 0.00015710141807325298 4.029581048483188e-05 0.003906294003208875 1.010225607886128e-05 0.0023277416439445218 1.5488865465232e-06 1.641175876420431e-05 2.2246632973902334e-06 1.2235714030742548e-05 3.678501750960992e-05 0.003743879130675825 0.0007600530004232455 0.0018366016042628457 1.3016260073254264e-06 1.1963347722830664e-06
62 1.2653106697734927e-06 1.1964792688128387e-06 1.2285117386791868e-06 1.021892322049364e-06 1.2241747519298733e-06 0.0909137076872284 1.2889078323604423e-06 0.4405753247064673 1.199711348355985e-06 0.06242935066216008 0.00048275659792772506 0.20036311491910963 1.2523380519189438e-06 0.00014431192991744228 0.0001862285381325623 0.00015710141807325298 4.029581048483188e-05 0.003906294003208875 1.010225607886128e-05 0.0023277416439445218 1.5488865465232e-06 1.641175876420431e-05 2.2246632973902334e-06 1.2235714030742548e-05 3.678501750960992e-05 0.003743879130675825 0.0007600530004232455 0.0018366016042628457 1.3016260073254264e-06 1.1963347722830664e-06
63 1.2653106697734927e-06 1.1964792688128387e-06 1.2285117386791868e-06 1.021892322049364e-06 1.2241747519298733e-06 0.0909137076872284 1.2889078323604423e-06 0.4405753247064673 1.199711348355985e-06 0.06242935066216008 0.00048275659792772506 0.20036311491910963 1.2523380519189438e-06 0.00014431192991744228 0.0001862285381325623 0.00015710141807325298 4.029581048483188e-05 0.003906294003208875 1.010225607886128e-05 0.0023277416439445218 1.5488865465232e-06 1.641175876420431e-05 2.2246632973902334e-06 1.2235714030742548e-05 3.678501750960992e-05 0.003743879130675825 0.0007600530004232455 0.0018366016042628457 1.3016260073254264e-06 1.1963347722830664e-06
64 1.2653106697734927e-06 1.1964792688128387e-06 1.2285117386791868e-06 1.021892322049364e-06 1.2241747519298733e-06 0.0909137076872284 1.2889078323604423e-06 0.4405753247064673 1.199711348355985e-06 0.06242935066216008 0.00048275659792772506 0.20036311491910963 1.2523380519189438e-06 0.00014431192991744228 0.0001862285381325623 0.00015710141807325298 4.029581048483188e-05 0.003906294003208875 1.010225607886128e-05 0.0023277416439445218 1.5488865465232e-06 1.641175876420431e-05 2.2246632973902334e-06 1.2235714030742548e-05 3.678501750960992e-05 0.003743879130675825 0.0007600530004232455 0.0018366016042628457 1.3016260073254264e-06 1.1963347722830664e-06
65 1.2653106697734927e-06 1.1964792688128387e-06 1.2285117386791868e-06 1.021892322049364e-06 1.2241747519298733e-06 0.0909137076872284 1.2889078323604423e-06 0.4405753247064673 1.199711348355985e-06 0.06242935066216008 0.00048275659792772506 0.20036311491910963 1.2523380519189438e-06 0.00014431192991744228 0.0001862285381325623 0.00015710141807325298 4.029581048483188e-05 0.003906294003208875 1.010225607886128e-05 0.0023277416439445218 1.5488865465232e-06 1.641175876420431e-05 2.2246632973902334e-06 1.2235714030742548e-05 3.678501750960992e-05 0.003743879130675825 0.0007600530004232455 0.0018366016042628457 1.3016260073254264e-06 1.1963347722830664e-06
66 1.2653106697734927e-06 1.1964792688128387e-06 1.2285117386791868e-06 1.021892322049364e-06 1.2241747519298733e-06 0.0909137076872284 1.2889078323604423e-06 0.4405753247064673 1.199711348355985e-06 0.06242935066216008 0.00048275659792772506 0.20036311491910963 1.2523380519189438e-06 0.00014431192991744228 0.0001862285381325623 0.00015710141807325298 4.029581048483188e-05 0.003906294003208875 1.010225607886128e-05 0.0023277416439445218 1.5488865465232e-06 1.641175876420431e-05 2.2246632973902334e-06 1.2235714030742548e-05 3.678501750960992e-05 0.003743879130675825 0.0007600530004232455 0.0018366016042628457 1.3016260073254264e-06 1.1963347722830664e-06
67 1.2653106697734927e-06 1.1964792688128387e-06 1.2285117386791868e-06 1.021892322049364e-06 1.2241747519298733e-06 0.0909137076872284 1.2889078323604423e-06 0.4405753247064673 1.199711348355985e-06 0.06242935066216008 0.00048275659792772506 0.20036311491910963 1.2523380519189438e-06 0.00014431192991744228 0.0001862285381325623 0.00015710141807325298 4.029581048483188e-05 0.003906294003208875 1.010225607886128e-05 0.0023277416439445218 1.5488865465232e-06 1.641175876420431e-05 2.2246632973902334e-06 1.2235714030742548e-05 3.678501750960992e-05 0.003743879130675825 0.0007600530004232455 0.0018366016042628457 1.3016260073254264e-06 1.1963347722830664e-06
68 7.585003204192268e-07 7.654752617955219e-07 7.603964773829194e-07 6.985097583995401e-07 7.562957733202678e-07 0.055623181776724075 7.741692318750885e-07 0.5015286488876778 7.780079922258596e-07 0.041238494413222714 0.0003245100001022954 0.16970505689868892 7.497526060830569e-07 9.14904393932272e-05 0.00011362073438704185 9.533593493604615e-05 2.5480281615134014e-05 0.0023910514148930383 6.564009326537891e-06 0.0004936275944144486 8.921375593579427e-07 1.0897522300378448e-05 1.3608448460418276e-06 7.711990751823465e-06 2.239320484564981e-05 0.0026404985544390505 0.0004731002987292463 0.0012781636320905235 7.746819548438315e-07 7.56626337216822e-07
69 7.585003204192268e-07 7.654752617955219e-07 7.603964773829194e-07 6.985097583995401e-07 7.562957733202678e-07 0.055623181776724075 7.741692318750885e-07 0.5015286488876778 7.780079922258596e-07 0.041238494413222714 0.0003245100001022954 0.16970505689868892 7.497526060830569e-07 9.14904393932272e-05 0.00011362073438704185 9.533593493604615e-05 2.5480281615134014e-05 0.0023910514148930383 6.564009326537891e-06 0.0004936275944144486 8.921375593579427e-07 1.0897522300378448e-05 1.3608448460418276e-06 7.711990751823465e-06 2.239320484564981e-05 0.0026404985544390505 0.0004731002987292463 0.0012781636320905235 7.746819548438315e-07 7.56626337216822e-07
70 7.585003204192268e-07 7.654752617955219e-07 7.603964773829194e-07 6.985097583995401e-07 7.562957733202678e-07 0.055623181776724075 7.741692318750885e-07 0.5015286488876778 7.780079922258596e-07 0.041238494413222714 0.0003245100001022954 0.16970505689868892 7.497526060830569e-07 9.14904393932272e-05 0.00011362073438704185 9.533593493604615e-05 2.5480281615134014e-05 0.0023910514148930383 6.564009326537891e-06 0.0004936275944144486 8.921375593579427e-07 1.0897522300378448e-05 1.3608448460418276e-06 7.711990751823465e-06 2.239320484564981e-05 0.0026404985544390505 0.0004731002987292463 0.0012781636320905235 7.746819548438315e-07 7.56626337216822e-07
71 7.585003204192268e-07 7.654752617955219e-07 7.603964773829194e-07 6.985097583995401e-07 7.562957733202678e-07 0.055623181776724075 7.741692318750885e-07 0.5015286488876778 7.780079922258596e-07 0.041238494413222714 0.0003245100001022954 0.16970505689868892 7.497526060830569e-07 9.14904393932272e-05 0.00011362073438704185 9.533593493604615e-05 2.5480281615134014e-05 0.0023910514148930383 6.564009326537891e-06 0.0004936275944144486 8.921375593579427e-07 1.0897522300378448e-05 1.3608448460418276e-06 7.711990751823465e-06 2.239320484564981e-05 0.0026404985544390505 0.0004731002987292463 0.0012781636320905235 7.746819548438315e-07 7.56626337216822e-07
72 7.585003204192268e-07 7.654752617955219e-07 7.603964773829194e-07 6.985097583995401e-07 7.562957733202678e-07 0.055623181776724075 7.741692318750885e-07 0.5015286488876778 7.780079922258596e-07 0.041238494413222714 0.0003245100001022954 0.16970505689868892 7.497526060830569e-07 9.14904393932272e-05 0.00011362073438704185 9.533593493604615e-05 2.5480281615134014e-05 0.0023910514148930383 6.564009326537891e-06 0.0004936275944144486 8.921375593579427e-07 1.0897522300378448e-05 1.3608448460418276e-06 7.711990751823465e-06 2.239320484564981e-05 0.0026404985544390505 0.0004731002987292463 0.0012781636320905235 7.746819548438315e-07 7.56626337216822e-07
73 7.585003204192268e-07 7.654752617955219e-07 7.603964773829194e-07 6.985097583995401e-07 7.562957733202678e-07 0.055623181776724075 7.741692318750885e-07 0.5015286488876778 7.780079922258596e-07 0.041238494413222714 0.0003245100001022954 0.16970505689868892 7.497526060830569e-07 9.14904393932272e-05 0.00011362073438704185 9.533593493604615e-05 2.5480281615134014e-05 0.0023910514148930383 6.564009326537891e-06 0.0004936275944144486 8.921375593579427e-07 1.0897522300378448e-05 1.3608448460418276e-06 7.711990751823465e-06 2.239320484564981e-05 0.0026404985544390505 0.0004731002987292463 0.0012781636320905235 7.746819548438315e-07 7.56626337216822e-07
74 7.585003204192268e-07 7.654752617955219e-07 7.603964773829194e-07 6.985097583995401e-07 7.562957733202678e-07 0.055623181776724075 7.741692318750885e-07 0.5015286488876778 7.780079922258596e-07 0.041238494413222714 0.0003245100001022954 0.16970505689868892 7.497526060830569e-07 9.14904393932272e-05 0.00011362073438704185 9.533593493604615e-05 2.5480281615134014e-05 0.0023910514148930383 6.564009326537891e-06 0.0004936275944144486 8.921375593579427e-07 1.0897522300378448e-05 1.3608448460418276e-06 7.711990751823465e-06 2.239320484564981e-05 0.0026404985544390505 0.0004731002987292463 0.0012781636320905235 7.746819548438315e-07 7.56626337216822e-07
75 7.585003204192268e-07 7.654752617955219e-07 7.603964773829194e-07 6.985097583995401e-07 7.562957733202678e-07 0.055623181776724075 7.741692318750885e-07 0.5015286488876778 7.780079922258596e-07 0.041238494413222714 0.0003245100001022954 0.16970505689868892 7.497526060830569e-07 9.14904393932272e-05 0.00011362073438704185 9.533593493604615e-05 2.5480281615134014e-05 0.0023910514148930383 6.564009326537891e-06 0.0004936275944144486 8.921375593579427e-07 1.0897522300378448e-05 1.3608448460418276e-06 7.711990751823465e-06 2.239320484564981e-05 0.0026404985544390505 0.0004731002987292463 0.0012781636320905235 7.746819548438315e-07 7.56626337216822e-07
76 7.585003204192268e-07 7.654752617955219e-07 7.603964773829194e-07 6.985097583995401e-07 7.562957733202678e-07 0.055623181776724075 7.741692318750885e-07 0.5015286488876778 7.780079922258596e-07 0.041238494413222714 0.0003245100001022954 0.16970505689868892 7.497526060830569e-07 9.14904393932272e-05 0.00011362073438704185 9.533593493604615e-05 2.5480281615134014e-05 0.0023910514148930383 6.564009326537891e-06 0.0004936275944144486 8.921375593579427e-07 1.0897522300378448e-05 1.3608448460418276e-06 7.711990751823465e-06 2.239320484564981e-05 0.0026404985544390505 0.0004731002987292463 0.0012781636320905235 7.746819548438315e-07 7.56626337216822e-07
77 7.585003204192268e-07 7.654752617955219e-07 7.603964773829194e-07 6.985097583995401e-07 7.562957733202678e-07 0.055623181776724075 7.741692318750885e-07 0.5015286488876778 7.780079922258596e-07 0.041238494413222714 0.0003245100001022954 0.16970505689868892 7.497526060830569e-07 9.14904393932272e-05 0.00011362073438704185 9.533593493604615e-05 2.5480281615134014e-05 0.0023910514148930383 6.564009326537891e-06 0.0004936275944144486 8.921375593579427e-07 1.0897522300378448e-05 1.3608448460418276e-06 7.711990751823465e-06 2.239320484564981e-05 0.0026404985544390505 0.0004731002987292463 0.0012781636320905235 7.746819548438315e-07 7.56626337216822e-07
78 7.585003204192268e-07 7.654752617955219e-07 7.603964773829194e-07 6.985097583995401e-07 7.562957733202678e-07 0.055623181776724075 7.741692318750885e-07 0.5015286488876778 7.780079922258596e-07 0.041238494413222714 0.0003245100001022954 0.16970505689868892 7.497526060830569e-07 9.14904393932272e-05 0.00011362073438704185 9.533593493604615e-05 2.5480281615134014e-05 0.0023910514148930383 6.564009326537891e-06 0.0004936275944144486 8.921375593579427e-07 1.0897522300378448e-05 1.3608448460418276e-06 7.711990751823465e-06 2.239320484564981e-05 0.0026404985544390505 0.0004731002987292463 0.0012781636320905235 7.746819548438315e-07 7.56626337216822e-07
79 7.585003204192268e-07 7.654752617955219e-07 7.603964773829194e-07 6.985097583995401e-07 7.562957733202678e-07 0.055623181776724075 7.741692318750885e-07 0.5015286488876778 7.780079922258596e-07 0.041238494413222714 0.0003245100001022954 0.16970505689868892 7.497526060830569e-07 9.14904393932272e-05 0.00011362073438704185 9.533593493604615e-05 2.5480281615134014e-05 0.0023910514148930383 6.564009326537891e-06 0.0004936275944144486 8.921375593579427e-07 1.0897522300378448e-05 1.3608448460418276e-06 7.711990751823465e-06 2.239320484564981e-05 0.0026404985544390505 0.0004731002987292463 0.0012781636320905235 7.746819548438315e-07 7.56626337216822e-07
80 7.585003204192268e-07 7.654752617955219e-07 7.603964773829194e-07 6.985097583995401e-07 7.562957733202678e-07 0.055623181776724075 7.741692318750885e-07 0.5015286488876778 7.780079922258596e-07 0.041238494413222714 0.0003245100001022954 0.16970505689868892 7.497526060830569e-07 9.14904393932272e-05 0.00011362073438704185 9.533593493604615e-05 2.5480281615134014e-05 0.0023910514148930383 6.564009326537891e-06 0.0004936275944144486 8.921375593579427e-07 1.0897522300378448e-05 1.3608448460418276e-06 7.711990751823465e-06 2.239320484564981e-05 0.0026404985544390505 0.0004731002987292463 0.0012781636320905235 7.746819548438315e-07 7.56626337216822e-07
81 7.585003204192268e-07 7.654752617955219e-07 7.603964773829194e-07 6.985097583995401e-07 7.562957733202678e-07 0.055623181776724075 7.741692318750885e-07 0.5015286488876778 7.780079922258596e-07 0.041238494413222714 0.0003245100001022954 0.16970505689868892 7.497526060830569e-07 9.14904393932272e-05 0.00011362073438704185 9.533593493604615e-05 2.5480281615134014e-05 0.0023910514148930383 6.564009326537891e-06 0.0004936275944144486 8.921375593579427e-07 1.0897522300378448e-05 1.3608448460418276e-06 7.711990751823465e-06 2.239320484564981e-05 0.0026404985544390505 0.0004731002987292463 0.0012781636320905235 7.746819548438315e-07 7.56626337216822e-07
82 7.585003204192268e-07 7.654752617955219e-07 7.603964773829194e-07 6.985097583995401e-07 7.562957733202678e-07 0.055623181776724075 7.741692318750885e-07 0.5015286488876778 7.780079922258596e-07 0.041238494413222714 0.0003245100001022954 0.16970505689868892 7.497526060830569e-07 9.14904393932272e-05 0.00011362073438704185 9.533593493604615e-05 2.5480281615134014e-05 0.0023910514148930383 6.564009326537891e-06 0.0004936275944144486 8.921375593579427e-07 1.0897522300378448e-05 1.3608448460418276e-06 7.711990751823465e-06 2.239320484564981e-05 0.0026404985544390505 0.0004731002987292463 0.0012781636320905235 7.746819548438315e-07 7.56626337216822e-07
83 7.585003204192268e-07 7.654752617955219e-07 7.603964773829194e-07 6.985097583995401e-07 7.562957733202678e-07 0.055623181776724075 7.741692318750885e-07 0.5015286488876778 7.780079922258596e-07 0.041238494413222714 0.0003245100001022954 0.16970505689868892 7.497526060830569e-07 9.14904393932272e-05 0.00011362073438704185 9.533593493604615e-05 2.5480281615134014e-05 0.0023910514148930383 6.564009326537891e-06 0.0004936275944144486 8.921375593579427e-07 1.0897522300378448e-05 1.3608448460418276e-06 7.711990751823465e-06 2.239320484564981e-05 0.0026404985544390505 0.0004731002987292463 0.0012781636320905235 7.746819548438315e-07 7.56626337216822e-07
84 7.585003204192268e-07 7.654752617955219e-07 7.603964773829194e-07 6.985097583995401e-07 7.562957733202678e-07 0.055623181776724075 7.741692318750885e-07 0.5015286488876778 7.780079922258596e-07 0.041238494413222714 0.0003245100001022954 0.16970505689868892 7.497526060830569e-07 9.14904393932272e-05 0.00011362073438704185 9.533593493604615e-05 2.5480281615134014e-05 0.0023910514148930383 6.564009326537891e-06 0.0004936275944144486 8.921375593579427e-07 1.0897522300378448e-05 1.3608448460418276e-06 7.711990751823465e-06 2.239320484564981e-05 0.0026404985544390505 0.0004731002987292463 0.0012781636320905235 7.746819548438315e-07 7.56626337216822e-07
85 7.585003204192268e-07 7.654752617955219e-07 7.603964773829194e-07 6.985097583995401e-07 7.562957733202678e-07 0.055623181776724075 7.741692318750885e-07 0.5015286488876778 7.780079922258596e-07 0.041238494413222714 0.0003245100001022954 0.16970505689868892 7.497526060830569e-07 9.14904393932272e-05 0.00011362073438704185 9.533593493604615e-05 2.5480281615134014e-05 0.0023910514148930383 6.564009326537891e-06 0.0004936275944144486 8.921375593579427e-07 1.0897522300378448e-05 1.3608448460418276e-06 7.711990751823465e-06 2.239320484564981e-05 0.0026404985544390505 0.0004731002987292463 0.0012781636320905235 7.746819548438315e-07 7.56626337216822e-07
86 7.585003204192268e-07 7.654752617955219e-07 7.603964773829194e-07 6.985097583995401e-07 7.562957733202678e-07 0.055623181776724075 7.741692318750885e-07 0.5015286488876778 7.780079922258596e-07 0.041238494413222714 0.0003245100001022954 0.16970505689868892 7.497526060830569e-07 9.14904393932272e-05 0.00011362073438704185 9.533593493604615e-05 2.5480281615134014e-05 0.0023910514148930383 6.564009326537891e-06 0.0004936275944144486 8.921375593579427e-07 1.0897522300378448e-05 1.3608448460418276e-06 7.711990751823465e-06 2.239320484564981e-05 0.0026404985544390505 0.0004731002987292463 0.0012781636320905235 7.746819548438315e-07 7.56626337216822e-07
87 7.585003204192268e-07 7.654752617955219e-07 7.603964773829194e-07 6.985097583995401e-07 7.562957733202678e-07 0.055623181776724075 7.741692318750885e-07 0.5015286488876778 7.780079922258596e-07 0.041238494413222714 0.0003245100001022954 0.16970505689868892 7.497526060830569e-07 9.14904393932272e-05 0.00011362073438704185 9.533593493604615e-05 2.5480281615134014e-05 0.0023910514148930383 6.564009326537891e-06 0.0004936275944144486 8.921375593579427e-07 1.0897522300378448e-05 1.3608448460418276e-06 7.711990751823465e-06 2.239320484564981e-05 0.0026404985544390505 0.0004731002987292463 0.0012781636320905235 7.746819548438315e-07 7.56626337216822e-07
88 7.585003204192268e-07 7.654752617955219e-07 7.603964773829194e-07 6.985097583995401e-07 7.562957733202678e-07 0.055623181776724075 7.741692318750885e-07 0.5015286488876778 7.780079922258596e-07 0.041238494413222714 0.0003245100001022954 0.16970505689868892 7.497526060830569e-07 9.14904393932272e-05 0.00011362073438704185 9.533593493604615e-05 2.5480281615134014e-05 0.0023910514148930383 6.564009326537891e-06 0.0004936275944144486 8.921375593579427e-07 1.0897522300378448e-05 1.3608448460418276e-06 7.711990751823465e-06 2.239320484564981e-05 0.0026404985544390505 0.0004731002987292463 0.0012781636320905235 7.746819548438315e-07 7.56626337216822e-07
89 7.585003204192268e-07 7.654752617955219e-07 7.603964773829194e-07 6.985097583995401e-07 7.562957733202678e-07 0.055623181776724075 7.741692318750885e-07 0.5015286488876778 7.780079922258596e-07 0.041238494413222714 0.0003245100001022954 0.16970505689868892 7.497526060830569e-07 9.14904393932272e-05 0.00011362073438704185 9.533593493604615e-05 2.5480281615134014e-05 0.0023910514148930383 6.564009326537891e-06 0.0004936275944144486 8.921375593579427e-07 1.0897522300378448e-05 1.3608448460418276e-06 7.711990751823465e-06 2.239320484564981e-05 0.0026404985544390505 0.0004731002987292463 0.0012781636320905235 7.746819548438315e-07 7.56626337216822e-07
90 7.585003204192268e-07 7.654752617955219e-07 7.603964773829194e-07 6.985097583995401e-07 7.562957733202678e-07 0.055623181776724075 7.741692318750885e-07 0.5015286488876778 7.780079922258596e-07 0.041238494413222714 0.0003245100001022954 0.16970505689868892 7.497526060830569e-07 9.14904393932272e-05 0.00011362073438704185 9.533593493604615e-05 2.5480281615134014e-05 0.0023910514148930383 6.564009326537891e-06 0.0004936275944144486 8.921375593579427e-07 1.0897522300378448e-05 1.3608448460418276e-06 7.711990751823465e-06 2.239320484564981e-05 0.0026404985544390505 0.0004731002987292463 0.0012781636320905235 7.746819548438315e-07 7.56626337216822e-07
91 7.585003204192268e-07 7.654752617955219e-07 7.603964773829194e-07 6.985097583995401e-07 7.562957733202678e-07 0.055623181776724075 7.741692318750885e-07 0.5015286488876778 7.780079922258596e-07 0.041238494413222714 0.0003245100001022954 0.16970505689868892 7.497526060830569e-07 9.14904393932272e-05 0.00011362073438704185 9.533593493604615e-05 2.5480281615134014e-05 0.0023910514148930383 6.564009326537891e-06 0.0004936275944144486 8.921375593579427e-07 1.0897522300378448e-05 1.3608448460418276e-06 7.711990751823465e-06 2.239320484564981e-05 0.0026404985544390505 0.0004731002987292463 0.0012781636320905235 7.746819548438315e-07 7.56626337216822e-07
92 7.585003204192268e-07 7.654752617955219e-07 7.603964773829194e-07 6.985097583995401e-07 7.562957733202678e-07 0.055623181776724075 7.741692318750885e-07 0.5015286488876778 7.780079922258596e-07 0.041238494413222714 0.0003245100001022954 0.16970505689868892 7.497526060830569e-07 9.14904393932272e-05 0.00011362073438704185 9.533593493604615e-05 2.5480281615134014e-05 0.0023910514148930383 6.564009326537891e-06 0.0004936275944144486 8.921375593579427e-07 1.0897522300378448e-05 1.3608448460418276e-06 7.711990751823465e-06 2.239320484564981e-05 0.0026404985544390505 0.0004731002987292463 0.0012781636320905235 7.746819548438315e-07 7.56626337216822e-07
93 7.585003204192268e-07 7.654752617955219e-07 7.603964773829194e-07 6.985097583995401e-07 7.562957733202678e-07 0.055623181776724075 7.741692318750885e-07 0.5015286488876778 7.780079922258596e-07 0.041238494413222714 0.0003245100001022954 0.16970505689868892 7.497526060830569e-07 9.14904393932272e-05 0.00011362073438704185 9.533593493604615e-05 2.5480281615134014e-05 0.0023910514148930383 6.564009326537891e-06 0.0004936275944144486 8.921375593579427e-07 1.0897522300378448e-05 1.3608448460418276e-06 7.711990751823465e-06 2.239320484564981e-05 0.0026404985544390505 0.0004731002987292463 0.0012781636320905235 7.746819548438315e-07 7.56626337216822e-07
94 7.585003204192268e-07 7.654752617955219e-07 7.603964773829194e-07 6.985097583995401e-07 7.562957733202678e-07 0.055623181776724075 7.741692318750885e-07 0.5015286488876778 7.780079922258596e-07 0.041238494413222714 0.0003245100001022954 0.16970505689868892 7.497526060830569e-07 9.14904393932272e-05 0.00011362073438704185 9.533593493604615e-05 2.5480281615134014e-05 0.0023910514148930383 6.564009326537891e-06 0.0004936275944144486 8.921375593579427e-07 1.0897522300378448e-05 1.3608448460418276e-06 7.711990751823465e-06 2.239320484564981e-05 0.0026404985544390505 0.0004731002987292463 0.0012781636320905235 7.746819548438315e-07 7.56626337216822e-07
95 7.585003204192268e-07 7.654752617955219e-07 7.603964773829194e-07 6.985097583995401e-07 7.562957733202678e-07 0.055623181776724075 7.741692318750885e-07 0.5015286488876778 7.780079922258596e-07 0.041238494413222714 0.0003245100001022954 0.16970505689868892 7.497526060830569e-07 9.14904393932272e-05 0.00011362073438704185 9.533593493604615e-05 2.5480281615134014e-05 0.0023910514148930383 6.564009326537891e-06 0.0004936275944144486 8.921375593579427e-07 1.0897522300378448e-05 1.3608448460418276e-06 7.711990751823465e-06 2.239320484564981e-05 0.0026404985544390505 0.0004731002987292463 0.0012781636320905235 7.746819548438315e-07 7.56626337216822e-07
96 7.585003204192268e-07 7.654752617955219e-07 7.603964773829194e-07 6.985097583995401e-07 7.562957733202678e-07 0.055623181776724075 7.741692318750885e-07 0.5015286488876778 7.780079922258596e-07 0.041238494413222714 0.0003245100001022954 0.16970505689868892 7.497526060830569e-07 9.14904393932272e-05 0.00011362073438704185 9.533593493604615e-05 2.5480281615134014e-05 0.0023910514148930383 6.564009326537891e-06 0.0004936275944144486 8.921375593579427e-07 1.0897522300378448e-05 1.3608448460418276e-06 7.711990751823465e-06 2.239320484564981e-05 0.0026404985544390505 0.0004731002987292463 0.0012781636320905235 7.746819548438315e-07 7.56626337216822e-07
97 7.585003204192268e-07 7.654752617955219e-07 7.603964773829194e-07 6.985097583995401e-07 7.562957733202678e-07 0.055623181776724075 7.741692318750885e-07 0.5015286488876778 7.780079922258596e-07 0.041238494413222714 0.0003245100001022954 0.16970505689868892 7.497526060830569e-07 9.14904393932272e-05 0.00011362073438704185 9.533593493604615e-05 2.5480281615134014e-05 0.0023910514148930383 6.564009326537891e-06 0.0004936275944144486 8.921375593579427e-07 1.0897522300378448e-05 1.3608448460418276e-06 7.711990751823465e-06 2.239320484564981e-05 0.0026404985544390505 0.0004731002987292463 0.0012781636320905235 7.746819548438315e-07 7.56626337216822e-07
98 7.585003204192268e-07 7.654752617955219e-07 7.603964773829194e-07 6.985097583995401e-07 7.562957733202678e-07 0.055623181776724075 7.741692318750885e-07 0.5015286488876778 7.780079922258596e-07 0.041238494413222714 0.0003245100001022954 0.16970505689868892 7.497526060830569e-07 9.14904393932272e-05 0.00011362073438704185 9.533593493604615e-05 2.5480281615134014e-05 0.0023910514148930383 6.564009326537891e-06 0.0004936275944144486 8.921375593579427e-07 1.0897522300378448e-05 1.3608448460418276e-06 7.711990751823465e-06 2.239320484564981e-05 0.0026404985544390505 0.0004731002987292463 0.0012781636320905235 7.746819548438315e-07 7.56626337216822e-07
99 7.585003204192268e-07 7.654752617955219e-07 7.603964773829194e-07 6.985097583995401e-07 7.562957733202678e-07 0.055623181776724075 7.741692318750885e-07 0.5015286488876778 7.780079922258596e-07 0.041238494413222714 0.0003245100001022954 0.16970505689868892 7.497526060830569e-07 9.14904393932272e-05 0.00011362073438704185 9.533593493604615e-05 2.5480281615134014e-05 0.0023910514148930383 6.564009326537891e-06 0.0004936275944144486 8.921375593579427e-07 1.0897522300378448e-05 1.3608448460418276e-06 7.711990751823465e-06 2.239320484564981e-05 0.0026404985544390505 0.0004731002987292463 0.0012781636320905235 7.746819548438315e-07 7.56626337216822e-07
100 7.585003204192268e-07 7.654752617955219e-07 7.603964773829194e-07 6.985097583995401e-07 7.562957733202678e-07 0.055623181776724075 7.741692318750885e-07 0.5015286488876778 7.780079922258596e-07 0.041238494413222714 0.0003245100001022954 0.16970505689868892 7.497526060830569e-07 9.14904393932272e-05 0.00011362073438704185 9.533593493604615e-05 2.5480281615134014e-05 0.0023910514148930383 6.564009326537891e-06 0.0004936275944144486 8.921375593579427e-07 1.0897522300378448e-05 1.3608448460418276e-06 7.711990751823465e-06 2.239320484564981e-05 0.0026404985544390505 0.0004731002987292463 0.0012781636320905235 7.746819548438315e-07 7.56626337216822e-07
101 7.585003204192268e-07 7.654752617955219e-07 7.603964773829194e-07 6.985097583995401e-07 7.562957733202678e-07 0.055623181776724075 7.741692318750885e-07 0.5015286488876778 7.780079922258596e-07 0.041238494413222714 0.0003245100001022954 0.16970505689868892 7.497526060830569e-07 9.14904393932272e-05 0.00011362073438704185 9.533593493604615e-05 2.5480281615134014e-05 0.0023910514148930383 6.564009326537891e-06 0.0004936275944144486 8.921375593579427e-07 1.0897522300378448e-05 1.3608448460418276e-06 7.711990751823465e-06 2.239320484564981e-05 0.0026404985544390505 0.0004731002987292463 0.0012781636320905235 7.746819548438315e-07 7.56626337216822e-07
102 7.585003204192268e-07 7.654752617955219e-07 7.603964773829194e-07 6.985097583995401e-07 7.562957733202678e-07 0.055623181776724075 7.741692318750885e-07 0.5015286488876778 7.780079922258596e-07 0.041238494413222714 0.0003245100001022954 0.16970505689868892 7.497526060830569e-07 9.14904393932272e-05 0.00011362073438704185 9.533593493604615e-05 2.5480281615134014e-05 0.0023910514148930383 6.564009326537891e-06 0.0004936275944144486 8.921375593579427e-07 1.0897522300378448e-05 1.3608448460418276e-06 7.711990751823465e-06 2.239320484564981e-05 0.0026404985544390505 0.0004731002987292463 0.0012781636320905235 7.746819548438315e-07 7.56626337216822e-07
103 7.585003204192268e-07 7.654752617955219e-07 7.603964773829194e-07 6.985097583995401e-07 7.562957733202678e-07 0.055623181776724075 7.741692318750885e-07 0.5015286488876778 7.780079922258596e-07 0.041238494413222714 0.0003245100001022954 0.16970505689868892 7.497526060830569e-07 9.14904393932272e-05 0.00011362073438704185 9.533593493604615e-05 2.5480281615134014e-05 0.0023910514148930383 6.564009326537891e-06 0.0004936275944144486 8.921375593579427e-07 1.0897522300378448e-05 1.3608448460418276e-06 7.711990751823465e-06 2.239320484564981e-05 0.0026404985544390505 0.0004731002987292463 0.0012781636320905235 7.746819548438315e-07 7.56626337216822e-07
104 7.585003204192268e-07 7.654752617955219e-07 7.603964773829194e-07 6.985097583995401e-07 7.562957733202678e-07 0.055623181776724075 7.741692318750885e-07 0.5015286488876778 7.780079922258596e-07 0.041238494413222714 0.0003245100001022954 0.16970505689868892 7.497526060830569e-07 9.14904393932272e-05 0.00011362073438704185 9.533593493604615e-05 2.5480281615134014e-05 0.0023910514148930383 6.564009326537891e-06 0.0004936275944144486 8.921375593579427e-07 1.0897522300378448e-05 1.3608448460418276e-06 7.711990751823465e-06 2.239320484564981e-05 0.0026404985544390505 0.0004731002987292463 0.0012781636320905235 7.746819548438315e-07 7.56626337216822e-07
105 7.585003204192268e-07 7.654752617955219e-07 7.603964773829194e-07 6.985097583995401e-07 7.562957733202678e-07 0.055623181776724075 7.741692318750885e-07 0.5015286488876778 7.780079922258596e-07 0.041238494413222714 0.0003245100001022954 0.16970505689868892 7.497526060830569e-07 9.14904393932272e-05 0.00011362073438704185 9.533593493604615e-05 2.5480281615134014e-05 0.0023910514148930383 6.564009326537891e-06 0.0004936275944144486 8.921375593579427e-07 1.0897522300378448e-05 1.3608448460418276e-06 7.711990751823465e-06 2.239320484564981e-05 0.0026404985544390505 0.0004731002987292463 0.0012781636320905235 7.746819548438315e-07 7.56626337216822e-07
106 7.585003204192268e-07 7.654752617955219e-07 7.603964773829194e-07 6.985097583995401e-07 7.562957733202678e-07 0.055623181776724075 7.741692318750885e-07 0.5015286488876778 7.780079922258596e-07 0.041238494413222714 0.0003245100001022954 0.16970505689868892 7.497526060830569e-07 9.14904393932272e-05 0.00011362073438704185 9.533593493604615e-05 2.5480281615134014e-05 0.0023910514148930383 6.564009326537891e-06 0.0004936275944144486 8.921375593579427e-07 1.0897522300378448e-05 1.3608448460418276e-06 7.711990751823465e-06 2.239320484564981e-05 0.0026404985544390505 0.0004731002987292463 0.0012781636320905235 7.746819548438315e-07 7.56626337216822e-07
107 7.585003204192268e-07 7.654752617955219e-07 7.603964773829194e-07 6.985097583995401e-07 7.562957733202678e-07 0.055623181776724075 7.741692318750885e-07 0.5015286488876778 7.780079922258596e-07 0.041238494413222714 0.0003245100001022954 0.16970505689868892 7.497526060830569e-07 9.14904393932272e-05 0.00011362073438704185 9.533593493604615e-05 2.5480281615134014e-05 0.0023910514148930383 6.564009326537891e-06 0.0004936275944144486 8.921375593579427e-07 1.0897522300378448e-05 1.3608448460418276e-06 7.711990751823465e-06 2.239320484564981e-05 0.0026404985544390505 0.0004731002987292463 0.0012781636320905235 7.746819548438315e-07 7.56626337216822e-07
108 7.585003204192268e-07 7.654752617955219e-07 7.603964773829194e-07 6.985097583995401e-07 7.562957733202678e-07 0.055623181776724075 7.741692318750885e-07 0.5015286488876778 7.780079922258596e-07 0.041238494413222714 0.0003245100001022954 0.16970505689868892 7.497526060830569e-07 9.14904393932272e-05 0.00011362073438704185 9.533593493604615e-05 2.5480281615134014e-05 0.0023910514148930383 6.564009326537891e-06 0.0004936275944144486 8.921375593579427e-07 1.0897522300378448e-05 1.3608448460418276e-06 7.711990751823465e-06 2.239320484564981e-05 0.0026404985544390505 0.0004731002987292463 0.0012781636320905235 7.746819548438315e-07 7.56626337216822e-07
