# index Z=1 - Z=30
0 6.728570714808346e-07 0.011407961877748925 6.72669450345125e-07 6.970992580720911e-07 6.79021351194369e-07 1.6617796077477138e-06 7.010005904786355e-07 0.003832692365032707 6.898196802610703e-07 7.363535934134493e-07 6.869309890121187e-07 8.033994780738124e-05 6.738825245527152e-07 0.025484653284243063 1.9383031579979633e-06 7.650089487050527e-05 8.917938106790713e-07 0.0071654456467336765 1.0059344357820145e-06 0.01492121007152495 6.690602097213662e-07 0.00012540332163418053 0.0002941806487765085 2.0130694449272144e-05 0.00584541279079991 0.2400659152663798 0.14809351501141912 0.26377787350544685 6.729885851947492e-07 6.909582232853999e-07
1 6.728570714808346e-07 0.011407961877748925 6.72669450345125e-07 6.970992580720911e-07 6.79021351194369e-07 1.6617796077477138e-06 7.010005904786355e-07 0.003832692365032707 6.898196802610703e-07 7.363535934134493e-07 6.869309890121187e-07 8.033994780738124e-05 6.738825245527152e-07 0.025484653284243063 1.9383031579979633e-06 7.650089487050527e-05 8.917938106790713e-07 0.0071654456467336765 1.0059344357820145e-06 0.01492121007152495 6.690602097213662e-07 0.00012540332163418053 0.0002941806487765085 2.0130694449272144e-05 0.00584541279079991 0.2400659152663798 0.14809351501141912 0.26377787350544685 6.729885851947492e-07 6.909582232853999e-07
2 6.728570714808346e-07 0.011407961877748925 6.72669450345125e-07 6.970992580720911e-07 6.79021351194369e-07 1.6617796077477138e-06 7.010005904786355e-07 0.003832692365032707 6.898196802610703e-07 7.363535934134493e-07 6.869309890121187e-07 8.033994780738124e-05 6.738825245527152e-07 0.025484653284243063 1.9383031579979633e-06 7.650089487050527e-05 8.917938106790713e-07 0.0071654456467336765 1.0059344357820145e-06 0.01492121007152495 6.690602097213662e-07 0.00012540332163418053 0.0002941806487765085 2.0130694449272144e-05 0.00584541279079991 0.2400659152663798 0.14809351501141912 0.26377787350544685 6.729885851947492e-07 6.909582232853999e-07
3 6.728570714808346e-07 0.011407961877748925 6.72669450345125e-07 6.970992580720911e-07 6.79021351194369e-07 1.6617796077477138e-06 7.010005904786355e-07 0.003832692365032707 6.898196802610703e-07 7.363535934134493e-07 6.869309890121187e-07 8.033994780738124e-05 6.738825245527152e-07 0.025484653284243063 1.9383031579979633e-06 7.650089487050527e-05 8.917938106790713e-07 0.0071654456467336765 1.0059344357820145e-06 0.01492121007152495 6.690602097213662e-07 0.00012540332163418053 0.0002941806487765085 2.0130694449272144e-05 0.00584541279079991 0.2400659152663798 0.14809351501141912 0.26377787350544685 6.729885851947492e-07 6.909582232853999e-07
4 6.728570714808346e-07 0.011407961877748925 6.72669450345125e-07 6.970992580720911e-07 6.79021351194369e-07 1.6617796077477138e-06 7.010005904786355e-07 0.003832692365032707 6.898196802610703e-07 7.363535934134493e-07 6.869309890121187e-07 8.033994780738124e-05 6.738825245527152e-07 0.025484653284243063 1.9383031579979633e-06 7.650089487050527e-05 8.917938106790713e-07 0.0071654456467336765 1.0059344357820145e-06 0.01492121007152495 6.690602097213662e-07 0.00012540332163418053 0.0002941806487765085 2.0130694449272144e-05 0.00584541279079991 0.2400659152663798 0.14809351501141912 0.26377787350544685 6.729885851947492e-07 6.909582232853999e-07
5 6.728570714808346e-07 0.011407961877748925 6.72669450345125e-07 6.970992580720911e-07 6.79021351194369e-07 1.6617796077477138e-06 7.010005904786355e-07 0.003832692365032707 6.898196802610703e-07 7.363535934134493e-07 6.869309890121187e-07 8.033994780738124e-05 6.738825245527152e-07 0.025484653284243063 1.9383031579979633e-06 7.650089487050527e-05 8.917938106790713e-07 0.0071654456467336765 1.0059344357820145e-06 0.01492121007152495 6.690602097213662e-07 0.00012540332163418053 0.0002941806487765085 2.0130694449272144e-05 0.00584541279079991 0.2400659152663798 0.14809351501141912 0.26377787350544685 6.729885851947492e-07 6.909582232853999e-07
6 6.728570714808346e-07 0.011407961877748925 6.72669450345125e-07 6.970992580720911e-07 6.79021351194369e-07 1.6617796077477138e-06 7.010005904786355e-07 0.003832692365032707 6.898196802610703e-07 7.363535934134493e-07 6.869309890121187e-07 8.033994780738124e-05 6.738825245527152e-07 0.025484653284243063 1.9383031579979633e-06 7.650089487050527e-05 8.917938106790713e-07 0.0071654456467336765 1.0059344357820145e-06 0.01492121007152495 6.690602097213662e-07 0.00012540332163418053 0.0002941806487765085 2.0130694449272144e-05 0.00584541279079991 0.2400659152663798 0.14809351501141912 0.26377787350544685 6.729885851947492e-07 6.909582232853999e-07
7 6.728570714808346e-07 0.011407961877748925 6.72669450345125e-07 6.970992580720911e-07 6.79021351194369e-07 1.6617796077477138e-06 7.010005904786355e-07 0.003832692365032707 6.898196802610703e-07 7.363535934134493e-07 6.869309890121187e-07 8.033994780738124e-05 6.738825245527152e-07 0.025484653284243063 1.9383031579979633e-06 7.650089487050527e-05 8.917938106790713e-07 0.0071654456467336765 1.0059344357820145e-06 0.01492121007152495 6.690602097213662e-07 0.00012540332163418053 0.0002941806487765085 2.0130694449272144e-05 0.00584541279079991 0.2400659152663798 0.14809351501141912 0.26377787350544685 6.729885851947492e-07 6.909582232853999e-07
8 6.728570714808346e-07 0.011407961877748925 6.72669450345125e-07 6.970992580720911e-07 6.79021351194369e-07 1.6617796077477138e-06 7.010005904786355e-07 0.003832692365032707 6.898196802610703e-07 7.363535934134493e-07 6.869309890121187e-07 8.033994780738124e-05 6.738825245527152e-07 0.025484653284243063 1.9383031579979633e-06 7.650089487050527e-05 8.917938106790713e-07 0.0071654456467336765 1.0059344357820145e-06 0.01492121007152495 6.690602097213662e-07 0.00012540332163418053 0.0002941806487765085 2.0130694449272144e-05 0.00584541279079991 0.2400659152663798 0.14809351501141912 0.26377787350544685 6.729885851947492e-07 6.909582232853999e-07
9 6.728570714808346e-07 0.011407961877748925 6.72669450345125e-07 6.970992580720911e-07 6.79021351194369e-07 1.6617796077477138e-06 7.010005904786355e-07 0.003832692365032707 6.898196802610703e-07 7.363535934134493e-07 6.869309890121187e-07 8.033994780738124e-05 6.738825245527152e-07 0.025484653284243063 1.9383031579979633e-06 7.650089487050527e-05 8.917938106790713e-07 0.0071654456467336765 1.0059344357820145e-06 0.01492121007152495 6.690602097213662e-07 0.00012540332163418053 0.0002941806487765085 2.0130694449272144e-05 0.00584541279079991 0.2400659152663798 0.14809351501141912 0.26377787350544685 6.729885851947492e-07 6.909582232853999e-07
10 6.728570714808346e-07 0.011407961877748925 6.72669450345125e-07 6.970992580720911e-07 6.79021351194369e-07 1.6617796077477138e-06 7.010005904786355e-07 0.003832692365032707 6.898196802610703e-07 7.363535934134493e-07 6.869309890121187e-07 8.033994780738124e-05 6.738825245527152e-07 0.025484653284243063 1.9383031579979633e-06 7.650089487050527e-05 8.917938106790713e-07 0.0071654456467336765 1.0059344357820145e-06 0.01492121007152495 6.690602097213662e-07 0.00012540332163418053 0.0002941806487765085 2.0130694449272144e-05 0.00584541279079991 0.2400659152663798 0.14809351501141912 0.26377787350544685 6.729885851947492e-07 6.909582232853999e-07
11 6.728570714808346e-07 0.011407961877748925 6.72669450345125e-07 6.970992580720911e-07 6.79021351194369e-07 1.6617796077477138e-06 7.010005904786355e-07 0.003832692365032707 6.898196802610703e-07 7.363535934134493e-07 6.869309890121187e-07 8.033994780738124e-05 6.738825245527152e-07 0.025484653284243063 1.9383031579979633e-06 7.650089487050527e-05 8.917938106790713e-07 0.0071654456467336765 1.0059344357820145e-06 0.01492121007152495 6.690602097213662e-07 0.00012540332163418053 0.0002941806487765085 2.0130694449272144e-05 0.00584541279079991 0.2400659152663798 0.14809351501141912 0.26377787350544685 6.729885851947492e-07 6.909582232853999e-07
12 7.033172663994553e-07 0.003380407444457626 7.019363627072186e-07 7.802758288616492e-07 7.125254305830112e-07 1.4543508256995618e-06 7.024752865051249e-07 0.003759563086343617 7.398415495167383e-07 7.802107216035488e-07 7.270825299545864e-07 0.0019131583493212547 6.882589465052e-07 0.030732841115770144 5.224098768324929e-06 0.0006322537288733649 2.0330515189045212e-06 0.011907943837758917 1.3066935404530802e-06 0.016393605232301642 8.21932077319186e-07 0.00010582600452683263 0.0006047988625721501 2.112040602156783e-05 0.018709022443082257 0.2713049218842194 0.22776620611960655 0.17669449521603398 7.541473133325243e-07 6.484518408882248e-07
13 7.033172663994553e-07 0.003380407444457626 7.019363627072186e-07 7.802758288616492e-07 7.125254305830112e-07 1.4543508256995618e-06 7.024752865051249e-07 0.003759563086343617 7.398415495167383e-07 7.802107216035488e-07 7.270825299545864e-07 0.0019131583493212547 6.882589465052e-07 0.030732841115770144 5.224098768324929e-06 0.0006322537288733649 2.0330515189045212e-06 0.011907943837758917 1.3066935404530802e-06 0.016393605232301642 8.21932077319186e-07 0.00010582600452683263 0.0006047988625721501 2.112040602156783e-05 0.018709022443082257 0.2713049218842194 0.22776620611960655 0.17669449521603398 7.541473133325243e-07 6.484518408882248e-07
14 7.033172663994553e-07 0.003380407444457626 7.019363627072186e-07 7.802758288616492e-07 7.125254305830112e-07 1.4543508256995618e-06 7.024752865051249e-07 0.003759563086343617 7.398415495167383e-07 7.802107216035488e-07 7.270825299545864e-07 0.0019131583493212547 6.882589465052e-07 0.030732841115770144 5.224098768324929e-06 0.0006322537288733649 2.0330515189045212e-06 0.011907943837758917 1.3066935404530802e-06 0.016393605232301642 8.21932077319186e-07 0.00010582600452683263 0.0006047988625721501 2.112040602156783e-05 0.018709022443082257 0.2713049218842194 0.22776620611960655 0.17669449521603398 7.541473133325243e-07 6.484518408882248e-07
15 7.033172663994553e-07 0.003380407444457626 7.019363627072186e-07 7.802758288616492e-07 7.125254305830112e-07 1.4543508256995618e-06 7.024752865051249e-07 0.003759563086343617 7.398415495167383e-07 7.802107216035488e-07 7.270825299545864e-07 0.0019131583493212547 6.882589465052e-07 0.030732841115770144 5.224098768324929e-06 0.0006322537288733649 2.0330515189045212e-06 0.011907943837758917 1.3066935404530802e-06 0.016393605232301642 8.21932077319186e-07 0.00010582600452683263 0.0006047988625721501 2.112040602156783e-05 0.018709022443082257 0.2713049218842194 0.22776620611960655 0.17669449521603398 7.541473133325243e-07 6.484518408882248e-07
16 7.033172663994553e-07 0.003380407444457626 7.019363627072186e-07 7.802758288616492e-07 7.125254305830112e-07 1.4543508256995618e-06 7.024752865051249e-07 0.003759563086343617 7.398415495167383e-07 7.802107216035488e-07 7.270825299545864e-07 0.0019131583493212547 6.882589465052e-07 0.030732841115770144 5.224098768324929e-06 0.0006322537288733649 2.0330515189045212e-06 0.011907943837758917 1.3066935404530802e-06 0.016393605232301642 8.21932077319186e-07 0.00010582600452683263 0.0006047988625721501 2.112040602156783e-05 0.018709022443082257 0.2713049218842194 0.22776620611960655 0.17669449521603398 7.541473133325243e-07 6.484518408882248e-07
17 7.033172663994553e-07 0.003380407444457626 7.019363627072186e-07 7.802758288616492e-07 7.125254305830112e-07 1.4543508256995618e-06 7.024752865051249e-07 0.003759563086343617 7.398415495167383e-07 7.802107216035488e-07 7.270825299545864e-07 0.0019131583493212547 6.882589465052e-07 0.030732841115770144 5.224098768324929e-06 0.0006322537288733649 2.0330515189045212e-06 0.011907943837758917 1.3066935404530802e-06 0.016393605232301642 8.21932077319186e-07 0.00010582600452683263 0.0006047988625721501 2.112040602156783e-05 0.018709022443082257 0.2713049218842194 0.22776620611960655 0.17669449521603398 7.541473133325243e-07 6.484518408882248e-07
18 7.033172663994553e-07 0.003380407444457626 7.019363627072186e-07 7.802758288616492e-07 7.125254305830112e-07 1.4543508256995618e-06 7.024752865051249e-07 0.003759563086343617 7.398415495167383e-07 7.802107216035488e-07 7.270825299545864e-07 0.0019131583493212547 6.882589465052e-07 0.030732841115770144 5.224098768324929e-06 0.0006322537288733649 2.0330515189045212e-06 0.011907943837758917 1.3066935404530802e-06 0.016393605232301642 8.21932077319186e-07 0.00010582600452683263 0.0006047988625721501 2.112040602156783e-05 0.018709022443082257 0.2713049218842194 0.22776620611960655 0.17669449521603398 7.541473133325243e-07 6.484518408882248e-07
19 7.033172663994553e-07 0.003380407444457626 7.019363627072186e-07 7.802758288616492e-07 7.125254305830112e-07 1.4543508256995618e-06 7.024752865051249e-07 0.003759563086343617 7.398415495167383e-07 7.802107216035488e-07 7.270825299545864e-07 0.0019131583493212547 6.882589465052e-07 0.030732841115770144 5.224098768324929e-06 0.0006322537288733649 2.0330515189045212e-06 0.011907943837758917 1.3066935404530802e-06 0.016393605232301642 8.21932077319186e-07 0.00010582600452683263 0.0006047988625721501 2.112040602156783e-05 0.018709022443082257 0.2713049218842194 0.22776620611960655 0.17669449521603398 7.541473133325243e-07 6.484518408882248e-07
20 7.033172663994553e-07 0.003380407444457626 7.019363627072186e-07 7.802758288616492e-07 7.125254305830112e-07 1.4543508256995618e-06 7.024752865051249e-07 0.003759563086343617 7.398415495167383e-07 7.802107216035488e-07 7.270825299545864e-07 0.0019131583493212547 6.882589465052e-07 0.030732841115770144 5.224098768324929e-06 0.0006322537288733649 2.0330515189045212e-06 0.011907943837758917 1.3066935404530802e-06 0.016393605232301642 8.21932077319186e-07 0.00010582600452683263 0.0006047988625721501 2.112040602156783e-05 0.018709022443082257 0.2713049218842194 0.22776620611960655 0.17669449521603398 7.541473133325243e-07 6.484518408882248e-07
21 7.033172663994553e-07 0.003380407444457626 7.019363627072186e-07 7.802758288616492e-07 7.125254305830112e-07 1.4543508256995618e-06 7.024752865051249e-07 0.003759563086343617 7.398415495167383e-07 7.802107216035488e-07 7.270825299545864e-07 0.0019131583493212547 6.882589465052e-07 0.030732841115770144 5.224098768324929e-06 0.0006322537288733649 2.0330515189045212e-06 0.011907943837758917 1.3066935404530802e-06 0.016393605232301642 8.21932077319186e-07 0.00010582600452683263 0.0006047988625721501 2.112040602156783e-05 0.018709022443082257 0.2713049218842194 0.22776620611960655 0.17669449521603398 7.541473133325243e-07 6.484518408882248e-07
22 4.750712688832983e-07 5.681333992506661e-07 4.72729301303458e-07 4.792840911994608e-07 5.340477264125331e-07 1.6025217905993025e-06 5.193844113167525e-07 0.0025251226438999835 4.822469623583926e-07 5.676221243597033e-07 4.921085916905683e-07 0.10537550011689588 5.455152168567369e-07 0.49154961621364496 7.401405418532704e-06 0.0917299049327638 1.3424311386254099e-06 0.02784609982412993 1.0734969612035931e-06 0.06518715329212416 4.805408036833778e-07 8.175991584818183e-05 0.00033697517242403 3.853683007412023e-05 0.0034064172994179155 0.04844256779035669 0.08260725198005447 0.009715286369390577 4.530857274411455e-07 5.256860955294902e-07
23 4.750712688832983e-07 5.681333992506661e-07 4.72729301303458e-07 4.792840911994608e-07 5.340477264125331e-07 1.6025217905993025e-06 5.193844113167525e-07 0.0025251226438999835 4.822469623583926e-07 5.676221243597033e-07 4.921085916905683e-07 0.10537550011689588 5.455152168567369e-07 0.49154961621364496 7.401405418532704e-06 0.0917299049327638 1.3424311386254099e-06 0.02784609982412993 1.0734969612035931e-06 0.06518715329212416 4.805408036833778e-07 8.175991584818183e-05 0.00033697517242403 3.853683007412023e-05 0.0034064172994179155 0.04844256779035669 0.08260725198005447 0.009715286369390577 4.530857274411455e-07 5.256860955294902e-07
24 4.750712688832983e-07 5.681333992506661e-07 4.72729301303458e-07 4.792840911994608e-07 5.340477264125331e-07 1.6025217905993025e-06 5.193844113167525e-07 0.0025251226438999835 4.822469623583926e-07 5.676221243597033e-07 4.921085916905683e-07 0.10537550011689588 5.455152168567369e-07 0.49154961621364496 7.401405418532704e-06 0.0917299049327638 1.3424311386254099e-06 0.02784609982412993 1.0734969612035931e-06 0.06518715329212416 4.805408036833778e-07 8.175991584818183e-05 0.00033697517242403 3.853683007412023e-05 0.0034064172994179155 0.04844256779035669 0.08260725198005447 0.009715286369390577 4.530857274411455e-07 5.256860955294902e-07
25 4.750712688832983e-07 5.681333992506661e-07 4.72729301303458e-07 4.792840911994608e-07 5.340477264125331e-07 1.6025217905993025e-06 5.193844113167525e-07 0.0025251226438999835 4.822469623583926e-07 5.676221243597033e-07 4.921085916905683e-07 0.10537550011689588 5.455152168567369e-07 0.49154961621364496 7.401405418532704e-06 0.0917299049327638 1.3424311386254099e-06 0.02784609982412993 1.0734969612035931e-06 0.06518715329212416 4.805408036833778e-07 8.175991584818183e-05 0.00033697517242403 3.853683007412023e-05 0.0034064172994179155 0.04844256779035669 0.08260725198005447 0.009715286369390577 4.530857274411455e-07 5.256860955294902e-07
26 4.750712688832983e-07 5.681333992506661e-07 4.72729301303458e-07 4.792840911994608e-07 5.340477264125331e-07 1.6025217905993025e-06 5.193844113167525e-07 0.0025251226438999835 4.822469623583926e-07 5.676221243597033e-07 4.921085916905683e-07 0.10537550011689588 5.455152168567369e-07 0.49154961621364496 7.401405418532704e-06 0.0917299049327638 1.3424311386254099e-06 0.02784609982412993 1.0734969612035931e-06 0.06518715329212416 4.805408036833778e-07 8.175991584818183e-05 0.00033697517242403 3.853683007412023e-05 0.0034064172994179155 0.04844256779035669 0.08260725198005447 0.009715286369390577 4.530857274411455e-07 5.256860955294902e-07
27 4.750712688832983e-07 5.681333992506661e-07 4.72729301303458e-07 4.792840911994608e-07 5.340477264125331e-07 1.6025217905993025e-06 5.193844113167525e-07 0.0025251226438999835 4.822469623583926e-07 5.676221243597033e-07 4.921085916905683e-07 0.10537550011689588 5.455152168567369e-07 0.49154961621364496 7.401405418532704e-06 0.0917299049327638 1.3424311386254099e-06 0.02784609982412993 1.0734969612035931e-06 0.06518715329212416 4.805408036833778e-07 8.175991584818183e-05 0.00033697517242403 3.853683007412023e-05 0.0034064172994179155 0.04844256779035669 0.08260725198005447 0.009715286369390577 4.530857274411455e-07 5.256860955294902e-07
28 4.750712688832983e-07 5.681333992506661e-07 4.72729301303458e-07 4.792840911994608e-07 5.340477264125331e-07 1.6025217905993025e-06 5.193844113167525e-07 0.0025251226438999835 4.822469623583926e-07 5.676221243597033e-07 4.921085916905683e-07 0.10537550011689588 5.455152168567369e-07 0.49154961621364496 7.401405418532704e-06 0.0917299049327638 1.3424311386254099e-06 0.02784609982412993 1.0734969612035931e-06 0.06518715329212416 4.805408036833778e-07 8.175991584818183e-05 0.00033697517242403 3.853683007412023e-05 0.0034064172994179155 0.04844256779035669 0.08260725198005447 0.009715286369390577 4.530857274411455e-07 5.256860955294902e-07
29 4.750712688832983e-07 5.681333992506661e-07 4.72729301303458e-07 4.792840911994608e-07 5.340477264125331e-07 1.6025217905993025e-06 5.193844113167525e-07 0.0025251226438999835 4.822469623583926e-07 5.676221243597033e-07 4.921085916905683e-07 0.10537550011689588 5.455152168567369e-07 0.49154961621364496 7.401405418532704e-06 0.0917299049327638 1.3424311386254099e-06 0.02784609982412993 1.0734969612035931e-06 0.06518715329212416 4.805408036833778e-07 8.175991584818183e-05 0.00033697517242403 3.853683007412023e-05 0.0034064172994179155 0.04844256779035669 0.08260725198005447 0.009715286369390577 4.530857274411455e-07 5.256860955294902e-07
30 4.750712688832983e-07 5.681333992506661e-07 4.72729301303458e-07 4.792840911994608e-07 5.340477264125331e-07 1.6025217905993025e-06 5.193844113167525e-07 0.0025251226438999835 4.822469623583926e-07 5.676221243597033e-07 4.921085916905683e-07 0.10537550011689588 5.455152168567369e-07 0.49154961621364496 7.401405418532704e-06 0.0917299049327638 1.3424311386254099e-06 0.02784609982412993 1.0734969612035931e-06 0.06518715329212416 4.805408036833778e-07 8.175991584818183e-05 0.00033697517242403 3.853683007412023e-05 0.0034064172994179155 0.04844256779035669 0.08260725198005447 0.009715286369390577 4.530857274411455e-07 5.256860955294902e-07
31 4.750712688832983e-07 5.681333992506661e-07 4.72729301303458e-07 4.792840911994608e-07 5.340477264125331e-07 1.6025217905993025e-06 5.193844113167525e-07 0.0025251226438999835 4.822469623583926e-07 5.676221243597033e-07 4.921085916905683e-07 0.10537550011689588 5.455152168567369e-07 0.49154961621364496 7.401405418532704e-06 0.0917299049327638 1.3424311386254099e-06 0.02784609982412993 1.0734969612035931e-06 0.06518715329212416 4.805408036833778e-07 8.175991584818183e-05 0.00033697517242403 3.853683007412023e-05 0.0034064172994179155 0.04844256779035669 0.08260725198005447 0.009715286369390577 4.530857274411455e-07 5.256860955294902e-07
32 2.7376650640473386e-07 3.1294886792570804e-07 2.9487202974506966e-07 2.387838926455302e-07 2.893426334076818e-07 6.981723887313429e-06 2.836648467798257e-07 0.727799562653232 2.9295259665780164e-07 9.982689221139926e-07 2.929857284488427e-07 0.03179845366563365 2.771164067575703e-07 0.1305417823235637 2.8532944019074548e-05 5.416668074987039e-05 1.6330315505958644e-05 0.01380677519679523 1.566411121314177e-05 0.0029085686157964783 2.819189464604064e-07 2.1244134217101675e-05 1.9845531517263495e-05 2.7283448212230005e-05 0.0002479112124130987 0.008036566510820483 0.01343156509656162 0.003827652231225988 2.826975721413768e-07 2.928406839488126e-07
33 2.7376650640473386e-07 3.1294886792570804e-07 2.9487202974506966e-07 2.387838926455302e-07 2.893426334076818e-07 6.981723887313429e-06 2.836648467798257e-07 0.727799562653232 2.9295259665780164e-07 9.982689221139926e-07 2.929857284488427e-07 0.03179845366563365 2.771164067575703e-07 0.1305417823235637 2.8532944019074548e-05 5.416668074987039e-05 1.6330315505958644e-05 0.01380677519679523 1.566411121314177e-05 0.0029085686157964783 2.819189464604064e-07 2.1244134217101675e-05 1.9845531517263495e-05 2.7283448212230005e-05 0.0002479112124130987 0.008036566510820483 0.01343156509656162 0.003827652231225988 2.826975721413768e-07 2.928406839488126e-07
34 2.7376650640473386e-07 3.1294886792570804e-07 2.9487202974506966e-07 2.387838926455302e-07 2.893426334076818e-07 6.981723887313429e-06 2.836648467798257e-07 0.727799562653232 2.9295259665780164e-07 9.982689221139926e-07 2.929857284488427e-07 0.03179845366563365 2.771164067575703e-07 0.1305417823235637 2.8532944019074548e-05 5.416668074987039e-05 1.6330315505958644e-05 0.01380677519679523 1.566411121314177e-05 0.0029085686157964783 2.819189464604064e-07 2.1244134217101675e-05 1.9845531517263495e-05 2.7283448212230005e-05 0.0002479112124130987 0.008036566510820483 0.01343156509656162 0.003827652231225988 2.826975721413768e-07 2.928406839488126e-07
35 2.7376650640473386e-07 3.1294886792570804e-07 2.9487202974506966e-07 2.387838926455302e-07 2.893426334076818e-07 6.981723887313429e-06 2.836648467798257e-07 0.727799562653232 2.9295259665780164e-07 9.982689221139926e-07 2.929857284488427e-07 0.03179845366563365 2.771164067575703e-07 0.1305417823235637 2.8532944019074548e-05 5.416668074987039e-05 1.6330315505958644e-05 0.01380677519679523 1.566411121314177e-05 0.0029085686157964783 2.819189464604064e-07 2.1244134217101675e-05 1.9845531517263495e-05 2.7283448212230005e-05 0.0002479112124130987 0.008036566510820483 0.01343156509656162 0.003827652231225988 2.826975721413768e-07 2.928406839488126e-07
36 2.7376650640473386e-07 3.1294886792570804e-07 2.9487202974506966e-07 2.387838926455302e-07 2.893426334076818e-07 6.981723887313429e-06 2.836648467798257e-07 0.727799562653232 2.9295259665780164e-07 9.982689221139926e-07 2.929857284488427e-07 0.03179845366563365 2.771164067575703e-07 0.1305417823235637 2.8532944019074548e-05 5.416668074987039e-05 1.6330315505958644e-05 0.01380677519679523 1.566411121314177e-05 0.0029085686157964783 2.819189464604064e-07 2.1244134217101675e-05 1.9845531517263495e-05 2.7283448212230005e-05 0.0002479112124130987 0.008036566510820483 0.01343156509656162 0.003827652231225988 2.826975721413768e-07 2.928406839488126e-07
37 2.7376650640473386e-07 3.1294886792570804e-07 2.9487202974506966e-07 2.387838926455302e-07 2.893426334076818e-07 6.981723887313429e-06 2.836648467798257e-07 0.727799562653232 2.9295259665780164e-07 9.982689221139926e-07 2.929857284488427e-07 0.03179845366563365 2.771164067575703e-07 0.1305417823235637 2.8532944019074548e-05 5.416668074987039e-05 1.6330315505958644e-05 0.01380677519679523 1.566411121314177e-05 0.0029085686157964783 2.819189464604064e-07 2.1244134217101675e-05 1.9845531517263495e-05 2.7283448212230005e-05 0.0002479112124130987 0.008036566510820483 0.01343156509656162 0.003827652231225988 2.826975721413768e-07 2.928406839488126e-07
38 2.7376650640473386e-07 3.1294886792570804e-07 2.9487202974506966e-07 2.387838926455302e-07 2.893426334076818e-07 6.981723887313429e-06 2.836648467798257e-07 0.727799562653232 2.9295259665780164e-07 9.982689221139926e-07 2.929857284488427e-07 0.03179845366563365 2.771164067575703e-07 0.1305417823235637 2.8532944019074548e-05 5.416668074987039e-05 1.6330315505958644e-05 0.01380677519679523 1.566411121314177e-05 0.0029085686157964783 2.819189464604064e-07 2.1244134217101675e-05 1.9845531517263495e-05 2.7283448212230005e-05 0.0002479112124130987 0.008036566510820483 0.01343156509656162 0.003827652231225988 2.826975721413768e-07 2.928406839488126e-07
39 2.7376650640473386e-07 3.1294886792570804e-07 2.9487202974506966e-07 2.387838926455302e-07 2.893426334076818e-07 6.981723887313429e-06 2.836648467798257e-07 0.727799562653232 2.9295259665780164e-07 9.982689221139926e-07 2.929857284488427e-07 0.03179845366563365 2.771164067575703e-07 0.1305417823235637 2.8532944019074548e-05 5.416668074987039e-05 1.6330315505958644e-05 0.01380677519679523 1.566411121314177e-05 0.0029085686157964783 2.819189464604064e-07 2.1244134217101675e-05 1.9845531517263495e-05 2.7283448212230005e-05 0.0002479112124130987 0.008036566510820483 0.01343156509656162 0.003827652231225988 2.826975721413768e-07 2.928406839488126e-07
40 2.7376650640473386e-07 3.1294886792570804e-07 2.9487202974506966e-07 2.387838926455302e-07 2.893426334076818e-07 6.981723887313429e-06 2.836648467798257e-07 0.727799562653232 2.9295259665780164e-07 9.982689221139926e-07 2.929857284488427e-07 0.03179845366563365 2.771164067575703e-07 0.1305417823235637 2.8532944019074548e-05 5.416668074987039e-05 1.6330315505958644e-05 0.01380677519679523 1.566411121314177e-05 0.0029085686157964783 2.819189464604064e-07 2.1244134217101675e-05 1.9845531517263495e-05 2.7283448212230005e-05 0.0002479112124130987 0.008036566510820483 0.01343156509656162 0.003827652231225988 2.826975721413768e-07 2.928406839488126e-07
41 2.7376650640473386e-07 3.1294886792570804e-07 2.9487202974506966e-07 2.387838926455302e-07 2.893426334076818e-07 6.981723887313429e-06 2.836648467798257e-07 0.727799562653232 2.9295259665780164e-07 9.982689221139926e-07 2.929857284488427e-07 0.03179845366563365 2.771164067575703e-07 0.1305417823235637 2.8532944019074548e-05 5.416668074987039e-05 1.6330315505958644e-05 0.01380677519679523 1.566411121314177e-05 0.0029085686157964783 2.819189464604064e-07 2.1244134217101675e-05 1.9845531517263495e-05 2.7283448212230005e-05 0.0002479112124130987 0.008036566510820483 0.01343156509656162 0.003827652231225988 2.826975721413768e-07 2.928406839488126e-07
42 2.7376650640473386e-07 3.1294886792570804e-07 2.9487202974506966e-07 2.387838926455302e-07 2.893426334076818e-07 6.981723887313429e-06 2.836648467798257e-07 0.727799562653232 2.9295259665780164e-07 9.982689221139926e-07 2.929857284488427e-07 0.03179845366563365 2.771164067575703e-07 0.1305417823235637 2.8532944019074548e-05 5.416668074987039e-05 1.6330315505958644e-05 0.01380677519679523 1.566411121314177e-05 0.0029085686157964783 2.819189464604064e-07 2.1244134217101675e-05 1.9845531517263495e-05 2.7283448212230005e-05 0.0002479112124130987 0.008036566510820483 0.01343156509656162 0.003827652231225988 2.826975721413768e-07 2.928406839488126e-07
43 2.7376650640473386e-07 3.1294886792570804e-07 2.9487202974506966e-07 2.387838926455302e-07 2.893426334076818e-07 6.981723887313429e-06 2.836648467798257e-07 0.727799562653232 2.9295259665780164e-07 9.982689221139926e-07 2.929857284488427e-07 0.03179845366563365 2.771164067575703e-07 0.1305417823235637 2.8532944019074548e-05 5.416668074987039e-05 1.6330315505958644e-05 0.01380677519679523 1.566411121314177e-05 0.0029085686157964783 2.819189464604064e-07 2.1244134217101675e-05 1.9845531517263495e-05 2.7283448212230005e-05 0.0002479112124130987 0.008036566510820483 0.01343156509656162 0.003827652231225988 2.826975721413768e-07 2.928406839488126e-07
44 2.7376650640473386e-07 3.1294886792570804e-07 2.9487202974506966e-07 2.387838926455302e-07 2.893426334076818e-07 6.981723887313429e-06 2.836648467798257e-07 0.727799562653232 2.9295259665780164e-07 9.982689221139926e-07 2.929857284488427e-07 0.03179845366563365 2.771164067575703e-07 0.1305417823235637 2.8532944019074548e-05 5.416668074987039e-05 1.6330315505958644e-05 0.01380677519679523 1.566411121314177e-05 0.0029085686157964783 2.819189464604064e-07 2.1244134217101675e-05 1.9845531517263495e-05 2.7283448212230005e-05 0.0002479112124130987 0.008036566510820483 0.01343156509656162 0.003827652231225988 2.826975721413768e-07 2.928406839488126e-07
45 1.3188354744652586e-06 1.3241241053682478e-06 1.3825255323277388e-06 1.2125594512926203e-06 1.3220453041002114e-06 0.08872874263817529 1.2552220234331227e-06 0.39866270300998685 1.2883701811309781e-06 0.061667466906782854 0.0005469810234679018 0.22317574767503792 1.305620829297819e-06 0.00016605293393944087 0.0002041385752423312 0.00016334179878699668 4.251161599588883e-05 0.003914286043027395 1.0801889187683554e-05 0.0016092934243537135 1.4924593516475778e-06 1.986979812477895e-05 2.3029052893058657e-06 1.3777250041623627e-05 3.868006727482906e-05 0.005000964415718142 0.000899108045584552 0.0026938590018995507 1.3646857409590005e-06 1.287210750397375e-06
46 1.3188354744652586e-06 1.3241241053682478e-06 1.3825255323277388e-06 1.2125594512926203e-06 1.3220453041002114e-06 0.08872874263817529 1.2552220234331227e-06 0.39866270300998685 1.2883701811309781e-06 0.061667466906782854 0.0005469810234679018 0.22317574767503792 1.305620829297819e-06 0.00016605293393944087 0.0002041385752423312 0.00016334179878699668 4.251161599588883e-05 0.003914286043027395 1.0801889187683554e-05 0.0016092934243537135 1.4924593516475778e-06 1.986979812477895e-05 2.3029052893058657e-06 1.3777250041623627e-05 3.868006727482906e-05 0.005000964415718142 0.000899108045584552 0.0026938590018995507 1.3646857409590005e-06 1.287210750397375e-06
47 1.3188354744652586e-06 1.3241241053682478e-06 1.3825255323277388e-06 1.2125594512926203e-06 1.3220453041002114e-06 0.08872874263817529 1.2552220234331227e-06 0.39866270300998685 1.2883701811309781e-06 0.061667466906782854 0.0005469810234679018 0.22317574767503792 1.305620829297819e-06 0.00016605293393944087 0.0002041385752423312 0.00016334179878699668 4.251161599588883e-05 0.003914286043027395 1.0801889187683554e-05 0.0016092934243537135 1.4924593516475778e-06 1.986979812477895e-05 2.3029052893058657e-06 1.3777250041623627e-05 3.868006727482906e-05 0.005000964415718142 0.000899108045584552 0.0026938590018995507 1.3646857409590005e-06 1.287210750397375e-06
48 1.3188354744652586e-06 1.3241241053682478e-06 1.3825255323277388e-06 1.2125594512926203e-06 1.3220453041002114e-06 0.08872874263817529 1.2552220234331227e-06 0.39866270300998685 1.2883701811309781e-06 0.061667466906782854 0.0005469810234679018 0.22317574767503792 1.305620829297819e-06 0.00016605293393944087 0.0002041385752423312 0.00016334179878699668 4.251161599588883e-05 0.003914286043027395 1.0801889187683554e-05 0.0016092934243537135 1.4924593516475778e-06 1.986979812477895e-05 2.3029052893058657e-06 1.3777250041623627e-05 3.868006727482906e-05 0.005000964415718142 0.000899108045584552 0.0026938590018995507 1.3646857409590005e-06 1.287210750397375e-06
49 1.3188354744652586e-06 1.3241241053682478e-06 1.3825255323277388e-06 1.2125594512926203e-06 1.3220453041002114e-06 0.08872874263817529 1.2552220234331227e-06 0.39866270300998685 1.2883701811309781e-06 0.061667466906782854 0.0005469810234679018 0.22317574767503792 1.305620829297819e-06 0.00016605293393944087 0.0002041385752423312 0.00016334179878699668 4.251161599588883e-05 0.003914286043027395 1.0801889187683554e-05 0.0016092934243537135 1.4924593516475778e-06 1.986979812477895e-05 2.3029052893058657e-06 1.3777250041623627e-05 3.868006727482906e-05 0.005000964415718142 0.000899108045584552 0.0026938590018995507 1.3646857409590005e-06 1.287210750397375e-06
50 1.3188354744652586e-06 1.3241241053682478e-06 1.3825255323277388e-06 1.2125594512926203e-06 1.3220453041002114e-06 0.08872874263817529 1.2552220234331227e-06 0.39866270300998685 1.2883701811309781e-06 0.061667466906782854 0.0005469810234679018 0.22317574767503792 1.305620829297819e-06 0.00016605293393944087 0.0002041385752423312 0.00016334179878699668 4.251161599588883e-05 0.003914286043027395 1.0801889187683554e-05 0.0016092934243537135 1.4924593516475778e-06 1.986979812477895e-05 2.3029052893058657e-06 1.3777250041623627e-05 3.868006727482906e-05 0.005000964415718142 0.000899108045584552 0.0026938590018995507 1.3646857409590005e-06 1.287210750397375e-06
51 1.3188354744652586e-06 1.3241241053682478e-06 1.3825255323277388e-06 1.2125594512926203e-06 1.3220453041002114e-06 0.08872874263817529 1.2552220234331227e-06 0.39866270300998685 1.2883701811309781e-06 0.061667466906782854 0.0005469810234679018 0.22317574767503792 1.305620829297819e-06 0.00016605293393944087 0.0002041385752423312 0.00016334179878699668 4.251161599588883e-05 0.003914286043027395 1.0801889187683554e-05 0.0016092934243537135 1.4924593516475778e-06 1.986979812477895e-05 2.3029052893058657e-06 1.3777250041623627e-05 3.868006727482906e-05 0.005000964415718142 0.000899108045584552 0.0026938590018995507 1.3646857409590005e-06 1.287210750397375e-06
52 1.3188354744652586e-06 1.3241241053682478e-06 1.3825255323277388e-06 1.2125594512926203e-06 1.3220453041002114e-06 0.08872874263817529 1.2552220234331227e-06 0.39866270300998685 1.2883701811309781e-06 0.061667466906782854 0.0005469810234679018 0.22317574767503792 1.305620829297819e-06 0.00016605293393944087 0.0002041385752423312 0.00016334179878699668 4.251161599588883e-05 0.003914286043027395 1.0801889187683554e-05 0.0016092934243537135 1.4924593516475778e-06 1.986979812477895e-05 2.3029052893058657e-06 1.3777250041623627e-05 3.868006727482906e-05 0.005000964415718142 0.000899108045584552 0.0026938590018995507 1.3646857409590005e-06 1.287210750397375e-06
53 1.3188354744652586e-06 1.3241241053682478e-06 1.3825255323277388e-06 1.2125594512926203e-06 1.3220453041002114e-06 0.08872874263817529 1.2552220234331227e-06 0.39866270300998685 1.2883701811309781e-06 0.061667466906782854 0.0005469810234679018 0.22317574767503792 1.305620829297819e-06 0.00016605293393944087 0.0002041385752423312 0.00016334179878699668 4.251161599588883e-05 0.003914286043027395 1.0801889187683554e-05 0.0016092934243537135 1.4924593516475778e-06 1.986979812477895e-05 2.3029052893058657e-06 1.3777250041623627e-05 3.868006727482906e-05 0.005000964415718142 0.000899108045584552 0.0026938590018995507 1.3646857409590005e-06 1.287210750397375e-06
54 1.3188354744652586e-06 1.3241241053682478e-06 1.3825255323277388e-06 1.2125594512926203e-06 1.3220453041002114e-06 0.08872874263817529 1.2552220234331227e-06 0.39866270300998685 1.2883701811309781e-06 0.061667466906782854 0.0005469810234679018 0.22317574767503792 1.305620829297819e-06 0.00016605293393944087 0.0002041385752423312 0.00016334179878699668 4.251161599588883e-05 0.003914286043027395 1.0801889187683554e-05 0.0016092934243537135 1.4924593516475778e-06 1.986979812477895e-05 2.3029052893058657e-06 1.3777250041623627e-05 3.868006727482906e-05 0.005000964415718142 0.000899108045584552 0.0026938590018995507 1.3646857409590005e-06 1.287210750397375e-06
55 1.3188354744652586e-06 1.3241241053682478e-06 1.3825255323277388e-06 1.2125594512926203e-06 1.3220453041002114e-06 0.08872874263817529 1.2552220234331227e-06 0.39866270300998685 1.2883701811309781e-06 0.061667466906782854 0.0005469810234679018 0.22317574767503792 1.305620829297819e-06 0.00016605293393944087 0.0002041385752423312 0.00016334179878699668 4.251161599588883e-05 0.003914286043027395 1.0801889187683554e-05 0.0016092934243537135 1.4924593516475778e-06 1.986979812477895e-05 2.3029052893058657e-06 1.3777250041623627e-05 3.868006727482906e-05 0.005000964415718142 0.000899108045584552 0.0026938590018995507 1.3646857409590005e-06 1.287210750397375e-06
56 1.3188354744652586e-06 1.3241241053682478e-06 1.3825255323277388e-06 1.2125594512926203e-06 1.3220453041002114e-06 0.08872874263817529 1.2552220234331227e-06 0.39866270300998685 1.2883701811309781e-06 0.061667466906782854 0.0005469810234679018 0.22317574767503792 1.305620829297819e-06 0.00016605293393944087 0.0002041385752423312 0.00016334179878699668 4.251161599588883e-05 0.003914286043027395 1.0801889187683554e-05 0.0016092934243537135 1.4924593516475778e-06 1.986979812477895e-05 2.3029052893058657e-06 1.3777250041623627e-05 3.868006727482906e-05 0.005000964415718142 0.000899108045584552 0.0026938590018995507 1.3646857409590005e-06 1.287210750397375e-06
57 1.3188354744652586e-06 1.3241241053682478e-06 1.3825255323277388e-06 1.2125594512926203e-06 1.3220453041002114e-06 0.08872874263817529 1.2552220234331227e-06 0.39866270300998685 1.2883701811309781e-06 0.061667466906782854 0.0005469810234679018 0.22317574767503792 1.305620829297819e-06 0.00016605293393944087 0.0002041385752423312 0.00016334179878699668 4.251161599588883e-05 0.003914286043027395 1.0801889187683554e-05 0.0016092934243537135 1.4924593516475778e-06 1.986979812477895e-05 2.3029052893058657e-06 1.3777250041623627e-05 3.868006727482906e-05 0.005000964415718142 0.000899108045584552 0.0026938590018995507 1.3646857409590005e-06 1.287210750397375e-06
58 1.3188354744652586e-06 1.3241241053682478e-06 1.3825255323277388e-06 1.2125594512926203e-06 1.3220453041002114e-06 0.08872874263817529 1.2552220234331227e-06 0.39866270300998685 1.2883701811309781e-06 0.061667466906782854 0.0005469810234679018 0.22317574767503792 1.305620829297819e-06 0.00016605293393944087 0.0002041385752423312 0.00016334179878699668 4.251161599588883e-05 0.003914286043027395 1.0801889187683554e-05 0.0016092934243537135 1.4924593516475778e-06 1.986979812477895e-05 2.3029052893058657e-06 1.3777250041623627e-05 3.868006727482906e-05 0.005000964415718142 0.000899108045584552 0.0026938590018995507 1.3646857409590005e-06 1.287210750397375e-06
59 1.3188354744652586e-06 1.3241241053682478e-06 1.3825255323277388e-06 1.2125594512926203e-06 1.3220453041002114e-06 0.08872874263817529 1.2552220234331227e-06 0.39866270300998685 1.2883701811309781e-06 0.061667466906782854 0.0005469810234679018 0.22317574767503792 1.305620829297819e-06 0.00016605293393944087 0.0002041385752423312 0.00016334179878699668 4.251161599588883e-05 0.003914286043027395 1.0801889187683554e-05 0.0016092934243537135 1.4924593516475778e-06 1.986979812477895e-05 2.3029052893058657e-06 1.3777250041623627e-05 3.868006727482906e-05 0.005000964415718142 0.000899108045584552 0.0026938590018995507 1.3646857409590005e-06 1.287210750397375e-06
60 1.3188354744652586e-06 1.3241241053682478e-06 1.3825255323277388e-06 1.2125594512926203e-06 1.3220453041002114e-06 0.08872874263817529 1.2552220234331227e-06 0.39866270300998685 1.2883701811309781e-06 0.061667466906782854 0.0005469810234679018 0.22317574767503792 1.305620829297819e-06 0.00016605293393944087 0.0002041385752423312 0.00016334179878699668 4.251161599588883e-05 0.003914286043027395 1.0801889187683554e-05 0.0016092934243537135 1.4924593516475778e-06 1.986979812477895e-05 2.3029052893058657e-06 1.3777250041623627e-05 3.868006727482906e-05 0.005000964415718142 0.000899108045584552 0.0026938590018995507 1.3646857409590005e-06 1.287210750397375e-06
61 1.3188354744652586e-06 1.3241241053682478e-06 1.3825255323277388e-06 1.2125594512926203e-06 1.3220453041002114e-06 0.08872874263817529 1.2552220234331227e-06 0.39866270300998685 1.2883701811309781e-06 0.061667466906782854 0.0005469810234679018 0.22317574767503792 1.305620829297819e-06 0.00016605293393944087 0.0002041385752423312 0.00016334179878699668 4.251161599588883e-05 0.003914286043027395 1.0801889187683554e-05 0.0016092934243537135 1.4924593516475778e-06 1.986979812477895e-05 2.3029052893058657e-06 1.3777250041623627e-05 3.868006727482906e-05 0.005000964415718142 0.000899108045584552 0.0026938590018995507 1.3646857409590005e-06 1.287210750397375e-06
62 1.3188354744652586e-06 1.3241241053682478e-06 1.3825255323277388e-06 1.2125594512926203e-06 1.3220453041002114e-06 0.08872874263817529 1.2552220234331227e-06 0.39866270300998685 1.2883701811309781e-06 0.061667466906782854 0.0005469810234679018 0.22317574767503792 1.305620829297819e-06 0.00016605293393944087 0.0002041385752423312 0.00016334179878699668 4.251161599588883e-05 0.003914286043027395 1.0801889187683554e-05 0.0016092934243537135 1.4924593516475778e-06 1.986979812477895e-05 2.3029052893058657e-06 1.3777250041623627e-05 3.868006727482906e-05 0.005000964415718142 0.000899108045584552 0.0026938590018995507 1.3646857409590005e-06 1.287210750397375e-06
63 1.3188354744652586e-06 1.3241241053682478e-06 1.3825255323277388e-06 1.2125594512926203e-06 1.3220453041002114e-06 0.08872874263817529 1.2552220234331227e-06 0.39866270300998685 1.2883701811309781e-06 0.061667466906782854 0.0005469810234679018 0.22317574767503792 1.305620829297819e-06 0.00016605293393944087 0.0002041385752423312 0.00016334179878699668 4.251161599588883e-05 0.003914286043027395 1.0801889187683554e-05 0.0016092934243537135 1.4924593516475778e-06 1.986979812477895e-05 2.3029052893058657e-06 1.3777250041623627e-05 3.868006727482906e-05 0.005000964415718142 0.000899108045584552 0.0026938590018995507 1.3646857409590005e-06 1.287210750397375e-06
64 1.3188354744652586e-06 1.3241241053682478e-06 1.3825255323277388e-06 1.2125594512926203e-06 1.3220453041002114e-06 0.08872874263817529 1.2552220234331227e-06 0.39866270300998685 1.2883701811309781e-06 0.061667466906782854 0.0005469810234679018 0.22317574767503792 1.305620829297819e-06 0.00016605293393944087 0.0002041385752423312 0.00016334179878699668 4.251161599588883e-05 0.003914286043027395 1.0801889187683554e-05 0.0016092934243537135 1.4924593516475778e-06 1.986979812477895e-05 2.3029052893058657e-06 1.3777250041623627e-05 3.868006727482906e-05 0.005000964415718142 0.000899108045584552 0.0026938590018995507 1.3646857409590005e-06 1.287210750397375e-06
65 1.3188354744652586e-06 1.3241241053682478e-06 1.3825255323277388e-06 1.2125594512926203e-06 1.3220453041002114e-06 0.08872874263817529 1.2552220234331227e-06 0.39866270300998685 1.2883701811309781e-06 0.061667466906782854 0.0005469810234679018 0.22317574767503792 1.305620829297819e-06 0.00016605293393944087 0.0002041385752423312 0.00016334179878699668 4.251161599588883e-05 0.003914286043027395 1.0801889187683554e-05 0.0016092934243537135 1.4924593516475778e-06 1.986979812477895e-05 2.3029052893058657e-06 1.3777250041623627e-05 3.868006727482906e-05 0.005000964415718142 0.000899108045584552 0.0026938590018995507 1.3646857409590005e-06 1.287210750397375e-06
66 1.3188354744652586e-06 1.3241241053682478e-06 1.3825255323277388e-06 1.2125594512926203e-06 1.3220453041002114e-06 0.08872874263817529 1.2552220234331227e-06 0.39866270300998685 1.2883701811309781e-06 0.061667466906782854 0.0005469810234679018 0.22317574767503792 1.305620829297819e-06 0.00016605293393944087 0.0002041385752423312 0.00016334179878699668 4.251161599588883e-05 0.003914286043027395 1.0801889187683554e-05 0.0016092934243537135 1.4924593516475778e-06 1.986979812477895e-05 2.3029052893058657e-06 1.3777250041623627e-05 3.868006727482906e-05 0.005000964415718142 0.000899108045584552 0.0026938590018995507 1.3646857409590005e-06 1.287210750397375e-06
67 1.3188354744652586e-06 1.3241241053682478e-06 1.3825255323277388e-06 1.2125594512926203e-06 1.3220453041002114e-06 0.08872874263817529 1.2552220234331227e-06 0.39866270300998685 1.2883701811309781e-06 0.061667466906782854 0.0005469810234679018 0.22317574767503792 1.305620829297819e-06 0.00016605293393944087 0.0002041385752423312 0.00016334179878699668 4.251161599588883e-05 0.003914286043027395 1.0801889187683554e-05 0.0016092934243537135 1.4924593516475778e-06 1.986979812477895e-05 2.3029052893058657e-06 1.3777250041623627e-05 3.868006727482906e-05 0.005000964415718142 0.000899108045584552 0.0026938590018995507 1.3646857409590005e-06 1.287210750397375e-06
68 9.231249851640149e-07 9.189525253230608e-07 9.230509987904207e-07 9.826939655632074e-07 9.24627277631582e-07 0.06612269221649464 9.667812020920685e-07 0.46914911524817904 8.945151017749478e-07 0.04917120255458256 0.0003864101543483358 0.18164178963223854 9.030600079510555e-07 0.00011378664923352137 0.0001354537755589579 0.00011530563923595775 3.1992752985362296e-05 0.002989408205371154 7.737205590871217e-06 0.0006594833776899711 1.1119063015412509e-06 1.2848752676763585e-05 1.6271557270541784e-06 9.386952990567377e-06 2.7581237415972203e-05 0.003432105331560043 0.0005617846815117184 0.0015248899646196263 9.546183718504865e-07 9.519253365414474e-07
69 9.231249851640149e-07 9.189525253230608e-07 9.230509987904207e-07 9.826939655632074e-07 9.24627277631582e-07 0.06612269221649464 9.667812020920685e-07 0.46914911524817904 8.945151017749478e-07 0.04917120255458256 0.0003864101543483358 0.18164178963223854 9.030600079510555e-07 0.00011378664923352137 0.0001354537755589579 0.00011530563923595775 3.1992752985362296e-05 0.002989408205371154 7.737205590871217e-06 0.0006594833776899711 1.1119063015412509e-06 1.2848752676763585e-05 1.6271557270541784e-06 9.386952990567377e-06 2.7581237415972203e-05 0.003432105331560043 0.0005617846815117184 0.0015248899646196263 9.546183718504865e-07 9.519253365414474e-07
70 9.231249851640149e-07 9.189525253230608e-07 9.230509987904207e-07 9.826939655632074e-07 9.24627277631582e-07 0.06612269221649464 9.667812020920685e-07 0.46914911524817904 8.945151017749478e-07 0.04917120255458256 0.0003864101543483358 0.18164178963223854 9.030600079510555e-07 0.00011378664923352137 0.0001354537755589579 0.00011530563923595775 3.1992752985362296e-05 0.002989408205371154 7.737205590871217e-06 0.0006594833776899711 1.1119063015412509e-06 1.2848752676763585e-05 1.6271557270541784e-06 9.386952990567377e-06 2.7581237415972203e-05 0.003432105331560043 0.0005617846815117184 0.0015248899646196263 9.546183718504865e-07 9.519253365414474e-07
71 9.231249851640149e-07 9.189525253230608e-07 9.230509987904207e-07 9.826939655632074e-07 9.24627277631582e-07 0.06612269221649464 9.667812020920685e-07 0.46914911524817904 8.945151017749478e-07 0.04917120255458256 0.0003864101543483358 0.18164178963223854 9.030600079510555e-07 0.00011378664923352137 0.0001354537755589579 0.00011530563923595775 3.1992752985362296e-05 0.002989408205371154 7.737205590871217e-06 0.0006594833776899711 1.1119063015412509e-06 1.2848752676763585e-05 1.6271557270541784e-06 9.386952990567377e-06 2.7581237415972203e-05 0.003432105331560043 0.0005617846815117184 0.0015248899646196263 9.546183718504865e-07 9.519253365414474e-07
72 9.231249851640149e-07 9.189525253230608e-07 9.230509987904207e-07 9.826939655632074e-07 9.24627277631582e-07 0.06612269221649464 9.667812020920685e-07 0.46914911524817904 8.945151017749478e-07 0.04917120255458256 0.0003864101543483358 0.18164178963223854 9.030600079510555e-07 0.00011378664923352137 0.0001354537755589579 0.00011530563923595775 3.1992752985362296e-05 0.002989408205371154 7.737205590871217e-06 0.0006594833776899711 1.1119063015412509e-06 1.2848752676763585e-05 1.6271557270541784e-06 9.386952990567377e-06 2.7581237415972203e-05 0.003432105331560043 0.0005617846815117184 0.0015248899646196263 9.546183718504865e-07 9.519253365414474e-07
73 9.231249851640149e-07 9.189525253230608e-07 9.230509987904207e-07 9.826939655632074e-07 9.24627277631582e-07 0.06612269221649464 9.667812020920685e-07 0.46914911524817904 8.945151017749478e-07 0.04917120255458256 0.0003864101543483358 0.18164178963223854 9.030600079510555e-07 0.00011378664923352137 0.0001354537755589579 0.00011530563923595775 3.1992752985362296e-05 0.002989408205371154 7.737205590871217e-06 0.0006594833776899711 1.1119063015412509e-06 1.2848752676763585e-05 1.6271557270541784e-06 9.386952990567377e-06 2.7581237415972203e-05 0.003432105331560043 0.0005617846815117184 0.0015248899646196263 9.546183718504865e-07 9.519253365414474e-07
74 9.231249851640149e-07 9.189525253230608e-07 9.230509987904207e-07 9.826939655632074e-07 9.24627277631582e-07 0.06612269221649464 9.667812020920685e-07 0.46914911524817904 8.945151017749478e-07 0.04917120255458256 0.0003864101543483358 0.18164178963223854 9.030600079510555e-07 0.00011378664923352137 0.0001354537755589579 0.00011530563923595775 3.1992752985362296e-05 0.002989408205371154 7.737205590871217e-06 0.0006594833776899711 1.1119063015412509e-06 1.2848752676763585e-05 1.6271557270541784e-06 9.386952990567377e-06 2.7581237415972203e-05 0.003432105331560043 0.0005617846815117184 0.0015248899646196263 9.546183718504865e-07 9.519253365414474e-07
75 9.231249851640149e-07 9.189525253230608e-07 9.230509987904207e-07 9.826939655632074e-07 9.24627277631582e-07 0.06612269221649464 9.667812020920685e-07 0.46914911524817904 8.945151017749478e-07 0.04917120255458256 0.0003864101543483358 0.18164178963223854 9.030600079510555e-07 0.00011378664923352137 0.0001354537755589579 0.00011530563923595775 3.1992752985362296e-05 0.002989408205371154 7.737205590871217e-06 0.0006594833776899711 1.1119063015412509e-06 1.2848752676763585e-05 1.6271557270541784e-06 9.386952990567377e-06 2.7581237415972203e-05 0.003432105331560043 0.0005617846815117184 0.0015248899646196263 9.546183718504865e-07 9.519253365414474e-07
76 9.231249851640149e-07 9.189525253230608e-07 9.230509987904207e-07 9.826939655632074e-07 9.24627277631582e-07 0.06612269221649464 9.667812020920685e-07 0.46914911524817904 8.945151017749478e-07 0.04917120255458256 0.0003864101543483358 0.18164178963223854 9.030600079510555e-07 0.00011378664923352137 0.0001354537755589579 0.00011530563923595775 3.1992752985362296e-05 0.002989408205371154 7.737205590871217e-06 0.0006594833776899711 1.1119063015412509e-06 1.2848752676763585e-05 1.6271557270541784e-06 9.386952990567377e-06 2.7581237415972203e-05 0.003432105331560043 0.0005617846815117184 0.0015248899646196263 9.546183718504865e-07 9.519253365414474e-07
77 9.231249851640149e-07 9.189525253230608e-07 9.230509987904207e-07 9.826939655632074e-07 9.24627277631582e-07 0.06612269221649464 9.667812020920685e-07 0.46914911524817904 8.945151017749478e-07 0.04917120255458256 0.0003864101543483358 0.18164178963223854 9.030600079510555e-07 0.00011378664923352137 0.0001354537755589579 0.00011530563923595775 3.1992752985362296e-05 0.002989408205371154 7.737205590871217e-06 0.0006594833776899711 1.1119063015412509e-06 1.2848752676763585e-05 1.6271557270541784e-06 9.386952990567377e-06 2.7581237415972203e-05 0.003432105331560043 0.0005617846815117184 0.0015248899646196263 9.546183718504865e-07 9.519253365414474e-07
78 9.231249851640149e-07 9.189525253230608e-07 9.230509987904207e-07 9.826939655632074e-07 9.24627277631582e-07 0.06612269221649464 9.667812020920685e-07 0.46914911524817904 8.945151017749478e-07 0.04917120255458256 0.0003864101543483358 0.18164178963223854 9.030600079510555e-07 0.00011378664923352137 0.0001354537755589579 0.00011530563923595775 3.1992752985362296e-05 0.002989408205371154 7.737205590871217e-06 0.0006594833776899711 1.1119063015412509e-06 1.2848752676763585e-05 1.6271557270541784e-06 9.386952990567377e-06 2.7581237415972203e-05 0.003432105331560043 0.0005617846815117184 0.0015248899646196263 9.546183718504865e-07 9.519253365414474e-07
79 9.231249851640149e-07 9.189525253230608e-07 9.230509987904207e-07 9.826939655632074e-07 9.24627277631582e-07 0.06612269221649464 9.667812020920685e-07 0.46914911524817904 8.945151017749478e-07 0.04917120255458256 0.0003864101543483358 0.18164178963223854 9.030600079510555e-07 0.00011378664923352137 0.0001354537755589579 0.00011530563923595775 3.1992752985362296e-05 0.002989408205371154 7.737205590871217e-06 0.0006594833776899711 1.1119063015412509e-06 1.2848752676763585e-05 1.6271557270541784e-06 9.386952990567377e-06 2.7581237415972203e-05 0.003432105331560043 0.0005617846815117184 0.0015248899646196263 9.546183718504865e-07 9.519253365414474e-07
80 9.231249851640149e-07 9.189525253230608e-07 9.230509987904207e-07 9.826939655632074e-07 9.24627277631582e-07 0.06612269221649464 9.667812020920685e-07 0.46914911524817904 8.945151017749478e-07 0.04917120255458256 0.0003864101543483358 0.18164178963223854 9.030600079510555e-07 0.00011378664923352137 0.0001354537755589579 0.00011530563923595775 3.1992752985362296e-05 0.002989408205371154 7.737205590871217e-06 0.0006594833776899711 1.1119063015412509e-06 1.2848752676763585e-05 1.6271557270541784e-06 9.386952990567377e-06 2.7581237415972203e-05 0.003432105331560043 0.0005617846815117184 0.0015248899646196263 9.546183718504865e-07 9.519253365414474e-07
81 9.231249851640149e-07 9.189525253230608e-07 9.230509987904207e-07 9.826939655632074e-07 9.24627277631582e-07 0.06612269221649464 9.667812020920685e-07 0.46914911524817904 8.945151017749478e-07 0.04917120255458256 0.0003864101543483358 0.18164178963223854 9.030600079510555e-07 0.00011378664923352137 0.0001354537755589579 0.00011530563923595775 3.1992752985362296e-05 0.002989408205371154 7.737205590871217e-06 0.0006594833776899711 1.1119063015412509e-06 1.2848752676763585e-05 1.6271557270541784e-06 9.386952990567377e-06 2.7581237415972203e-05 0.003432105331560043 0.0005617846815117184 0.0015248899646196263 9.546183718504865e-07 9.519253365414474e-07
82 9.231249851640149e-07 9.189525253230608e-07 9.230509987904207e-07 9.826939655632074e-07 9.24627277631582e-07 0.06612269221649464 9.667812020920685e-07 0.46914911524817904 8.945151017749478e-07 0.04917120255458256 0.0003864101543483358 0.18164178963223854 9.030600079510555e-07 0.00011378664923352137 0.0001354537755589579 0.00011530563923595775 3.1992752985362296e-05 0.002989408205371154 7.737205590871217e-06 0.0006594833776899711 1.1119063015412509e-06 1.2848752676763585e-05 1.6271557270541784e-06 9.386952990567377e-06 2.7581237415972203e-05 0.003432105331560043 0.0005617846815117184 0.0015248899646196263 9.546183718504865e-07 9.519253365414474e-07
83 9.231249851640149e-07 9.189525253230608e-07 9.230509987904207e-07 9.826939655632074e-07 9.24627277631582e-07 0.06612269221649464 9.667812020920685e-07 0.46914911524817904 8.945151017749478e-07 0.04917120255458256 0.0003864101543483358 0.18164178963223854 9.030600079510555e-07 0.00011378664923352137 0.0001354537755589579 0.00011530563923595775 3.1992752985362296e-05 0.002989408205371154 7.737205590871217e-06 0.0006594833776899711 1.1119063015412509e-06 1.2848752676763585e-05 1.6271557270541784e-06 9.386952990567377e-06 2.7581237415972203e-05 0.003432105331560043 0.0005617846815117184 0.0015248899646196263 9.546183718504865e-07 9.519253365414474e-07
84 9.231249851640149e-07 9.189525253230608e-07 9.230509987904207e-07 9.826939655632074e-07 9.24627277631582e-07 0.06612269221649464 9.667812020920685e-07 0.46914911524817904 8.945151017749478e-07 0.04917120255458256 0.0003864101543483358 0.18164178963223854 9.030600079510555e-07 0.00011378664923352137 0.0001354537755589579 0.00011530563923595775 3.1992752985362296e-05 0.002989408205371154 7.737205590871217e-06 0.0006594833776899711 1.1119063015412509e-06 1.2848752676763585e-05 1.6271557270541784e-06 9.386952990567377e-06 2.7581237415972203e-05 0.003432105331560043 0.0005617846815117184 0.0015248899646196263 9.546183718504865e-07 9.519253365414474e-07
85 9.231249851640149e-07 9.189525253230608e-07 9.230509987904207e-07 9.826939655632074e-07 9.24627277631582e-07 0.06612269221649464 9.667812020920685e-07 0.46914911524817904 8.945151017749478e-07 0.04917120255458256 0.0003864101543483358 0.18164178963223854 9.030600079510555e-07 0.00011378664923352137 0.0001354537755589579 0.00011530563923595775 3.1992752985362296e-05 0.002989408205371154 7.737205590871217e-06 0.0006594833776899711 1.1119063015412509e-06 1.2848752676763585e-05 1.6271557270541784e-06 9.386952990567377e-06 2.7581237415972203e-05 0.003432105331560043 0.0005617846815117184 0.0015248899646196263 9.546183718504865e-07 9.519253365414474e-07
86 9.231249851640149e-07 9.189525253230608e-07 9.230509987904207e-07 9.826939655632074e-07 9.24627277631582e-07 0.06612269221649464 9.667812020920685e-07 0.46914911524817904 8.945151017749478e-07 0.04917120255458256 0.0003864101543483358 0.18164178963223854 9.030600079510555e-07 0.00011378664923352137 0.0001354537755589579 0.00011530563923595775 3.1992752985362296e-05 0.002989408205371154 7.737205590871217e-06 0.0006594833776899711 1.1119063015412509e-06 1.2848752676763585e-05 1.6271557270541784e-06 9.386952990567377e-06 2.7581237415972203e-05 0.003432105331560043 0.0005617846815117184 0.0015248899646196263 9.546183718504865e-07 9.519253365414474e-07
87 9.231249851640149e-07 9.189525253230608e-07 9.230509987904207e-07 9.826939655632074e-07 9.24627277631582e-07 0.06612269221649464 9.667812020920685e-07 0.46914911524817904 8.945151017749478e-07 0.04917120255458256 0.0003864101543483358 0.18164178963223854 9.030600079510555e-07 0.00011378664923352137 0.0001354537755589579 0.00011530563923595775 3.1992752985362296e-05 0.002989408205371154 7.737205590871217e-06 0.0006594833776899711 1.1119063015412509e-06 1.2848752676763585e-05 1.6271557270541784e-06 9.386952990567377e-06 2.7581237415972203e-05 0.003432105331560043 0.0005617846815117184 0.0015248899646196263 9.546183718504865e-07 9.519253365414474e-07
88 9.231249851640149e-07 9.189525253230608e-07 9.230509987904207e-07 9.826939655632074e-07 9.24627277631582e-07 0.06612269221649464 9.667812020920685e-07 0.46914911524817904 8.945151017749478e-07 0.04917120255458256 0.0003864101543483358 0.18164178963223854 9.030600079510555e-07 0.00011378664923352137 0.0001354537755589579 0.00011530563923595775 3.1992752985362296e-05 0.002989408205371154 7.737205590871217e-06 0.0006594833776899711 1.1119063015412509e-06 1.2848752676763585e-05 1.6271557270541784e-06 9.386952990567377e-06 2.7581237415972203e-05 0.003432105331560043 0.0005617846815117184 0.0015248899646196263 9.546183718504865e-07 9.519253365414474e-07
89 9.231249851640149e-07 9.189525253230608e-07 9.230509987904207e-07 9.826939655632074e-07 9.24627277631582e-07 0.06612269221649464 9.667812020920685e-07 0.46914911524817904 8.945151017749478e-07 0.04917120255458256 0.0003864101543483358 0.18164178963223854 9.030600079510555e-07 0.00011378664923352137 0.0001354537755589579 0.00011530563923595775 3.1992752985362296e-05 0.002989408205371154 7.737205590871217e-06 0.0006594833776899711 1.1119063015412509e-06 1.2848752676763585e-05 1.6271557270541784e-06 9.386952990567377e-06 2.7581237415972203e-05 0.003432105331560043 0.0005617846815117184 0.0015248899646196263 9.546183718504865e-07 9.519253365414474e-07
90 9.231249851640149e-07 9.189525253230608e-07 9.230509987904207e-07 9.826939655632074e-07 9.24627277631582e-07 0.06612269221649464 9.667812020920685e-07 0.46914911524817904 8.945151017749478e-07 0.04917120255458256 0.0003864101543483358 0.18164178963223854 9.030600079510555e-07 0.00011378664923352137 0.0001354537755589579 0.00011530563923595775 3.1992752985362296e-05 0.002989408205371154 7.737205590871217e-06 0.0006594833776899711 1.1119063015412509e-06 1.2848752676763585e-05 1.6271557270541784e-06 9.386952990567377e-06 2.7581237415972203e-05 0.003432105331560043 0.0005617846815117184 0.0015248899646196263 9.546183718504865e-07 9.519253365414474e-07
91 9.231249851640149e-07 9.189525253230608e-07 9.230509987904207e-07 9.826939655632074e-07 9.24627277631582e-07 0.06612269221649464 9.667812020920685e-07 0.46914911524817904 8.945151017749478e-07 0.04917120255458256 0.0003864101543483358 0.18164178963223854 9.030600079510555e-07 0.00011378664923352137 0.0001354537755589579 0.00011530563923595775 3.1992752985362296e-05 0.002989408205371154 7.737205590871217e-06 0.0006594833776899711 1.1119063015412509e-06 1.2848752676763585e-05 1.6271557270541784e-06 9.386952990567377e-06 2.7581237415972203e-05 0.003432105331560043 0.0005617846815117184 0.0015248899646196263 9.546183718504865e-07 9.519253365414474e-07
92 9.231249851640149e-07 9.189525253230608e-07 9.230509987904207e-07 9.826939655632074e-07 9.24627277631582e-07 0.06612269221649464 9.667812020920685e-07 0.46914911524817904 8.945151017749478e-07 0.04917120255458256 0.0003864101543483358 0.18164178963223854 9.030600079510555e-07 0.00011378664923352137 0.0001354537755589579 0.00011530563923595775 3.1992752985362296e-05 0.002989408205371154 7.737205590871217e-06 0.0006594833776899711 1.1119063015412509e-06 1.2848752676763585e-05 1.6271557270541784e-06 9.386952990567377e-06 2.7581237415972203e-05 0.003432105331560043 0.0005617846815117184 0.0015248899646196263 9.546183718504865e-07 9.519253365414474e-07
93 9.231249851640149e-07 9.189525253230608e-07 9.230509987904207e-07 9.826939655632074e-07 9.24627277631582e-07 0.06612269221649464 9.667812020920685e-07 0.46914911524817904 8.945151017749478e-07 0.04917120255458256 0.0003864101543483358 0.18164178963223854 9.030600079510555e-07 0.00011378664923352137 0.0001354537755589579 0.00011530563923595775 3.1992752985362296e-05 0.002989408205371154 7.737205590871217e-06 0.0006594833776899711 1.1119063015412509e-06 1.2848752676763585e-05 1.6271557270541784e-06 9.386952990567377e-06 2.7581237415972203e-05 0.003432105331560043 0.0005617846815117184 0.0015248899646196263 9.546183718504865e-07 9.519253365414474e-07
94 9.231249851640149e-07 9.189525253230608e-07 9.230509987904207e-07 9.826939655632074e-07 9.24627277631582e-07 0.06612269221649464 9.667812020920685e-07 0.46914911524817904 8.945151017749478e-07 0.04917120255458256 0.0003864101543483358 0.18164178963223854 9.030600079510555e-07 0.00011378664923352137 0.0001354537755589579 0.00011530563923595775 3.1992752985362296e-05 0.002989408205371154 7.737205590871217e-06 0.0006594833776899711 1.1119063015412509e-06 1.2848752676763585e-05 1.6271557270541784e-06 9.386952990567377e-06 2.7581237415972203e-05 0.003432105331560043 0.0005617846815117184 0.0015248899646196263 9.546183718504865e-07 9.519253365414474e-07
95 9.231249851640149e-07 9.189525253230608e-07 9.230509987904207e-07 9.826939655632074e-07 9.24627277631582e-07 0.06612269221649464 9.667812020920685e-07 0.46914911524817904 8.945151017749478e-07 0.04917120255458256 0.0003864101543483358 0.18164178963223854 9.030600079510555e-07 0.00011378664923352137 0.0001354537755589579 0.00011530563923595775 3.1992752985362296e-05 0.002989408205371154 7.737205590871217e-06 0.0006594833776899711 1.1119063015412509e-06 1.2848752676763585e-05 1.6271557270541784e-06 9.386952990567377e-06 2.7581237415972203e-05 0.003432105331560043 0.0005617846815117184 0.0015248899646196263 9.546183718504865e-07 9.519253365414474e-07
96 9.231249851640149e-07 9.189525253230608e-07 9.230509987904207e-07 9.826939655632074e-07 9.24627277631582e-07 0.06612269221649464 9.667812020920685e-07 0.46914911524817904 8.945151017749478e-07 0.04917120255458256 0.0003864101543483358 0.18164178963223854 9.030600079510555e-07 0.00011378664923352137 0.0001354537755589579 0.00011530563923595775 3.1992752985362296e-05 0.002989408205371154 7.737205590871217e-06 0.0006594833776899711 1.1119063015412509e-06 1.2848752676763585e-05 1.6271557270541784e-06 9.386952990567377e-06 2.7581237415972203e-05 0.003432105331560043 0.0005617846815117184 0.0015248899646196263 9.546183718504865e-07 9.519253365414474e-07
97 9.231249851640149e-07 9.189525253230608e-07 9.230509987904207e-07 9.826939655632074e-07 9.24627277631582e-07 0.06612269221649464 9.667812020920685e-07 0.46914911524817904 8.945151017749478e-07 0.04917120255458256 0.0003864101543483358 0.18164178963223854 9.030600079510555e-07 0.00011378664923352137 0.0001354537755589579 0.00011530563923595775 3.1992752985362296e-05 0.002989408205371154 7.737205590871217e-06 0.0006594833776899711 1.1119063015412509e-06 1.2848752676763585e-05 1.6271557270541784e-06 9.386952990567377e-06 2.7581237415972203e-05 0.003432105331560043 0.0005617846815117184 0.0015248899646196263 9.546183718504865e-07 9.519253365414474e-07
98 9.231249851640149e-07 9.189525253230608e-07 9.230509987904207e-07 9.826939655632074e-07 9.24627277631582e-07 0.06612269221649464 9.667812020920685e-07 0.46914911524817904 8.945151017749478e-07 0.04917120255458256 0.0003864101543483358 0.18164178963223854 9.030600079510555e-07 0.00011378664923352137 0.0001354537755589579 0.00011530563923595775 3.1992752985362296e-05 0.002989408205371154 7.737205590871217e-06 0.0006594833776899711 1.1119063015412509e-06 1.2848752676763585e-05 1.6271557270541784e-06 9.386952990567377e-06 2.7581237415972203e-05 0.003432105331560043 0.0005617846815117184 0.0015248899646196263 9.546183718504865e-07 9.519253365414474e-07
99 9.231249851640149e-07 9.189525253230608e-07 9.230509987904207e-07 9.826939655632074e-07 9.24627277631582e-07 0.06612269221649464 9.667812020920685e-07 0.46914911524817904 8.945151017749478e-07 0.04917120255458256 0.0003864101543483358 0.18164178963223854 9.030600079510555e-07 0.00011378664923352137 0.0001354537755589579 0.00011530563923595775 3.1992752985362296e-05 0.002989408205371154 7.737205590871217e-06 0.0006594833776899711 1.1119063015412509e-06 1.2848752676763585e-05 1.6271557270541784e-06 9.386952990567377e-06 2.7581237415972203e-05 0.003432105331560043 0.0005617846815117184 0.0015248899646196263 9.546183718504865e-07 9.519253365414474e-07
100 9.231249851640149e-07 9.189525253230608e-07 9.230509987904207e-07 9.826939655632074e-07 9.24627277631582e-07 0.06612269221649464 9.667812020920685e-07 0.46914911524817904 8.945151017749478e-07 0.04917120255458256 0.0003864101543483358 0.18164178963223854 9.030600079510555e-07 0.00011378664923352137 0.0001354537755589579 0.00011530563923595775 3.1992752985362296e-05 0.002989408205371154 7.737205590871217e-06 0.0006594833776899711 1.1119063015412509e-06 1.2848752676763585e-05 1.6271557270541784e-06 9.386952990567377e-06 2.7581237415972203e-05 0.003432105331560043 0.0005617846815117184 0.0015248899646196263 9.546183718504865e-07 9.519253365414474e-07
101 9.231249851640149e-07 9.189525253230608e-07 9.230509987904207e-07 9.826939655632074e-07 9.24627277631582e-07 0.06612269221649464 9.667812020920685e-07 0.46914911524817904 8.945151017749478e-07 0.04917120255458256 0.0003864101543483358 0.18164178963223854 9.030600079510555e-07 0.00011378664923352137 0.0001354537755589579 0.00011530563923595775 3.1992752985362296e-05 0.002989408205371154 7.737205590871217e-06 0.0006594833776899711 1.1119063015412509e-06 1.2848752676763585e-05 1.6271557270541784e-06 9.386952990567377e-06 2.7581237415972203e-05 0.003432105331560043 0.0005617846815117184 0.0015248899646196263 9.546183718504865e-07 9.519253365414474e-07
102 9.231249851640149e-07 9.189525253230608e-07 9.230509987904207e-07 9.826939655632074e-07 9.24627277631582e-07 0.06612269221649464 9.667812020920685e-07 0.46914911524817904 8.945151017749478e-07 0.04917120255458256 0.0003864101543483358 0.18164178963223854 9.030600079510555e-07 0.00011378664923352137 0.0001354537755589579 0.00011530563923595775 3.1992752985362296e-05 0.002989408205371154 7.737205590871217e-06 0.0006594833776899711 1.1119063015412509e-06 1.2848752676763585e-05 1.6271557270541784e-06 9.386952990567377e-06 2.7581237415972203e-05 0.003432105331560043 0.0005617846815117184 0.0015248899646196263 9.546183718504865e-07 9.519253365414474e-07
103 9.231249851640149e-07 9.189525253230608e-07 9.230509987904207e-07 9.826939655632074e-07 9.24627277631582e-07 0.06612269221649464 9.667812020920685e-07 0.46914911524817904 8.945151017749478e-07 0.04917120255458256 0.0003864101543483358 0.18164178963223854 9.030600079510555e-07 0.00011378664923352137 0.0001354537755589579 0.00011530563923595775 3.1992752985362296e-05 0.002989408205371154 7.737205590871217e-06 0.0006594833776899711 1.1119063015412509e-06 1.2848752676763585e-05 1.6271557270541784e-06 9.386952990567377e-06 2.7581237415972203e-05 0.003432105331560043 0.0005617846815117184 0.0015248899646196263 9.546183718504865e-07 9.519253365414474e-07
104 9.231249851640149e-07 9.189525253230608e-07 9.230509987904207e-07 9.826939655632074e-07 9.24627277631582e-07 0.06612269221649464 9.667812020920685e-07 0.46914911524817904 8.945151017749478e-07 0.04917120255458256 0.0003864101543483358 0.18164178963223854 9.030600079510555e-07 0.00011378664923352137 0.0001354537755589579 0.00011530563923595775 3.1992752985362296e-05 0.002989408205371154 7.737205590871217e-06 0.0006594833776899711 1.1119063015412509e-06 1.2848752676763585e-05 1.6271557270541784e-06 9.386952990567377e-06 2.7581237415972203e-05 0.003432105331560043 0.0005617846815117184 0.0015248899646196263 9.546183718504865e-07 9.519253365414474e-07
105 9.231249851640149e-07 9.189525253230608e-07 9.230509987904207e-07 9.826939655632074e-07 9.24627277631582e-07 0.06612269221649464 9.667812020920685e-07 0.46914911524817904 8.945151017749478e-07 0.04917120255458256 0.0003864101543483358 0.18164178963223854 9.030600079510555e-07 0.00011378664923352137 0.0001354537755589579 0.00011530563923595775 3.1992752985362296e-05 0.002989408205371154 7.737205590871217e-06 0.0006594833776899711 1.1119063015412509e-06 1.2848752676763585e-05 1.6271557270541784e-06 9.386952990567377e-06 2.7581237415972203e-05 0.003432105331560043 0.0005617846815117184 0.0015248899646196263 9.546183718504865e-07 9.519253365414474e-07
106 9.231249851640149e-07 9.189525253230608e-07 9.230509987904207e-07 9.826939655632074e-07 9.24627277631582e-07 0.06612269221649464 9.667812020920685e-07 0.46914911524817904 8.945151017749478e-07 0.04917120255458256 0.0003864101543483358 0.18164178963223854 9.030600079510555e-07 0.00011378664923352137 0.0001354537755589579 0.00011530563923595775 3.1992752985362296e-05 0.002989408205371154 7.737205590871217e-06 0.0006594833776899711 1.1119063015412509e-06 1.2848752676763585e-05 1.6271557270541784e-06 9.386952990567377e-06 2.7581237415972203e-05 0.003432105331560043 0.0005617846815117184 0.0015248899646196263 9.546183718504865e-07 9.519253365414474e-07
107 9.231249851640149e-07 9.189525253230608e-07 9.230509987904207e-07 9.826939655632074e-07 9.24627277631582e-07 0.06612269221649464 9.667812020920685e-07 0.46914911524817904 8.945151017749478e-07 0.04917120255458256 0.0003864101543483358 0.18164178963223854 9.030600079510555e-07 0.00011378664923352137 0.0001354537755589579 0.00011530563923595775 3.1992752985362296e-05 0.002989408205371154 7.737205590871217e-06 0.0006594833776899711 1.1119063015412509e-06 1.2848752676763585e-05 1.6271557270541784e-06 9.386952990567377e-06 2.7581237415972203e-05 0.003432105331560043 0.0005617846815117184 0.0015248899646196263 9.546183718504865e-07 9.519253365414474e-07
108 9.231249851640149e-07 9.189525253230608e-07 9.230509987904207e-07 9.826939655632074e-07 9.24627277631582e-07 0.06612269221649464 9.667812020920685e-07 0.46914911524817904 8.945151017749478e-07 0.04917120255458256 0.0003864101543483358 0.18164178963223854 9.030600079510555e-07 0.00011378664923352137 0.0001354537755589579 0.00011530563923595775 3.1992752985362296e-05 0.002989408205371154 7.737205590871217e-06 0.0006594833776899711 1.1119063015412509e-06 1.2848752676763585e-05 1.6271557270541784e-06 9.386952990567377e-06 2.7581237415972203e-05 0.003432105331560043 0.0005617846815117184 0.0015248899646196263 9.546183718504865e-07 9.519253365414474e-07
