# index Z=1 - Z=30
0 8.067788299569471e-07 0.012139784903983066 7.552178771343856e-07 7.885930951731399e-07 7.748708040327774e-07 1.8977635947544865e-06 7.611582724748154e-07 0.0042889140727509845 7.72885089909525e-07 7.863995100626543e-07 7.808020262664442e-07 8.760304214098549e-05 7.601594074335402e-07 0.026152724978249112 2.1096418705779845e-06 8.721110414882692e-05 9.825742086527009e-07 0.008143152895933255 1.085026749084251e-06 0.015503497640502142 7.413035345677664e-07 0.00014130342323753257 0.00033317482352860636 2.051483297970922e-05 0.0069668530730920344 0.258513918456882 0.17272856815973747 0.21567933772771308 7.435990808894543e-07 7.489051924619142e-07
1 8.067788299569471e-07 0.012139784903983066 7.552178771343856e-07 7.885930951731399e-07 7.748708040327774e-07 1.8977635947544865e-06 7.611582724748154e-07 0.0042889140727509845 7.72885089909525e-07 7.863995100626543e-07 7.808020262664442e-07 8.760304214098549e-05 7.601594074335402e-07 0.026152724978249112 2.1096418705779845e-06 8.721110414882692e-05 9.825742086527009e-07 0.008143152895933255 1.085026749084251e-06 0.015503497640502142 7.413035345677664e-07 0.00014130342323753257 0.00033317482352860636 2.051483297970922e-05 0.0069668530730920344 0.258513918456882 0.17272856815973747 0.21567933772771308 7.435990808894543e-07 7.489051924619142e-07
2 8.067788299569471e-07 0.012139784903983066 7.552178771343856e-07 7.885930951731399e-07 7.748708040327774e-07 1.8977635947544865e-06 7.611582724748154e-07 0.0042889140727509845 7.72885089909525e-07 7.863995100626543e-07 7.808020262664442e-07 8.760304214098549e-05 7.601594074335402e-07 0.026152724978249112 2.1096418705779845e-06 8.721110414882692e-05 9.825742086527009e-07 0.008143152895933255 1.085026749084251e-06 0.015503497640502142 7.413035345677664e-07 0.00014130342323753257 0.00033317482352860636 2.051483297970922e-05 0.0069668530730920344 0.258513918456882 0.17272856815973747 0.21567933772771308 7.435990808894543e-07 7.489051924619142e-07
3 8.067788299569471e-07 0.012139784903983066 7.552178771343856e-07 7.885930951731399e-07 7.748708040327774e-07 1.8977635947544865e-06 7.611582724748154e-07 0.0042889140727509845 7.72885089909525e-07 7.863995100626543e-07 7.808020262664442e-07 8.760304214098549e-05 7.601594074335402e-07 0.026152724978249112 2.1096418705779845e-06 8.721110414882692e-05 9.825742086527009e-07 0.008143152895933255 1.085026749084251e-06 0.015503497640502142 7.413035345677664e-07 0.00014130342323753257 0.00033317482352860636 2.051483297970922e-05 0.0069668530730920344 0.258513918456882 0.17272856815973747 0.21567933772771308 7.435990808894543e-07 7.489051924619142e-07
4 8.067788299569471e-07 0.012139784903983066 7.552178771343856e-07 7.885930951731399e-07 7.748708040327774e-07 1.8977635947544865e-06 7.611582724748154e-07 0.0042889140727509845 7.72885089909525e-07 7.863995100626543e-07 7.808020262664442e-07 8.760304214098549e-05 7.601594074335402e-07 0.026152724978249112 2.1096418705779845e-06 8.721110414882692e-05 9.825742086527009e-07 0.008143152895933255 1.085026749084251e-06 0.015503497640502142 7.413035345677664e-07 0.00014130342323753257 0.00033317482352860636 2.051483297970922e-05 0.0069668530730920344 0.258513918456882 0.17272856815973747 0.21567933772771308 7.435990808894543e-07 7.489051924619142e-07
5 8.067788299569471e-07 0.012139784903983066 7.552178771343856e-07 7.885930951731399e-07 7.748708040327774e-07 1.8977635947544865e-06 7.611582724748154e-07 0.0042889140727509845 7.72885089909525e-07 7.863995100626543e-07 7.808020262664442e-07 8.760304214098549e-05 7.601594074335402e-07 0.026152724978249112 2.1096418705779845e-06 8.721110414882692e-05 9.825742086527009e-07 0.008143152895933255 1.085026749084251e-06 0.015503497640502142 7.413035345677664e-07 0.00014130342323753257 0.00033317482352860636 2.051483297970922e-05 0.0069668530730920344 0.258513918456882 0.17272856815973747 0.21567933772771308 7.435990808894543e-07 7.489051924619142e-07
6 8.067788299569471e-07 0.012139784903983066 7.552178771343856e-07 7.885930951731399e-07 7.748708040327774e-07 1.8977635947544865e-06 7.611582724748154e-07 0.0042889140727509845 7.72885089909525e-07 7.863995100626543e-07 7.808020262664442e-07 8.760304214098549e-05 7.601594074335402e-07 0.026152724978249112 2.1096418705779845e-06 8.721110414882692e-05 9.825742086527009e-07 0.008143152895933255 1.085026749084251e-06 0.015503497640502142 7.413035345677664e-07 0.00014130342323753257 0.00033317482352860636 2.051483297970922e-05 0.0069668530730920344 0.258513918456882 0.17272856815973747 0.21567933772771308 7.435990808894543e-07 7.489051924619142e-07
7 8.067788299569471e-07 0.012139784903983066 7.552178771343856e-07 7.885930951731399e-07 7.748708040327774e-07 1.8977635947544865e-06 7.611582724748154e-07 0.0042889140727509845 7.72885089909525e-07 7.863995100626543e-07 7.808020262664442e-07 8.760304214098549e-05 7.601594074335402e-07 0.026152724978249112 2.1096418705779845e-06 8.721110414882692e-05 9.825742086527009e-07 0.008143152895933255 1.085026749084251e-06 0.015503497640502142 7.413035345677664e-07 0.00014130342323753257 0.00033317482352860636 2.051483297970922e-05 0.0069668530730920344 0.258513918456882 0.17272856815973747 0.21567933772771308 7.435990808894543e-07 7.489051924619142e-07
8 8.067788299569471e-07 0.012139784903983066 7.552178771343856e-07 7.885930951731399e-07 7.748708040327774e-07 1.8977635947544865e-06 7.611582724748154e-07 0.0042889140727509845 7.72885089909525e-07 7.863995100626543e-07 7.808020262664442e-07 8.760304214098549e-05 7.601594074335402e-07 0.026152724978249112 2.1096418705779845e-06 8.721110414882692e-05 9.825742086527009e-07 0.008143152895933255 1.085026749084251e-06 0.015503497640502142 7.413035345677664e-07 0.00014130342323753257 0.00033317482352860636 2.051483297970922e-05 0.0069668530730920344 0.258513918456882 0.17272856815973747 0.21567933772771308 7.435990808894543e-07 7.489051924619142e-07
9 8.067788299569471e-07 0.012139784903983066 7.552178771343856e-07 7.885930951731399e-07 7.748708040327774e-07 1.8977635947544865e-06 7.611582724748154e-07 0.0042889140727509845 7.72885089909525e-07 7.863995100626543e-07 7.808020262664442e-07 8.760304214098549e-05 7.601594074335402e-07 0.026152724978249112 2.1096418705779845e-06 8.721110414882692e-05 9.825742086527009e-07 0.008143152895933255 1.085026749084251e-06 0.015503497640502142 7.413035345677664e-07 0.00014130342323753257 0.00033317482352860636 2.051483297970922e-05 0.0069668530730920344 0.258513918456882 0.17272856815973747 0.21567933772771308 7.435990808894543e-07 7.489051924619142e-07
10 8.067788299569471e-07 0.012139784903983066 7.552178771343856e-07 7.885930951731399e-07 7.748708040327774e-07 1.8977635947544865e-06 7.611582724748154e-07 0.0042889140727509845 7.72885089909525e-07 7.863995100626543e-07 7.808020262664442e-07 8.760304214098549e-05 7.601594074335402e-07 0.026152724978249112 2.1096418705779845e-06 8.721110414882692e-05 9.825742086527009e-07 0.008143152895933255 1.085026749084251e-06 0.015503497640502142 7.413035345677664e-07 0.00014130342323753257 0.00033317482352860636 2.051483297970922e-05 0.0069668530730920344 0.258513918456882 0.17272856815973747 0.21567933772771308 7.435990808894543e-07 7.489051924619142e-07
11 8.067788299569471e-07 0.012139784903983066 7.552178771343856e-07 7.885930951731399e-07 7.748708040327774e-07 1.8977635947544865e-06 7.611582724748154e-07 0.0042889140727509845 7.72885089909525e-07 7.863995100626543e-07 7.808020262664442e-07 8.760304214098549e-05 7.601594074335402e-07 0.026152724978249112 2.1096418705779845e-06 8.721110414882692e-05 9.825742086527009e-07 0.008143152895933255 1.085026749084251e-06 0.015503497640502142 7.413035345677664e-07 0.00014130342323753257 0.00033317482352860636 2.051483297970922e-05 0.0069668530730920344 0.258513918456882 0.17272856815973747 0.21567933772771308 7.435990808894543e-07 7.489051924619142e-07
12 5.069110238690094e-07 0.002421258012657077 5.453373568558333e-07 5.328060845064462e-07 5.541630460377405e-07 1.0059432716119742e-06 5.679225984683684e-07 0.0028129808443771035 5.157463928555106e-07 5.869020882226977e-07 5.553953040038256e-07 0.0014547221328838416 5.738250798069256e-07 0.010241303442048915 3.7108692350047246e-06 0.0004301463172921145 1.5648399634012044e-06 0.007858893862497713 9.403974098160223e-07 0.01612146903686641 5.170805439776101e-07 6.963816957589163e-05 0.0005012880004996916 1.2545041963442227e-05 0.015543069329517796 0.16767096351231306 0.16224046505794634 0.2940613655668615 5.221352022488235e-07 5.083088177627186e-07
13 5.069110238690094e-07 0.002421258012657077 5.453373568558333e-07 5.328060845064462e-07 5.541630460377405e-07 1.0059432716119742e-06 5.679225984683684e-07 0.0028129808443771035 5.157463928555106e-07 5.869020882226977e-07 5.553953040038256e-07 0.0014547221328838416 5.738250798069256e-07 0.010241303442048915 3.7108692350047246e-06 0.0004301463172921145 1.5648399634012044e-06 0.007858893862497713 9.403974098160223e-07 0.01612146903686641 5.170805439776101e-07 6.963816957589163e-05 0.0005012880004996916 1.2545041963442227e-05 0.015543069329517796 0.16767096351231306 0.16224046505794634 0.2940613655668615 5.221352022488235e-07 5.083088177627186e-07
14 5.069110238690094e-07 0.002421258012657077 5.453373568558333e-07 5.328060845064462e-07 5.541630460377405e-07 1.0059432716119742e-06 5.679225984683684e-07 0.0028129808443771035 5.157463928555106e-07 5.869020882226977e-07 5.553953040038256e-07 0.0014547221328838416 5.738250798069256e-07 0.010241303442048915 3.7108692350047246e-06 0.0004301463172921145 1.5648399634012044e-06 0.007858893862497713 9.403974098160223e-07 0.01612146903686641 5.170805439776101e-07 6.963816957589163e-05 0.0005012880004996916 1.2545041963442227e-05 0.015543069329517796 0.16767096351231306 0.16224046505794634 0.2940613655668615 5.221352022488235e-07 5.083088177627186e-07
15 5.069110238690094e-07 0.002421258012657077 5.453373568558333e-07 5.328060845064462e-07 5.541630460377405e-07 1.0059432716119742e-06 5.679225984683684e-07 0.0028129808443771035 5.157463928555106e-07 5.869020882226977e-07 5.553953040038256e-07 0.0014547221328838416 5.738250798069256e-07 0.010241303442048915 3.7108692350047246e-06 0.0004301463172921145 1.5648399634012044e-06 0.007858893862497713 9.403974098160223e-07 0.01612146903686641 5.170805439776101e-07 6.963816957589163e-05 0.0005012880004996916 1.2545041963442227e-05 0.015543069329517796 0.16767096351231306 0.16224046505794634 0.2940613655668615 5.221352022488235e-07 5.083088177627186e-07
16 5.069110238690094e-07 0.002421258012657077 5.453373568558333e-07 5.328060845064462e-07 5.541630460377405e-07 1.0059432716119742e-06 5.679225984683684e-07 0.0028129808443771035 5.157463928555106e-07 5.869020882226977e-07 5.553953040038256e-07 0.0014547221328838416 5.738250798069256e-07 0.010241303442048915 3.7108692350047246e-06 0.0004301463172921145 1.5648399634012044e-06 0.007858893862497713 9.403974098160223e-07 0.01612146903686641 5.170805439776101e-07 6.963816957589163e-05 0.0005012880004996916 1.2545041963442227e-05 0.015543069329517796 0.16767096351231306 0.16224046505794634 0.2940613655668615 5.221352022488235e-07 5.083088177627186e-07
17 5.069110238690094e-07 0.002421258012657077 5.453373568558333e-07 5.328060845064462e-07 5.541630460377405e-07 1.0059432716119742e-06 5.679225984683684e-07 0.0028129808443771035 5.157463928555106e-07 5.869020882226977e-07 5.553953040038256e-07 0.0014547221328838416 5.738250798069256e-07 0.010241303442048915 3.7108692350047246e-06 0.0004301463172921145 1.5648399634012044e-06 0.007858893862497713 9.403974098160223e-07 0.01612146903686641 5.170805439776101e-07 6.963816957589163e-05 0.0005012880004996916 1.2545041963442227e-05 0.015543069329517796 0.16767096351231306 0.16224046505794634 0.2940613655668615 5.221352022488235e-07 5.083088177627186e-07
18 5.069110238690094e-07 0.002421258012657077 5.453373568558333e-07 5.328060845064462e-07 5.541630460377405e-07 1.0059432716119742e-06 5.679225984683684e-07 0.0028129808443771035 5.157463928555106e-07 5.869020882226977e-07 5.553953040038256e-07 0.0014547221328838416 5.738250798069256e-07 0.010241303442048915 3.7108692350047246e-06 0.0004301463172921145 1.5648399634012044e-06 0.007858893862497713 9.403974098160223e-07 0.01612146903686641 5.170805439776101e-07 6.963816957589163e-05 0.0005012880004996916 1.2545041963442227e-05 0.015543069329517796 0.16767096351231306 0.16224046505794634 0.2940613655668615 5.221352022488235e-07 5.083088177627186e-07
19 5.069110238690094e-07 0.002421258012657077 5.453373568558333e-07 5.328060845064462e-07 5.541630460377405e-07 1.0059432716119742e-06 5.679225984683684e-07 0.0028129808443771035 5.157463928555106e-07 5.869020882226977e-07 5.553953040038256e-07 0.0014547221328838416 5.738250798069256e-07 0.010241303442048915 3.7108692350047246e-06 0.0004301463172921145 1.5648399634012044e-06 0.007858893862497713 9.403974098160223e-07 0.01612146903686641 5.170805439776101e-07 6.963816957589163e-05 0.0005012880004996916 1.2545041963442227e-05 0.015543069329517796 0.16767096351231306 0.16224046505794634 0.2940613655668615 5.221352022488235e-07 5.083088177627186e-07
20 5.069110238690094e-07 0.002421258012657077 5.453373568558333e-07 5.328060845064462e-07 5.541630460377405e-07 1.0059432716119742e-06 5.679225984683684e-07 0.0028129808443771035 5.157463928555106e-07 5.869020882226977e-07 5.553953040038256e-07 0.0014547221328838416 5.738250798069256e-07 0.010241303442048915 3.7108692350047246e-06 0.0004301463172921145 1.5648399634012044e-06 0.007858893862497713 9.403974098160223e-07 0.01612146903686641 5.170805439776101e-07 6.963816957589163e-05 0.0005012880004996916 1.2545041963442227e-05 0.015543069329517796 0.16767096351231306 0.16224046505794634 0.2940613655668615 5.221352022488235e-07 5.083088177627186e-07
21 5.069110238690094e-07 0.002421258012657077 5.453373568558333e-07 5.328060845064462e-07 5.541630460377405e-07 1.0059432716119742e-06 5.679225984683684e-07 0.0028129808443771035 5.157463928555106e-07 5.869020882226977e-07 5.553953040038256e-07 0.0014547221328838416 5.738250798069256e-07 0.010241303442048915 3.7108692350047246e-06 0.0004301463172921145 1.5648399634012044e-06 0.007858893862497713 9.403974098160223e-07 0.01612146903686641 5.170805439776101e-07 6.963816957589163e-05 0.0005012880004996916 1.2545041963442227e-05 0.015543069329517796 0.16767096351231306 0.16224046505794634 0.2940613655668615 5.221352022488235e-07 5.083088177627186e-07
22 9.440316463297164e-07 1.0786186083595423e-06 8.576479980668774e-07 9.480566681523394e-07 8.487440466553657e-07 2.851781661722699e-06 9.356669968859944e-07 0.004353636038451978 8.481953435796676e-07 8.821091121599117e-07 9.361407127534008e-07 0.10965112072258147 8.667709709241388e-07 0.3383716049913191 1.2222595755236507e-05 0.20406033889382802 2.111539772201846e-06 0.02994408780631702 1.6595988608301427e-06 0.03489623807671825 9.651108074810626e-07 0.00014114115698197447 0.0008725784469040288 7.243940277819681e-05 0.018148303393736086 0.02709756277713872 0.05392054870147774 0.09626005848696283 8.603132665305127e-07 8.901620793258611e-07
23 9.440316463297164e-07 1.0786186083595423e-06 8.576479980668774e-07 9.480566681523394e-07 8.487440466553657e-07 2.851781661722699e-06 9.356669968859944e-07 0.004353636038451978 8.481953435796676e-07 8.821091121599117e-07 9.361407127534008e-07 0.10965112072258147 8.667709709241388e-07 0.3383716049913191 1.2222595755236507e-05 0.20406033889382802 2.111539772201846e-06 0.02994408780631702 1.6595988608301427e-06 0.03489623807671825 9.651108074810626e-07 0.00014114115698197447 0.0008725784469040288 7.243940277819681e-05 0.018148303393736086 0.02709756277713872 0.05392054870147774 0.09626005848696283 8.603132665305127e-07 8.901620793258611e-07
24 9.440316463297164e-07 1.0786186083595423e-06 8.576479980668774e-07 9.480566681523394e-07 8.487440466553657e-07 2.851781661722699e-06 9.356669968859944e-07 0.004353636038451978 8.481953435796676e-07 8.821091121599117e-07 9.361407127534008e-07 0.10965112072258147 8.667709709241388e-07 0.3383716049913191 1.2222595755236507e-05 0.20406033889382802 2.111539772201846e-06 0.02994408780631702 1.6595988608301427e-06 0.03489623807671825 9.651108074810626e-07 0.00014114115698197447 0.0008725784469040288 7.243940277819681e-05 0.018148303393736086 0.02709756277713872 0.05392054870147774 0.09626005848696283 8.603132665305127e-07 8.901620793258611e-07
25 9.440316463297164e-07 1.0786186083595423e-06 8.576479980668774e-07 9.480566681523394e-07 8.487440466553657e-07 2.851781661722699e-06 9.356669968859944e-07 0.004353636038451978 8.481953435796676e-07 8.821091121599117e-07 9.361407127534008e-07 0.10965112072258147 8.667709709241388e-07 0.3383716049913191 1.2222595755236507e-05 0.20406033889382802 2.111539772201846e-06 0.02994408780631702 1.6595988608301427e-06 0.03489623807671825 9.651108074810626e-07 0.00014114115698197447 0.0008725784469040288 7.243940277819681e-05 0.018148303393736086 0.02709756277713872 0.05392054870147774 0.09626005848696283 8.603132665305127e-07 8.901620793258611e-07
26 9.440316463297164e-07 1.0786186083595423e-06 8.576479980668774e-07 9.480566681523394e-07 8.487440466553657e-07 2.851781661722699e-06 9.356669968859944e-07 0.004353636038451978 8.481953435796676e-07 8.821091121599117e-07 9.361407127534008e-07 0.10965112072258147 8.667709709241388e-07 0.3383716049913191 1.2222595755236507e-05 0.20406033889382802 2.111539772201846e-06 0.02994408780631702 1.6595988608301427e-06 0.03489623807671825 9.651108074810626e-07 0.00014114115698197447 0.0008725784469040288 7.243940277819681e-05 0.018148303393736086 0.02709756277713872 0.05392054870147774 0.09626005848696283 8.603132665305127e-07 8.901620793258611e-07
27 9.440316463297164e-07 1.0786186083595423e-06 8.576479980668774e-07 9.480566681523394e-07 8.487440466553657e-07 2.851781661722699e-06 9.356669968859944e-07 0.004353636038451978 8.481953435796676e-07 8.821091121599117e-07 9.361407127534008e-07 0.10965112072258147 8.667709709241388e-07 0.3383716049913191 1.2222595755236507e-05 0.20406033889382802 2.111539772201846e-06 0.02994408780631702 1.6595988608301427e-06 0.03489623807671825 9.651108074810626e-07 0.00014114115698197447 0.0008725784469040288 7.243940277819681e-05 0.018148303393736086 0.02709756277713872 0.05392054870147774 0.09626005848696283 8.603132665305127e-07 8.901620793258611e-07
28 9.440316463297164e-07 1.0786186083595423e-06 8.576479980668774e-07 9.480566681523394e-07 8.487440466553657e-07 2.851781661722699e-06 9.356669968859944e-07 0.004353636038451978 8.481953435796676e-07 8.821091121599117e-07 9.361407127534008e-07 0.10965112072258147 8.667709709241388e-07 0.3383716049913191 1.2222595755236507e-05 0.20406033889382802 2.111539772201846e-06 0.02994408780631702 1.6595988608301427e-06 0.03489623807671825 9.651108074810626e-07 0.00014114115698197447 0.0008725784469040288 7.243940277819681e-05 0.018148303393736086 0.02709756277713872 0.05392054870147774 0.09626005848696283 8.603132665305127e-07 8.901620793258611e-07
29 9.440316463297164e-07 1.0786186083595423e-06 8.576479980668774e-07 9.480566681523394e-07 8.487440466553657e-07 2.851781661722699e-06 9.356669968859944e-07 0.004353636038451978 8.481953435796676e-07 8.821091121599117e-07 9.361407127534008e-07 0.10965112072258147 8.667709709241388e-07 0.3383716049913191 1.2222595755236507e-05 0.20406033889382802 2.111539772201846e-06 0.02994408780631702 1.6595988608301427e-06 0.03489623807671825 9.651108074810626e-07 0.00014114115698197447 0.0008725784469040288 7.243940277819681e-05 0.018148303393736086 0.02709756277713872 0.05392054870147774 0.09626005848696283 8.603132665305127e-07 8.901620793258611e-07
30 9.440316463297164e-07 1.0786186083595423e-06 8.576479980668774e-07 9.480566681523394e-07 8.487440466553657e-07 2.851781661722699e-06 9.356669968859944e-07 0.004353636038451978 8.481953435796676e-07 8.821091121599117e-07 9.361407127534008e-07 0.10965112072258147 8.667709709241388e-07 0.3383716049913191 1.2222595755236507e-05 0.20406033889382802 2.111539772201846e-06 0.02994408780631702 1.6595988608301427e-06 0.03489623807671825 9.651108074810626e-07 0.00014114115698197447 0.0008725784469040288 7.243940277819681e-05 0.018148303393736086 0.02709756277713872 0.05392054870147774 0.09626005848696283 8.603132665305127e-07 8.901620793258611e-07
31 9.440316463297164e-07 1.0786186083595423e-06 8.576479980668774e-07 9.480566681523394e-07 8.487440466553657e-07 2.851781661722699e-06 9.356669968859944e-07 0.004353636038451978 8.481953435796676e-07 8.821091121599117e-07 9.361407127534008e-07 0.10965112072258147 8.667709709241388e-07 0.3383716049913191 1.2222595755236507e-05 0.20406033889382802 2.111539772201846e-06 0.02994408780631702 1.6595988608301427e-06 0.03489623807671825 9.651108074810626e-07 0.00014114115698197447 0.0008725784469040288 7.243940277819681e-05 0.018148303393736086 0.02709756277713872 0.05392054870147774 0.09626005848696283 8.603132665305127e-07 8.901620793258611e-07
32 6.362348842113617e-07 7.209266544450236e-07 5.841447800711269e-07 6.742710812984163e-07 5.705695039819195e-07 1.451042796553523e-05 6.532704901401264e-07 0.47538009616864385 6.416055953321818e-07 1.8488289148799119e-06 6.261969788915595e-07 0.06640751453919397 6.397991000704157e-07 0.21549698475690546 5.793447409029927e-05 0.00011098072428214963 3.5084167789799075e-05 0.032392877503429715 3.861073498640879e-05 0.004038259819058197 6.279416262253098e-07 5.012365413734735e-05 3.9000243102480006e-05 5.387581017805729e-05 0.0005895338766055183 0.0062533986228650255 0.01890680923339894 0.01900020503033489 5.959638502894558e-07 6.273944386028472e-07
33 6.362348842113617e-07 7.209266544450236e-07 5.841447800711269e-07 6.742710812984163e-07 5.705695039819195e-07 1.451042796553523e-05 6.532704901401264e-07 0.47538009616864385 6.416055953321818e-07 1.8488289148799119e-06 6.261969788915595e-07 0.06640751453919397 6.397991000704157e-07 0.21549698475690546 5.793447409029927e-05 0.00011098072428214963 3.5084167789799075e-05 0.032392877503429715 3.861073498640879e-05 0.004038259819058197 6.279416262253098e-07 5.012365413734735e-05 3.9000243102480006e-05 5.387581017805729e-05 0.0005895338766055183 0.0062533986228650255 0.01890680923339894 0.01900020503033489 5.959638502894558e-07 6.273944386028472e-07
34 6.362348842113617e-07 7.209266544450236e-07 5.841447800711269e-07 6.742710812984163e-07 5.705695039819195e-07 1.451042796553523e-05 6.532704901401264e-07 0.47538009616864385 6.416055953321818e-07 1.8488289148799119e-06 6.261969788915595e-07 0.06640751453919397 6.397991000704157e-07 0.21549698475690546 5.793447409029927e-05 0.00011098072428214963 3.5084167789799075e-05 0.032392877503429715 3.861073498640879e-05 0.004038259819058197 6.279416262253098e-07 5.012365413734735e-05 3.9000243102480006e-05 5.387581017805729e-05 0.0005895338766055183 0.0062533986228650255 0.01890680923339894 0.01900020503033489 5.959638502894558e-07 6.273944386028472e-07
35 6.362348842113617e-07 7.209266544450236e-07 5.841447800711269e-07 6.742710812984163e-07 5.705695039819195e-07 1.451042796553523e-05 6.532704901401264e-07 0.47538009616864385 6.416055953321818e-07 1.8488289148799119e-06 6.261969788915595e-07 0.06640751453919397 6.397991000704157e-07 0.21549698475690546 5.793447409029927e-05 0.00011098072428214963 3.5084167789799075e-05 0.032392877503429715 3.861073498640879e-05 0.004038259819058197 6.279416262253098e-07 5.012365413734735e-05 3.9000243102480006e-05 5.387581017805729e-05 0.0005895338766055183 0.0062533986228650255 0.01890680923339894 0.01900020503033489 5.959638502894558e-07 6.273944386028472e-07
36 6.362348842113617e-07 7.209266544450236e-07 5.841447800711269e-07 6.742710812984163e-07 5.705695039819195e-07 1.451042796553523e-05 6.532704901401264e-07 0.47538009616864385 6.416055953321818e-07 1.8488289148799119e-06 6.261969788915595e-07 0.06640751453919397 6.397991000704157e-07 0.21549698475690546 5.793447409029927e-05 0.00011098072428214963 3.5084167789799075e-05 0.032392877503429715 3.861073498640879e-05 0.004038259819058197 6.279416262253098e-07 5.012365413734735e-05 3.9000243102480006e-05 5.387581017805729e-05 0.0005895338766055183 0.0062533986228650255 0.01890680923339894 0.01900020503033489 5.959638502894558e-07 6.273944386028472e-07
37 6.362348842113617e-07 7.209266544450236e-07 5.841447800711269e-07 6.742710812984163e-07 5.705695039819195e-07 1.451042796553523e-05 6.532704901401264e-07 0.47538009616864385 6.416055953321818e-07 1.8488289148799119e-06 6.261969788915595e-07 0.06640751453919397 6.397991000704157e-07 0.21549698475690546 5.793447409029927e-05 0.00011098072428214963 3.5084167789799075e-05 0.032392877503429715 3.861073498640879e-05 0.004038259819058197 6.279416262253098e-07 5.012365413734735e-05 3.9000243102480006e-05 5.387581017805729e-05 0.0005895338766055183 0.0062533986228650255 0.01890680923339894 0.01900020503033489 5.959638502894558e-07 6.273944386028472e-07
38 6.362348842113617e-07 7.209266544450236e-07 5.841447800711269e-07 6.742710812984163e-07 5.705695039819195e-07 1.451042796553523e-05 6.532704901401264e-07 0.47538009616864385 6.416055953321818e-07 1.8488289148799119e-06 6.261969788915595e-07 0.06640751453919397 6.397991000704157e-07 0.21549698475690546 5.793447409029927e-05 0.00011098072428214963 3.5084167789799075e-05 0.032392877503429715 3.861073498640879e-05 0.004038259819058197 6.279416262253098e-07 5.012365413734735e-05 3.9000243102480006e-05 5.387581017805729e-05 0.0005895338766055183 0.0062533986228650255 0.01890680923339894 0.01900020503033489 5.959638502894558e-07 6.273944386028472e-07
39 6.362348842113617e-07 7.209266544450236e-07 5.841447800711269e-07 6.742710812984163e-07 5.705695039819195e-07 1.451042796553523e-05 6.532704901401264e-07 0.47538009616864385 6.416055953321818e-07 1.8488289148799119e-06 6.261969788915595e-07 0.06640751453919397 6.397991000704157e-07 0.21549698475690546 5.793447409029927e-05 0.00011098072428214963 3.5084167789799075e-05 0.032392877503429715 3.861073498640879e-05 0.004038259819058197 6.279416262253098e-07 5.012365413734735e-05 3.9000243102480006e-05 5.387581017805729e-05 0.0005895338766055183 0.0062533986228650255 0.01890680923339894 0.01900020503033489 5.959638502894558e-07 6.273944386028472e-07
40 6.362348842113617e-07 7.209266544450236e-07 5.841447800711269e-07 6.742710812984163e-07 5.705695039819195e-07 1.451042796553523e-05 6.532704901401264e-07 0.47538009616864385 6.416055953321818e-07 1.8488289148799119e-06 6.261969788915595e-07 0.06640751453919397 6.397991000704157e-07 0.21549698475690546 5.793447409029927e-05 0.00011098072428214963 3.5084167789799075e-05 0.032392877503429715 3.861073498640879e-05 0.004038259819058197 6.279416262253098e-07 5.012365413734735e-05 3.9000243102480006e-05 5.387581017805729e-05 0.0005895338766055183 0.0062533986228650255 0.01890680923339894 0.01900020503033489 5.959638502894558e-07 6.273944386028472e-07
41 6.362348842113617e-07 7.209266544450236e-07 5.841447800711269e-07 6.742710812984163e-07 5.705695039819195e-07 1.451042796553523e-05 6.532704901401264e-07 0.47538009616864385 6.416055953321818e-07 1.8488289148799119e-06 6.261969788915595e-07 0.06640751453919397 6.397991000704157e-07 0.21549698475690546 5.793447409029927e-05 0.00011098072428214963 3.5084167789799075e-05 0.032392877503429715 3.861073498640879e-05 0.004038259819058197 6.279416262253098e-07 5.012365413734735e-05 3.9000243102480006e-05 5.387581017805729e-05 0.0005895338766055183 0.0062533986228650255 0.01890680923339894 0.01900020503033489 5.959638502894558e-07 6.273944386028472e-07
42 6.362348842113617e-07 7.209266544450236e-07 5.841447800711269e-07 6.742710812984163e-07 5.705695039819195e-07 1.451042796553523e-05 6.532704901401264e-07 0.47538009616864385 6.416055953321818e-07 1.8488289148799119e-06 6.261969788915595e-07 0.06640751453919397 6.397991000704157e-07 0.21549698475690546 5.793447409029927e-05 0.00011098072428214963 3.5084167789799075e-05 0.032392877503429715 3.861073498640879e-05 0.004038259819058197 6.279416262253098e-07 5.012365413734735e-05 3.9000243102480006e-05 5.387581017805729e-05 0.0005895338766055183 0.0062533986228650255 0.01890680923339894 0.01900020503033489 5.959638502894558e-07 6.273944386028472e-07
43 6.362348842113617e-07 7.209266544450236e-07 5.841447800711269e-07 6.742710812984163e-07 5.705695039819195e-07 1.451042796553523e-05 6.532704901401264e-07 0.47538009616864385 6.416055953321818e-07 1.8488289148799119e-06 6.261969788915595e-07 0.06640751453919397 6.397991000704157e-07 0.21549698475690546 5.793447409029927e-05 0.00011098072428214963 3.5084167789799075e-05 0.032392877503429715 3.861073498640879e-05 0.004038259819058197 6.279416262253098e-07 5.012365413734735e-05 3.9000243102480006e-05 5.387581017805729e-05 0.0005895338766055183 0.0062533986228650255 0.01890680923339894 0.01900020503033489 5.959638502894558e-07 6.273944386028472e-07
44 6.362348842113617e-07 7.209266544450236e-07 5.841447800711269e-07 6.742710812984163e-07 5.705695039819195e-07 1.451042796553523e-05 6.532704901401264e-07 0.47538009616864385 6.416055953321818e-07 1.8488289148799119e-06 6.261969788915595e-07 0.06640751453919397 6.397991000704157e-07 0.21549698475690546 5.793447409029927e-05 0.00011098072428214963 3.5084167789799075e-05 0.032392877503429715 3.861073498640879e-05 0.004038259819058197 6.279416262253098e-07 5.012365413734735e-05 3.9000243102480006e-05 5.387581017805729e-05 0.0005895338766055183 0.0062533986228650255 0.01890680923339894 0.01900020503033489 5.959638502894558e-07 6.273944386028472e-07
45 1.3564933805849599e-06 1.2378460238298348e-06 1.3627961102466003e-06 1.3016460153112403e-06 1.277018994880851e-06 0.09099567142168488 1.3164194864636724e-06 0.47881883042585555 1.3136891206383955e-06 0.06315730969435188 0.0005440461702062996 0.15329750032179817 1.3903147692952434e-06 0.00015375004864034484 0.00019304120278605886 0.00016084817216669727 4.342674727731762e-05 0.00397803192712662 1.1567311256936339e-05 0.0020774867444261387 1.452611337010211e-06 1.7973571362845944e-05 2.2149192360195974e-06 1.271371189198036e-05 3.7271657610226164e-05 0.006912511216232275 0.0007995188241620355 0.0018456851887399149 1.2604437578596845e-06 1.2525979566724168e-06
46 1.3564933805849599e-06 1.2378460238298348e-06 1.3627961102466003e-06 1.3016460153112403e-06 1.277018994880851e-06 0.09099567142168488 1.3164194864636724e-06 0.47881883042585555 1.3136891206383955e-06 0.06315730969435188 0.0005440461702062996 0.15329750032179817 1.3903147692952434e-06 0.00015375004864034484 0.00019304120278605886 0.00016084817216669727 4.342674727731762e-05 0.00397803192712662 1.1567311256936339e-05 0.0020774867444261387 1.452611337010211e-06 1.7973571362845944e-05 2.2149192360195974e-06 1.271371189198036e-05 3.7271657610226164e-05 0.006912511216232275 0.0007995188241620355 0.0018456851887399149 1.2604437578596845e-06 1.2525979566724168e-06
47 1.3564933805849599e-06 1.2378460238298348e-06 1.3627961102466003e-06 1.3016460153112403e-06 1.277018994880851e-06 0.09099567142168488 1.3164194864636724e-06 0.47881883042585555 1.3136891206383955e-06 0.06315730969435188 0.0005440461702062996 0.15329750032179817 1.3903147692952434e-06 0.00015375004864034484 0.00019304120278605886 0.00016084817216669727 4.342674727731762e-05 0.00397803192712662 1.1567311256936339e-05 0.0020774867444261387 1.452611337010211e-06 1.7973571362845944e-05 2.2149192360195974e-06 1.271371189198036e-05 3.7271657610226164e-05 0.006912511216232275 0.0007995188241620355 0.0018456851887399149 1.2604437578596845e-06 1.2525979566724168e-06
48 1.3564933805849599e-06 1.2378460238298348e-06 1.3627961102466003e-06 1.3016460153112403e-06 1.277018994880851e-06 0.09099567142168488 1.3164194864636724e-06 0.47881883042585555 1.3136891206383955e-06 0.06315730969435188 0.0005440461702062996 0.15329750032179817 1.3903147692952434e-06 0.00015375004864034484 0.00019304120278605886 0.00016084817216669727 4.342674727731762e-05 0.00397803192712662 1.1567311256936339e-05 0.0020774867444261387 1.452611337010211e-06 1.7973571362845944e-05 2.2149192360195974e-06 1.271371189198036e-05 3.7271657610226164e-05 0.006912511216232275 0.0007995188241620355 0.0018456851887399149 1.2604437578596845e-06 1.2525979566724168e-06
49 1.3564933805849599e-06 1.2378460238298348e-06 1.3627961102466003e-06 1.3016460153112403e-06 1.277018994880851e-06 0.09099567142168488 1.3164194864636724e-06 0.47881883042585555 1.3136891206383955e-06 0.06315730969435188 0.0005440461702062996 0.15329750032179817 1.3903147692952434e-06 0.00015375004864034484 0.00019304120278605886 0.00016084817216669727 4.342674727731762e-05 0.00397803192712662 1.1567311256936339e-05 0.0020774867444261387 1.452611337010211e-06 1.7973571362845944e-05 2.2149192360195974e-06 1.271371189198036e-05 3.7271657610226164e-05 0.006912511216232275 0.0007995188241620355 0.0018456851887399149 1.2604437578596845e-06 1.2525979566724168e-06
50 1.3564933805849599e-06 1.2378460238298348e-06 1.3627961102466003e-06 1.3016460153112403e-06 1.277018994880851e-06 0.09099567142168488 1.3164194864636724e-06 0.47881883042585555 1.3136891206383955e-06 0.06315730969435188 0.0005440461702062996 0.15329750032179817 1.3903147692952434e-06 0.00015375004864034484 0.00019304120278605886 0.00016084817216669727 4.342674727731762e-05 0.00397803192712662 1.1567311256936339e-05 0.0020774867444261387 1.452611337010211e-06 1.7973571362845944e-05 2.2149192360195974e-06 1.271371189198036e-05 3.7271657610226164e-05 0.006912511216232275 0.0007995188241620355 0.0018456851887399149 1.2604437578596845e-06 1.2525979566724168e-06
51 1.3564933805849599e-06 1.2378460238298348e-06 1.3627961102466003e-06 1.3016460153112403e-06 1.277018994880851e-06 0.09099567142168488 1.3164194864636724e-06 0.47881883042585555 1.3136891206383955e-06 0.06315730969435188 0.0005440461702062996 0.15329750032179817 1.3903147692952434e-06 0.00015375004864034484 0.00019304120278605886 0.00016084817216669727 4.342674727731762e-05 0.00397803192712662 1.1567311256936339e-05 0.0020774867444261387 1.452611337010211e-06 1.7973571362845944e-05 2.2149192360195974e-06 1.271371189198036e-05 3.7271657610226164e-05 0.006912511216232275 0.0007995188241620355 0.0018456851887399149 1.2604437578596845e-06 1.2525979566724168e-06
52 1.3564933805849599e-06 1.2378460238298348e-06 1.3627961102466003e-06 1.3016460153112403e-06 1.277018994880851e-06 0.09099567142168488 1.3164194864636724e-06 0.47881883042585555 1.3136891206383955e-06 0.06315730969435188 0.0005440461702062996 0.15329750032179817 1.3903147692952434e-06 0.00015375004864034484 0.00019304120278605886 0.00016084817216669727 4.342674727731762e-05 0.00397803192712662 1.1567311256936339e-05 0.0020774867444261387 1.452611337010211e-06 1.7973571362845944e-05 2.2149192360195974e-06 1.271371189198036e-05 3.7271657610226164e-05 0.006912511216232275 0.0007995188241620355 0.0018456851887399149 1.2604437578596845e-06 1.2525979566724168e-06
53 1.3564933805849599e-06 1.2378460238298348e-06 1.3627961102466003e-06 1.3016460153112403e-06 1.277018994880851e-06 0.09099567142168488 1.3164194864636724e-06 0.47881883042585555 1.3136891206383955e-06 0.06315730969435188 0.0005440461702062996 0.15329750032179817 1.3903147692952434e-06 0.00015375004864034484 0.00019304120278605886 0.00016084817216669727 4.342674727731762e-05 0.00397803192712662 1.1567311256936339e-05 0.0020774867444261387 1.452611337010211e-06 1.7973571362845944e-05 2.2149192360195974e-06 1.271371189198036e-05 3.7271657610226164e-05 0.006912511216232275 0.0007995188241620355 0.0018456851887399149 1.2604437578596845e-06 1.2525979566724168e-06
54 1.3564933805849599e-06 1.2378460238298348e-06 1.3627961102466003e-06 1.3016460153112403e-06 1.277018994880851e-06 0.09099567142168488 1.3164194864636724e-06 0.47881883042585555 1.3136891206383955e-06 0.06315730969435188 0.0005440461702062996 0.15329750032179817 1.3903147692952434e-06 0.00015375004864034484 0.00019304120278605886 0.00016084817216669727 4.342674727731762e-05 0.00397803192712662 1.1567311256936339e-05 0.0020774867444261387 1.452611337010211e-06 1.7973571362845944e-05 2.2149192360195974e-06 1.271371189198036e-05 3.7271657610226164e-05 0.006912511216232275 0.0007995188241620355 0.0018456851887399149 1.2604437578596845e-06 1.2525979566724168e-06
55 1.3564933805849599e-06 1.2378460238298348e-06 1.3627961102466003e-06 1.3016460153112403e-06 1.277018994880851e-06 0.09099567142168488 1.3164194864636724e-06 0.47881883042585555 1.3136891206383955e-06 0.06315730969435188 0.0005440461702062996 0.15329750032179817 1.3903147692952434e-06 0.00015375004864034484 0.00019304120278605886 0.00016084817216669727 4.342674727731762e-05 0.00397803192712662 1.1567311256936339e-05 0.0020774867444261387 1.452611337010211e-06 1.7973571362845944e-05 2.2149192360195974e-06 1.271371189198036e-05 3.7271657610226164e-05 0.006912511216232275 0.0007995188241620355 0.0018456851887399149 1.2604437578596845e-06 1.2525979566724168e-06
56 1.3564933805849599e-06 1.2378460238298348e-06 1.3627961102466003e-06 1.3016460153112403e-06 1.277018994880851e-06 0.09099567142168488 1.3164194864636724e-06 0.47881883042585555 1.3136891206383955e-06 0.06315730969435188 0.0005440461702062996 0.15329750032179817 1.3903147692952434e-06 0.00015375004864034484 0.00019304120278605886 0.00016084817216669727 4.342674727731762e-05 0.00397803192712662 1.1567311256936339e-05 0.0020774867444261387 1.452611337010211e-06 1.7973571362845944e-05 2.2149192360195974e-06 1.271371189198036e-05 3.7271657610226164e-05 0.006912511216232275 0.0007995188241620355 0.0018456851887399149 1.2604437578596845e-06 1.2525979566724168e-06
57 1.3564933805849599e-06 1.2378460238298348e-06 1.3627961102466003e-06 1.3016460153112403e-06 1.277018994880851e-06 0.09099567142168488 1.3164194864636724e-06 0.47881883042585555 1.3136891206383955e-06 0.06315730969435188 0.0005440461702062996 0.15329750032179817 1.3903147692952434e-06 0.00015375004864034484 0.00019304120278605886 0.00016084817216669727 4.342674727731762e-05 0.00397803192712662 1.1567311256936339e-05 0.0020774867444261387 1.452611337010211e-06 1.7973571362845944e-05 2.2149192360195974e-06 1.271371189198036e-05 3.7271657610226164e-05 0.006912511216232275 0.0007995188241620355 0.0018456851887399149 1.2604437578596845e-06 1.2525979566724168e-06
58 1.3564933805849599e-06 1.2378460238298348e-06 1.3627961102466003e-06 1.3016460153112403e-06 1.277018994880851e-06 0.09099567142168488 1.3164194864636724e-06 0.47881883042585555 1.3136891206383955e-06 0.06315730969435188 0.0005440461702062996 0.15329750032179817 1.3903147692952434e-06 0.00015375004864034484 0.00019304120278605886 0.00016084817216669727 4.342674727731762e-05 0.00397803192712662 1.1567311256936339e-05 0.0020774867444261387 1.452611337010211e-06 1.7973571362845944e-05 2.2149192360195974e-06 1.271371189198036e-05 3.7271657610226164e-05 0.006912511216232275 0.0007995188241620355 0.0018456851887399149 1.2604437578596845e-06 1.2525979566724168e-06
59 1.3564933805849599e-06 1.2378460238298348e-06 1.3627961102466003e-06 1.3016460153112403e-06 1.277018994880851e-06 0.09099567142168488 1.3164194864636724e-06 0.47881883042585555 1.3136891206383955e-06 0.06315730969435188 0.0005440461702062996 0.15329750032179817 1.3903147692952434e-06 0.00015375004864034484 0.00019304120278605886 0.00016084817216669727 4.342674727731762e-05 0.00397803192712662 1.1567311256936339e-05 0.0020774867444261387 1.452611337010211e-06 1.7973571362845944e-05 2.2149192360195974e-06 1.271371189198036e-05 3.7271657610226164e-05 0.006912511216232275 0.0007995188241620355 0.0018456851887399149 1.2604437578596845e-06 1.2525979566724168e-06
60 1.3564933805849599e-06 1.2378460238298348e-06 1.3627961102466003e-06 1.3016460153112403e-06 1.277018994880851e-06 0.09099567142168488 1.3164194864636724e-06 0.47881883042585555 1.3136891206383955e-06 0.06315730969435188 0.0005440461702062996 0.15329750032179817 1.3903147692952434e-06 0.00015375004864034484 0.00019304120278605886 0.00016084817216669727 4.342674727731762e-05 0.00397803192712662 1.1567311256936339e-05 0.0020774867444261387 1.452611337010211e-06 1.7973571362845944e-05 2.2149192360195974e-06 1.271371189198036e-05 3.7271657610226164e-05 0.006912511216232275 0.0007995188241620355 0.0018456851887399149 1.2604437578596845e-06 1.2525979566724168e-06
61 1.3564933805849599e-06 1.2378460238298348e-06 1.3627961102466003e-06 1.3016460153112403e-06 1.277018994880851e-06 0.09099567142168488 1.3164194864636724e-06 0.47881883042585555 1.3136891206383955e-06 0.06315730969435188 0.0005440461702062996 0.15329750032179817 1.3903147692952434e-06 0.00015375004864034484 0.00019304120278605886 0.00016084817216669727 4.342674727731762e-05 0.00397803192712662 1.1567311256936339e-05 0.0020774867444261387 1.452611337010211e-06 1.7973571362845944e-05 2.2149192360195974e-06 1.271371189198036e-05 3.7271657610226164e-05 0.006912511216232275 0.0007995188241620355 0.0018456851887399149 1.2604437578596845e-06 1.2525979566724168e-06
62 1.3564933805849599e-06 1.2378460238298348e-06 1.3627961102466003e-06 1.3016460153112403e-06 1.277018994880851e-06 0.09099567142168488 1.3164194864636724e-06 0.47881883042585555 1.3136891206383955e-06 0.06315730969435188 0.0005440461702062996 0.15329750032179817 1.3903147692952434e-06 0.00015375004864034484 0.00019304120278605886 0.00016084817216669727 4.342674727731762e-05 0.00397803192712662 1.1567311256936339e-05 0.0020774867444261387 1.452611337010211e-06 1.7973571362845944e-05 2.2149192360195974e-06 1.271371189198036e-05 3.7271657610226164e-05 0.006912511216232275 0.0007995188241620355 0.0018456851887399149 1.2604437578596845e-06 1.2525979566724168e-06
63 1.3564933805849599e-06 1.2378460238298348e-06 1.3627961102466003e-06 1.3016460153112403e-06 1.277018994880851e-06 0.09099567142168488 1.3164194864636724e-06 0.47881883042585555 1.3136891206383955e-06 0.06315730969435188 0.0005440461702062996 0.15329750032179817 1.3903147692952434e-06 0.00015375004864034484 0.00019304120278605886 0.00016084817216669727 4.342674727731762e-05 0.00397803192712662 1.1567311256936339e-05 0.0020774867444261387 1.452611337010211e-06 1.7973571362845944e-05 2.2149192360195974e-06 1.271371189198036e-05 3.7271657610226164e-05 0.006912511216232275 0.0007995188241620355 0.0018456851887399149 1.2604437578596845e-06 1.2525979566724168e-06
64 1.3564933805849599e-06 1.2378460238298348e-06 1.3627961102466003e-06 1.3016460153112403e-06 1.277018994880851e-06 0.09099567142168488 1.3164194864636724e-06 0.47881883042585555 1.3136891206383955e-06 0.06315730969435188 0.0005440461702062996 0.15329750032179817 1.3903147692952434e-06 0.00015375004864034484 0.00019304120278605886 0.00016084817216669727 4.342674727731762e-05 0.00397803192712662 1.1567311256936339e-05 0.0020774867444261387 1.452611337010211e-06 1.7973571362845944e-05 2.2149192360195974e-06 1.271371189198036e-05 3.7271657610226164e-05 0.006912511216232275 0.0007995188241620355 0.0018456851887399149 1.2604437578596845e-06 1.2525979566724168e-06
65 1.3564933805849599e-06 1.2378460238298348e-06 1.3627961102466003e-06 1.3016460153112403e-06 1.277018994880851e-06 0.09099567142168488 1.3164194864636724e-06 0.47881883042585555 1.3136891206383955e-06 0.06315730969435188 0.0005440461702062996 0.15329750032179817 1.3903147692952434e-06 0.00015375004864034484 0.00019304120278605886 0.00016084817216669727 4.342674727731762e-05 0.00397803192712662 1.1567311256936339e-05 0.0020774867444261387 1.452611337010211e-06 1.7973571362845944e-05 2.2149192360195974e-06 1.271371189198036e-05 3.7271657610226164e-05 0.006912511216232275 0.0007995188241620355 0.0018456851887399149 1.2604437578596845e-06 1.2525979566724168e-06
66 1.3564933805849599e-06 1.2378460238298348e-06 1.3627961102466003e-06 1.3016460153112403e-06 1.277018994880851e-06 0.09099567142168488 1.3164194864636724e-06 0.47881883042585555 1.3136891206383955e-06 0.06315730969435188 0.0005440461702062996 0.15329750032179817 1.3903147692952434e-06 0.00015375004864034484 0.00019304120278605886 0.00016084817216669727 4.342674727731762e-05 0.00397803192712662 1.1567311256936339e-05 0.0020774867444261387 1.452611337010211e-06 1.7973571362845944e-05 2.2149192360195974e-06 1.271371189198036e-05 3.7271657610226164e-05 0.006912511216232275 0.0007995188241620355 0.0018456851887399149 1.2604437578596845e-06 1.2525979566724168e-06
67 1.3564933805849599e-06 1.2378460238298348e-06 1.3627961102466003e-06 1.3016460153112403e-06 1.277018994880851e-06 0.09099567142168488 1.3164194864636724e-06 0.47881883042585555 1.3136891206383955e-06 0.06315730969435188 0.0005440461702062996 0.15329750032179817 1.3903147692952434e-06 0.00015375004864034484 0.00019304120278605886 0.00016084817216669727 4.342674727731762e-05 0.00397803192712662 1.1567311256936339e-05 0.0020774867444261387 1.452611337010211e-06 1.7973571362845944e-05 2.2149192360195974e-06 1.271371189198036e-05 3.7271657610226164e-05 0.006912511216232275 0.0007995188241620355 0.0018456851887399149 1.2604437578596845e-06 1.2525979566724168e-06
68 1.0323179896815087e-06 1.0175460066887329e-06 1.0401570180640572e-06 9.652549308125158e-07 9.670720928132639e-07 0.072432284706831 1.0721070492086216e-06 0.45826553479679083 1.037236339151985e-06 0.05173109528758307 0.00043479060704094247 0.19567447866758264 1.004907799299327e-06 0.00012431804122770294 0.00015039064480207678 0.0001277328899537616 3.340759374619089e-05 0.0031323504965614854 8.508910259498049e-06 0.001210393302041348 1.2399911860484852e-06 1.334310842954549e-05 1.831578298106827e-06 1.0409396157904773e-05 3.0645334394031876e-05 0.0033737777101963216 0.0005987680721155259 0.0016683042536445503 1.0585308084776479e-06 1.0479359048669217e-06
69 1.0323179896815087e-06 1.0175460066887329e-06 1.0401570180640572e-06 9.652549308125158e-07 9.670720928132639e-07 0.072432284706831 1.0721070492086216e-06 0.45826553479679083 1.037236339151985e-06 0.05173109528758307 0.00043479060704094247 0.19567447866758264 1.004907799299327e-06 0.00012431804122770294 0.00015039064480207678 0.0001277328899537616 3.340759374619089e-05 0.0031323504965614854 8.508910259498049e-06 0.001210393302041348 1.2399911860484852e-06 1.334310842954549e-05 1.831578298106827e-06 1.0409396157904773e-05 3.0645334394031876e-05 0.0033737777101963216 0.0005987680721155259 0.0016683042536445503 1.0585308084776479e-06 1.0479359048669217e-06
70 1.0323179896815087e-06 1.0175460066887329e-06 1.0401570180640572e-06 9.652549308125158e-07 9.670720928132639e-07 0.072432284706831 1.0721070492086216e-06 0.45826553479679083 1.037236339151985e-06 0.05173109528758307 0.00043479060704094247 0.19567447866758264 1.004907799299327e-06 0.00012431804122770294 0.00015039064480207678 0.0001277328899537616 3.340759374619089e-05 0.0031323504965614854 8.508910259498049e-06 0.001210393302041348 1.2399911860484852e-06 1.334310842954549e-05 1.831578298106827e-06 1.0409396157904773e-05 3.0645334394031876e-05 0.0033737777101963216 0.0005987680721155259 0.0016683042536445503 1.0585308084776479e-06 1.0479359048669217e-06
71 1.0323179896815087e-06 1.0175460066887329e-06 1.0401570180640572e-06 9.652549308125158e-07 9.670720928132639e-07 0.072432284706831 1.0721070492086216e-06 0.45826553479679083 1.037236339151985e-06 0.05173109528758307 0.00043479060704094247 0.19567447866758264 1.004907799299327e-06 0.00012431804122770294 0.00015039064480207678 0.0001277328899537616 3.340759374619089e-05 0.0031323504965614854 8.508910259498049e-06 0.001210393302041348 1.2399911860484852e-06 1.334310842954549e-05 1.831578298106827e-06 1.0409396157904773e-05 3.0645334394031876e-05 0.0033737777101963216 0.0005987680721155259 0.0016683042536445503 1.0585308084776479e-06 1.0479359048669217e-06
72 1.0323179896815087e-06 1.0175460066887329e-06 1.0401570180640572e-06 9.652549308125158e-07 9.670720928132639e-07 0.072432284706831 1.0721070492086216e-06 0.45826553479679083 1.037236339151985e-06 0.05173109528758307 0.00043479060704094247 0.19567447866758264 1.004907799299327e-06 0.00012431804122770294 0.00015039064480207678 0.0001277328899537616 3.340759374619089e-05 0.0031323504965614854 8.508910259498049e-06 0.001210393302041348 1.2399911860484852e-06 1.334310842954549e-05 1.831578298106827e-06 1.0409396157904773e-05 3.0645334394031876e-05 0.0033737777101963216 0.0005987680721155259 0.0016683042536445503 1.0585308084776479e-06 1.0479359048669217e-06
73 1.0323179896815087e-06 1.0175460066887329e-06 1.0401570180640572e-06 9.652549308125158e-07 9.670720928132639e-07 0.072432284706831 1.0721070492086216e-06 0.45826553479679083 1.037236339151985e-06 0.05173109528758307 0.00043479060704094247 0.19567447866758264 1.004907799299327e-06 0.00012431804122770294 0.00015039064480207678 0.0001277328899537616 3.340759374619089e-05 0.0031323504965614854 8.508910259498049e-06 0.001210393302041348 1.2399911860484852e-06 1.334310842954549e-05 1.831578298106827e-06 1.0409396157904773e-05 3.0645334394031876e-05 0.0033737777101963216 0.0005987680721155259 0.0016683042536445503 1.0585308084776479e-06 1.0479359048669217e-06
74 1.0323179896815087e-06 1.0175460066887329e-06 1.0401570180640572e-06 9.652549308125158e-07 9.670720928132639e-07 0.072432284706831 1.0721070492086216e-06 0.45826553479679083 1.037236339151985e-06 0.05173109528758307 0.00043479060704094247 0.19567447866758264 1.004907799299327e-06 0.00012431804122770294 0.00015039064480207678 0.0001277328899537616 3.340759374619089e-05 0.0031323504965614854 8.508910259498049e-06 0.001210393302041348 1.2399911860484852e-06 1.334310842954549e-05 1.831578298106827e-06 1.0409396157904773e-05 3.0645334394031876e-05 0.0033737777101963216 0.0005987680721155259 0.0016683042536445503 1.0585308084776479e-06 1.0479359048669217e-06
75 1.0323179896815087e-06 1.0175460066887329e-06 1.0401570180640572e-06 9.652549308125158e-07 9.670720928132639e-07 0.072432284706831 1.0721070492086216e-06 0.45826553479679083 1.037236339151985e-06 0.05173109528758307 0.00043479060704094247 0.19567447866758264 1.004907799299327e-06 0.00012431804122770294 0.00015039064480207678 0.0001277328899537616 3.340759374619089e-05 0.0031323504965614854 8.508910259498049e-06 0.001210393302041348 1.2399911860484852e-06 1.334310842954549e-05 1.831578298106827e-06 1.0409396157904773e-05 3.0645334394031876e-05 0.0033737777101963216 0.0005987680721155259 0.0016683042536445503 1.0585308084776479e-06 1.0479359048669217e-06
76 1.0323179896815087e-06 1.0175460066887329e-06 1.0401570180640572e-06 9.652549308125158e-07 9.670720928132639e-07 0.072432284706831 1.0721070492086216e-06 0.45826553479679083 1.037236339151985e-06 0.05173109528758307 0.00043479060704094247 0.19567447866758264 1.004907799299327e-06 0.00012431804122770294 0.00015039064480207678 0.0001277328899537616 3.340759374619089e-05 0.0031323504965614854 8.508910259498049e-06 0.001210393302041348 1.2399911860484852e-06 1.334310842954549e-05 1.831578298106827e-06 1.0409396157904773e-05 3.0645334394031876e-05 0.0033737777101963216 0.0005987680721155259 0.0016683042536445503 1.0585308084776479e-06 1.0479359048669217e-06
77 1.0323179896815087e-06 1.0175460066887329e-06 1.0401570180640572e-06 9.652549308125158e-07 9.670720928132639e-07 0.072432284706831 1.0721070492086216e-06 0.45826553479679083 1.037236339151985e-06 0.05173109528758307 0.00043479060704094247 0.19567447866758264 1.004907799299327e-06 0.00012431804122770294 0.00015039064480207678 0.0001277328899537616 3.340759374619089e-05 0.0031323504965614854 8.508910259498049e-06 0.001210393302041348 1.2399911860484852e-06 1.334310842954549e-05 1.831578298106827e-06 1.0409396157904773e-05 3.0645334394031876e-05 0.0033737777101963216 0.0005987680721155259 0.0016683042536445503 1.0585308084776479e-06 1.0479359048669217e-06
78 1.0323179896815087e-06 1.0175460066887329e-06 1.0401570180640572e-06 9.652549308125158e-07 9.670720928132639e-07 0.072432284706831 1.0721070492086216e-06 0.45826553479679083 1.037236339151985e-06 0.05173109528758307 0.00043479060704094247 0.19567447866758264 1.004907799299327e-06 0.00012431804122770294 0.00015039064480207678 0.0001277328899537616 3.340759374619089e-05 0.0031323504965614854 8.508910259498049e-06 0.001210393302041348 1.2399911860484852e-06 1.334310842954549e-05 1.831578298106827e-06 1.0409396157904773e-05 3.0645334394031876e-05 0.0033737777101963216 0.0005987680721155259 0.0016683042536445503 1.0585308084776479e-06 1.0479359048669217e-06
79 1.0323179896815087e-06 1.0175460066887329e-06 1.0401570180640572e-06 9.652549308125158e-07 9.670720928132639e-07 0.072432284706831 1.0721070492086216e-06 0.45826553479679083 1.037236339151985e-06 0.05173109528758307 0.00043479060704094247 0.19567447866758264 1.004907799299327e-06 0.00012431804122770294 0.00015039064480207678 0.0001277328899537616 3.340759374619089e-05 0.0031323504965614854 8.508910259498049e-06 0.001210393302041348 1.2399911860484852e-06 1.334310842954549e-05 1.831578298106827e-06 1.0409396157904773e-05 3.0645334394031876e-05 0.0033737777101963216 0.0005987680721155259 0.0016683042536445503 1.0585308084776479e-06 1.0479359048669217e-06
80 1.0323179896815087e-06 1.0175460066887329e-06 1.0401570180640572e-06 9.652549308125158e-07 9.670720928132639e-07 0.072432284706831 1.0721070492086216e-06 0.45826553479679083 1.037236339151985e-06 0.05173109528758307 0.00043479060704094247 0.19567447866758264 1.004907799299327e-06 0.00012431804122770294 0.00015039064480207678 0.0001277328899537616 3.340759374619089e-05 0.0031323504965614854 8.508910259498049e-06 0.001210393302041348 1.2399911860484852e-06 1.334310842954549e-05 1.831578298106827e-06 1.0409396157904773e-05 3.0645334394031876e-05 0.0033737777101963216 0.0005987680721155259 0.0016683042536445503 1.0585308084776479e-06 1.0479359048669217e-06
81 1.0323179896815087e-06 1.0175460066887329e-06 1.0401570180640572e-06 9.652549308125158e-07 9.670720928132639e-07 0.072432284706831 1.0721070492086216e-06 0.45826553479679083 1.037236339151985e-06 0.05173109528758307 0.00043479060704094247 0.19567447866758264 1.004907799299327e-06 0.00012431804122770294 0.00015039064480207678 0.0001277328899537616 3.340759374619089e-05 0.0031323504965614854 8.508910259498049e-06 0.001210393302041348 1.2399911860484852e-06 1.334310842954549e-05 1.831578298106827e-06 1.0409396157904773e-05 3.0645334394031876e-05 0.0033737777101963216 0.0005987680721155259 0.0016683042536445503 1.0585308084776479e-06 1.0479359048669217e-06
82 1.0323179896815087e-06 1.0175460066887329e-06 1.0401570180640572e-06 9.652549308125158e-07 9.670720928132639e-07 0.072432284706831 1.0721070492086216e-06 0.45826553479679083 1.037236339151985e-06 0.05173109528758307 0.00043479060704094247 0.19567447866758264 1.004907799299327e-06 0.00012431804122770294 0.00015039064480207678 0.0001277328899537616 3.340759374619089e-05 0.0031323504965614854 8.508910259498049e-06 0.001210393302041348 1.2399911860484852e-06 1.334310842954549e-05 1.831578298106827e-06 1.0409396157904773e-05 3.0645334394031876e-05 0.0033737777101963216 0.0005987680721155259 0.0016683042536445503 1.0585308084776479e-06 1.0479359048669217e-06
83 1.0323179896815087e-06 1.0175460066887329e-06 1.0401570180640572e-06 9.652549308125158e-07 9.670720928132639e-07 0.072432284706831 1.0721070492086216e-06 0.45826553479679083 1.037236339151985e-06 0.05173109528758307 0.00043479060704094247 0.19567447866758264 1.004907799299327e-06 0.00012431804122770294 0.00015039064480207678 0.0001277328899537616 3.340759374619089e-05 0.0031323504965614854 8.508910259498049e-06 0.001210393302041348 1.2399911860484852e-06 1.334310842954549e-05 1.831578298106827e-06 1.0409396157904773e-05 3.0645334394031876e-05 0.0033737777101963216 0.0005987680721155259 0.0016683042536445503 1.0585308084776479e-06 1.0479359048669217e-06
84 1.0323179896815087e-06 1.0175460066887329e-06 1.0401570180640572e-06 9.652549308125158e-07 9.670720928132639e-07 0.072432284706831 1.0721070492086216e-06 0.45826553479679083 1.037236339151985e-06 0.05173109528758307 0.00043479060704094247 0.19567447866758264 1.004907799299327e-06 0.00012431804122770294 0.00015039064480207678 0.0001277328899537616 3.340759374619089e-05 0.0031323504965614854 8.508910259498049e-06 0.001210393302041348 1.2399911860484852e-06 1.334310842954549e-05 1.831578298106827e-06 1.0409396157904773e-05 3.0645334394031876e-05 0.0033737777101963216 0.0005987680721155259 0.0016683042536445503 1.0585308084776479e-06 1.0479359048669217e-06
85 1.0323179896815087e-06 1.0175460066887329e-06 1.0401570180640572e-06 9.652549308125158e-07 9.670720928132639e-07 0.072432284706831 1.0721070492086216e-06 0.45826553479679083 1.037236339151985e-06 0.05173109528758307 0.00043479060704094247 0.19567447866758264 1.004907799299327e-06 0.00012431804122770294 0.00015039064480207678 0.0001277328899537616 3.340759374619089e-05 0.0031323504965614854 8.508910259498049e-06 0.001210393302041348 1.2399911860484852e-06 1.334310842954549e-05 1.831578298106827e-06 1.0409396157904773e-05 3.0645334394031876e-05 0.0033737777101963216 0.0005987680721155259 0.0016683042536445503 1.0585308084776479e-06 1.0479359048669217e-06
86 1.0323179896815087e-06 1.0175460066887329e-06 1.0401570180640572e-06 9.652549308125158e-07 9.670720928132639e-07 0.072432284706831 1.0721070492086216e-06 0.45826553479679083 1.037236339151985e-06 0.05173109528758307 0.00043479060704094247 0.19567447866758264 1.004907799299327e-06 0.00012431804122770294 0.00015039064480207678 0.0001277328899537616 3.340759374619089e-05 0.0031323504965614854 8.508910259498049e-06 0.001210393302041348 1.2399911860484852e-06 1.334310842954549e-05 1.831578298106827e-06 1.0409396157904773e-05 3.0645334394031876e-05 0.0033737777101963216 0.0005987680721155259 0.0016683042536445503 1.0585308084776479e-06 1.0479359048669217e-06
87 1.0323179896815087e-06 1.0175460066887329e-06 1.0401570180640572e-06 9.652549308125158e-07 9.670720928132639e-07 0.072432284706831 1.0721070492086216e-06 0.45826553479679083 1.037236339151985e-06 0.05173109528758307 0.00043479060704094247 0.19567447866758264 1.004907799299327e-06 0.00012431804122770294 0.00015039064480207678 0.0001277328899537616 3.340759374619089e-05 0.0031323504965614854 8.508910259498049e-06 0.001210393302041348 1.2399911860484852e-06 1.334310842954549e-05 1.831578298106827e-06 1.0409396157904773e-05 3.0645334394031876e-05 0.0033737777101963216 0.0005987680721155259 0.0016683042536445503 1.0585308084776479e-06 1.0479359048669217e-06
88 1.0323179896815087e-06 1.0175460066887329e-06 1.0401570180640572e-06 9.652549308125158e-07 9.670720928132639e-07 0.072432284706831 1.0721070492086216e-06 0.45826553479679083 1.037236339151985e-06 0.05173109528758307 0.00043479060704094247 0.19567447866758264 1.004907799299327e-06 0.00012431804122770294 0.00015039064480207678 0.0001277328899537616 3.340759374619089e-05 0.0031323504965614854 8.508910259498049e-06 0.001210393302041348 1.2399911860484852e-06 1.334310842954549e-05 1.831578298106827e-06 1.0409396157904773e-05 3.0645334394031876e-05 0.0033737777101963216 0.0005987680721155259 0.0016683042536445503 1.0585308084776479e-06 1.0479359048669217e-06
89 1.0323179896815087e-06 1.0175460066887329e-06 1.0401570180640572e-06 9.652549308125158e-07 9.670720928132639e-07 0.072432284706831 1.0721070492086216e-06 0.45826553479679083 1.037236339151985e-06 0.05173109528758307 0.00043479060704094247 0.19567447866758264 1.004907799299327e-06 0.00012431804122770294 0.00015039064480207678 0.0001277328899537616 3.340759374619089e-05 0.0031323504965614854 8.508910259498049e-06 0.001210393302041348 1.2399911860484852e-06 1.334310842954549e-05 1.831578298106827e-06 1.0409396157904773e-05 3.0645334394031876e-05 0.0033737777101963216 0.0005987680721155259 0.0016683042536445503 1.0585308084776479e-06 1.0479359048669217e-06
90 1.0323179896815087e-06 1.0175460066887329e-06 1.0401570180640572e-06 9.652549308125158e-07 9.670720928132639e-07 0.072432284706831 1.0721070492086216e-06 0.45826553479679083 1.037236339151985e-06 0.05173109528758307 0.00043479060704094247 0.19567447866758264 1.004907799299327e-06 0.00012431804122770294 0.00015039064480207678 0.0001277328899537616 3.340759374619089e-05 0.0031323504965614854 8.508910259498049e-06 0.001210393302041348 1.2399911860484852e-06 1.334310842954549e-05 1.831578298106827e-06 1.0409396157904773e-05 3.0645334394031876e-05 0.0033737777101963216 0.0005987680721155259 0.0016683042536445503 1.0585308084776479e-06 1.0479359048669217e-06
91 1.0323179896815087e-06 1.0175460066887329e-06 1.0401570180640572e-06 9.652549308125158e-07 9.670720928132639e-07 0.072432284706831 1.0721070492086216e-06 0.45826553479679083 1.037236339151985e-06 0.05173109528758307 0.00043479060704094247 0.19567447866758264 1.004907799299327e-06 0.00012431804122770294 0.00015039064480207678 0.0001277328899537616 3.340759374619089e-05 0.0031323504965614854 8.508910259498049e-06 0.001210393302041348 1.2399911860484852e-06 1.334310842954549e-05 1.831578298106827e-06 1.0409396157904773e-05 3.0645334394031876e-05 0.0033737777101963216 0.0005987680721155259 0.0016683042536445503 1.0585308084776479e-06 1.0479359048669217e-06
92 1.0323179896815087e-06 1.0175460066887329e-06 1.0401570180640572e-06 9.652549308125158e-07 9.670720928132639e-07 0.072432284706831 1.0721070492086216e-06 0.45826553479679083 1.037236339151985e-06 0.05173109528758307 0.00043479060704094247 0.19567447866758264 1.004907799299327e-06 0.00012431804122770294 0.00015039064480207678 0.0001277328899537616 3.340759374619089e-05 0.0031323504965614854 8.508910259498049e-06 0.001210393302041348 1.2399911860484852e-06 1.334310842954549e-05 1.831578298106827e-06 1.0409396157904773e-05 3.0645334394031876e-05 0.0033737777101963216 0.0005987680721155259 0.0016683042536445503 1.0585308084776479e-06 1.0479359048669217e-06
93 1.0323179896815087e-06 1.0175460066887329e-06 1.0401570180640572e-06 9.652549308125158e-07 9.670720928132639e-07 0.072432284706831 1.0721070492086216e-06 0.45826553479679083 1.037236339151985e-06 0.05173109528758307 0.00043479060704094247 0.19567447866758264 1.004907799299327e-06 0.00012431804122770294 0.00015039064480207678 0.0001277328899537616 3.340759374619089e-05 0.0031323504965614854 8.508910259498049e-06 0.001210393302041348 1.2399911860484852e-06 1.334310842954549e-05 1.831578298106827e-06 1.0409396157904773e-05 3.0645334394031876e-05 0.0033737777101963216 0.0005987680721155259 0.0016683042536445503 1.0585308084776479e-06 1.0479359048669217e-06
94 1.0323179896815087e-06 1.0175460066887329e-06 1.0401570180640572e-06 9.652549308125158e-07 9.670720928132639e-07 0.072432284706831 1.0721070492086216e-06 0.45826553479679083 1.037236339151985e-06 0.05173109528758307 0.00043479060704094247 0.19567447866758264 1.004907799299327e-06 0.00012431804122770294 0.00015039064480207678 0.0001277328899537616 3.340759374619089e-05 0.0031323504965614854 8.508910259498049e-06 0.001210393302041348 1.2399911860484852e-06 1.334310842954549e-05 1.831578298106827e-06 1.0409396157904773e-05 3.0645334394031876e-05 0.0033737777101963216 0.0005987680721155259 0.0016683042536445503 1.0585308084776479e-06 1.0479359048669217e-06
95 1.0323179896815087e-06 1.0175460066887329e-06 1.0401570180640572e-06 9.652549308125158e-07 9.670720928132639e-07 0.072432284706831 1.0721070492086216e-06 0.45826553479679083 1.037236339151985e-06 0.05173109528758307 0.00043479060704094247 0.19567447866758264 1.004907799299327e-06 0.00012431804122770294 0.00015039064480207678 0.0001277328899537616 3.340759374619089e-05 0.0031323504965614854 8.508910259498049e-06 0.001210393302041348 1.2399911860484852e-06 1.334310842954549e-05 1.831578298106827e-06 1.0409396157904773e-05 3.0645334394031876e-05 0.0033737777101963216 0.0005987680721155259 0.0016683042536445503 1.0585308084776479e-06 1.0479359048669217e-06
96 1.0323179896815087e-06 1.0175460066887329e-06 1.0401570180640572e-06 9.652549308125158e-07 9.670720928132639e-07 0.072432284706831 1.0721070492086216e-06 0.45826553479679083 1.037236339151985e-06 0.05173109528758307 0.00043479060704094247 0.19567447866758264 1.004907799299327e-06 0.00012431804122770294 0.00015039064480207678 0.0001277328899537616 3.340759374619089e-05 0.0031323504965614854 8.508910259498049e-06 0.001210393302041348 1.2399911860484852e-06 1.334310842954549e-05 1.831578298106827e-06 1.0409396157904773e-05 3.0645334394031876e-05 0.0033737777101963216 0.0005987680721155259 0.0016683042536445503 1.0585308084776479e-06 1.0479359048669217e-06
97 1.0323179896815087e-06 1.0175460066887329e-06 1.0401570180640572e-06 9.652549308125158e-07 9.670720928132639e-07 0.072432284706831 1.0721070492086216e-06 0.45826553479679083 1.037236339151985e-06 0.05173109528758307 0.00043479060704094247 0.19567447866758264 1.004907799299327e-06 0.00012431804122770294 0.00015039064480207678 0.0001277328899537616 3.340759374619089e-05 0.0031323504965614854 8.508910259498049e-06 0.001210393302041348 1.2399911860484852e-06 1.334310842954549e-05 1.831578298106827e-06 1.0409396157904773e-05 3.0645334394031876e-05 0.0033737777101963216 0.0005987680721155259 0.0016683042536445503 1.0585308084776479e-06 1.0479359048669217e-06
98 1.0323179896815087e-06 1.0175460066887329e-06 1.0401570180640572e-06 9.652549308125158e-07 9.670720928132639e-07 0.072432284706831 1.0721070492086216e-06 0.45826553479679083 1.037236339151985e-06 0.05173109528758307 0.00043479060704094247 0.19567447866758264 1.004907799299327e-06 0.00012431804122770294 0.00015039064480207678 0.0001277328899537616 3.340759374619089e-05 0.0031323504965614854 8.508910259498049e-06 0.001210393302041348 1.2399911860484852e-06 1.334310842954549e-05 1.831578298106827e-06 1.0409396157904773e-05 3.0645334394031876e-05 0.0033737777101963216 0.0005987680721155259 0.0016683042536445503 1.0585308084776479e-06 1.0479359048669217e-06
99 1.0323179896815087e-06 1.0175460066887329e-06 1.0401570180640572e-06 9.652549308125158e-07 9.670720928132639e-07 0.072432284706831 1.0721070492086216e-06 0.45826553479679083 1.037236339151985e-06 0.05173109528758307 0.00043479060704094247 0.19567447866758264 1.004907799299327e-06 0.00012431804122770294 0.00015039064480207678 0.0001277328899537616 3.340759374619089e-05 0.0031323504965614854 8.508910259498049e-06 0.001210393302041348 1.2399911860484852e-06 1.334310842954549e-05 1.831578298106827e-06 1.0409396157904773e-05 3.0645334394031876e-05 0.0033737777101963216 0.0005987680721155259 0.0016683042536445503 1.0585308084776479e-06 1.0479359048669217e-06
100 1.0323179896815087e-06 1.0175460066887329e-06 1.0401570180640572e-06 9.652549308125158e-07 9.670720928132639e-07 0.072432284706831 1.0721070492086216e-06 0.45826553479679083 1.037236339151985e-06 0.05173109528758307 0.00043479060704094247 0.19567447866758264 1.004907799299327e-06 0.00012431804122770294 0.00015039064480207678 0.0001277328899537616 3.340759374619089e-05 0.0031323504965614854 8.508910259498049e-06 0.001210393302041348 1.2399911860484852e-06 1.334310842954549e-05 1.831578298106827e-06 1.0409396157904773e-05 3.0645334394031876e-05 0.0033737777101963216 0.0005987680721155259 0.0016683042536445503 1.0585308084776479e-06 1.0479359048669217e-06
101 1.0323179896815087e-06 1.0175460066887329e-06 1.0401570180640572e-06 9.652549308125158e-07 9.670720928132639e-07 0.072432284706831 1.0721070492086216e-06 0.45826553479679083 1.037236339151985e-06 0.05173109528758307 0.00043479060704094247 0.19567447866758264 1.004907799299327e-06 0.00012431804122770294 0.00015039064480207678 0.0001277328899537616 3.340759374619089e-05 0.0031323504965614854 8.508910259498049e-06 0.001210393302041348 1.2399911860484852e-06 1.334310842954549e-05 1.831578298106827e-06 1.0409396157904773e-05 3.0645334394031876e-05 0.0033737777101963216 0.0005987680721155259 0.0016683042536445503 1.0585308084776479e-06 1.0479359048669217e-06
102 1.0323179896815087e-06 1.0175460066887329e-06 1.0401570180640572e-06 9.652549308125158e-07 9.670720928132639e-07 0.072432284706831 1.0721070492086216e-06 0.45826553479679083 1.037236339151985e-06 0.05173109528758307 0.00043479060704094247 0.19567447866758264 1.004907799299327e-06 0.00012431804122770294 0.00015039064480207678 0.0001277328899537616 3.340759374619089e-05 0.0031323504965614854 8.508910259498049e-06 0.001210393302041348 1.2399911860484852e-06 1.334310842954549e-05 1.831578298106827e-06 1.0409396157904773e-05 3.0645334394031876e-05 0.0033737777101963216 0.0005987680721155259 0.0016683042536445503 1.0585308084776479e-06 1.0479359048669217e-06
103 1.0323179896815087e-06 1.0175460066887329e-06 1.0401570180640572e-06 9.652549308125158e-07 9.670720928132639e-07 0.072432284706831 1.0721070492086216e-06 0.45826553479679083 1.037236339151985e-06 0.05173109528758307 0.00043479060704094247 0.19567447866758264 1.004907799299327e-06 0.00012431804122770294 0.00015039064480207678 0.0001277328899537616 3.340759374619089e-05 0.0031323504965614854 8.508910259498049e-06 0.001210393302041348 1.2399911860484852e-06 1.334310842954549e-05 1.831578298106827e-06 1.0409396157904773e-05 3.0645334394031876e-05 0.0033737777101963216 0.0005987680721155259 0.0016683042536445503 1.0585308084776479e-06 1.0479359048669217e-06
104 1.0323179896815087e-06 1.0175460066887329e-06 1.0401570180640572e-06 9.652549308125158e-07 9.670720928132639e-07 0.072432284706831 1.0721070492086216e-06 0.45826553479679083 1.037236339151985e-06 0.05173109528758307 0.00043479060704094247 0.19567447866758264 1.004907799299327e-06 0.00012431804122770294 0.00015039064480207678 0.0001277328899537616 3.340759374619089e-05 0.0031323504965614854 8.508910259498049e-06 0.001210393302041348 1.2399911860484852e-06 1.334310842954549e-05 1.831578298106827e-06 1.0409396157904773e-05 3.0645334394031876e-05 0.0033737777101963216 0.0005987680721155259 0.0016683042536445503 1.0585308084776479e-06 1.0479359048669217e-06
105 1.0323179896815087e-06 1.0175460066887329e-06 1.0401570180640572e-06 9.652549308125158e-07 9.670720928132639e-07 0.072432284706831 1.0721070492086216e-06 0.45826553479679083 1.037236339151985e-06 0.05173109528758307 0.00043479060704094247 0.19567447866758264 1.004907799299327e-06 0.00012431804122770294 0.00015039064480207678 0.0001277328899537616 3.340759374619089e-05 0.0031323504965614854 8.508910259498049e-06 0.001210393302041348 1.2399911860484852e-06 1.334310842954549e-05 1.831578298106827e-06 1.0409396157904773e-05 3.0645334394031876e-05 0.0033737777101963216 0.0005987680721155259 0.0016683042536445503 1.0585308084776479e-06 1.0479359048669217e-06
106 1.0323179896815087e-06 1.0175460066887329e-06 1.0401570180640572e-06 9.652549308125158e-07 9.670720928132639e-07 0.072432284706831 1.0721070492086216e-06 0.45826553479679083 1.037236339151985e-06 0.05173109528758307 0.00043479060704094247 0.19567447866758264 1.004907799299327e-06 0.00012431804122770294 0.00015039064480207678 0.0001277328899537616 3.340759374619089e-05 0.0031323504965614854 8.508910259498049e-06 0.001210393302041348 1.2399911860484852e-06 1.334310842954549e-05 1.831578298106827e-06 1.0409396157904773e-05 3.0645334394031876e-05 0.0033737777101963216 0.0005987680721155259 0.0016683042536445503 1.0585308084776479e-06 1.0479359048669217e-06
107 1.0323179896815087e-06 1.0175460066887329e-06 1.0401570180640572e-06 9.652549308125158e-07 9.670720928132639e-07 0.072432284706831 1.0721070492086216e-06 0.45826553479679083 1.037236339151985e-06 0.05173109528758307 0.00043479060704094247 0.19567447866758264 1.004907799299327e-06 0.00012431804122770294 0.00015039064480207678 0.0001277328899537616 3.340759374619089e-05 0.0031323504965614854 8.508910259498049e-06 0.001210393302041348 1.2399911860484852e-06 1.334310842954549e-05 1.831578298106827e-06 1.0409396157904773e-05 3.0645334394031876e-05 0.0033737777101963216 0.0005987680721155259 0.0016683042536445503 1.0585308084776479e-06 1.0479359048669217e-06
108 1.0323179896815087e-06 1.0175460066887329e-06 1.0401570180640572e-06 9.652549308125158e-07 9.670720928132639e-07 0.072432284706831 1.0721070492086216e-06 0.45826553479679083 1.037236339151985e-06 0.05173109528758307 0.00043479060704094247 0.19567447866758264 1.004907799299327e-06 0.00012431804122770294 0.00015039064480207678 0.0001277328899537616 3.340759374619089e-05 0.0031323504965614854 8.508910259498049e-06 0.001210393302041348 1.2399911860484852e-06 1.334310842954549e-05 1.831578298106827e-06 1.0409396157904773e-05 3.0645334394031876e-05 0.0033737777101963216 0.0005987680721155259 0.0016683042536445503 1.0585308084776479e-06 1.0479359048669217e-06
