# index Z=1 - Z=30
0 7.445214139338307e-07 0.011271128014960956 6.866489680919329e-07 7.22703489504555e-07 6.947656844549195e-07 1.7699326989163925e-06 7.321992313757469e-07 0.0041170520090843925 7.197932590497005e-07 7.135517946641273e-07 7.323769201590718e-07 8.066654543236693e-05 7.204139142286616e-07 0.023587250872732553 1.9058801078593928e-06 8.304918316791695e-05 9.186256767297479e-07 0.007752805608355583 1.0453284659885916e-06 0.014685741058817129 7.413800470190095e-07 0.00012871167691448968 0.00032618893080619285 1.941525763827407e-05 0.005896290349611511 0.2393920590875345 0.16956613561235787 0.24332342309285168 6.846592675112285e-07 7.149571191198629e-07
1 7.445214139338307e-07 0.011271128014960956 6.866489680919329e-07 7.22703489504555e-07 6.947656844549195e-07 1.7699326989163925e-06 7.321992313757469e-07 0.0041170520090843925 7.197932590497005e-07 7.135517946641273e-07 7.323769201590718e-07 8.066654543236693e-05 7.204139142286616e-07 0.023587250872732553 1.9058801078593928e-06 8.304918316791695e-05 9.186256767297479e-07 0.007752805608355583 1.0453284659885916e-06 0.014685741058817129 7.413800470190095e-07 0.00012871167691448968 0.00032618893080619285 1.941525763827407e-05 0.005896290349611511 0.2393920590875345 0.16956613561235787 0.24332342309285168 6.846592675112285e-07 7.149571191198629e-07
2 7.445214139338307e-07 0.011271128014960956 6.866489680919329e-07 7.22703489504555e-07 6.947656844549195e-07 1.7699326989163925e-06 7.321992313757469e-07 0.0041170520090843925 7.197932590497005e-07 7.135517946641273e-07 7.323769201590718e-07 8.066654543236693e-05 7.204139142286616e-07 0.023587250872732553 1.9058801078593928e-06 8.304918316791695e-05 9.186256767297479e-07 0.007752805608355583 1.0453284659885916e-06 0.014685741058817129 7.413800470190095e-07 0.00012871167691448968 0.00032618893080619285 1.941525763827407e-05 0.005896290349611511 0.2393920590875345 0.16956613561235787 0.24332342309285168 6.846592675112285e-07 7.149571191198629e-07
3 7.445214139338307e-07 0.011271128014960956 6.866489680919329e-07 7.22703489504555e-07 6.947656844549195e-07 1.7699326989163925e-06 7.321992313757469e-07 0.0041170520090843925 7.197932590497005e-07 7.135517946641273e-07 7.323769201590718e-07 8.066654543236693e-05 7.204139142286616e-07 0.023587250872732553 1.9058801078593928e-06 8.304918316791695e-05 9.186256767297479e-07 0.007752805608355583 1.0453284659885916e-06 0.014685741058817129 7.413800470190095e-07 0.00012871167691448968 0.00032618893080619285 1.941525763827407e-05 0.005896290349611511 0.2393920590875345 0.16956613561235787 0.24332342309285168 6.846592675112285e-07 7.149571191198629e-07
4 7.445214139338307e-07 0.011271128014960956 6.866489680919329e-07 7.22703489504555e-07 6.947656844549195e-07 1.7699326989163925e-06 7.321992313757469e-07 0.0041170520090843925 7.197932590497005e-07 7.135517946641273e-07 7.323769201590718e-07 8.066654543236693e-05 7.204139142286616e-07 0.023587250872732553 1.9058801078593928e-06 8.304918316791695e-05 9.186256767297479e-07 0.007752805608355583 1.0453284659885916e-06 0.014685741058817129 7.413800470190095e-07 0.00012871167691448968 0.00032618893080619285 1.941525763827407e-05 0.005896290349611511 0.2393920590875345 0.16956613561235787 0.24332342309285168 6.846592675112285e-07 7.149571191198629e-07
5 7.445214139338307e-07 0.011271128014960956 6.866489680919329e-07 7.22703489504555e-07 6.947656844549195e-07 1.7699326989163925e-06 7.321992313757469e-07 0.0041170520090843925 7.197932590497005e-07 7.135517946641273e-07 7.323769201590718e-07 8.066654543236693e-05 7.204139142286616e-07 0.023587250872732553 1.9058801078593928e-06 8.304918316791695e-05 9.186256767297479e-07 0.007752805608355583 1.0453284659885916e-06 0.014685741058817129 7.413800470190095e-07 0.00012871167691448968 0.00032618893080619285 1.941525763827407e-05 0.005896290349611511 0.2393920590875345 0.16956613561235787 0.24332342309285168 6.846592675112285e-07 7.149571191198629e-07
6 7.445214139338307e-07 0.011271128014960956 6.866489680919329e-07 7.22703489504555e-07 6.947656844549195e-07 1.7699326989163925e-06 7.321992313757469e-07 0.0041170520090843925 7.197932590497005e-07 7.135517946641273e-07 7.323769201590718e-07 8.066654543236693e-05 7.204139142286616e-07 0.023587250872732553 1.9058801078593928e-06 8.304918316791695e-05 9.186256767297479e-07 0.007752805608355583 1.0453284659885916e-06 0.014685741058817129 7.413800470190095e-07 0.00012871167691448968 0.00032618893080619285 1.941525763827407e-05 0.005896290349611511 0.2393920590875345 0.16956613561235787 0.24332342309285168 6.846592675112285e-07 7.149571191198629e-07
7 7.445214139338307e-07 0.011271128014960956 6.866489680919329e-07 7.22703489504555e-07 6.947656844549195e-07 1.7699326989163925e-06 7.321992313757469e-07 0.0041170520090843925 7.197932590497005e-07 7.135517946641273e-07 7.323769201590718e-07 8.066654543236693e-05 7.204139142286616e-07 0.023587250872732553 1.9058801078593928e-06 8.304918316791695e-05 9.186256767297479e-07 0.007752805608355583 1.0453284659885916e-06 0.014685741058817129 7.413800470190095e-07 0.00012871167691448968 0.00032618893080619285 1.941525763827407e-05 0.005896290349611511 0.2393920590875345 0.16956613561235787 0.24332342309285168 6.846592675112285e-07 7.149571191198629e-07
8 7.445214139338307e-07 0.011271128014960956 6.866489680919329e-07 7.22703489504555e-07 6.947656844549195e-07 1.7699326989163925e-06 7.321992313757469e-07 0.0041170520090843925 7.197932590497005e-07 7.135517946641273e-07 7.323769201590718e-07 8.066654543236693e-05 7.204139142286616e-07 0.023587250872732553 1.9058801078593928e-06 8.304918316791695e-05 9.186256767297479e-07 0.007752805608355583 1.0453284659885916e-06 0.014685741058817129 7.413800470190095e-07 0.00012871167691448968 0.00032618893080619285 1.941525763827407e-05 0.005896290349611511 0.2393920590875345 0.16956613561235787 0.24332342309285168 6.846592675112285e-07 7.149571191198629e-07
9 7.445214139338307e-07 0.011271128014960956 6.866489680919329e-07 7.22703489504555e-07 6.947656844549195e-07 1.7699326989163925e-06 7.321992313757469e-07 0.0041170520090843925 7.197932590497005e-07 7.135517946641273e-07 7.323769201590718e-07 8.066654543236693e-05 7.204139142286616e-07 0.023587250872732553 1.9058801078593928e-06 8.304918316791695e-05 9.186256767297479e-07 0.007752805608355583 1.0453284659885916e-06 0.014685741058817129 7.413800470190095e-07 0.00012871167691448968 0.00032618893080619285 1.941525763827407e-05 0.005896290349611511 0.2393920590875345 0.16956613561235787 0.24332342309285168 6.846592675112285e-07 7.149571191198629e-07
10 7.445214139338307e-07 0.011271128014960956 6.866489680919329e-07 7.22703489504555e-07 6.947656844549195e-07 1.7699326989163925e-06 7.321992313757469e-07 0.0041170520090843925 7.197932590497005e-07 7.135517946641273e-07 7.323769201590718e-07 8.066654543236693e-05 7.204139142286616e-07 0.023587250872732553 1.9058801078593928e-06 8.304918316791695e-05 9.186256767297479e-07 0.007752805608355583 1.0453284659885916e-06 0.014685741058817129 7.413800470190095e-07 0.00012871167691448968 0.00032618893080619285 1.941525763827407e-05 0.005896290349611511 0.2393920590875345 0.16956613561235787 0.24332342309285168 6.846592675112285e-07 7.149571191198629e-07
11 7.445214139338307e-07 0.011271128014960956 6.866489680919329e-07 7.22703489504555e-07 6.947656844549195e-07 1.7699326989163925e-06 7.321992313757469e-07 0.0041170520090843925 7.197932590497005e-07 7.135517946641273e-07 7.323769201590718e-07 8.066654543236693e-05 7.204139142286616e-07 0.023587250872732553 1.9058801078593928e-06 8.304918316791695e-05 9.186256767297479e-07 0.007752805608355583 1.0453284659885916e-06 0.014685741058817129 7.413800470190095e-07 0.00012871167691448968 0.00032618893080619285 1.941525763827407e-05 0.005896290349611511 0.2393920590875345 0.16956613561235787 0.24332342309285168 6.846592675112285e-07 7.149571191198629e-07
12 4.549710675078623e-07 0.0021536597407918203 5.044929599549364e-07 4.749518355834846e-07 4.988795051119602e-07 9.29569243616836e-07 5.173957316978216e-07 0.0031660592442190353 5.093552180139318e-07 5.171146090669568e-07 5.074834978434547e-07 0.001116009727822605 4.6696911588616023e-07 0.009389143373375031 3.6108826356484345e-06 0.00041533513008874714 1.2431810947572384e-06 0.00782091593781428 9.317467485342339e-07 0.016602695549016364 4.521405283814591e-07 7.024868559271981e-05 0.00040161712020456917 1.3572785072482238e-05 0.012175592586730972 0.10860298520782458 0.1312549777631858 0.5228661112036166 5.279233802911492e-07 4.850992387570682e-07
13 4.549710675078623e-07 0.0021536597407918203 5.044929599549364e-07 4.749518355834846e-07 4.988795051119602e-07 9.29569243616836e-07 5.173957316978216e-07 0.0031660592442190353 5.093552180139318e-07 5.171146090669568e-07 5.074834978434547e-07 0.001116009727822605 4.6696911588616023e-07 0.009389143373375031 3.6108826356484345e-06 0.00041533513008874714 1.2431810947572384e-06 0.00782091593781428 9.317467485342339e-07 0.016602695549016364 4.521405283814591e-07 7.024868559271981e-05 0.00040161712020456917 1.3572785072482238e-05 0.012175592586730972 0.10860298520782458 0.1312549777631858 0.5228661112036166 5.279233802911492e-07 4.850992387570682e-07
14 4.549710675078623e-07 0.0021536597407918203 5.044929599549364e-07 4.749518355834846e-07 4.988795051119602e-07 9.29569243616836e-07 5.173957316978216e-07 0.0031660592442190353 5.093552180139318e-07 5.171146090669568e-07 5.074834978434547e-07 0.001116009727822605 4.6696911588616023e-07 0.009389143373375031 3.6108826356484345e-06 0.00041533513008874714 1.2431810947572384e-06 0.00782091593781428 9.317467485342339e-07 0.016602695549016364 4.521405283814591e-07 7.024868559271981e-05 0.00040161712020456917 1.3572785072482238e-05 0.012175592586730972 0.10860298520782458 0.1312549777631858 0.5228661112036166 5.279233802911492e-07 4.850992387570682e-07
15 4.549710675078623e-07 0.0021536597407918203 5.044929599549364e-07 4.749518355834846e-07 4.988795051119602e-07 9.29569243616836e-07 5.173957316978216e-07 0.0031660592442190353 5.093552180139318e-07 5.171146090669568e-07 5.074834978434547e-07 0.001116009727822605 4.6696911588616023e-07 0.009389143373375031 3.6108826356484345e-06 0.00041533513008874714 1.2431810947572384e-06 0.00782091593781428 9.317467485342339e-07 0.016602695549016364 4.521405283814591e-07 7.024868559271981e-05 0.00040161712020456917 1.3572785072482238e-05 0.012175592586730972 0.10860298520782458 0.1312549777631858 0.5228661112036166 5.279233802911492e-07 4.850992387570682e-07
16 4.549710675078623e-07 0.0021536597407918203 5.044929599549364e-07 4.749518355834846e-07 4.988795051119602e-07 9.29569243616836e-07 5.173957316978216e-07 0.0031660592442190353 5.093552180139318e-07 5.171146090669568e-07 5.074834978434547e-07 0.001116009727822605 4.6696911588616023e-07 0.009389143373375031 3.6108826356484345e-06 0.00041533513008874714 1.2431810947572384e-06 0.00782091593781428 9.317467485342339e-07 0.016602695549016364 4.521405283814591e-07 7.024868559271981e-05 0.00040161712020456917 1.3572785072482238e-05 0.012175592586730972 0.10860298520782458 0.1312549777631858 0.5228661112036166 5.279233802911492e-07 4.850992387570682e-07
17 4.549710675078623e-07 0.0021536597407918203 5.044929599549364e-07 4.749518355834846e-07 4.988795051119602e-07 9.29569243616836e-07 5.173957316978216e-07 0.0031660592442190353 5.093552180139318e-07 5.171146090669568e-07 5.074834978434547e-07 0.001116009727822605 4.6696911588616023e-07 0.009389143373375031 3.6108826356484345e-06 0.00041533513008874714 1.2431810947572384e-06 0.00782091593781428 9.317467485342339e-07 0.016602695549016364 4.521405283814591e-07 7.024868559271981e-05 0.00040161712020456917 1.3572785072482238e-05 0.012175592586730972 0.10860298520782458 0.1312549777631858 0.5228661112036166 5.279233802911492e-07 4.850992387570682e-07
18 4.549710675078623e-07 0.0021536597407918203 5.044929599549364e-07 4.749518355834846e-07 4.988795051119602e-07 9.29569243616836e-07 5.173957316978216e-07 0.0031660592442190353 5.093552180139318e-07 5.171146090669568e-07 5.074834978434547e-07 0.001116009727822605 4.6696911588616023e-07 0.009389143373375031 3.6108826356484345e-06 0.00041533513008874714 1.2431810947572384e-06 0.00782091593781428 9.317467485342339e-07 0.016602695549016364 4.521405283814591e-07 7.024868559271981e-05 0.00040161712020456917 1.3572785072482238e-05 0.012175592586730972 0.10860298520782458 0.1312549777631858 0.5228661112036166 5.279233802911492e-07 4.850992387570682e-07
19 4.549710675078623e-07 0.0021536597407918203 5.044929599549364e-07 4.749518355834846e-07 4.988795051119602e-07 9.29569243616836e-07 5.173957316978216e-07 0.0031660592442190353 5.093552180139318e-07 5.171146090669568e-07 5.074834978434547e-07 0.001116009727822605 4.6696911588616023e-07 0.009389143373375031 3.6108826356484345e-06 0.00041533513008874714 1.2431810947572384e-06 0.00782091593781428 9.317467485342339e-07 0.016602695549016364 4.521405283814591e-07 7.024868559271981e-05 0.00040161712020456917 1.3572785072482238e-05 0.012175592586730972 0.10860298520782458 0.1312549777631858 0.5228661112036166 5.279233802911492e-07 4.850992387570682e-07
20 4.549710675078623e-07 0.0021536597407918203 5.044929599549364e-07 4.749518355834846e-07 4.988795051119602e-07 9.29569243616836e-07 5.173957316978216e-07 0.0031660592442190353 5.093552180139318e-07 5.171146090669568e-07 5.074834978434547e-07 0.001116009727822605 4.6696911588616023e-07 0.009389143373375031 3.6108826356484345e-06 0.00041533513008874714 1.2431810947572384e-06 0.00782091593781428 9.317467485342339e-07 0.016602695549016364 4.521405283814591e-07 7.024868559271981e-05 0.00040161712020456917 1.3572785072482238e-05 0.012175592586730972 0.10860298520782458 0.1312549777631858 0.5228661112036166 5.279233802911492e-07 4.850992387570682e-07
21 4.549710675078623e-07 0.0021536597407918203 5.044929599549364e-07 4.749518355834846e-07 4.988795051119602e-07 9.29569243616836e-07 5.173957316978216e-07 0.0031660592442190353 5.093552180139318e-07 5.171146090669568e-07 5.074834978434547e-07 0.001116009727822605 4.6696911588616023e-07 0.009389143373375031 3.6108826356484345e-06 0.00041533513008874714 1.2431810947572384e-06 0.00782091593781428 9.317467485342339e-07 0.016602695549016364 4.521405283814591e-07 7.024868559271981e-05 0.00040161712020456917 1.3572785072482238e-05 0.012175592586730972 0.10860298520782458 0.1312549777631858 0.5228661112036166 5.279233802911492e-07 4.850992387570682e-07
22 5.37182788615952e-07 4.950175647143728e-07 5.630153419118725e-07 5.466772233613118e-07 5.489640627028649e-07 1.4338309654999694e-06 4.899278651615412e-07 0.0028065054734865403 4.871809052135884e-07 4.997884997609029e-07 4.7564851815085103e-07 0.15070158210608747 4.993447606654796e-07 0.39009905704836484 6.483336641446945e-06 0.14375696449969438 1.2750701437344666e-06 0.02900326749160249 1.0325707781780063e-06 0.04805326257408745 5.454169974294955e-07 7.313588094562168e-05 0.00024214760145444399 3.557962312516926e-05 0.001961359663476226 0.0562777861236062 0.06350285695680266 0.009680010869182772 4.795114781519881e-07 5.42290440619909e-07
23 5.37182788615952e-07 4.950175647143728e-07 5.630153419118725e-07 5.466772233613118e-07 5.489640627028649e-07 1.4338309654999694e-06 4.899278651615412e-07 0.0028065054734865403 4.871809052135884e-07 4.997884997609029e-07 4.7564851815085103e-07 0.15070158210608747 4.993447606654796e-07 0.39009905704836484 6.483336641446945e-06 0.14375696449969438 1.2750701437344666e-06 0.02900326749160249 1.0325707781780063e-06 0.04805326257408745 5.454169974294955e-07 7.313588094562168e-05 0.00024214760145444399 3.557962312516926e-05 0.001961359663476226 0.0562777861236062 0.06350285695680266 0.009680010869182772 4.795114781519881e-07 5.42290440619909e-07
24 5.37182788615952e-07 4.950175647143728e-07 5.630153419118725e-07 5.466772233613118e-07 5.489640627028649e-07 1.4338309654999694e-06 4.899278651615412e-07 0.0028065054734865403 4.871809052135884e-07 4.997884997609029e-07 4.7564851815085103e-07 0.15070158210608747 4.993447606654796e-07 0.39009905704836484 6.483336641446945e-06 0.14375696449969438 1.2750701437344666e-06 0.02900326749160249 1.0325707781780063e-06 0.04805326257408745 5.454169974294955e-07 7.313588094562168e-05 0.00024214760145444399 3.557962312516926e-05 0.001961359663476226 0.0562777861236062 0.06350285695680266 0.009680010869182772 4.795114781519881e-07 5.42290440619909e-07
25 5.37182788615952e-07 4.950175647143728e-07 5.630153419118725e-07 5.466772233613118e-07 5.489640627028649e-07 1.4338309654999694e-06 4.899278651615412e-07 0.0028065054734865403 4.871809052135884e-07 4.997884997609029e-07 4.7564851815085103e-07 0.15070158210608747 4.993447606654796e-07 0.39009905704836484 6.483336641446945e-06 0.14375696449969438 1.2750701437344666e-06 0.02900326749160249 1.0325707781780063e-06 0.04805326257408745 5.454169974294955e-07 7.313588094562168e-05 0.00024214760145444399 3.557962312516926e-05 0.001961359663476226 0.0562777861236062 0.06350285695680266 0.009680010869182772 4.795114781519881e-07 5.42290440619909e-07
26 5.37182788615952e-07 4.950175647143728e-07 5.630153419118725e-07 5.466772233613118e-07 5.489640627028649e-07 1.4338309654999694e-06 4.899278651615412e-07 0.0028065054734865403 4.871809052135884e-07 4.997884997609029e-07 4.7564851815085103e-07 0.15070158210608747 4.993447606654796e-07 0.39009905704836484 6.483336641446945e-06 0.14375696449969438 1.2750701437344666e-06 0.02900326749160249 1.0325707781780063e-06 0.04805326257408745 5.454169974294955e-07 7.313588094562168e-05 0.00024214760145444399 3.557962312516926e-05 0.001961359663476226 0.0562777861236062 0.06350285695680266 0.009680010869182772 4.795114781519881e-07 5.42290440619909e-07
27 5.37182788615952e-07 4.950175647143728e-07 5.630153419118725e-07 5.466772233613118e-07 5.489640627028649e-07 1.4338309654999694e-06 4.899278651615412e-07 0.0028065054734865403 4.871809052135884e-07 4.997884997609029e-07 4.7564851815085103e-07 0.15070158210608747 4.993447606654796e-07 0.39009905704836484 6.483336641446945e-06 0.14375696449969438 1.2750701437344666e-06 0.02900326749160249 1.0325707781780063e-06 0.04805326257408745 5.454169974294955e-07 7.313588094562168e-05 0.00024214760145444399 3.557962312516926e-05 0.001961359663476226 0.0562777861236062 0.06350285695680266 0.009680010869182772 4.795114781519881e-07 5.42290440619909e-07
28 5.37182788615952e-07 4.950175647143728e-07 5.630153419118725e-07 5.466772233613118e-07 5.489640627028649e-07 1.4338309654999694e-06 4.899278651615412e-07 0.0028065054734865403 4.871809052135884e-07 4.997884997609029e-07 4.7564851815085103e-07 0.15070158210608747 4.993447606654796e-07 0.39009905704836484 6.483336641446945e-06 0.14375696449969438 1.2750701437344666e-06 0.02900326749160249 1.0325707781780063e-06 0.04805326257408745 5.454169974294955e-07 7.313588094562168e-05 0.00024214760145444399 3.557962312516926e-05 0.001961359663476226 0.0562777861236062 0.06350285695680266 0.009680010869182772 4.795114781519881e-07 5.42290440619909e-07
29 5.37182788615952e-07 4.950175647143728e-07 5.630153419118725e-07 5.466772233613118e-07 5.489640627028649e-07 1.4338309654999694e-06 4.899278651615412e-07 0.0028065054734865403 4.871809052135884e-07 4.997884997609029e-07 4.7564851815085103e-07 0.15070158210608747 4.993447606654796e-07 0.39009905704836484 6.483336641446945e-06 0.14375696449969438 1.2750701437344666e-06 0.02900326749160249 1.0325707781780063e-06 0.04805326257408745 5.454169974294955e-07 7.313588094562168e-05 0.00024214760145444399 3.557962312516926e-05 0.001961359663476226 0.0562777861236062 0.06350285695680266 0.009680010869182772 4.795114781519881e-07 5.42290440619909e-07
30 5.37182788615952e-07 4.950175647143728e-07 5.630153419118725e-07 5.466772233613118e-07 5.489640627028649e-07 1.4338309654999694e-06 4.899278651615412e-07 0.0028065054734865403 4.871809052135884e-07 4.997884997609029e-07 4.7564851815085103e-07 0.15070158210608747 4.993447606654796e-07 0.39009905704836484 6.483336641446945e-06 0.14375696449969438 1.2750701437344666e-06 0.02900326749160249 1.0325707781780063e-06 0.04805326257408745 5.454169974294955e-07 7.313588094562168e-05 0.00024214760145444399 3.557962312516926e-05 0.001961359663476226 0.0562777861236062 0.06350285695680266 0.009680010869182772 4.795114781519881e-07 5.42290440619909e-07
31 5.37182788615952e-07 4.950175647143728e-07 5.630153419118725e-07 5.466772233613118e-07 5.489640627028649e-07 1.4338309654999694e-06 4.899278651615412e-07 0.0028065054734865403 4.871809052135884e-07 4.997884997609029e-07 4.7564851815085103e-07 0.15070158210608747 4.993447606654796e-07 0.39009905704836484 6.483336641446945e-06 0.14375696449969438 1.2750701437344666e-06 0.02900326749160249 1.0325707781780063e-06 0.04805326257408745 5.454169974294955e-07 7.313588094562168e-05 0.00024214760145444399 3.557962312516926e-05 0.001961359663476226 0.0562777861236062 0.06350285695680266 0.009680010869182772 4.795114781519881e-07 5.42290440619909e-07
32 1.912594430001849e-07 2.2465532836736554e-07 2.2088696781310615e-07 9.281180237996348e-08 2.005042333788156e-07 4.3629720290630096e-06 1.9218502282648906e-07 0.7448810525099616 2.2881785903735857e-07 7.646822787784817e-07 2.1717657162528752e-07 0.033578583322837946 2.138612040516464e-07 0.15532645720604854 2.4418831406465113e-05 3.7992643832595674e-05 1.4230578681701034e-05 0.010371278701164423 1.0479336036899506e-05 0.0022214962969426414 2.0231224400109826e-07 1.4612927330871792e-05 1.2109416226836047e-05 1.8555969019559453e-05 0.00016804449492118547 0.007171277732121808 0.006602256202940121 0.0050471180270532205 2.1164279345213264e-07 2.3228091434794588e-07
33 1.912594430001849e-07 2.2465532836736554e-07 2.2088696781310615e-07 9.281180237996348e-08 2.005042333788156e-07 4.3629720290630096e-06 1.9218502282648906e-07 0.7448810525099616 2.2881785903735857e-07 7.646822787784817e-07 2.1717657162528752e-07 0.033578583322837946 2.138612040516464e-07 0.15532645720604854 2.4418831406465113e-05 3.7992643832595674e-05 1.4230578681701034e-05 0.010371278701164423 1.0479336036899506e-05 0.0022214962969426414 2.0231224400109826e-07 1.4612927330871792e-05 1.2109416226836047e-05 1.8555969019559453e-05 0.00016804449492118547 0.007171277732121808 0.006602256202940121 0.0050471180270532205 2.1164279345213264e-07 2.3228091434794588e-07
34 1.912594430001849e-07 2.2465532836736554e-07 2.2088696781310615e-07 9.281180237996348e-08 2.005042333788156e-07 4.3629720290630096e-06 1.9218502282648906e-07 0.7448810525099616 2.2881785903735857e-07 7.646822787784817e-07 2.1717657162528752e-07 0.033578583322837946 2.138612040516464e-07 0.15532645720604854 2.4418831406465113e-05 3.7992643832595674e-05 1.4230578681701034e-05 0.010371278701164423 1.0479336036899506e-05 0.0022214962969426414 2.0231224400109826e-07 1.4612927330871792e-05 1.2109416226836047e-05 1.8555969019559453e-05 0.00016804449492118547 0.007171277732121808 0.006602256202940121 0.0050471180270532205 2.1164279345213264e-07 2.3228091434794588e-07
35 1.912594430001849e-07 2.2465532836736554e-07 2.2088696781310615e-07 9.281180237996348e-08 2.005042333788156e-07 4.3629720290630096e-06 1.9218502282648906e-07 0.7448810525099616 2.2881785903735857e-07 7.646822787784817e-07 2.1717657162528752e-07 0.033578583322837946 2.138612040516464e-07 0.15532645720604854 2.4418831406465113e-05 3.7992643832595674e-05 1.4230578681701034e-05 0.010371278701164423 1.0479336036899506e-05 0.0022214962969426414 2.0231224400109826e-07 1.4612927330871792e-05 1.2109416226836047e-05 1.8555969019559453e-05 0.00016804449492118547 0.007171277732121808 0.006602256202940121 0.0050471180270532205 2.1164279345213264e-07 2.3228091434794588e-07
36 1.912594430001849e-07 2.2465532836736554e-07 2.2088696781310615e-07 9.281180237996348e-08 2.005042333788156e-07 4.3629720290630096e-06 1.9218502282648906e-07 0.7448810525099616 2.2881785903735857e-07 7.646822787784817e-07 2.1717657162528752e-07 0.033578583322837946 2.138612040516464e-07 0.15532645720604854 2.4418831406465113e-05 3.7992643832595674e-05 1.4230578681701034e-05 0.010371278701164423 1.0479336036899506e-05 0.0022214962969426414 2.0231224400109826e-07 1.4612927330871792e-05 1.2109416226836047e-05 1.8555969019559453e-05 0.00016804449492118547 0.007171277732121808 0.006602256202940121 0.0050471180270532205 2.1164279345213264e-07 2.3228091434794588e-07
37 1.912594430001849e-07 2.2465532836736554e-07 2.2088696781310615e-07 9.281180237996348e-08 2.005042333788156e-07 4.3629720290630096e-06 1.9218502282648906e-07 0.7448810525099616 2.2881785903735857e-07 7.646822787784817e-07 2.1717657162528752e-07 0.033578583322837946 2.138612040516464e-07 0.15532645720604854 2.4418831406465113e-05 3.7992643832595674e-05 1.4230578681701034e-05 0.010371278701164423 1.0479336036899506e-05 0.0022214962969426414 2.0231224400109826e-07 1.4612927330871792e-05 1.2109416226836047e-05 1.8555969019559453e-05 0.00016804449492118547 0.007171277732121808 0.006602256202940121 0.0050471180270532205 2.1164279345213264e-07 2.3228091434794588e-07
38 1.912594430001849e-07 2.2465532836736554e-07 2.2088696781310615e-07 9.281180237996348e-08 2.005042333788156e-07 4.3629720290630096e-06 1.9218502282648906e-07 0.7448810525099616 2.2881785903735857e-07 7.646822787784817e-07 2.1717657162528752e-07 0.033578583322837946 2.138612040516464e-07 0.15532645720604854 2.4418831406465113e-05 3.7992643832595674e-05 1.4230578681701034e-05 0.010371278701164423 1.0479336036899506e-05 0.0022214962969426414 2.0231224400109826e-07 1.4612927330871792e-05 1.2109416226836047e-05 1.8555969019559453e-05 0.00016804449492118547 0.007171277732121808 0.006602256202940121 0.0050471180270532205 2.1164279345213264e-07 2.3228091434794588e-07
39 1.912594430001849e-07 2.2465532836736554e-07 2.2088696781310615e-07 9.281180237996348e-08 2.005042333788156e-07 4.3629720290630096e-06 1.9218502282648906e-07 0.7448810525099616 2.2881785903735857e-07 7.646822787784817e-07 2.1717657162528752e-07 0.033578583322837946 2.138612040516464e-07 0.15532645720604854 2.4418831406465113e-05 3.7992643832595674e-05 1.4230578681701034e-05 0.010371278701164423 1.0479336036899506e-05 0.0022214962969426414 2.0231224400109826e-07 1.4612927330871792e-05 1.2109416226836047e-05 1.8555969019559453e-05 0.00016804449492118547 0.007171277732121808 0.006602256202940121 0.0050471180270532205 2.1164279345213264e-07 2.3228091434794588e-07
40 1.912594430001849e-07 2.2465532836736554e-07 2.2088696781310615e-07 9.281180237996348e-08 2.005042333788156e-07 4.3629720290630096e-06 1.9218502282648906e-07 0.7448810525099616 2.2881785903735857e-07 7.646822787784817e-07 2.1717657162528752e-07 0.033578583322837946 2.138612040516464e-07 0.15532645720604854 2.4418831406465113e-05 3.7992643832595674e-05 1.4230578681701034e-05 0.010371278701164423 1.0479336036899506e-05 0.0022214962969426414 2.0231224400109826e-07 1.4612927330871792e-05 1.2109416226836047e-05 1.8555969019559453e-05 0.00016804449492118547 0.007171277732121808 0.006602256202940121 0.0050471180270532205 2.1164279345213264e-07 2.3228091434794588e-07
41 1.912594430001849e-07 2.2465532836736554e-07 2.2088696781310615e-07 9.281180237996348e-08 2.005042333788156e-07 4.3629720290630096e-06 1.9218502282648906e-07 0.7448810525099616 2.2881785903735857e-07 7.646822787784817e-07 2.1717657162528752e-07 0.033578583322837946 2.138612040516464e-07 0.15532645720604854 2.4418831406465113e-05 3.7992643832595674e-05 1.4230578681701034e-05 0.010371278701164423 1.0479336036899506e-05 0.0022214962969426414 2.0231224400109826e-07 1.4612927330871792e-05 1.2109416226836047e-05 1.8555969019559453e-05 0.00016804449492118547 0.007171277732121808 0.006602256202940121 0.0050471180270532205 2.1164279345213264e-07 2.3228091434794588e-07
42 1.912594430001849e-07 2.2465532836736554e-07 2.2088696781310615e-07 9.281180237996348e-08 2.005042333788156e-07 4.3629720290630096e-06 1.9218502282648906e-07 0.7448810525099616 2.2881785903735857e-07 7.646822787784817e-07 2.1717657162528752e-07 0.033578583322837946 2.138612040516464e-07 0.15532645720604854 2.4418831406465113e-05 3.7992643832595674e-05 1.4230578681701034e-05 0.010371278701164423 1.0479336036899506e-05 0.0022214962969426414 2.0231224400109826e-07 1.4612927330871792e-05 1.2109416226836047e-05 1.8555969019559453e-05 0.00016804449492118547 0.007171277732121808 0.006602256202940121 0.0050471180270532205 2.1164279345213264e-07 2.3228091434794588e-07
43 1.912594430001849e-07 2.2465532836736554e-07 2.2088696781310615e-07 9.281180237996348e-08 2.005042333788156e-07 4.3629720290630096e-06 1.9218502282648906e-07 0.7448810525099616 2.2881785903735857e-07 7.646822787784817e-07 2.1717657162528752e-07 0.033578583322837946 2.138612040516464e-07 0.15532645720604854 2.4418831406465113e-05 3.7992643832595674e-05 1.4230578681701034e-05 0.010371278701164423 1.0479336036899506e-05 0.0022214962969426414 2.0231224400109826e-07 1.4612927330871792e-05 1.2109416226836047e-05 1.8555969019559453e-05 0.00016804449492118547 0.007171277732121808 0.006602256202940121 0.0050471180270532205 2.1164279345213264e-07 2.3228091434794588e-07
44 1.912594430001849e-07 2.2465532836736554e-07 2.2088696781310615e-07 9.281180237996348e-08 2.005042333788156e-07 4.3629720290630096e-06 1.9218502282648906e-07 0.7448810525099616 2.2881785903735857e-07 7.646822787784817e-07 2.1717657162528752e-07 0.033578583322837946 2.138612040516464e-07 0.15532645720604854 2.4418831406465113e-05 3.7992643832595674e-05 1.4230578681701034e-05 0.010371278701164423 1.0479336036899506e-05 0.0022214962969426414 2.0231224400109826e-07 1.4612927330871792e-05 1.2109416226836047e-05 1.8555969019559453e-05 0.00016804449492118547 0.007171277732121808 0.006602256202940121 0.0050471180270532205 2.1164279345213264e-07 2.3228091434794588e-07
45 1.460210138491986e-06 1.8747485219158863e-06 1.1917370958294515e-06 2.9469563488359063e-07 1.5495414207688536e-06 0.10782666391413229 1.4699905045520444e-06 0.39279292461731813 1.5935874057340388e-06 0.059023497757011746 0.0007169443380057481 0.27434107395680846 1.5863879865995456e-06 0.0001946749081600031 0.0002165181361287434 0.00016454673976195144 4.9243450929060574e-05 0.004230950091973423 1.0289503713743823e-05 0.0037666428027202364 1.6899442261643725e-06 2.2947627979016043e-05 3.2953815974848373e-06 1.6453237748701612e-05 3.724727564780029e-05 0.014831941724750658 0.0011616745031159345 0.004725969653998958 1.968103041443391e-06 1.6097131265637567e-06
46 1.460210138491986e-06 1.8747485219158863e-06 1.1917370958294515e-06 2.9469563488359063e-07 1.5495414207688536e-06 0.10782666391413229 1.4699905045520444e-06 0.39279292461731813 1.5935874057340388e-06 0.059023497757011746 0.0007169443380057481 0.27434107395680846 1.5863879865995456e-06 0.0001946749081600031 0.0002165181361287434 0.00016454673976195144 4.9243450929060574e-05 0.004230950091973423 1.0289503713743823e-05 0.0037666428027202364 1.6899442261643725e-06 2.2947627979016043e-05 3.2953815974848373e-06 1.6453237748701612e-05 3.724727564780029e-05 0.014831941724750658 0.0011616745031159345 0.004725969653998958 1.968103041443391e-06 1.6097131265637567e-06
47 1.460210138491986e-06 1.8747485219158863e-06 1.1917370958294515e-06 2.9469563488359063e-07 1.5495414207688536e-06 0.10782666391413229 1.4699905045520444e-06 0.39279292461731813 1.5935874057340388e-06 0.059023497757011746 0.0007169443380057481 0.27434107395680846 1.5863879865995456e-06 0.0001946749081600031 0.0002165181361287434 0.00016454673976195144 4.9243450929060574e-05 0.004230950091973423 1.0289503713743823e-05 0.0037666428027202364 1.6899442261643725e-06 2.2947627979016043e-05 3.2953815974848373e-06 1.6453237748701612e-05 3.724727564780029e-05 0.014831941724750658 0.0011616745031159345 0.004725969653998958 1.968103041443391e-06 1.6097131265637567e-06
48 1.460210138491986e-06 1.8747485219158863e-06 1.1917370958294515e-06 2.9469563488359063e-07 1.5495414207688536e-06 0.10782666391413229 1.4699905045520444e-06 0.39279292461731813 1.5935874057340388e-06 0.059023497757011746 0.0007169443380057481 0.27434107395680846 1.5863879865995456e-06 0.0001946749081600031 0.0002165181361287434 0.00016454673976195144 4.9243450929060574e-05 0.004230950091973423 1.0289503713743823e-05 0.0037666428027202364 1.6899442261643725e-06 2.2947627979016043e-05 3.2953815974848373e-06 1.6453237748701612e-05 3.724727564780029e-05 0.014831941724750658 0.0011616745031159345 0.004725969653998958 1.968103041443391e-06 1.6097131265637567e-06
49 1.460210138491986e-06 1.8747485219158863e-06 1.1917370958294515e-06 2.9469563488359063e-07 1.5495414207688536e-06 0.10782666391413229 1.4699905045520444e-06 0.39279292461731813 1.5935874057340388e-06 0.059023497757011746 0.0007169443380057481 0.27434107395680846 1.5863879865995456e-06 0.0001946749081600031 0.0002165181361287434 0.00016454673976195144 4.9243450929060574e-05 0.004230950091973423 1.0289503713743823e-05 0.0037666428027202364 1.6899442261643725e-06 2.2947627979016043e-05 3.2953815974848373e-06 1.6453237748701612e-05 3.724727564780029e-05 0.014831941724750658 0.0011616745031159345 0.004725969653998958 1.968103041443391e-06 1.6097131265637567e-06
50 1.460210138491986e-06 1.8747485219158863e-06 1.1917370958294515e-06 2.9469563488359063e-07 1.5495414207688536e-06 0.10782666391413229 1.4699905045520444e-06 0.39279292461731813 1.5935874057340388e-06 0.059023497757011746 0.0007169443380057481 0.27434107395680846 1.5863879865995456e-06 0.0001946749081600031 0.0002165181361287434 0.00016454673976195144 4.9243450929060574e-05 0.004230950091973423 1.0289503713743823e-05 0.0037666428027202364 1.6899442261643725e-06 2.2947627979016043e-05 3.2953815974848373e-06 1.6453237748701612e-05 3.724727564780029e-05 0.014831941724750658 0.0011616745031159345 0.004725969653998958 1.968103041443391e-06 1.6097131265637567e-06
51 1.460210138491986e-06 1.8747485219158863e-06 1.1917370958294515e-06 2.9469563488359063e-07 1.5495414207688536e-06 0.10782666391413229 1.4699905045520444e-06 0.39279292461731813 1.5935874057340388e-06 0.059023497757011746 0.0007169443380057481 0.27434107395680846 1.5863879865995456e-06 0.0001946749081600031 0.0002165181361287434 0.00016454673976195144 4.9243450929060574e-05 0.004230950091973423 1.0289503713743823e-05 0.0037666428027202364 1.6899442261643725e-06 2.2947627979016043e-05 3.2953815974848373e-06 1.6453237748701612e-05 3.724727564780029e-05 0.014831941724750658 0.0011616745031159345 0.004725969653998958 1.968103041443391e-06 1.6097131265637567e-06
52 1.460210138491986e-06 1.8747485219158863e-06 1.1917370958294515e-06 2.9469563488359063e-07 1.5495414207688536e-06 0.10782666391413229 1.4699905045520444e-06 0.39279292461731813 1.5935874057340388e-06 0.059023497757011746 0.0007169443380057481 0.27434107395680846 1.5863879865995456e-06 0.0001946749081600031 0.0002165181361287434 0.00016454673976195144 4.9243450929060574e-05 0.004230950091973423 1.0289503713743823e-05 0.0037666428027202364 1.6899442261643725e-06 2.2947627979016043e-05 3.2953815974848373e-06 1.6453237748701612e-05 3.724727564780029e-05 0.014831941724750658 0.0011616745031159345 0.004725969653998958 1.968103041443391e-06 1.6097131265637567e-06
53 1.460210138491986e-06 1.8747485219158863e-06 1.1917370958294515e-06 2.9469563488359063e-07 1.5495414207688536e-06 0.10782666391413229 1.4699905045520444e-06 0.39279292461731813 1.5935874057340388e-06 0.059023497757011746 0.0007169443380057481 0.27434107395680846 1.5863879865995456e-06 0.0001946749081600031 0.0002165181361287434 0.00016454673976195144 4.9243450929060574e-05 0.004230950091973423 1.0289503713743823e-05 0.0037666428027202364 1.6899442261643725e-06 2.2947627979016043e-05 3.2953815974848373e-06 1.6453237748701612e-05 3.724727564780029e-05 0.014831941724750658 0.0011616745031159345 0.004725969653998958 1.968103041443391e-06 1.6097131265637567e-06
54 1.460210138491986e-06 1.8747485219158863e-06 1.1917370958294515e-06 2.9469563488359063e-07 1.5495414207688536e-06 0.10782666391413229 1.4699905045520444e-06 0.39279292461731813 1.5935874057340388e-06 0.059023497757011746 0.0007169443380057481 0.27434107395680846 1.5863879865995456e-06 0.0001946749081600031 0.0002165181361287434 0.00016454673976195144 4.9243450929060574e-05 0.004230950091973423 1.0289503713743823e-05 0.0037666428027202364 1.6899442261643725e-06 2.2947627979016043e-05 3.2953815974848373e-06 1.6453237748701612e-05 3.724727564780029e-05 0.014831941724750658 0.0011616745031159345 0.004725969653998958 1.968103041443391e-06 1.6097131265637567e-06
55 1.460210138491986e-06 1.8747485219158863e-06 1.1917370958294515e-06 2.9469563488359063e-07 1.5495414207688536e-06 0.10782666391413229 1.4699905045520444e-06 0.39279292461731813 1.5935874057340388e-06 0.059023497757011746 0.0007169443380057481 0.27434107395680846 1.5863879865995456e-06 0.0001946749081600031 0.0002165181361287434 0.00016454673976195144 4.9243450929060574e-05 0.004230950091973423 1.0289503713743823e-05 0.0037666428027202364 1.6899442261643725e-06 2.2947627979016043e-05 3.2953815974848373e-06 1.6453237748701612e-05 3.724727564780029e-05 0.014831941724750658 0.0011616745031159345 0.004725969653998958 1.968103041443391e-06 1.6097131265637567e-06
56 1.460210138491986e-06 1.8747485219158863e-06 1.1917370958294515e-06 2.9469563488359063e-07 1.5495414207688536e-06 0.10782666391413229 1.4699905045520444e-06 0.39279292461731813 1.5935874057340388e-06 0.059023497757011746 0.0007169443380057481 0.27434107395680846 1.5863879865995456e-06 0.0001946749081600031 0.0002165181361287434 0.00016454673976195144 4.9243450929060574e-05 0.004230950091973423 1.0289503713743823e-05 0.0037666428027202364 1.6899442261643725e-06 2.2947627979016043e-05 3.2953815974848373e-06 1.6453237748701612e-05 3.724727564780029e-05 0.014831941724750658 0.0011616745031159345 0.004725969653998958 1.968103041443391e-06 1.6097131265637567e-06
57 1.460210138491986e-06 1.8747485219158863e-06 1.1917370958294515e-06 2.9469563488359063e-07 1.5495414207688536e-06 0.10782666391413229 1.4699905045520444e-06 0.39279292461731813 1.5935874057340388e-06 0.059023497757011746 0.0007169443380057481 0.27434107395680846 1.5863879865995456e-06 0.0001946749081600031 0.0002165181361287434 0.00016454673976195144 4.9243450929060574e-05 0.004230950091973423 1.0289503713743823e-05 0.0037666428027202364 1.6899442261643725e-06 2.2947627979016043e-05 3.2953815974848373e-06 1.6453237748701612e-05 3.724727564780029e-05 0.014831941724750658 0.0011616745031159345 0.004725969653998958 1.968103041443391e-06 1.6097131265637567e-06
58 1.460210138491986e-06 1.8747485219158863e-06 1.1917370958294515e-06 2.9469563488359063e-07 1.5495414207688536e-06 0.10782666391413229 1.4699905045520444e-06 0.39279292461731813 1.5935874057340388e-06 0.059023497757011746 0.0007169443380057481 0.27434107395680846 1.5863879865995456e-06 0.0001946749081600031 0.0002165181361287434 0.00016454673976195144 4.9243450929060574e-05 0.004230950091973423 1.0289503713743823e-05 0.0037666428027202364 1.6899442261643725e-06 2.2947627979016043e-05 3.2953815974848373e-06 1.6453237748701612e-05 3.724727564780029e-05 0.014831941724750658 0.0011616745031159345 0.004725969653998958 1.968103041443391e-06 1.6097131265637567e-06
59 1.460210138491986e-06 1.8747485219158863e-06 1.1917370958294515e-06 2.9469563488359063e-07 1.5495414207688536e-06 0.10782666391413229 1.4699905045520444e-06 0.39279292461731813 1.5935874057340388e-06 0.059023497757011746 0.0007169443380057481 0.27434107395680846 1.5863879865995456e-06 0.0001946749081600031 0.0002165181361287434 0.00016454673976195144 4.9243450929060574e-05 0.004230950091973423 1.0289503713743823e-05 0.0037666428027202364 1.6899442261643725e-06 2.2947627979016043e-05 3.2953815974848373e-06 1.6453237748701612e-05 3.724727564780029e-05 0.014831941724750658 0.0011616745031159345 0.004725969653998958 1.968103041443391e-06 1.6097131265637567e-06
60 1.460210138491986e-06 1.8747485219158863e-06 1.1917370958294515e-06 2.9469563488359063e-07 1.5495414207688536e-06 0.10782666391413229 1.4699905045520444e-06 0.39279292461731813 1.5935874057340388e-06 0.059023497757011746 0.0007169443380057481 0.27434107395680846 1.5863879865995456e-06 0.0001946749081600031 0.0002165181361287434 0.00016454673976195144 4.9243450929060574e-05 0.004230950091973423 1.0289503713743823e-05 0.0037666428027202364 1.6899442261643725e-06 2.2947627979016043e-05 3.2953815974848373e-06 1.6453237748701612e-05 3.724727564780029e-05 0.014831941724750658 0.0011616745031159345 0.004725969653998958 1.968103041443391e-06 1.6097131265637567e-06
61 1.460210138491986e-06 1.8747485219158863e-06 1.1917370958294515e-06 2.9469563488359063e-07 1.5495414207688536e-06 0.10782666391413229 1.4699905045520444e-06 0.39279292461731813 1.5935874057340388e-06 0.059023497757011746 0.0007169443380057481 0.27434107395680846 1.5863879865995456e-06 0.0001946749081600031 0.0002165181361287434 0.00016454673976195144 4.9243450929060574e-05 0.004230950091973423 1.0289503713743823e-05 0.0037666428027202364 1.6899442261643725e-06 2.2947627979016043e-05 3.2953815974848373e-06 1.6453237748701612e-05 3.724727564780029e-05 0.014831941724750658 0.0011616745031159345 0.004725969653998958 1.968103041443391e-06 1.6097131265637567e-06
62 1.460210138491986e-06 1.8747485219158863e-06 1.1917370958294515e-06 2.9469563488359063e-07 1.5495414207688536e-06 0.10782666391413229 1.4699905045520444e-06 0.39279292461731813 1.5935874057340388e-06 0.059023497757011746 0.0007169443380057481 0.27434107395680846 1.5863879865995456e-06 0.0001946749081600031 0.0002165181361287434 0.00016454673976195144 4.9243450929060574e-05 0.004230950091973423 1.0289503713743823e-05 0.0037666428027202364 1.6899442261643725e-06 2.2947627979016043e-05 3.2953815974848373e-06 1.6453237748701612e-05 3.724727564780029e-05 0.014831941724750658 0.0011616745031159345 0.004725969653998958 1.968103041443391e-06 1.6097131265637567e-06
63 1.460210138491986e-06 1.8747485219158863e-06 1.1917370958294515e-06 2.9469563488359063e-07 1.5495414207688536e-06 0.10782666391413229 1.4699905045520444e-06 0.39279292461731813 1.5935874057340388e-06 0.059023497757011746 0.0007169443380057481 0.27434107395680846 1.5863879865995456e-06 0.0001946749081600031 0.0002165181361287434 0.00016454673976195144 4.9243450929060574e-05 0.004230950091973423 1.0289503713743823e-05 0.0037666428027202364 1.6899442261643725e-06 2.2947627979016043e-05 3.2953815974848373e-06 1.6453237748701612e-05 3.724727564780029e-05 0.014831941724750658 0.0011616745031159345 0.004725969653998958 1.968103041443391e-06 1.6097131265637567e-06
64 1.460210138491986e-06 1.8747485219158863e-06 1.1917370958294515e-06 2.9469563488359063e-07 1.5495414207688536e-06 0.10782666391413229 1.4699905045520444e-06 0.39279292461731813 1.5935874057340388e-06 0.059023497757011746 0.0007169443380057481 0.27434107395680846 1.5863879865995456e-06 0.0001946749081600031 0.0002165181361287434 0.00016454673976195144 4.9243450929060574e-05 0.004230950091973423 1.0289503713743823e-05 0.0037666428027202364 1.6899442261643725e-06 2.2947627979016043e-05 3.2953815974848373e-06 1.6453237748701612e-05 3.724727564780029e-05 0.014831941724750658 0.0011616745031159345 0.004725969653998958 1.968103041443391e-06 1.6097131265637567e-06
65 1.460210138491986e-06 1.8747485219158863e-06 1.1917370958294515e-06 2.9469563488359063e-07 1.5495414207688536e-06 0.10782666391413229 1.4699905045520444e-06 0.39279292461731813 1.5935874057340388e-06 0.059023497757011746 0.0007169443380057481 0.27434107395680846 1.5863879865995456e-06 0.0001946749081600031 0.0002165181361287434 0.00016454673976195144 4.9243450929060574e-05 0.004230950091973423 1.0289503713743823e-05 0.0037666428027202364 1.6899442261643725e-06 2.2947627979016043e-05 3.2953815974848373e-06 1.6453237748701612e-05 3.724727564780029e-05 0.014831941724750658 0.0011616745031159345 0.004725969653998958 1.968103041443391e-06 1.6097131265637567e-06
66 1.460210138491986e-06 1.8747485219158863e-06 1.1917370958294515e-06 2.9469563488359063e-07 1.5495414207688536e-06 0.10782666391413229 1.4699905045520444e-06 0.39279292461731813 1.5935874057340388e-06 0.059023497757011746 0.0007169443380057481 0.27434107395680846 1.5863879865995456e-06 0.0001946749081600031 0.0002165181361287434 0.00016454673976195144 4.9243450929060574e-05 0.004230950091973423 1.0289503713743823e-05 0.0037666428027202364 1.6899442261643725e-06 2.2947627979016043e-05 3.2953815974848373e-06 1.6453237748701612e-05 3.724727564780029e-05 0.014831941724750658 0.0011616745031159345 0.004725969653998958 1.968103041443391e-06 1.6097131265637567e-06
67 1.460210138491986e-06 1.8747485219158863e-06 1.1917370958294515e-06 2.9469563488359063e-07 1.5495414207688536e-06 0.10782666391413229 1.4699905045520444e-06 0.39279292461731813 1.5935874057340388e-06 0.059023497757011746 0.0007169443380057481 0.27434107395680846 1.5863879865995456e-06 0.0001946749081600031 0.0002165181361287434 0.00016454673976195144 4.9243450929060574e-05 0.004230950091973423 1.0289503713743823e-05 0.0037666428027202364 1.6899442261643725e-06 2.2947627979016043e-05 3.2953815974848373e-06 1.6453237748701612e-05 3.724727564780029e-05 0.014831941724750658 0.0011616745031159345 0.004725969653998958 1.968103041443391e-06 1.6097131265637567e-06
68 8.16653540858525e-07 8.409983636014656e-07 8.146242542462744e-07 4.5165329548926475e-07 8.007803940869387e-07 0.06358343865785034 8.758736547480931e-07 0.4331061247257329 8.195071764959228e-07 0.04298376732956091 0.0003648483036791398 0.2169819638053229 8.893121815078962e-07 0.00010428637634201227 0.00013108298423234794 0.00010003096721318166 2.965457298991185e-05 0.00266294739309962 7.228352222058644e-06 0.0006533486765561547 9.836665866763496e-07 1.2712316056273914e-05 1.5789852972639867e-06 8.83182884080997e-06 2.4990430791751104e-05 0.00420890719369463 0.0004991482482622072 0.0013703989562935967 9.018818573870872e-07 9.24380616442694e-07
69 8.16653540858525e-07 8.409983636014656e-07 8.146242542462744e-07 4.5165329548926475e-07 8.007803940869387e-07 0.06358343865785034 8.758736547480931e-07 0.4331061247257329 8.195071764959228e-07 0.04298376732956091 0.0003648483036791398 0.2169819638053229 8.893121815078962e-07 0.00010428637634201227 0.00013108298423234794 0.00010003096721318166 2.965457298991185e-05 0.00266294739309962 7.228352222058644e-06 0.0006533486765561547 9.836665866763496e-07 1.2712316056273914e-05 1.5789852972639867e-06 8.83182884080997e-06 2.4990430791751104e-05 0.00420890719369463 0.0004991482482622072 0.0013703989562935967 9.018818573870872e-07 9.24380616442694e-07
70 8.16653540858525e-07 8.409983636014656e-07 8.146242542462744e-07 4.5165329548926475e-07 8.007803940869387e-07 0.06358343865785034 8.758736547480931e-07 0.4331061247257329 8.195071764959228e-07 0.04298376732956091 0.0003648483036791398 0.2169819638053229 8.893121815078962e-07 0.00010428637634201227 0.00013108298423234794 0.00010003096721318166 2.965457298991185e-05 0.00266294739309962 7.228352222058644e-06 0.0006533486765561547 9.836665866763496e-07 1.2712316056273914e-05 1.5789852972639867e-06 8.83182884080997e-06 2.4990430791751104e-05 0.00420890719369463 0.0004991482482622072 0.0013703989562935967 9.018818573870872e-07 9.24380616442694e-07
71 8.16653540858525e-07 8.409983636014656e-07 8.146242542462744e-07 4.5165329548926475e-07 8.007803940869387e-07 0.06358343865785034 8.758736547480931e-07 0.4331061247257329 8.195071764959228e-07 0.04298376732956091 0.0003648483036791398 0.2169819638053229 8.893121815078962e-07 0.00010428637634201227 0.00013108298423234794 0.00010003096721318166 2.965457298991185e-05 0.00266294739309962 7.228352222058644e-06 0.0006533486765561547 9.836665866763496e-07 1.2712316056273914e-05 1.5789852972639867e-06 8.83182884080997e-06 2.4990430791751104e-05 0.00420890719369463 0.0004991482482622072 0.0013703989562935967 9.018818573870872e-07 9.24380616442694e-07
72 8.16653540858525e-07 8.409983636014656e-07 8.146242542462744e-07 4.5165329548926475e-07 8.007803940869387e-07 0.06358343865785034 8.758736547480931e-07 0.4331061247257329 8.195071764959228e-07 0.04298376732956091 0.0003648483036791398 0.2169819638053229 8.893121815078962e-07 0.00010428637634201227 0.00013108298423234794 0.00010003096721318166 2.965457298991185e-05 0.00266294739309962 7.228352222058644e-06 0.0006533486765561547 9.836665866763496e-07 1.2712316056273914e-05 1.5789852972639867e-06 8.83182884080997e-06 2.4990430791751104e-05 0.00420890719369463 0.0004991482482622072 0.0013703989562935967 9.018818573870872e-07 9.24380616442694e-07
73 8.16653540858525e-07 8.409983636014656e-07 8.146242542462744e-07 4.5165329548926475e-07 8.007803940869387e-07 0.06358343865785034 8.758736547480931e-07 0.4331061247257329 8.195071764959228e-07 0.04298376732956091 0.0003648483036791398 0.2169819638053229 8.893121815078962e-07 0.00010428637634201227 0.00013108298423234794 0.00010003096721318166 2.965457298991185e-05 0.00266294739309962 7.228352222058644e-06 0.0006533486765561547 9.836665866763496e-07 1.2712316056273914e-05 1.5789852972639867e-06 8.83182884080997e-06 2.4990430791751104e-05 0.00420890719369463 0.0004991482482622072 0.0013703989562935967 9.018818573870872e-07 9.24380616442694e-07
74 8.16653540858525e-07 8.409983636014656e-07 8.146242542462744e-07 4.5165329548926475e-07 8.007803940869387e-07 0.06358343865785034 8.758736547480931e-07 0.4331061247257329 8.195071764959228e-07 0.04298376732956091 0.0003648483036791398 0.2169819638053229 8.893121815078962e-07 0.00010428637634201227 0.00013108298423234794 0.00010003096721318166 2.965457298991185e-05 0.00266294739309962 7.228352222058644e-06 0.0006533486765561547 9.836665866763496e-07 1.2712316056273914e-05 1.5789852972639867e-06 8.83182884080997e-06 2.4990430791751104e-05 0.00420890719369463 0.0004991482482622072 0.0013703989562935967 9.018818573870872e-07 9.24380616442694e-07
75 8.16653540858525e-07 8.409983636014656e-07 8.146242542462744e-07 4.5165329548926475e-07 8.007803940869387e-07 0.06358343865785034 8.758736547480931e-07 0.4331061247257329 8.195071764959228e-07 0.04298376732956091 0.0003648483036791398 0.2169819638053229 8.893121815078962e-07 0.00010428637634201227 0.00013108298423234794 0.00010003096721318166 2.965457298991185e-05 0.00266294739309962 7.228352222058644e-06 0.0006533486765561547 9.836665866763496e-07 1.2712316056273914e-05 1.5789852972639867e-06 8.83182884080997e-06 2.4990430791751104e-05 0.00420890719369463 0.0004991482482622072 0.0013703989562935967 9.018818573870872e-07 9.24380616442694e-07
76 8.16653540858525e-07 8.409983636014656e-07 8.146242542462744e-07 4.5165329548926475e-07 8.007803940869387e-07 0.06358343865785034 8.758736547480931e-07 0.4331061247257329 8.195071764959228e-07 0.04298376732956091 0.0003648483036791398 0.2169819638053229 8.893121815078962e-07 0.00010428637634201227 0.00013108298423234794 0.00010003096721318166 2.965457298991185e-05 0.00266294739309962 7.228352222058644e-06 0.0006533486765561547 9.836665866763496e-07 1.2712316056273914e-05 1.5789852972639867e-06 8.83182884080997e-06 2.4990430791751104e-05 0.00420890719369463 0.0004991482482622072 0.0013703989562935967 9.018818573870872e-07 9.24380616442694e-07
77 8.16653540858525e-07 8.409983636014656e-07 8.146242542462744e-07 4.5165329548926475e-07 8.007803940869387e-07 0.06358343865785034 8.758736547480931e-07 0.4331061247257329 8.195071764959228e-07 0.04298376732956091 0.0003648483036791398 0.2169819638053229 8.893121815078962e-07 0.00010428637634201227 0.00013108298423234794 0.00010003096721318166 2.965457298991185e-05 0.00266294739309962 7.228352222058644e-06 0.0006533486765561547 9.836665866763496e-07 1.2712316056273914e-05 1.5789852972639867e-06 8.83182884080997e-06 2.4990430791751104e-05 0.00420890719369463 0.0004991482482622072 0.0013703989562935967 9.018818573870872e-07 9.24380616442694e-07
78 8.16653540858525e-07 8.409983636014656e-07 8.146242542462744e-07 4.5165329548926475e-07 8.007803940869387e-07 0.06358343865785034 8.758736547480931e-07 0.4331061247257329 8.195071764959228e-07 0.04298376732956091 0.0003648483036791398 0.2169819638053229 8.893121815078962e-07 0.00010428637634201227 0.00013108298423234794 0.00010003096721318166 2.965457298991185e-05 0.00266294739309962 7.228352222058644e-06 0.0006533486765561547 9.836665866763496e-07 1.2712316056273914e-05 1.5789852972639867e-06 8.83182884080997e-06 2.4990430791751104e-05 0.00420890719369463 0.0004991482482622072 0.0013703989562935967 9.018818573870872e-07 9.24380616442694e-07
79 8.16653540858525e-07 8.409983636014656e-07 8.146242542462744e-07 4.5165329548926475e-07 8.007803940869387e-07 0.06358343865785034 8.758736547480931e-07 0.4331061247257329 8.195071764959228e-07 0.04298376732956091 0.0003648483036791398 0.2169819638053229 8.893121815078962e-07 0.00010428637634201227 0.00013108298423234794 0.00010003096721318166 2.965457298991185e-05 0.00266294739309962 7.228352222058644e-06 0.0006533486765561547 9.836665866763496e-07 1.2712316056273914e-05 1.5789852972639867e-06 8.83182884080997e-06 2.4990430791751104e-05 0.00420890719369463 0.0004991482482622072 0.0013703989562935967 9.018818573870872e-07 9.24380616442694e-07
80 8.16653540858525e-07 8.409983636014656e-07 8.146242542462744e-07 4.5165329548926475e-07 8.007803940869387e-07 0.06358343865785034 8.758736547480931e-07 0.4331061247257329 8.195071764959228e-07 0.04298376732956091 0.0003648483036791398 0.2169819638053229 8.893121815078962e-07 0.00010428637634201227 0.00013108298423234794 0.00010003096721318166 2.965457298991185e-05 0.00266294739309962 7.228352222058644e-06 0.0006533486765561547 9.836665866763496e-07 1.2712316056273914e-05 1.5789852972639867e-06 8.83182884080997e-06 2.4990430791751104e-05 0.00420890719369463 0.0004991482482622072 0.0013703989562935967 9.018818573870872e-07 9.24380616442694e-07
81 8.16653540858525e-07 8.409983636014656e-07 8.146242542462744e-07 4.5165329548926475e-07 8.007803940869387e-07 0.06358343865785034 8.758736547480931e-07 0.4331061247257329 8.195071764959228e-07 0.04298376732956091 0.0003648483036791398 0.2169819638053229 8.893121815078962e-07 0.00010428637634201227 0.00013108298423234794 0.00010003096721318166 2.965457298991185e-05 0.00266294739309962 7.228352222058644e-06 0.0006533486765561547 9.836665866763496e-07 1.2712316056273914e-05 1.5789852972639867e-06 8.83182884080997e-06 2.4990430791751104e-05 0.00420890719369463 0.0004991482482622072 0.0013703989562935967 9.018818573870872e-07 9.24380616442694e-07
82 8.16653540858525e-07 8.409983636014656e-07 8.146242542462744e-07 4.5165329548926475e-07 8.007803940869387e-07 0.06358343865785034 8.758736547480931e-07 0.4331061247257329 8.195071764959228e-07 0.04298376732956091 0.0003648483036791398 0.2169819638053229 8.893121815078962e-07 0.00010428637634201227 0.00013108298423234794 0.00010003096721318166 2.965457298991185e-05 0.00266294739309962 7.228352222058644e-06 0.0006533486765561547 9.836665866763496e-07 1.2712316056273914e-05 1.5789852972639867e-06 8.83182884080997e-06 2.4990430791751104e-05 0.00420890719369463 0.0004991482482622072 0.0013703989562935967 9.018818573870872e-07 9.24380616442694e-07
83 8.16653540858525e-07 8.409983636014656e-07 8.146242542462744e-07 4.5165329548926475e-07 8.007803940869387e-07 0.06358343865785034 8.758736547480931e-07 0.4331061247257329 8.195071764959228e-07 0.04298376732956091 0.0003648483036791398 0.2169819638053229 8.893121815078962e-07 0.00010428637634201227 0.00013108298423234794 0.00010003096721318166 2.965457298991185e-05 0.00266294739309962 7.228352222058644e-06 0.0006533486765561547 9.836665866763496e-07 1.2712316056273914e-05 1.5789852972639867e-06 8.83182884080997e-06 2.4990430791751104e-05 0.00420890719369463 0.0004991482482622072 0.0013703989562935967 9.018818573870872e-07 9.24380616442694e-07
84 8.16653540858525e-07 8.409983636014656e-07 8.146242542462744e-07 4.5165329548926475e-07 8.007803940869387e-07 0.06358343865785034 8.758736547480931e-07 0.4331061247257329 8.195071764959228e-07 0.04298376732956091 0.0003648483036791398 0.2169819638053229 8.893121815078962e-07 0.00010428637634201227 0.00013108298423234794 0.00010003096721318166 2.965457298991185e-05 0.00266294739309962 7.228352222058644e-06 0.0006533486765561547 9.836665866763496e-07 1.2712316056273914e-05 1.5789852972639867e-06 8.83182884080997e-06 2.4990430791751104e-05 0.00420890719369463 0.0004991482482622072 0.0013703989562935967 9.018818573870872e-07 9.24380616442694e-07
85 8.16653540858525e-07 8.409983636014656e-07 8.146242542462744e-07 4.5165329548926475e-07 8.007803940869387e-07 0.06358343865785034 8.758736547480931e-07 0.4331061247257329 8.195071764959228e-07 0.04298376732956091 0.0003648483036791398 0.2169819638053229 8.893121815078962e-07 0.00010428637634201227 0.00013108298423234794 0.00010003096721318166 2.965457298991185e-05 0.00266294739309962 7.228352222058644e-06 0.0006533486765561547 9.836665866763496e-07 1.2712316056273914e-05 1.5789852972639867e-06 8.83182884080997e-06 2.4990430791751104e-05 0.00420890719369463 0.0004991482482622072 0.0013703989562935967 9.018818573870872e-07 9.24380616442694e-07
86 8.16653540858525e-07 8.409983636014656e-07 8.146242542462744e-07 4.5165329548926475e-07 8.007803940869387e-07 0.06358343865785034 8.758736547480931e-07 0.4331061247257329 8.195071764959228e-07 0.04298376732956091 0.0003648483036791398 0.2169819638053229 8.893121815078962e-07 0.00010428637634201227 0.00013108298423234794 0.00010003096721318166 2.965457298991185e-05 0.00266294739309962 7.228352222058644e-06 0.0006533486765561547 9.836665866763496e-07 1.2712316056273914e-05 1.5789852972639867e-06 8.83182884080997e-06 2.4990430791751104e-05 0.00420890719369463 0.0004991482482622072 0.0013703989562935967 9.018818573870872e-07 9.24380616442694e-07
87 8.16653540858525e-07 8.409983636014656e-07 8.146242542462744e-07 4.5165329548926475e-07 8.007803940869387e-07 0.06358343865785034 8.758736547480931e-07 0.4331061247257329 8.195071764959228e-07 0.04298376732956091 0.0003648483036791398 0.2169819638053229 8.893121815078962e-07 0.00010428637634201227 0.00013108298423234794 0.00010003096721318166 2.965457298991185e-05 0.00266294739309962 7.228352222058644e-06 0.0006533486765561547 9.836665866763496e-07 1.2712316056273914e-05 1.5789852972639867e-06 8.83182884080997e-06 2.4990430791751104e-05 0.00420890719369463 0.0004991482482622072 0.0013703989562935967 9.018818573870872e-07 9.24380616442694e-07
88 8.16653540858525e-07 8.409983636014656e-07 8.146242542462744e-07 4.5165329548926475e-07 8.007803940869387e-07 0.06358343865785034 8.758736547480931e-07 0.4331061247257329 8.195071764959228e-07 0.04298376732956091 0.0003648483036791398 0.2169819638053229 8.893121815078962e-07 0.00010428637634201227 0.00013108298423234794 0.00010003096721318166 2.965457298991185e-05 0.00266294739309962 7.228352222058644e-06 0.0006533486765561547 9.836665866763496e-07 1.2712316056273914e-05 1.5789852972639867e-06 8.83182884080997e-06 2.4990430791751104e-05 0.00420890719369463 0.0004991482482622072 0.0013703989562935967 9.018818573870872e-07 9.24380616442694e-07
89 8.16653540858525e-07 8.409983636014656e-07 8.146242542462744e-07 4.5165329548926475e-07 8.007803940869387e-07 0.06358343865785034 8.758736547480931e-07 0.4331061247257329 8.195071764959228e-07 0.04298376732956091 0.0003648483036791398 0.2169819638053229 8.893121815078962e-07 0.00010428637634201227 0.00013108298423234794 0.00010003096721318166 2.965457298991185e-05 0.00266294739309962 7.228352222058644e-06 0.0006533486765561547 9.836665866763496e-07 1.2712316056273914e-05 1.5789852972639867e-06 8.83182884080997e-06 2.4990430791751104e-05 0.00420890719369463 0.0004991482482622072 0.0013703989562935967 9.018818573870872e-07 9.24380616442694e-07
90 8.16653540858525e-07 8.409983636014656e-07 8.146242542462744e-07 4.5165329548926475e-07 8.007803940869387e-07 0.06358343865785034 8.758736547480931e-07 0.4331061247257329 8.195071764959228e-07 0.04298376732956091 0.0003648483036791398 0.2169819638053229 8.893121815078962e-07 0.00010428637634201227 0.00013108298423234794 0.00010003096721318166 2.965457298991185e-05 0.00266294739309962 7.228352222058644e-06 0.0006533486765561547 9.836665866763496e-07 1.2712316056273914e-05 1.5789852972639867e-06 8.83182884080997e-06 2.4990430791751104e-05 0.00420890719369463 0.0004991482482622072 0.0013703989562935967 9.018818573870872e-07 9.24380616442694e-07
91 8.16653540858525e-07 8.409983636014656e-07 8.146242542462744e-07 4.5165329548926475e-07 8.007803940869387e-07 0.06358343865785034 8.758736547480931e-07 0.4331061247257329 8.195071764959228e-07 0.04298376732956091 0.0003648483036791398 0.2169819638053229 8.893121815078962e-07 0.00010428637634201227 0.00013108298423234794 0.00010003096721318166 2.965457298991185e-05 0.00266294739309962 7.228352222058644e-06 0.0006533486765561547 9.836665866763496e-07 1.2712316056273914e-05 1.5789852972639867e-06 8.83182884080997e-06 2.4990430791751104e-05 0.00420890719369463 0.0004991482482622072 0.0013703989562935967 9.018818573870872e-07 9.24380616442694e-07
92 8.16653540858525e-07 8.409983636014656e-07 8.146242542462744e-07 4.5165329548926475e-07 8.007803940869387e-07 0.06358343865785034 8.758736547480931e-07 0.4331061247257329 8.195071764959228e-07 0.04298376732956091 0.0003648483036791398 0.2169819638053229 8.893121815078962e-07 0.00010428637634201227 0.00013108298423234794 0.00010003096721318166 2.965457298991185e-05 0.00266294739309962 7.228352222058644e-06 0.0006533486765561547 9.836665866763496e-07 1.2712316056273914e-05 1.5789852972639867e-06 8.83182884080997e-06 2.4990430791751104e-05 0.00420890719369463 0.0004991482482622072 0.0013703989562935967 9.018818573870872e-07 9.24380616442694e-07
93 8.16653540858525e-07 8.409983636014656e-07 8.146242542462744e-07 4.5165329548926475e-07 8.007803940869387e-07 0.06358343865785034 8.758736547480931e-07 0.4331061247257329 8.195071764959228e-07 0.04298376732956091 0.0003648483036791398 0.2169819638053229 8.893121815078962e-07 0.00010428637634201227 0.00013108298423234794 0.00010003096721318166 2.965457298991185e-05 0.00266294739309962 7.228352222058644e-06 0.0006533486765561547 9.836665866763496e-07 1.2712316056273914e-05 1.5789852972639867e-06 8.83182884080997e-06 2.4990430791751104e-05 0.00420890719369463 0.0004991482482622072 0.0013703989562935967 9.018818573870872e-07 9.24380616442694e-07
94 8.16653540858525e-07 8.409983636014656e-07 8.146242542462744e-07 4.5165329548926475e-07 8.007803940869387e-07 0.06358343865785034 8.758736547480931e-07 0.4331061247257329 8.195071764959228e-07 0.04298376732956091 0.0003648483036791398 0.2169819638053229 8.893121815078962e-07 0.00010428637634201227 0.00013108298423234794 0.00010003096721318166 2.965457298991185e-05 0.00266294739309962 7.228352222058644e-06 0.0006533486765561547 9.836665866763496e-07 1.2712316056273914e-05 1.5789852972639867e-06 8.83182884080997e-06 2.4990430791751104e-05 0.00420890719369463 0.0004991482482622072 0.0013703989562935967 9.018818573870872e-07 9.24380616442694e-07
95 8.16653540858525e-07 8.409983636014656e-07 8.146242542462744e-07 4.5165329548926475e-07 8.007803940869387e-07 0.06358343865785034 8.758736547480931e-07 0.4331061247257329 8.195071764959228e-07 0.04298376732956091 0.0003648483036791398 0.2169819638053229 8.893121815078962e-07 0.00010428637634201227 0.00013108298423234794 0.00010003096721318166 2.965457298991185e-05 0.00266294739309962 7.228352222058644e-06 0.0006533486765561547 9.836665866763496e-07 1.2712316056273914e-05 1.5789852972639867e-06 8.83182884080997e-06 2.4990430791751104e-05 0.00420890719369463 0.0004991482482622072 0.0013703989562935967 9.018818573870872e-07 9.24380616442694e-07
96 8.16653540858525e-07 8.409983636014656e-07 8.146242542462744e-07 4.5165329548926475e-07 8.007803940869387e-07 0.06358343865785034 8.758736547480931e-07 0.4331061247257329 8.195071764959228e-07 0.04298376732956091 0.0003648483036791398 0.2169819638053229 8.893121815078962e-07 0.00010428637634201227 0.00013108298423234794 0.00010003096721318166 2.965457298991185e-05 0.00266294739309962 7.228352222058644e-06 0.0006533486765561547 9.836665866763496e-07 1.2712316056273914e-05 1.5789852972639867e-06 8.83182884080997e-06 2.4990430791751104e-05 0.00420890719369463 0.0004991482482622072 0.0013703989562935967 9.018818573870872e-07 9.24380616442694e-07
97 8.16653540858525e-07 8.409983636014656e-07 8.146242542462744e-07 4.5165329548926475e-07 8.007803940869387e-07 0.06358343865785034 8.758736547480931e-07 0.4331061247257329 8.195071764959228e-07 0.04298376732956091 0.0003648483036791398 0.2169819638053229 8.893121815078962e-07 0.00010428637634201227 0.00013108298423234794 0.00010003096721318166 2.965457298991185e-05 0.00266294739309962 7.228352222058644e-06 0.0006533486765561547 9.836665866763496e-07 1.2712316056273914e-05 1.5789852972639867e-06 8.83182884080997e-06 2.4990430791751104e-05 0.00420890719369463 0.0004991482482622072 0.0013703989562935967 9.018818573870872e-07 9.24380616442694e-07
98 8.16653540858525e-07 8.409983636014656e-07 8.146242542462744e-07 4.5165329548926475e-07 8.007803940869387e-07 0.06358343865785034 8.758736547480931e-07 0.4331061247257329 8.195071764959228e-07 0.04298376732956091 0.0003648483036791398 0.2169819638053229 8.893121815078962e-07 0.00010428637634201227 0.00013108298423234794 0.00010003096721318166 2.965457298991185e-05 0.00266294739309962 7.228352222058644e-06 0.0006533486765561547 9.836665866763496e-07 1.2712316056273914e-05 1.5789852972639867e-06 8.83182884080997e-06 2.4990430791751104e-05 0.00420890719369463 0.0004991482482622072 0.0013703989562935967 9.018818573870872e-07 9.24380616442694e-07
99 8.16653540858525e-07 8.409983636014656e-07 8.146242542462744e-07 4.5165329548926475e-07 8.007803940869387e-07 0.06358343865785034 8.758736547480931e-07 0.4331061247257329 8.195071764959228e-07 0.04298376732956091 0.0003648483036791398 0.2169819638053229 8.893121815078962e-07 0.00010428637634201227 0.00013108298423234794 0.00010003096721318166 2.965457298991185e-05 0.00266294739309962 7.228352222058644e-06 0.0006533486765561547 9.836665866763496e-07 1.2712316056273914e-05 1.5789852972639867e-06 8.83182884080997e-06 2.4990430791751104e-05 0.00420890719369463 0.0004991482482622072 0.0013703989562935967 9.018818573870872e-07 9.24380616442694e-07
100 8.16653540858525e-07 8.409983636014656e-07 8.146242542462744e-07 4.5165329548926475e-07 8.007803940869387e-07 0.06358343865785034 8.758736547480931e-07 0.4331061247257329 8.195071764959228e-07 0.04298376732956091 0.0003648483036791398 0.2169819638053229 8.893121815078962e-07 0.00010428637634201227 0.00013108298423234794 0.00010003096721318166 2.965457298991185e-05 0.00266294739309962 7.228352222058644e-06 0.0006533486765561547 9.836665866763496e-07 1.2712316056273914e-05 1.5789852972639867e-06 8.83182884080997e-06 2.4990430791751104e-05 0.00420890719369463 0.0004991482482622072 0.0013703989562935967 9.018818573870872e-07 9.24380616442694e-07
101 8.16653540858525e-07 8.409983636014656e-07 8.146242542462744e-07 4.5165329548926475e-07 8.007803940869387e-07 0.06358343865785034 8.758736547480931e-07 0.4331061247257329 8.195071764959228e-07 0.04298376732956091 0.0003648483036791398 0.2169819638053229 8.893121815078962e-07 0.00010428637634201227 0.00013108298423234794 0.00010003096721318166 2.965457298991185e-05 0.00266294739309962 7.228352222058644e-06 0.0006533486765561547 9.836665866763496e-07 1.2712316056273914e-05 1.5789852972639867e-06 8.83182884080997e-06 2.4990430791751104e-05 0.00420890719369463 0.0004991482482622072 0.0013703989562935967 9.018818573870872e-07 9.24380616442694e-07
102 8.16653540858525e-07 8.409983636014656e-07 8.146242542462744e-07 4.5165329548926475e-07 8.007803940869387e-07 0.06358343865785034 8.758736547480931e-07 0.4331061247257329 8.195071764959228e-07 0.04298376732956091 0.0003648483036791398 0.2169819638053229 8.893121815078962e-07 0.00010428637634201227 0.00013108298423234794 0.00010003096721318166 2.965457298991185e-05 0.00266294739309962 7.228352222058644e-06 0.0006533486765561547 9.836665866763496e-07 1.2712316056273914e-05 1.5789852972639867e-06 8.83182884080997e-06 2.4990430791751104e-05 0.00420890719369463 0.0004991482482622072 0.0013703989562935967 9.018818573870872e-07 9.24380616442694e-07
103 8.16653540858525e-07 8.409983636014656e-07 8.146242542462744e-07 4.5165329548926475e-07 8.007803940869387e-07 0.06358343865785034 8.758736547480931e-07 0.4331061247257329 8.195071764959228e-07 0.04298376732956091 0.0003648483036791398 0.2169819638053229 8.893121815078962e-07 0.00010428637634201227 0.00013108298423234794 0.00010003096721318166 2.965457298991185e-05 0.00266294739309962 7.228352222058644e-06 0.0006533486765561547 9.836665866763496e-07 1.2712316056273914e-05 1.5789852972639867e-06 8.83182884080997e-06 2.4990430791751104e-05 0.00420890719369463 0.0004991482482622072 0.0013703989562935967 9.018818573870872e-07 9.24380616442694e-07
104 8.16653540858525e-07 8.409983636014656e-07 8.146242542462744e-07 4.5165329548926475e-07 8.007803940869387e-07 0.06358343865785034 8.758736547480931e-07 0.4331061247257329 8.195071764959228e-07 0.04298376732956091 0.0003648483036791398 0.2169819638053229 8.893121815078962e-07 0.00010428637634201227 0.00013108298423234794 0.00010003096721318166 2.965457298991185e-05 0.00266294739309962 7.228352222058644e-06 0.0006533486765561547 9.836665866763496e-07 1.2712316056273914e-05 1.5789852972639867e-06 8.83182884080997e-06 2.4990430791751104e-05 0.00420890719369463 0.0004991482482622072 0.0013703989562935967 9.018818573870872e-07 9.24380616442694e-07
105 8.16653540858525e-07 8.409983636014656e-07 8.146242542462744e-07 4.5165329548926475e-07 8.007803940869387e-07 0.06358343865785034 8.758736547480931e-07 0.4331061247257329 8.195071764959228e-07 0.04298376732956091 0.0003648483036791398 0.2169819638053229 8.893121815078962e-07 0.00010428637634201227 0.00013108298423234794 0.00010003096721318166 2.965457298991185e-05 0.00266294739309962 7.228352222058644e-06 0.0006533486765561547 9.836665866763496e-07 1.2712316056273914e-05 1.5789852972639867e-06 8.83182884080997e-06 2.4990430791751104e-05 0.00420890719369463 0.0004991482482622072 0.0013703989562935967 9.018818573870872e-07 9.24380616442694e-07
106 8.16653540858525e-07 8.409983636014656e-07 8.146242542462744e-07 4.5165329548926475e-07 8.007803940869387e-07 0.06358343865785034 8.758736547480931e-07 0.4331061247257329 8.195071764959228e-07 0.04298376732956091 0.0003648483036791398 0.2169819638053229 8.893121815078962e-07 0.00010428637634201227 0.00013108298423234794 0.00010003096721318166 2.965457298991185e-05 0.00266294739309962 7.228352222058644e-06 0.0006533486765561547 9.836665866763496e-07 1.2712316056273914e-05 1.5789852972639867e-06 8.83182884080997e-06 2.4990430791751104e-05 0.00420890719369463 0.0004991482482622072 0.0013703989562935967 9.018818573870872e-07 9.24380616442694e-07
107 8.16653540858525e-07 8.409983636014656e-07 8.146242542462744e-07 4.5165329548926475e-07 8.007803940869387e-07 0.06358343865785034 8.758736547480931e-07 0.4331061247257329 8.195071764959228e-07 0.04298376732956091 0.0003648483036791398 0.2169819638053229 8.893121815078962e-07 0.00010428637634201227 0.00013108298423234794 0.00010003096721318166 2.965457298991185e-05 0.00266294739309962 7.228352222058644e-06 0.0006533486765561547 9.836665866763496e-07 1.2712316056273914e-05 1.5789852972639867e-06 8.83182884080997e-06 2.4990430791751104e-05 0.00420890719369463 0.0004991482482622072 0.0013703989562935967 9.018818573870872e-07 9.24380616442694e-07
108 8.16653540858525e-07 8.409983636014656e-07 8.146242542462744e-07 4.5165329548926475e-07 8.007803940869387e-07 0.06358343865785034 8.758736547480931e-07 0.4331061247257329 8.195071764959228e-07 0.04298376732956091 0.0003648483036791398 0.2169819638053229 8.893121815078962e-07 0.00010428637634201227 0.00013108298423234794 0.00010003096721318166 2.965457298991185e-05 0.00266294739309962 7.228352222058644e-06 0.0006533486765561547 9.836665866763496e-07 1.2712316056273914e-05 1.5789852972639867e-06 8.83182884080997e-06 2.4990430791751104e-05 0.00420890719369463 0.0004991482482622072 0.0013703989562935967 9.018818573870872e-07 9.24380616442694e-07
