# index Z=1 - Z=30
0 6.828117640165097e-07 0.01178160083781601 6.917150046913178e-07 6.891648462138069e-07 6.960575816787604e-07 1.651771115146717e-06 7.559006151885444e-07 0.004165387128821491 7.026542482185032e-07 7.716242579833318e-07 6.995504960895973e-07 8.165262262853012e-05 7.210881481760455e-07 0.025640443525851944 1.9903161266728598e-06 8.02598931307769e-05 9.272848276040681e-07 0.00765118149711789 1.0372875883113512e-06 0.01631590614470565 6.96163819434798e-07 0.00012728195746875614 0.00028212455277208144 2.0313423683602298e-05 0.006743399347054577 0.2284057070239111 0.16851578278127516 0.24650381750385245 6.793651307542328e-07 6.993585031518009e-07
1 6.828117640165097e-07 0.01178160083781601 6.917150046913178e-07 6.891648462138069e-07 6.960575816787604e-07 1.651771115146717e-06 7.559006151885444e-07 0.004165387128821491 7.026542482185032e-07 7.716242579833318e-07 6.995504960895973e-07 8.165262262853012e-05 7.210881481760455e-07 0.025640443525851944 1.9903161266728598e-06 8.02598931307769e-05 9.272848276040681e-07 0.00765118149711789 1.0372875883113512e-06 0.01631590614470565 6.96163819434798e-07 0.00012728195746875614 0.00028212455277208144 2.0313423683602298e-05 0.006743399347054577 0.2284057070239111 0.16851578278127516 0.24650381750385245 6.793651307542328e-07 6.993585031518009e-07
2 6.828117640165097e-07 0.01178160083781601 6.917150046913178e-07 6.891648462138069e-07 6.960575816787604e-07 1.651771115146717e-06 7.559006151885444e-07 0.004165387128821491 7.026542482185032e-07 7.716242579833318e-07 6.995504960895973e-07 8.165262262853012e-05 7.210881481760455e-07 0.025640443525851944 1.9903161266728598e-06 8.02598931307769e-05 9.272848276040681e-07 0.00765118149711789 1.0372875883113512e-06 0.01631590614470565 6.96163819434798e-07 0.00012728195746875614 0.00028212455277208144 2.0313423683602298e-05 0.006743399347054577 0.2284057070239111 0.16851578278127516 0.24650381750385245 6.793651307542328e-07 6.993585031518009e-07
3 6.828117640165097e-07 0.01178160083781601 6.917150046913178e-07 6.891648462138069e-07 6.960575816787604e-07 1.651771115146717e-06 7.559006151885444e-07 0.004165387128821491 7.026542482185032e-07 7.716242579833318e-07 6.995504960895973e-07 8.165262262853012e-05 7.210881481760455e-07 0.025640443525851944 1.9903161266728598e-06 8.02598931307769e-05 9.272848276040681e-07 0.00765118149711789 1.0372875883113512e-06 0.01631590614470565 6.96163819434798e-07 0.00012728195746875614 0.00028212455277208144 2.0313423683602298e-05 0.006743399347054577 0.2284057070239111 0.16851578278127516 0.24650381750385245 6.793651307542328e-07 6.993585031518009e-07
4 6.828117640165097e-07 0.01178160083781601 6.917150046913178e-07 6.891648462138069e-07 6.960575816787604e-07 1.651771115146717e-06 7.559006151885444e-07 0.004165387128821491 7.026542482185032e-07 7.716242579833318e-07 6.995504960895973e-07 8.165262262853012e-05 7.210881481760455e-07 0.025640443525851944 1.9903161266728598e-06 8.02598931307769e-05 9.272848276040681e-07 0.00765118149711789 1.0372875883113512e-06 0.01631590614470565 6.96163819434798e-07 0.00012728195746875614 0.00028212455277208144 2.0313423683602298e-05 0.006743399347054577 0.2284057070239111 0.16851578278127516 0.24650381750385245 6.793651307542328e-07 6.993585031518009e-07
5 6.828117640165097e-07 0.01178160083781601 6.917150046913178e-07 6.891648462138069e-07 6.960575816787604e-07 1.651771115146717e-06 7.559006151885444e-07 0.004165387128821491 7.026542482185032e-07 7.716242579833318e-07 6.995504960895973e-07 8.165262262853012e-05 7.210881481760455e-07 0.025640443525851944 1.9903161266728598e-06 8.02598931307769e-05 9.272848276040681e-07 0.00765118149711789 1.0372875883113512e-06 0.01631590614470565 6.96163819434798e-07 0.00012728195746875614 0.00028212455277208144 2.0313423683602298e-05 0.006743399347054577 0.2284057070239111 0.16851578278127516 0.24650381750385245 6.793651307542328e-07 6.993585031518009e-07
6 6.828117640165097e-07 0.01178160083781601 6.917150046913178e-07 6.891648462138069e-07 6.960575816787604e-07 1.651771115146717e-06 7.559006151885444e-07 0.004165387128821491 7.026542482185032e-07 7.716242579833318e-07 6.995504960895973e-07 8.165262262853012e-05 7.210881481760455e-07 0.025640443525851944 1.9903161266728598e-06 8.02598931307769e-05 9.272848276040681e-07 0.00765118149711789 1.0372875883113512e-06 0.01631590614470565 6.96163819434798e-07 0.00012728195746875614 0.00028212455277208144 2.0313423683602298e-05 0.006743399347054577 0.2284057070239111 0.16851578278127516 0.24650381750385245 6.793651307542328e-07 6.993585031518009e-07
7 6.828117640165097e-07 0.01178160083781601 6.917150046913178e-07 6.891648462138069e-07 6.960575816787604e-07 1.651771115146717e-06 7.559006151885444e-07 0.004165387128821491 7.026542482185032e-07 7.716242579833318e-07 6.995504960895973e-07 8.165262262853012e-05 7.210881481760455e-07 0.025640443525851944 1.9903161266728598e-06 8.02598931307769e-05 9.272848276040681e-07 0.00765118149711789 1.0372875883113512e-06 0.01631590614470565 6.96163819434798e-07 0.00012728195746875614 0.00028212455277208144 2.0313423683602298e-05 0.006743399347054577 0.2284057070239111 0.16851578278127516 0.24650381750385245 6.793651307542328e-07 6.993585031518009e-07
8 6.828117640165097e-07 0.01178160083781601 6.917150046913178e-07 6.891648462138069e-07 6.960575816787604e-07 1.651771115146717e-06 7.559006151885444e-07 0.004165387128821491 7.026542482185032e-07 7.716242579833318e-07 6.995504960895973e-07 8.165262262853012e-05 7.210881481760455e-07 0.025640443525851944 1.9903161266728598e-06 8.02598931307769e-05 9.272848276040681e-07 0.00765118149711789 1.0372875883113512e-06 0.01631590614470565 6.96163819434798e-07 0.00012728195746875614 0.00028212455277208144 2.0313423683602298e-05 0.006743399347054577 0.2284057070239111 0.16851578278127516 0.24650381750385245 6.793651307542328e-07 6.993585031518009e-07
9 6.828117640165097e-07 0.01178160083781601 6.917150046913178e-07 6.891648462138069e-07 6.960575816787604e-07 1.651771115146717e-06 7.559006151885444e-07 0.004165387128821491 7.026542482185032e-07 7.716242579833318e-07 6.995504960895973e-07 8.165262262853012e-05 7.210881481760455e-07 0.025640443525851944 1.9903161266728598e-06 8.02598931307769e-05 9.272848276040681e-07 0.00765118149711789 1.0372875883113512e-06 0.01631590614470565 6.96163819434798e-07 0.00012728195746875614 0.00028212455277208144 2.0313423683602298e-05 0.006743399347054577 0.2284057070239111 0.16851578278127516 0.24650381750385245 6.793651307542328e-07 6.993585031518009e-07
10 6.828117640165097e-07 0.01178160083781601 6.917150046913178e-07 6.891648462138069e-07 6.960575816787604e-07 1.651771115146717e-06 7.559006151885444e-07 0.004165387128821491 7.026542482185032e-07 7.716242579833318e-07 6.995504960895973e-07 8.165262262853012e-05 7.210881481760455e-07 0.025640443525851944 1.9903161266728598e-06 8.02598931307769e-05 9.272848276040681e-07 0.00765118149711789 1.0372875883113512e-06 0.01631590614470565 6.96163819434798e-07 0.00012728195746875614 0.00028212455277208144 2.0313423683602298e-05 0.006743399347054577 0.2284057070239111 0.16851578278127516 0.24650381750385245 6.793651307542328e-07 6.993585031518009e-07
11 6.828117640165097e-07 0.01178160083781601 6.917150046913178e-07 6.891648462138069e-07 6.960575816787604e-07 1.651771115146717e-06 7.559006151885444e-07 0.004165387128821491 7.026542482185032e-07 7.716242579833318e-07 6.995504960895973e-07 8.165262262853012e-05 7.210881481760455e-07 0.025640443525851944 1.9903161266728598e-06 8.02598931307769e-05 9.272848276040681e-07 0.00765118149711789 1.0372875883113512e-06 0.01631590614470565 6.96163819434798e-07 0.00012728195746875614 0.00028212455277208144 2.0313423683602298e-05 0.006743399347054577 0.2284057070239111 0.16851578278127516 0.24650381750385245 6.793651307542328e-07 6.993585031518009e-07
12 4.478918034234653e-07 0.0021660944286934327 5.039006219684839e-07 4.6936654038342076e-07 4.938270842483558e-07 9.295876151043651e-07 5.155912587747254e-07 0.003172672660866183 5.132608226407686e-07 5.0566306945545e-07 5.113848571271449e-07 0.0011066679049024713 4.4927728090271725e-07 0.009635178781856359 3.6621566342377015e-06 0.0004109805491205718 1.2207373657270598e-06 0.007717894818402417 9.516295982014819e-07 0.01807795657005987 4.623083889651575e-07 7.220903756347331e-05 0.0004054453549122995 1.3632241172621671e-05 0.012026976032482428 0.10322359600809636 0.12096179355313044 0.5519929040000137 5.234502459173824e-07 4.880171425043563e-07
13 4.478918034234653e-07 0.0021660944286934327 5.039006219684839e-07 4.6936654038342076e-07 4.938270842483558e-07 9.295876151043651e-07 5.155912587747254e-07 0.003172672660866183 5.132608226407686e-07 5.0566306945545e-07 5.113848571271449e-07 0.0011066679049024713 4.4927728090271725e-07 0.009635178781856359 3.6621566342377015e-06 0.0004109805491205718 1.2207373657270598e-06 0.007717894818402417 9.516295982014819e-07 0.01807795657005987 4.623083889651575e-07 7.220903756347331e-05 0.0004054453549122995 1.3632241172621671e-05 0.012026976032482428 0.10322359600809636 0.12096179355313044 0.5519929040000137 5.234502459173824e-07 4.880171425043563e-07
14 4.478918034234653e-07 0.0021660944286934327 5.039006219684839e-07 4.6936654038342076e-07 4.938270842483558e-07 9.295876151043651e-07 5.155912587747254e-07 0.003172672660866183 5.132608226407686e-07 5.0566306945545e-07 5.113848571271449e-07 0.0011066679049024713 4.4927728090271725e-07 0.009635178781856359 3.6621566342377015e-06 0.0004109805491205718 1.2207373657270598e-06 0.007717894818402417 9.516295982014819e-07 0.01807795657005987 4.623083889651575e-07 7.220903756347331e-05 0.0004054453549122995 1.3632241172621671e-05 0.012026976032482428 0.10322359600809636 0.12096179355313044 0.5519929040000137 5.234502459173824e-07 4.880171425043563e-07
15 4.478918034234653e-07 0.0021660944286934327 5.039006219684839e-07 4.6936654038342076e-07 4.938270842483558e-07 9.295876151043651e-07 5.155912587747254e-07 0.003172672660866183 5.132608226407686e-07 5.0566306945545e-07 5.113848571271449e-07 0.0011066679049024713 4.4927728090271725e-07 0.009635178781856359 3.6621566342377015e-06 0.0004109805491205718 1.2207373657270598e-06 0.007717894818402417 9.516295982014819e-07 0.01807795657005987 4.623083889651575e-07 7.220903756347331e-05 0.0004054453549122995 1.3632241172621671e-05 0.012026976032482428 0.10322359600809636 0.12096179355313044 0.5519929040000137 5.234502459173824e-07 4.880171425043563e-07
16 4.478918034234653e-07 0.0021660944286934327 5.039006219684839e-07 4.6936654038342076e-07 4.938270842483558e-07 9.295876151043651e-07 5.155912587747254e-07 0.003172672660866183 5.132608226407686e-07 5.0566306945545e-07 5.113848571271449e-07 0.0011066679049024713 4.4927728090271725e-07 0.009635178781856359 3.6621566342377015e-06 0.0004109805491205718 1.2207373657270598e-06 0.007717894818402417 9.516295982014819e-07 0.01807795657005987 4.623083889651575e-07 7.220903756347331e-05 0.0004054453549122995 1.3632241172621671e-05 0.012026976032482428 0.10322359600809636 0.12096179355313044 0.5519929040000137 5.234502459173824e-07 4.880171425043563e-07
17 4.478918034234653e-07 0.0021660944286934327 5.039006219684839e-07 4.6936654038342076e-07 4.938270842483558e-07 9.295876151043651e-07 5.155912587747254e-07 0.003172672660866183 5.132608226407686e-07 5.0566306945545e-07 5.113848571271449e-07 0.0011066679049024713 4.4927728090271725e-07 0.009635178781856359 3.6621566342377015e-06 0.0004109805491205718 1.2207373657270598e-06 0.007717894818402417 9.516295982014819e-07 0.01807795657005987 4.623083889651575e-07 7.220903756347331e-05 0.0004054453549122995 1.3632241172621671e-05 0.012026976032482428 0.10322359600809636 0.12096179355313044 0.5519929040000137 5.234502459173824e-07 4.880171425043563e-07
18 4.478918034234653e-07 0.0021660944286934327 5.039006219684839e-07 4.6936654038342076e-07 4.938270842483558e-07 9.295876151043651e-07 5.155912587747254e-07 0.003172672660866183 5.132608226407686e-07 5.0566306945545e-07 5.113848571271449e-07 0.0011066679049024713 4.4927728090271725e-07 0.009635178781856359 3.6621566342377015e-06 0.0004109805491205718 1.2207373657270598e-06 0.007717894818402417 9.516295982014819e-07 0.01807795657005987 4.623083889651575e-07 7.220903756347331e-05 0.0004054453549122995 1.3632241172621671e-05 0.012026976032482428 0.10322359600809636 0.12096179355313044 0.5519929040000137 5.234502459173824e-07 4.880171425043563e-07
19 4.478918034234653e-07 0.0021660944286934327 5.039006219684839e-07 4.6936654038342076e-07 4.938270842483558e-07 9.295876151043651e-07 5.155912587747254e-07 0.003172672660866183 5.132608226407686e-07 5.0566306945545e-07 5.113848571271449e-07 0.0011066679049024713 4.4927728090271725e-07 0.009635178781856359 3.6621566342377015e-06 0.0004109805491205718 1.2207373657270598e-06 0.007717894818402417 9.516295982014819e-07 0.01807795657005987 4.623083889651575e-07 7.220903756347331e-05 0.0004054453549122995 1.3632241172621671e-05 0.012026976032482428 0.10322359600809636 0.12096179355313044 0.5519929040000137 5.234502459173824e-07 4.880171425043563e-07
20 4.478918034234653e-07 0.0021660944286934327 5.039006219684839e-07 4.6936654038342076e-07 4.938270842483558e-07 9.295876151043651e-07 5.155912587747254e-07 0.003172672660866183 5.132608226407686e-07 5.0566306945545e-07 5.113848571271449e-07 0.0011066679049024713 4.4927728090271725e-07 0.009635178781856359 3.6621566342377015e-06 0.0004109805491205718 1.2207373657270598e-06 0.007717894818402417 9.516295982014819e-07 0.01807795657005987 4.623083889651575e-07 7.220903756347331e-05 0.0004054453549122995 1.3632241172621671e-05 0.012026976032482428 0.10322359600809636 0.12096179355313044 0.5519929040000137 5.234502459173824e-07 4.880171425043563e-07
21 4.478918034234653e-07 0.0021660944286934327 5.039006219684839e-07 4.6936654038342076e-07 4.938270842483558e-07 9.295876151043651e-07 5.155912587747254e-07 0.003172672660866183 5.132608226407686e-07 5.0566306945545e-07 5.113848571271449e-07 0.0011066679049024713 4.4927728090271725e-07 0.009635178781856359 3.6621566342377015e-06 0.0004109805491205718 1.2207373657270598e-06 0.007717894818402417 9.516295982014819e-07 0.01807795657005987 4.623083889651575e-07 7.220903756347331e-05 0.0004054453549122995 1.3632241172621671e-05 0.012026976032482428 0.10322359600809636 0.12096179355313044 0.5519929040000137 5.234502459173824e-07 4.880171425043563e-07
22 3.933006418416959e-07 4.539058004067978e-07 3.805459836138736e-07 3.8426934009448507e-07 4.823560490111636e-07 1.305600760213964e-06 4.741713047540707e-07 0.0020195326697835295 3.673529262819208e-07 5.122373307608306e-07 4.390666403445461e-07 0.14831632315808346 4.943815251581848e-07 0.46213342861607826 6.178703704001674e-06 0.15203093711904367 9.436699746072654e-07 0.017484280573063296 9.045971824467962e-07 0.07393153565762585 3.6133851637478264e-07 7.078484737598003e-05 0.00020751101691370176 3.186514694822643e-05 0.0015452769573052097 0.05053744494781464 0.036354551896293254 0.01025116963755629 3.8520966405413265e-07 4.756328511441201e-07
23 3.933006418416959e-07 4.539058004067978e-07 3.805459836138736e-07 3.8426934009448507e-07 4.823560490111636e-07 1.305600760213964e-06 4.741713047540707e-07 0.0020195326697835295 3.673529262819208e-07 5.122373307608306e-07 4.390666403445461e-07 0.14831632315808346 4.943815251581848e-07 0.46213342861607826 6.178703704001674e-06 0.15203093711904367 9.436699746072654e-07 0.017484280573063296 9.045971824467962e-07 0.07393153565762585 3.6133851637478264e-07 7.078484737598003e-05 0.00020751101691370176 3.186514694822643e-05 0.0015452769573052097 0.05053744494781464 0.036354551896293254 0.01025116963755629 3.8520966405413265e-07 4.756328511441201e-07
24 3.933006418416959e-07 4.539058004067978e-07 3.805459836138736e-07 3.8426934009448507e-07 4.823560490111636e-07 1.305600760213964e-06 4.741713047540707e-07 0.0020195326697835295 3.673529262819208e-07 5.122373307608306e-07 4.390666403445461e-07 0.14831632315808346 4.943815251581848e-07 0.46213342861607826 6.178703704001674e-06 0.15203093711904367 9.436699746072654e-07 0.017484280573063296 9.045971824467962e-07 0.07393153565762585 3.6133851637478264e-07 7.078484737598003e-05 0.00020751101691370176 3.186514694822643e-05 0.0015452769573052097 0.05053744494781464 0.036354551896293254 0.01025116963755629 3.8520966405413265e-07 4.756328511441201e-07
25 3.933006418416959e-07 4.539058004067978e-07 3.805459836138736e-07 3.8426934009448507e-07 4.823560490111636e-07 1.305600760213964e-06 4.741713047540707e-07 0.0020195326697835295 3.673529262819208e-07 5.122373307608306e-07 4.390666403445461e-07 0.14831632315808346 4.943815251581848e-07 0.46213342861607826 6.178703704001674e-06 0.15203093711904367 9.436699746072654e-07 0.017484280573063296 9.045971824467962e-07 0.07393153565762585 3.6133851637478264e-07 7.078484737598003e-05 0.00020751101691370176 3.186514694822643e-05 0.0015452769573052097 0.05053744494781464 0.036354551896293254 0.01025116963755629 3.8520966405413265e-07 4.756328511441201e-07
26 3.933006418416959e-07 4.539058004067978e-07 3.805459836138736e-07 3.8426934009448507e-07 4.823560490111636e-07 1.305600760213964e-06 4.741713047540707e-07 0.0020195326697835295 3.673529262819208e-07 5.122373307608306e-07 4.390666403445461e-07 0.14831632315808346 4.943815251581848e-07 0.46213342861607826 6.178703704001674e-06 0.15203093711904367 9.436699746072654e-07 0.017484280573063296 9.045971824467962e-07 0.07393153565762585 3.6133851637478264e-07 7.078484737598003e-05 0.00020751101691370176 3.186514694822643e-05 0.0015452769573052097 0.05053744494781464 0.036354551896293254 0.01025116963755629 3.8520966405413265e-07 4.756328511441201e-07
27 3.933006418416959e-07 4.539058004067978e-07 3.805459836138736e-07 3.8426934009448507e-07 4.823560490111636e-07 1.305600760213964e-06 4.741713047540707e-07 0.0020195326697835295 3.673529262819208e-07 5.122373307608306e-07 4.390666403445461e-07 0.14831632315808346 4.943815251581848e-07 0.46213342861607826 6.178703704001674e-06 0.15203093711904367 9.436699746072654e-07 0.017484280573063296 9.045971824467962e-07 0.07393153565762585 3.6133851637478264e-07 7.078484737598003e-05 0.00020751101691370176 3.186514694822643e-05 0.0015452769573052097 0.05053744494781464 0.036354551896293254 0.01025116963755629 3.8520966405413265e-07 4.756328511441201e-07
28 3.933006418416959e-07 4.539058004067978e-07 3.805459836138736e-07 3.8426934009448507e-07 4.823560490111636e-07 1.305600760213964e-06 4.741713047540707e-07 0.0020195326697835295 3.673529262819208e-07 5.122373307608306e-07 4.390666403445461e-07 0.14831632315808346 4.943815251581848e-07 0.46213342861607826 6.178703704001674e-06 0.15203093711904367 9.436699746072654e-07 0.017484280573063296 9.045971824467962e-07 0.07393153565762585 3.6133851637478264e-07 7.078484737598003e-05 0.00020751101691370176 3.186514694822643e-05 0.0015452769573052097 0.05053744494781464 0.036354551896293254 0.01025116963755629 3.8520966405413265e-07 4.756328511441201e-07
29 3.933006418416959e-07 4.539058004067978e-07 3.805459836138736e-07 3.8426934009448507e-07 4.823560490111636e-07 1.305600760213964e-06 4.741713047540707e-07 0.0020195326697835295 3.673529262819208e-07 5.122373307608306e-07 4.390666403445461e-07 0.14831632315808346 4.943815251581848e-07 0.46213342861607826 6.178703704001674e-06 0.15203093711904367 9.436699746072654e-07 0.017484280573063296 9.045971824467962e-07 0.07393153565762585 3.6133851637478264e-07 7.078484737598003e-05 0.00020751101691370176 3.186514694822643e-05 0.0015452769573052097 0.05053744494781464 0.036354551896293254 0.01025116963755629 3.8520966405413265e-07 4.756328511441201e-07
30 3.933006418416959e-07 4.539058004067978e-07 3.805459836138736e-07 3.8426934009448507e-07 4.823560490111636e-07 1.305600760213964e-06 4.741713047540707e-07 0.0020195326697835295 3.673529262819208e-07 5.122373307608306e-07 4.390666403445461e-07 0.14831632315808346 4.943815251581848e-07 0.46213342861607826 6.178703704001674e-06 0.15203093711904367 9.436699746072654e-07 0.017484280573063296 9.045971824467962e-07 0.07393153565762585 3.6133851637478264e-07 7.078484737598003e-05 0.00020751101691370176 3.186514694822643e-05 0.0015452769573052097 0.05053744494781464 0.036354551896293254 0.01025116963755629 3.8520966405413265e-07 4.756328511441201e-07
31 3.933006418416959e-07 4.539058004067978e-07 3.805459836138736e-07 3.8426934009448507e-07 4.823560490111636e-07 1.305600760213964e-06 4.741713047540707e-07 0.0020195326697835295 3.673529262819208e-07 5.122373307608306e-07 4.390666403445461e-07 0.14831632315808346 4.943815251581848e-07 0.46213342861607826 6.178703704001674e-06 0.15203093711904367 9.436699746072654e-07 0.017484280573063296 9.045971824467962e-07 0.07393153565762585 3.6133851637478264e-07 7.078484737598003e-05 0.00020751101691370176 3.186514694822643e-05 0.0015452769573052097 0.05053744494781464 0.036354551896293254 0.01025116963755629 3.8520966405413265e-07 4.756328511441201e-07
32 1.3191714593186883e-07 1.5465550625767556e-07 1.428290762854249e-07 7.116794596009233e-08 1.2999978173378308e-07 2.746962856121973e-06 1.3565529568107372e-07 0.8485237717048253 1.4087355039725276e-07 4.7668368241855103e-07 1.4406939092245875e-07 0.01967946922990786 1.1545613907666125e-07 0.0759016416507937 1.575504483480278e-05 2.3402857822546033e-05 8.916518449014489e-06 0.00718444686653404 6.41124632189759e-06 0.0014302790592877494 1.2455460885906722e-07 9.761139570480599e-06 8.567679962545873e-06 1.2369819359848976e-05 0.00011921859881109909 0.004704556950054326 0.0037520249568851675 0.0028919685222622365 1.2602943039577286e-07 1.391463176900037e-07
33 1.3191714593186883e-07 1.5465550625767556e-07 1.428290762854249e-07 7.116794596009233e-08 1.2999978173378308e-07 2.746962856121973e-06 1.3565529568107372e-07 0.8485237717048253 1.4087355039725276e-07 4.7668368241855103e-07 1.4406939092245875e-07 0.01967946922990786 1.1545613907666125e-07 0.0759016416507937 1.575504483480278e-05 2.3402857822546033e-05 8.916518449014489e-06 0.00718444686653404 6.41124632189759e-06 0.0014302790592877494 1.2455460885906722e-07 9.761139570480599e-06 8.567679962545873e-06 1.2369819359848976e-05 0.00011921859881109909 0.004704556950054326 0.0037520249568851675 0.0028919685222622365 1.2602943039577286e-07 1.391463176900037e-07
34 1.3191714593186883e-07 1.5465550625767556e-07 1.428290762854249e-07 7.116794596009233e-08 1.2999978173378308e-07 2.746962856121973e-06 1.3565529568107372e-07 0.8485237717048253 1.4087355039725276e-07 4.7668368241855103e-07 1.4406939092245875e-07 0.01967946922990786 1.1545613907666125e-07 0.0759016416507937 1.575504483480278e-05 2.3402857822546033e-05 8.916518449014489e-06 0.00718444686653404 6.41124632189759e-06 0.0014302790592877494 1.2455460885906722e-07 9.761139570480599e-06 8.567679962545873e-06 1.2369819359848976e-05 0.00011921859881109909 0.004704556950054326 0.0037520249568851675 0.0028919685222622365 1.2602943039577286e-07 1.391463176900037e-07
35 1.3191714593186883e-07 1.5465550625767556e-07 1.428290762854249e-07 7.116794596009233e-08 1.2999978173378308e-07 2.746962856121973e-06 1.3565529568107372e-07 0.8485237717048253 1.4087355039725276e-07 4.7668368241855103e-07 1.4406939092245875e-07 0.01967946922990786 1.1545613907666125e-07 0.0759016416507937 1.575504483480278e-05 2.3402857822546033e-05 8.916518449014489e-06 0.00718444686653404 6.41124632189759e-06 0.0014302790592877494 1.2455460885906722e-07 9.761139570480599e-06 8.567679962545873e-06 1.2369819359848976e-05 0.00011921859881109909 0.004704556950054326 0.0037520249568851675 0.0028919685222622365 1.2602943039577286e-07 1.391463176900037e-07
36 1.3191714593186883e-07 1.5465550625767556e-07 1.428290762854249e-07 7.116794596009233e-08 1.2999978173378308e-07 2.746962856121973e-06 1.3565529568107372e-07 0.8485237717048253 1.4087355039725276e-07 4.7668368241855103e-07 1.4406939092245875e-07 0.01967946922990786 1.1545613907666125e-07 0.0759016416507937 1.575504483480278e-05 2.3402857822546033e-05 8.916518449014489e-06 0.00718444686653404 6.41124632189759e-06 0.0014302790592877494 1.2455460885906722e-07 9.761139570480599e-06 8.567679962545873e-06 1.2369819359848976e-05 0.00011921859881109909 0.004704556950054326 0.0037520249568851675 0.0028919685222622365 1.2602943039577286e-07 1.391463176900037e-07
37 1.3191714593186883e-07 1.5465550625767556e-07 1.428290762854249e-07 7.116794596009233e-08 1.2999978173378308e-07 2.746962856121973e-06 1.3565529568107372e-07 0.8485237717048253 1.4087355039725276e-07 4.7668368241855103e-07 1.4406939092245875e-07 0.01967946922990786 1.1545613907666125e-07 0.0759016416507937 1.575504483480278e-05 2.3402857822546033e-05 8.916518449014489e-06 0.00718444686653404 6.41124632189759e-06 0.0014302790592877494 1.2455460885906722e-07 9.761139570480599e-06 8.567679962545873e-06 1.2369819359848976e-05 0.00011921859881109909 0.004704556950054326 0.0037520249568851675 0.0028919685222622365 1.2602943039577286e-07 1.391463176900037e-07
38 1.3191714593186883e-07 1.5465550625767556e-07 1.428290762854249e-07 7.116794596009233e-08 1.2999978173378308e-07 2.746962856121973e-06 1.3565529568107372e-07 0.8485237717048253 1.4087355039725276e-07 4.7668368241855103e-07 1.4406939092245875e-07 0.01967946922990786 1.1545613907666125e-07 0.0759016416507937 1.575504483480278e-05 2.3402857822546033e-05 8.916518449014489e-06 0.00718444686653404 6.41124632189759e-06 0.0014302790592877494 1.2455460885906722e-07 9.761139570480599e-06 8.567679962545873e-06 1.2369819359848976e-05 0.00011921859881109909 0.004704556950054326 0.0037520249568851675 0.0028919685222622365 1.2602943039577286e-07 1.391463176900037e-07
39 1.3191714593186883e-07 1.5465550625767556e-07 1.428290762854249e-07 7.116794596009233e-08 1.2999978173378308e-07 2.746962856121973e-06 1.3565529568107372e-07 0.8485237717048253 1.4087355039725276e-07 4.7668368241855103e-07 1.4406939092245875e-07 0.01967946922990786 1.1545613907666125e-07 0.0759016416507937 1.575504483480278e-05 2.3402857822546033e-05 8.916518449014489e-06 0.00718444686653404 6.41124632189759e-06 0.0014302790592877494 1.2455460885906722e-07 9.761139570480599e-06 8.567679962545873e-06 1.2369819359848976e-05 0.00011921859881109909 0.004704556950054326 0.0037520249568851675 0.0028919685222622365 1.2602943039577286e-07 1.391463176900037e-07
40 1.3191714593186883e-07 1.5465550625767556e-07 1.428290762854249e-07 7.116794596009233e-08 1.2999978173378308e-07 2.746962856121973e-06 1.3565529568107372e-07 0.8485237717048253 1.4087355039725276e-07 4.7668368241855103e-07 1.4406939092245875e-07 0.01967946922990786 1.1545613907666125e-07 0.0759016416507937 1.575504483480278e-05 2.3402857822546033e-05 8.916518449014489e-06 0.00718444686653404 6.41124632189759e-06 0.0014302790592877494 1.2455460885906722e-07 9.761139570480599e-06 8.567679962545873e-06 1.2369819359848976e-05 0.00011921859881109909 0.004704556950054326 0.0037520249568851675 0.0028919685222622365 1.2602943039577286e-07 1.391463176900037e-07
41 1.3191714593186883e-07 1.5465550625767556e-07 1.428290762854249e-07 7.116794596009233e-08 1.2999978173378308e-07 2.746962856121973e-06 1.3565529568107372e-07 0.8485237717048253 1.4087355039725276e-07 4.7668368241855103e-07 1.4406939092245875e-07 0.01967946922990786 1.1545613907666125e-07 0.0759016416507937 1.575504483480278e-05 2.3402857822546033e-05 8.916518449014489e-06 0.00718444686653404 6.41124632189759e-06 0.0014302790592877494 1.2455460885906722e-07 9.761139570480599e-06 8.567679962545873e-06 1.2369819359848976e-05 0.00011921859881109909 0.004704556950054326 0.0037520249568851675 0.0028919685222622365 1.2602943039577286e-07 1.391463176900037e-07
42 1.3191714593186883e-07 1.5465550625767556e-07 1.428290762854249e-07 7.116794596009233e-08 1.2999978173378308e-07 2.746962856121973e-06 1.3565529568107372e-07 0.8485237717048253 1.4087355039725276e-07 4.7668368241855103e-07 1.4406939092245875e-07 0.01967946922990786 1.1545613907666125e-07 0.0759016416507937 1.575504483480278e-05 2.3402857822546033e-05 8.916518449014489e-06 0.00718444686653404 6.41124632189759e-06 0.0014302790592877494 1.2455460885906722e-07 9.761139570480599e-06 8.567679962545873e-06 1.2369819359848976e-05 0.00011921859881109909 0.004704556950054326 0.0037520249568851675 0.0028919685222622365 1.2602943039577286e-07 1.391463176900037e-07
43 1.3191714593186883e-07 1.5465550625767556e-07 1.428290762854249e-07 7.116794596009233e-08 1.2999978173378308e-07 2.746962856121973e-06 1.3565529568107372e-07 0.8485237717048253 1.4087355039725276e-07 4.7668368241855103e-07 1.4406939092245875e-07 0.01967946922990786 1.1545613907666125e-07 0.0759016416507937 1.575504483480278e-05 2.3402857822546033e-05 8.916518449014489e-06 0.00718444686653404 6.41124632189759e-06 0.0014302790592877494 1.2455460885906722e-07 9.761139570480599e-06 8.567679962545873e-06 1.2369819359848976e-05 0.00011921859881109909 0.004704556950054326 0.0037520249568851675 0.0028919685222622365 1.2602943039577286e-07 1.391463176900037e-07
44 1.3191714593186883e-07 1.5465550625767556e-07 1.428290762854249e-07 7.116794596009233e-08 1.2999978173378308e-07 2.746962856121973e-06 1.3565529568107372e-07 0.8485237717048253 1.4087355039725276e-07 4.7668368241855103e-07 1.4406939092245875e-07 0.01967946922990786 1.1545613907666125e-07 0.0759016416507937 1.575504483480278e-05 2.3402857822546033e-05 8.916518449014489e-06 0.00718444686653404 6.41124632189759e-06 0.0014302790592877494 1.2455460885906722e-07 9.761139570480599e-06 8.567679962545873e-06 1.2369819359848976e-05 0.00011921859881109909 0.004704556950054326 0.0037520249568851675 0.0028919685222622365 1.2602943039577286e-07 1.391463176900037e-07
45 1.7135309927831088e-06 1.363893334533922e-06 2.0750566278017473e-06 2.739622566441656e-07 1.575821075631754e-06 0.09366450056771267 1.573818793903288e-06 0.5365102801877918 1.5461373980182574e-06 0.07468599299660267 0.0006497974400541736 0.11580307910877101 1.820353267999406e-06 0.00019126910300772481 0.00030135591719167976 0.00020661810816196885 5.23027992375499e-05 0.004760965516803398 1.3937000980552727e-05 0.002141397533196713 1.7375232703416082e-06 2.2637966744619663e-05 3.189710572713065e-06 1.3728386432756401e-05 4.826850469487538e-05 0.02456275226721791 0.0009060190854615736 0.004108336969270941 1.5301226299414382e-06 1.228540064949282e-06
46 1.7135309927831088e-06 1.363893334533922e-06 2.0750566278017473e-06 2.739622566441656e-07 1.575821075631754e-06 0.09366450056771267 1.573818793903288e-06 0.5365102801877918 1.5461373980182574e-06 0.07468599299660267 0.0006497974400541736 0.11580307910877101 1.820353267999406e-06 0.00019126910300772481 0.00030135591719167976 0.00020661810816196885 5.23027992375499e-05 0.004760965516803398 1.3937000980552727e-05 0.002141397533196713 1.7375232703416082e-06 2.2637966744619663e-05 3.189710572713065e-06 1.3728386432756401e-05 4.826850469487538e-05 0.02456275226721791 0.0009060190854615736 0.004108336969270941 1.5301226299414382e-06 1.228540064949282e-06
47 1.7135309927831088e-06 1.363893334533922e-06 2.0750566278017473e-06 2.739622566441656e-07 1.575821075631754e-06 0.09366450056771267 1.573818793903288e-06 0.5365102801877918 1.5461373980182574e-06 0.07468599299660267 0.0006497974400541736 0.11580307910877101 1.820353267999406e-06 0.00019126910300772481 0.00030135591719167976 0.00020661810816196885 5.23027992375499e-05 0.004760965516803398 1.3937000980552727e-05 0.002141397533196713 1.7375232703416082e-06 2.2637966744619663e-05 3.189710572713065e-06 1.3728386432756401e-05 4.826850469487538e-05 0.02456275226721791 0.0009060190854615736 0.004108336969270941 1.5301226299414382e-06 1.228540064949282e-06
48 1.7135309927831088e-06 1.363893334533922e-06 2.0750566278017473e-06 2.739622566441656e-07 1.575821075631754e-06 0.09366450056771267 1.573818793903288e-06 0.5365102801877918 1.5461373980182574e-06 0.07468599299660267 0.0006497974400541736 0.11580307910877101 1.820353267999406e-06 0.00019126910300772481 0.00030135591719167976 0.00020661810816196885 5.23027992375499e-05 0.004760965516803398 1.3937000980552727e-05 0.002141397533196713 1.7375232703416082e-06 2.2637966744619663e-05 3.189710572713065e-06 1.3728386432756401e-05 4.826850469487538e-05 0.02456275226721791 0.0009060190854615736 0.004108336969270941 1.5301226299414382e-06 1.228540064949282e-06
49 1.7135309927831088e-06 1.363893334533922e-06 2.0750566278017473e-06 2.739622566441656e-07 1.575821075631754e-06 0.09366450056771267 1.573818793903288e-06 0.5365102801877918 1.5461373980182574e-06 0.07468599299660267 0.0006497974400541736 0.11580307910877101 1.820353267999406e-06 0.00019126910300772481 0.00030135591719167976 0.00020661810816196885 5.23027992375499e-05 0.004760965516803398 1.3937000980552727e-05 0.002141397533196713 1.7375232703416082e-06 2.2637966744619663e-05 3.189710572713065e-06 1.3728386432756401e-05 4.826850469487538e-05 0.02456275226721791 0.0009060190854615736 0.004108336969270941 1.5301226299414382e-06 1.228540064949282e-06
50 1.7135309927831088e-06 1.363893334533922e-06 2.0750566278017473e-06 2.739622566441656e-07 1.575821075631754e-06 0.09366450056771267 1.573818793903288e-06 0.5365102801877918 1.5461373980182574e-06 0.07468599299660267 0.0006497974400541736 0.11580307910877101 1.820353267999406e-06 0.00019126910300772481 0.00030135591719167976 0.00020661810816196885 5.23027992375499e-05 0.004760965516803398 1.3937000980552727e-05 0.002141397533196713 1.7375232703416082e-06 2.2637966744619663e-05 3.189710572713065e-06 1.3728386432756401e-05 4.826850469487538e-05 0.02456275226721791 0.0009060190854615736 0.004108336969270941 1.5301226299414382e-06 1.228540064949282e-06
51 1.7135309927831088e-06 1.363893334533922e-06 2.0750566278017473e-06 2.739622566441656e-07 1.575821075631754e-06 0.09366450056771267 1.573818793903288e-06 0.5365102801877918 1.5461373980182574e-06 0.07468599299660267 0.0006497974400541736 0.11580307910877101 1.820353267999406e-06 0.00019126910300772481 0.00030135591719167976 0.00020661810816196885 5.23027992375499e-05 0.004760965516803398 1.3937000980552727e-05 0.002141397533196713 1.7375232703416082e-06 2.2637966744619663e-05 3.189710572713065e-06 1.3728386432756401e-05 4.826850469487538e-05 0.02456275226721791 0.0009060190854615736 0.004108336969270941 1.5301226299414382e-06 1.228540064949282e-06
52 1.7135309927831088e-06 1.363893334533922e-06 2.0750566278017473e-06 2.739622566441656e-07 1.575821075631754e-06 0.09366450056771267 1.573818793903288e-06 0.5365102801877918 1.5461373980182574e-06 0.07468599299660267 0.0006497974400541736 0.11580307910877101 1.820353267999406e-06 0.00019126910300772481 0.00030135591719167976 0.00020661810816196885 5.23027992375499e-05 0.004760965516803398 1.3937000980552727e-05 0.002141397533196713 1.7375232703416082e-06 2.2637966744619663e-05 3.189710572713065e-06 1.3728386432756401e-05 4.826850469487538e-05 0.02456275226721791 0.0009060190854615736 0.004108336969270941 1.5301226299414382e-06 1.228540064949282e-06
53 1.7135309927831088e-06 1.363893334533922e-06 2.0750566278017473e-06 2.739622566441656e-07 1.575821075631754e-06 0.09366450056771267 1.573818793903288e-06 0.5365102801877918 1.5461373980182574e-06 0.07468599299660267 0.0006497974400541736 0.11580307910877101 1.820353267999406e-06 0.00019126910300772481 0.00030135591719167976 0.00020661810816196885 5.23027992375499e-05 0.004760965516803398 1.3937000980552727e-05 0.002141397533196713 1.7375232703416082e-06 2.2637966744619663e-05 3.189710572713065e-06 1.3728386432756401e-05 4.826850469487538e-05 0.02456275226721791 0.0009060190854615736 0.004108336969270941 1.5301226299414382e-06 1.228540064949282e-06
54 1.7135309927831088e-06 1.363893334533922e-06 2.0750566278017473e-06 2.739622566441656e-07 1.575821075631754e-06 0.09366450056771267 1.573818793903288e-06 0.5365102801877918 1.5461373980182574e-06 0.07468599299660267 0.0006497974400541736 0.11580307910877101 1.820353267999406e-06 0.00019126910300772481 0.00030135591719167976 0.00020661810816196885 5.23027992375499e-05 0.004760965516803398 1.3937000980552727e-05 0.002141397533196713 1.7375232703416082e-06 2.2637966744619663e-05 3.189710572713065e-06 1.3728386432756401e-05 4.826850469487538e-05 0.02456275226721791 0.0009060190854615736 0.004108336969270941 1.5301226299414382e-06 1.228540064949282e-06
55 1.7135309927831088e-06 1.363893334533922e-06 2.0750566278017473e-06 2.739622566441656e-07 1.575821075631754e-06 0.09366450056771267 1.573818793903288e-06 0.5365102801877918 1.5461373980182574e-06 0.07468599299660267 0.0006497974400541736 0.11580307910877101 1.820353267999406e-06 0.00019126910300772481 0.00030135591719167976 0.00020661810816196885 5.23027992375499e-05 0.004760965516803398 1.3937000980552727e-05 0.002141397533196713 1.7375232703416082e-06 2.2637966744619663e-05 3.189710572713065e-06 1.3728386432756401e-05 4.826850469487538e-05 0.02456275226721791 0.0009060190854615736 0.004108336969270941 1.5301226299414382e-06 1.228540064949282e-06
56 1.7135309927831088e-06 1.363893334533922e-06 2.0750566278017473e-06 2.739622566441656e-07 1.575821075631754e-06 0.09366450056771267 1.573818793903288e-06 0.5365102801877918 1.5461373980182574e-06 0.07468599299660267 0.0006497974400541736 0.11580307910877101 1.820353267999406e-06 0.00019126910300772481 0.00030135591719167976 0.00020661810816196885 5.23027992375499e-05 0.004760965516803398 1.3937000980552727e-05 0.002141397533196713 1.7375232703416082e-06 2.2637966744619663e-05 3.189710572713065e-06 1.3728386432756401e-05 4.826850469487538e-05 0.02456275226721791 0.0009060190854615736 0.004108336969270941 1.5301226299414382e-06 1.228540064949282e-06
57 1.7135309927831088e-06 1.363893334533922e-06 2.0750566278017473e-06 2.739622566441656e-07 1.575821075631754e-06 0.09366450056771267 1.573818793903288e-06 0.5365102801877918 1.5461373980182574e-06 0.07468599299660267 0.0006497974400541736 0.11580307910877101 1.820353267999406e-06 0.00019126910300772481 0.00030135591719167976 0.00020661810816196885 5.23027992375499e-05 0.004760965516803398 1.3937000980552727e-05 0.002141397533196713 1.7375232703416082e-06 2.2637966744619663e-05 3.189710572713065e-06 1.3728386432756401e-05 4.826850469487538e-05 0.02456275226721791 0.0009060190854615736 0.004108336969270941 1.5301226299414382e-06 1.228540064949282e-06
58 1.7135309927831088e-06 1.363893334533922e-06 2.0750566278017473e-06 2.739622566441656e-07 1.575821075631754e-06 0.09366450056771267 1.573818793903288e-06 0.5365102801877918 1.5461373980182574e-06 0.07468599299660267 0.0006497974400541736 0.11580307910877101 1.820353267999406e-06 0.00019126910300772481 0.00030135591719167976 0.00020661810816196885 5.23027992375499e-05 0.004760965516803398 1.3937000980552727e-05 0.002141397533196713 1.7375232703416082e-06 2.2637966744619663e-05 3.189710572713065e-06 1.3728386432756401e-05 4.826850469487538e-05 0.02456275226721791 0.0009060190854615736 0.004108336969270941 1.5301226299414382e-06 1.228540064949282e-06
59 1.7135309927831088e-06 1.363893334533922e-06 2.0750566278017473e-06 2.739622566441656e-07 1.575821075631754e-06 0.09366450056771267 1.573818793903288e-06 0.5365102801877918 1.5461373980182574e-06 0.07468599299660267 0.0006497974400541736 0.11580307910877101 1.820353267999406e-06 0.00019126910300772481 0.00030135591719167976 0.00020661810816196885 5.23027992375499e-05 0.004760965516803398 1.3937000980552727e-05 0.002141397533196713 1.7375232703416082e-06 2.2637966744619663e-05 3.189710572713065e-06 1.3728386432756401e-05 4.826850469487538e-05 0.02456275226721791 0.0009060190854615736 0.004108336969270941 1.5301226299414382e-06 1.228540064949282e-06
60 1.7135309927831088e-06 1.363893334533922e-06 2.0750566278017473e-06 2.739622566441656e-07 1.575821075631754e-06 0.09366450056771267 1.573818793903288e-06 0.5365102801877918 1.5461373980182574e-06 0.07468599299660267 0.0006497974400541736 0.11580307910877101 1.820353267999406e-06 0.00019126910300772481 0.00030135591719167976 0.00020661810816196885 5.23027992375499e-05 0.004760965516803398 1.3937000980552727e-05 0.002141397533196713 1.7375232703416082e-06 2.2637966744619663e-05 3.189710572713065e-06 1.3728386432756401e-05 4.826850469487538e-05 0.02456275226721791 0.0009060190854615736 0.004108336969270941 1.5301226299414382e-06 1.228540064949282e-06
61 1.7135309927831088e-06 1.363893334533922e-06 2.0750566278017473e-06 2.739622566441656e-07 1.575821075631754e-06 0.09366450056771267 1.573818793903288e-06 0.5365102801877918 1.5461373980182574e-06 0.07468599299660267 0.0006497974400541736 0.11580307910877101 1.820353267999406e-06 0.00019126910300772481 0.00030135591719167976 0.00020661810816196885 5.23027992375499e-05 0.004760965516803398 1.3937000980552727e-05 0.002141397533196713 1.7375232703416082e-06 2.2637966744619663e-05 3.189710572713065e-06 1.3728386432756401e-05 4.826850469487538e-05 0.02456275226721791 0.0009060190854615736 0.004108336969270941 1.5301226299414382e-06 1.228540064949282e-06
62 1.7135309927831088e-06 1.363893334533922e-06 2.0750566278017473e-06 2.739622566441656e-07 1.575821075631754e-06 0.09366450056771267 1.573818793903288e-06 0.5365102801877918 1.5461373980182574e-06 0.07468599299660267 0.0006497974400541736 0.11580307910877101 1.820353267999406e-06 0.00019126910300772481 0.00030135591719167976 0.00020661810816196885 5.23027992375499e-05 0.004760965516803398 1.3937000980552727e-05 0.002141397533196713 1.7375232703416082e-06 2.2637966744619663e-05 3.189710572713065e-06 1.3728386432756401e-05 4.826850469487538e-05 0.02456275226721791 0.0009060190854615736 0.004108336969270941 1.5301226299414382e-06 1.228540064949282e-06
63 1.7135309927831088e-06 1.363893334533922e-06 2.0750566278017473e-06 2.739622566441656e-07 1.575821075631754e-06 0.09366450056771267 1.573818793903288e-06 0.5365102801877918 1.5461373980182574e-06 0.07468599299660267 0.0006497974400541736 0.11580307910877101 1.820353267999406e-06 0.00019126910300772481 0.00030135591719167976 0.00020661810816196885 5.23027992375499e-05 0.004760965516803398 1.3937000980552727e-05 0.002141397533196713 1.7375232703416082e-06 2.2637966744619663e-05 3.189710572713065e-06 1.3728386432756401e-05 4.826850469487538e-05 0.02456275226721791 0.0009060190854615736 0.004108336969270941 1.5301226299414382e-06 1.228540064949282e-06
64 1.7135309927831088e-06 1.363893334533922e-06 2.0750566278017473e-06 2.739622566441656e-07 1.575821075631754e-06 0.09366450056771267 1.573818793903288e-06 0.5365102801877918 1.5461373980182574e-06 0.07468599299660267 0.0006497974400541736 0.11580307910877101 1.820353267999406e-06 0.00019126910300772481 0.00030135591719167976 0.00020661810816196885 5.23027992375499e-05 0.004760965516803398 1.3937000980552727e-05 0.002141397533196713 1.7375232703416082e-06 2.2637966744619663e-05 3.189710572713065e-06 1.3728386432756401e-05 4.826850469487538e-05 0.02456275226721791 0.0009060190854615736 0.004108336969270941 1.5301226299414382e-06 1.228540064949282e-06
65 1.7135309927831088e-06 1.363893334533922e-06 2.0750566278017473e-06 2.739622566441656e-07 1.575821075631754e-06 0.09366450056771267 1.573818793903288e-06 0.5365102801877918 1.5461373980182574e-06 0.07468599299660267 0.0006497974400541736 0.11580307910877101 1.820353267999406e-06 0.00019126910300772481 0.00030135591719167976 0.00020661810816196885 5.23027992375499e-05 0.004760965516803398 1.3937000980552727e-05 0.002141397533196713 1.7375232703416082e-06 2.2637966744619663e-05 3.189710572713065e-06 1.3728386432756401e-05 4.826850469487538e-05 0.02456275226721791 0.0009060190854615736 0.004108336969270941 1.5301226299414382e-06 1.228540064949282e-06
66 1.7135309927831088e-06 1.363893334533922e-06 2.0750566278017473e-06 2.739622566441656e-07 1.575821075631754e-06 0.09366450056771267 1.573818793903288e-06 0.5365102801877918 1.5461373980182574e-06 0.07468599299660267 0.0006497974400541736 0.11580307910877101 1.820353267999406e-06 0.00019126910300772481 0.00030135591719167976 0.00020661810816196885 5.23027992375499e-05 0.004760965516803398 1.3937000980552727e-05 0.002141397533196713 1.7375232703416082e-06 2.2637966744619663e-05 3.189710572713065e-06 1.3728386432756401e-05 4.826850469487538e-05 0.02456275226721791 0.0009060190854615736 0.004108336969270941 1.5301226299414382e-06 1.228540064949282e-06
67 1.7135309927831088e-06 1.363893334533922e-06 2.0750566278017473e-06 2.739622566441656e-07 1.575821075631754e-06 0.09366450056771267 1.573818793903288e-06 0.5365102801877918 1.5461373980182574e-06 0.07468599299660267 0.0006497974400541736 0.11580307910877101 1.820353267999406e-06 0.00019126910300772481 0.00030135591719167976 0.00020661810816196885 5.23027992375499e-05 0.004760965516803398 1.3937000980552727e-05 0.002141397533196713 1.7375232703416082e-06 2.2637966744619663e-05 3.189710572713065e-06 1.3728386432756401e-05 4.826850469487538e-05 0.02456275226721791 0.0009060190854615736 0.004108336969270941 1.5301226299414382e-06 1.228540064949282e-06
68 6.562849100893513e-07 6.172153874673034e-07 6.346922428805119e-07 1.5328214241701663e-07 6.866444446359215e-07 0.04841833346366964 6.733781051805238e-07 0.4406962141373566 6.282443693181113e-07 0.0352367526794479 0.0002636878541654296 0.20246773945563004 6.826498482916635e-07 7.193516152948516e-05 0.00010740422274438239 8.106252965073384e-05 2.1429345707753363e-05 0.0021405595069543693 5.85062012188601e-06 0.0005586498574794046 7.040048717946637e-07 9.995005538146098e-06 1.1853037294710134e-06 6.622973664177943e-06 2.0164628498209936e-05 0.0034331888911092318 0.0004484520295999562 0.001220557776257139 6.694195256194002e-07 7.189299761239977e-07
69 6.562849100893513e-07 6.172153874673034e-07 6.346922428805119e-07 1.5328214241701663e-07 6.866444446359215e-07 0.04841833346366964 6.733781051805238e-07 0.4406962141373566 6.282443693181113e-07 0.0352367526794479 0.0002636878541654296 0.20246773945563004 6.826498482916635e-07 7.193516152948516e-05 0.00010740422274438239 8.106252965073384e-05 2.1429345707753363e-05 0.0021405595069543693 5.85062012188601e-06 0.0005586498574794046 7.040048717946637e-07 9.995005538146098e-06 1.1853037294710134e-06 6.622973664177943e-06 2.0164628498209936e-05 0.0034331888911092318 0.0004484520295999562 0.001220557776257139 6.694195256194002e-07 7.189299761239977e-07
70 6.562849100893513e-07 6.172153874673034e-07 6.346922428805119e-07 1.5328214241701663e-07 6.866444446359215e-07 0.04841833346366964 6.733781051805238e-07 0.4406962141373566 6.282443693181113e-07 0.0352367526794479 0.0002636878541654296 0.20246773945563004 6.826498482916635e-07 7.193516152948516e-05 0.00010740422274438239 8.106252965073384e-05 2.1429345707753363e-05 0.0021405595069543693 5.85062012188601e-06 0.0005586498574794046 7.040048717946637e-07 9.995005538146098e-06 1.1853037294710134e-06 6.622973664177943e-06 2.0164628498209936e-05 0.0034331888911092318 0.0004484520295999562 0.001220557776257139 6.694195256194002e-07 7.189299761239977e-07
71 6.562849100893513e-07 6.172153874673034e-07 6.346922428805119e-07 1.5328214241701663e-07 6.866444446359215e-07 0.04841833346366964 6.733781051805238e-07 0.4406962141373566 6.282443693181113e-07 0.0352367526794479 0.0002636878541654296 0.20246773945563004 6.826498482916635e-07 7.193516152948516e-05 0.00010740422274438239 8.106252965073384e-05 2.1429345707753363e-05 0.0021405595069543693 5.85062012188601e-06 0.0005586498574794046 7.040048717946637e-07 9.995005538146098e-06 1.1853037294710134e-06 6.622973664177943e-06 2.0164628498209936e-05 0.0034331888911092318 0.0004484520295999562 0.001220557776257139 6.694195256194002e-07 7.189299761239977e-07
72 6.562849100893513e-07 6.172153874673034e-07 6.346922428805119e-07 1.5328214241701663e-07 6.866444446359215e-07 0.04841833346366964 6.733781051805238e-07 0.4406962141373566 6.282443693181113e-07 0.0352367526794479 0.0002636878541654296 0.20246773945563004 6.826498482916635e-07 7.193516152948516e-05 0.00010740422274438239 8.106252965073384e-05 2.1429345707753363e-05 0.0021405595069543693 5.85062012188601e-06 0.0005586498574794046 7.040048717946637e-07 9.995005538146098e-06 1.1853037294710134e-06 6.622973664177943e-06 2.0164628498209936e-05 0.0034331888911092318 0.0004484520295999562 0.001220557776257139 6.694195256194002e-07 7.189299761239977e-07
73 6.562849100893513e-07 6.172153874673034e-07 6.346922428805119e-07 1.5328214241701663e-07 6.866444446359215e-07 0.04841833346366964 6.733781051805238e-07 0.4406962141373566 6.282443693181113e-07 0.0352367526794479 0.0002636878541654296 0.20246773945563004 6.826498482916635e-07 7.193516152948516e-05 0.00010740422274438239 8.106252965073384e-05 2.1429345707753363e-05 0.0021405595069543693 5.85062012188601e-06 0.0005586498574794046 7.040048717946637e-07 9.995005538146098e-06 1.1853037294710134e-06 6.622973664177943e-06 2.0164628498209936e-05 0.0034331888911092318 0.0004484520295999562 0.001220557776257139 6.694195256194002e-07 7.189299761239977e-07
74 6.562849100893513e-07 6.172153874673034e-07 6.346922428805119e-07 1.5328214241701663e-07 6.866444446359215e-07 0.04841833346366964 6.733781051805238e-07 0.4406962141373566 6.282443693181113e-07 0.0352367526794479 0.0002636878541654296 0.20246773945563004 6.826498482916635e-07 7.193516152948516e-05 0.00010740422274438239 8.106252965073384e-05 2.1429345707753363e-05 0.0021405595069543693 5.85062012188601e-06 0.0005586498574794046 7.040048717946637e-07 9.995005538146098e-06 1.1853037294710134e-06 6.622973664177943e-06 2.0164628498209936e-05 0.0034331888911092318 0.0004484520295999562 0.001220557776257139 6.694195256194002e-07 7.189299761239977e-07
75 6.562849100893513e-07 6.172153874673034e-07 6.346922428805119e-07 1.5328214241701663e-07 6.866444446359215e-07 0.04841833346366964 6.733781051805238e-07 0.4406962141373566 6.282443693181113e-07 0.0352367526794479 0.0002636878541654296 0.20246773945563004 6.826498482916635e-07 7.193516152948516e-05 0.00010740422274438239 8.106252965073384e-05 2.1429345707753363e-05 0.0021405595069543693 5.85062012188601e-06 0.0005586498574794046 7.040048717946637e-07 9.995005538146098e-06 1.1853037294710134e-06 6.622973664177943e-06 2.0164628498209936e-05 0.0034331888911092318 0.0004484520295999562 0.001220557776257139 6.694195256194002e-07 7.189299761239977e-07
76 6.562849100893513e-07 6.172153874673034e-07 6.346922428805119e-07 1.5328214241701663e-07 6.866444446359215e-07 0.04841833346366964 6.733781051805238e-07 0.4406962141373566 6.282443693181113e-07 0.0352367526794479 0.0002636878541654296 0.20246773945563004 6.826498482916635e-07 7.193516152948516e-05 0.00010740422274438239 8.106252965073384e-05 2.1429345707753363e-05 0.0021405595069543693 5.85062012188601e-06 0.0005586498574794046 7.040048717946637e-07 9.995005538146098e-06 1.1853037294710134e-06 6.622973664177943e-06 2.0164628498209936e-05 0.0034331888911092318 0.0004484520295999562 0.001220557776257139 6.694195256194002e-07 7.189299761239977e-07
77 6.562849100893513e-07 6.172153874673034e-07 6.346922428805119e-07 1.5328214241701663e-07 6.866444446359215e-07 0.04841833346366964 6.733781051805238e-07 0.4406962141373566 6.282443693181113e-07 0.0352367526794479 0.0002636878541654296 0.20246773945563004 6.826498482916635e-07 7.193516152948516e-05 0.00010740422274438239 8.106252965073384e-05 2.1429345707753363e-05 0.0021405595069543693 5.85062012188601e-06 0.0005586498574794046 7.040048717946637e-07 9.995005538146098e-06 1.1853037294710134e-06 6.622973664177943e-06 2.0164628498209936e-05 0.0034331888911092318 0.0004484520295999562 0.001220557776257139 6.694195256194002e-07 7.189299761239977e-07
78 6.562849100893513e-07 6.172153874673034e-07 6.346922428805119e-07 1.5328214241701663e-07 6.866444446359215e-07 0.04841833346366964 6.733781051805238e-07 0.4406962141373566 6.282443693181113e-07 0.0352367526794479 0.0002636878541654296 0.20246773945563004 6.826498482916635e-07 7.193516152948516e-05 0.00010740422274438239 8.106252965073384e-05 2.1429345707753363e-05 0.0021405595069543693 5.85062012188601e-06 0.0005586498574794046 7.040048717946637e-07 9.995005538146098e-06 1.1853037294710134e-06 6.622973664177943e-06 2.0164628498209936e-05 0.0034331888911092318 0.0004484520295999562 0.001220557776257139 6.694195256194002e-07 7.189299761239977e-07
79 6.562849100893513e-07 6.172153874673034e-07 6.346922428805119e-07 1.5328214241701663e-07 6.866444446359215e-07 0.04841833346366964 6.733781051805238e-07 0.4406962141373566 6.282443693181113e-07 0.0352367526794479 0.0002636878541654296 0.20246773945563004 6.826498482916635e-07 7.193516152948516e-05 0.00010740422274438239 8.106252965073384e-05 2.1429345707753363e-05 0.0021405595069543693 5.85062012188601e-06 0.0005586498574794046 7.040048717946637e-07 9.995005538146098e-06 1.1853037294710134e-06 6.622973664177943e-06 2.0164628498209936e-05 0.0034331888911092318 0.0004484520295999562 0.001220557776257139 6.694195256194002e-07 7.189299761239977e-07
80 6.562849100893513e-07 6.172153874673034e-07 6.346922428805119e-07 1.5328214241701663e-07 6.866444446359215e-07 0.04841833346366964 6.733781051805238e-07 0.4406962141373566 6.282443693181113e-07 0.0352367526794479 0.0002636878541654296 0.20246773945563004 6.826498482916635e-07 7.193516152948516e-05 0.00010740422274438239 8.106252965073384e-05 2.1429345707753363e-05 0.0021405595069543693 5.85062012188601e-06 0.0005586498574794046 7.040048717946637e-07 9.995005538146098e-06 1.1853037294710134e-06 6.622973664177943e-06 2.0164628498209936e-05 0.0034331888911092318 0.0004484520295999562 0.001220557776257139 6.694195256194002e-07 7.189299761239977e-07
81 6.562849100893513e-07 6.172153874673034e-07 6.346922428805119e-07 1.5328214241701663e-07 6.866444446359215e-07 0.04841833346366964 6.733781051805238e-07 0.4406962141373566 6.282443693181113e-07 0.0352367526794479 0.0002636878541654296 0.20246773945563004 6.826498482916635e-07 7.193516152948516e-05 0.00010740422274438239 8.106252965073384e-05 2.1429345707753363e-05 0.0021405595069543693 5.85062012188601e-06 0.0005586498574794046 7.040048717946637e-07 9.995005538146098e-06 1.1853037294710134e-06 6.622973664177943e-06 2.0164628498209936e-05 0.0034331888911092318 0.0004484520295999562 0.001220557776257139 6.694195256194002e-07 7.189299761239977e-07
82 6.562849100893513e-07 6.172153874673034e-07 6.346922428805119e-07 1.5328214241701663e-07 6.866444446359215e-07 0.04841833346366964 6.733781051805238e-07 0.4406962141373566 6.282443693181113e-07 0.0352367526794479 0.0002636878541654296 0.20246773945563004 6.826498482916635e-07 7.193516152948516e-05 0.00010740422274438239 8.106252965073384e-05 2.1429345707753363e-05 0.0021405595069543693 5.85062012188601e-06 0.0005586498574794046 7.040048717946637e-07 9.995005538146098e-06 1.1853037294710134e-06 6.622973664177943e-06 2.0164628498209936e-05 0.0034331888911092318 0.0004484520295999562 0.001220557776257139 6.694195256194002e-07 7.189299761239977e-07
83 6.562849100893513e-07 6.172153874673034e-07 6.346922428805119e-07 1.5328214241701663e-07 6.866444446359215e-07 0.04841833346366964 6.733781051805238e-07 0.4406962141373566 6.282443693181113e-07 0.0352367526794479 0.0002636878541654296 0.20246773945563004 6.826498482916635e-07 7.193516152948516e-05 0.00010740422274438239 8.106252965073384e-05 2.1429345707753363e-05 0.0021405595069543693 5.85062012188601e-06 0.0005586498574794046 7.040048717946637e-07 9.995005538146098e-06 1.1853037294710134e-06 6.622973664177943e-06 2.0164628498209936e-05 0.0034331888911092318 0.0004484520295999562 0.001220557776257139 6.694195256194002e-07 7.189299761239977e-07
84 6.562849100893513e-07 6.172153874673034e-07 6.346922428805119e-07 1.5328214241701663e-07 6.866444446359215e-07 0.04841833346366964 6.733781051805238e-07 0.4406962141373566 6.282443693181113e-07 0.0352367526794479 0.0002636878541654296 0.20246773945563004 6.826498482916635e-07 7.193516152948516e-05 0.00010740422274438239 8.106252965073384e-05 2.1429345707753363e-05 0.0021405595069543693 5.85062012188601e-06 0.0005586498574794046 7.040048717946637e-07 9.995005538146098e-06 1.1853037294710134e-06 6.622973664177943e-06 2.0164628498209936e-05 0.0034331888911092318 0.0004484520295999562 0.001220557776257139 6.694195256194002e-07 7.189299761239977e-07
85 6.562849100893513e-07 6.172153874673034e-07 6.346922428805119e-07 1.5328214241701663e-07 6.866444446359215e-07 0.04841833346366964 6.733781051805238e-07 0.4406962141373566 6.282443693181113e-07 0.0352367526794479 0.0002636878541654296 0.20246773945563004 6.826498482916635e-07 7.193516152948516e-05 0.00010740422274438239 8.106252965073384e-05 2.1429345707753363e-05 0.0021405595069543693 5.85062012188601e-06 0.0005586498574794046 7.040048717946637e-07 9.995005538146098e-06 1.1853037294710134e-06 6.622973664177943e-06 2.0164628498209936e-05 0.0034331888911092318 0.0004484520295999562 0.001220557776257139 6.694195256194002e-07 7.189299761239977e-07
86 6.562849100893513e-07 6.172153874673034e-07 6.346922428805119e-07 1.5328214241701663e-07 6.866444446359215e-07 0.04841833346366964 6.733781051805238e-07 0.4406962141373566 6.282443693181113e-07 0.0352367526794479 0.0002636878541654296 0.20246773945563004 6.826498482916635e-07 7.193516152948516e-05 0.00010740422274438239 8.106252965073384e-05 2.1429345707753363e-05 0.0021405595069543693 5.85062012188601e-06 0.0005586498574794046 7.040048717946637e-07 9.995005538146098e-06 1.1853037294710134e-06 6.622973664177943e-06 2.0164628498209936e-05 0.0034331888911092318 0.0004484520295999562 0.001220557776257139 6.694195256194002e-07 7.189299761239977e-07
87 6.562849100893513e-07 6.172153874673034e-07 6.346922428805119e-07 1.5328214241701663e-07 6.866444446359215e-07 0.04841833346366964 6.733781051805238e-07 0.4406962141373566 6.282443693181113e-07 0.0352367526794479 0.0002636878541654296 0.20246773945563004 6.826498482916635e-07 7.193516152948516e-05 0.00010740422274438239 8.106252965073384e-05 2.1429345707753363e-05 0.0021405595069543693 5.85062012188601e-06 0.0005586498574794046 7.040048717946637e-07 9.995005538146098e-06 1.1853037294710134e-06 6.622973664177943e-06 2.0164628498209936e-05 0.0034331888911092318 0.0004484520295999562 0.001220557776257139 6.694195256194002e-07 7.189299761239977e-07
88 6.562849100893513e-07 6.172153874673034e-07 6.346922428805119e-07 1.5328214241701663e-07 6.866444446359215e-07 0.04841833346366964 6.733781051805238e-07 0.4406962141373566 6.282443693181113e-07 0.0352367526794479 0.0002636878541654296 0.20246773945563004 6.826498482916635e-07 7.193516152948516e-05 0.00010740422274438239 8.106252965073384e-05 2.1429345707753363e-05 0.0021405595069543693 5.85062012188601e-06 0.0005586498574794046 7.040048717946637e-07 9.995005538146098e-06 1.1853037294710134e-06 6.622973664177943e-06 2.0164628498209936e-05 0.0034331888911092318 0.0004484520295999562 0.001220557776257139 6.694195256194002e-07 7.189299761239977e-07
89 6.562849100893513e-07 6.172153874673034e-07 6.346922428805119e-07 1.5328214241701663e-07 6.866444446359215e-07 0.04841833346366964 6.733781051805238e-07 0.4406962141373566 6.282443693181113e-07 0.0352367526794479 0.0002636878541654296 0.20246773945563004 6.826498482916635e-07 7.193516152948516e-05 0.00010740422274438239 8.106252965073384e-05 2.1429345707753363e-05 0.0021405595069543693 5.85062012188601e-06 0.0005586498574794046 7.040048717946637e-07 9.995005538146098e-06 1.1853037294710134e-06 6.622973664177943e-06 2.0164628498209936e-05 0.0034331888911092318 0.0004484520295999562 0.001220557776257139 6.694195256194002e-07 7.189299761239977e-07
90 6.562849100893513e-07 6.172153874673034e-07 6.346922428805119e-07 1.5328214241701663e-07 6.866444446359215e-07 0.04841833346366964 6.733781051805238e-07 0.4406962141373566 6.282443693181113e-07 0.0352367526794479 0.0002636878541654296 0.20246773945563004 6.826498482916635e-07 7.193516152948516e-05 0.00010740422274438239 8.106252965073384e-05 2.1429345707753363e-05 0.0021405595069543693 5.85062012188601e-06 0.0005586498574794046 7.040048717946637e-07 9.995005538146098e-06 1.1853037294710134e-06 6.622973664177943e-06 2.0164628498209936e-05 0.0034331888911092318 0.0004484520295999562 0.001220557776257139 6.694195256194002e-07 7.189299761239977e-07
91 6.562849100893513e-07 6.172153874673034e-07 6.346922428805119e-07 1.5328214241701663e-07 6.866444446359215e-07 0.04841833346366964 6.733781051805238e-07 0.4406962141373566 6.282443693181113e-07 0.0352367526794479 0.0002636878541654296 0.20246773945563004 6.826498482916635e-07 7.193516152948516e-05 0.00010740422274438239 8.106252965073384e-05 2.1429345707753363e-05 0.0021405595069543693 5.85062012188601e-06 0.0005586498574794046 7.040048717946637e-07 9.995005538146098e-06 1.1853037294710134e-06 6.622973664177943e-06 2.0164628498209936e-05 0.0034331888911092318 0.0004484520295999562 0.001220557776257139 6.694195256194002e-07 7.189299761239977e-07
92 6.562849100893513e-07 6.172153874673034e-07 6.346922428805119e-07 1.5328214241701663e-07 6.866444446359215e-07 0.04841833346366964 6.733781051805238e-07 0.4406962141373566 6.282443693181113e-07 0.0352367526794479 0.0002636878541654296 0.20246773945563004 6.826498482916635e-07 7.193516152948516e-05 0.00010740422274438239 8.106252965073384e-05 2.1429345707753363e-05 0.0021405595069543693 5.85062012188601e-06 0.0005586498574794046 7.040048717946637e-07 9.995005538146098e-06 1.1853037294710134e-06 6.622973664177943e-06 2.0164628498209936e-05 0.0034331888911092318 0.0004484520295999562 0.001220557776257139 6.694195256194002e-07 7.189299761239977e-07
93 6.562849100893513e-07 6.172153874673034e-07 6.346922428805119e-07 1.5328214241701663e-07 6.866444446359215e-07 0.04841833346366964 6.733781051805238e-07 0.4406962141373566 6.282443693181113e-07 0.0352367526794479 0.0002636878541654296 0.20246773945563004 6.826498482916635e-07 7.193516152948516e-05 0.00010740422274438239 8.106252965073384e-05 2.1429345707753363e-05 0.0021405595069543693 5.85062012188601e-06 0.0005586498574794046 7.040048717946637e-07 9.995005538146098e-06 1.1853037294710134e-06 6.622973664177943e-06 2.0164628498209936e-05 0.0034331888911092318 0.0004484520295999562 0.001220557776257139 6.694195256194002e-07 7.189299761239977e-07
94 6.562849100893513e-07 6.172153874673034e-07 6.346922428805119e-07 1.5328214241701663e-07 6.866444446359215e-07 0.04841833346366964 6.733781051805238e-07 0.4406962141373566 6.282443693181113e-07 0.0352367526794479 0.0002636878541654296 0.20246773945563004 6.826498482916635e-07 7.193516152948516e-05 0.00010740422274438239 8.106252965073384e-05 2.1429345707753363e-05 0.0021405595069543693 5.85062012188601e-06 0.0005586498574794046 7.040048717946637e-07 9.995005538146098e-06 1.1853037294710134e-06 6.622973664177943e-06 2.0164628498209936e-05 0.0034331888911092318 0.0004484520295999562 0.001220557776257139 6.694195256194002e-07 7.189299761239977e-07
95 6.562849100893513e-07 6.172153874673034e-07 6.346922428805119e-07 1.5328214241701663e-07 6.866444446359215e-07 0.04841833346366964 6.733781051805238e-07 0.4406962141373566 6.282443693181113e-07 0.0352367526794479 0.0002636878541654296 0.20246773945563004 6.826498482916635e-07 7.193516152948516e-05 0.00010740422274438239 8.106252965073384e-05 2.1429345707753363e-05 0.0021405595069543693 5.85062012188601e-06 0.0005586498574794046 7.040048717946637e-07 9.995005538146098e-06 1.1853037294710134e-06 6.622973664177943e-06 2.0164628498209936e-05 0.0034331888911092318 0.0004484520295999562 0.001220557776257139 6.694195256194002e-07 7.189299761239977e-07
96 6.562849100893513e-07 6.172153874673034e-07 6.346922428805119e-07 1.5328214241701663e-07 6.866444446359215e-07 0.04841833346366964 6.733781051805238e-07 0.4406962141373566 6.282443693181113e-07 0.0352367526794479 0.0002636878541654296 0.20246773945563004 6.826498482916635e-07 7.193516152948516e-05 0.00010740422274438239 8.106252965073384e-05 2.1429345707753363e-05 0.0021405595069543693 5.85062012188601e-06 0.0005586498574794046 7.040048717946637e-07 9.995005538146098e-06 1.1853037294710134e-06 6.622973664177943e-06 2.0164628498209936e-05 0.0034331888911092318 0.0004484520295999562 0.001220557776257139 6.694195256194002e-07 7.189299761239977e-07
97 6.562849100893513e-07 6.172153874673034e-07 6.346922428805119e-07 1.5328214241701663e-07 6.866444446359215e-07 0.04841833346366964 6.733781051805238e-07 0.4406962141373566 6.282443693181113e-07 0.0352367526794479 0.0002636878541654296 0.20246773945563004 6.826498482916635e-07 7.193516152948516e-05 0.00010740422274438239 8.106252965073384e-05 2.1429345707753363e-05 0.0021405595069543693 5.85062012188601e-06 0.0005586498574794046 7.040048717946637e-07 9.995005538146098e-06 1.1853037294710134e-06 6.622973664177943e-06 2.0164628498209936e-05 0.0034331888911092318 0.0004484520295999562 0.001220557776257139 6.694195256194002e-07 7.189299761239977e-07
98 6.562849100893513e-07 6.172153874673034e-07 6.346922428805119e-07 1.5328214241701663e-07 6.866444446359215e-07 0.04841833346366964 6.733781051805238e-07 0.4406962141373566 6.282443693181113e-07 0.0352367526794479 0.0002636878541654296 0.20246773945563004 6.826498482916635e-07 7.193516152948516e-05 0.00010740422274438239 8.106252965073384e-05 2.1429345707753363e-05 0.0021405595069543693 5.85062012188601e-06 0.0005586498574794046 7.040048717946637e-07 9.995005538146098e-06 1.1853037294710134e-06 6.622973664177943e-06 2.0164628498209936e-05 0.0034331888911092318 0.0004484520295999562 0.001220557776257139 6.694195256194002e-07 7.189299761239977e-07
99 6.562849100893513e-07 6.172153874673034e-07 6.346922428805119e-07 1.5328214241701663e-07 6.866444446359215e-07 0.04841833346366964 6.733781051805238e-07 0.4406962141373566 6.282443693181113e-07 0.0352367526794479 0.0002636878541654296 0.20246773945563004 6.826498482916635e-07 7.193516152948516e-05 0.00010740422274438239 8.106252965073384e-05 2.1429345707753363e-05 0.0021405595069543693 5.85062012188601e-06 0.0005586498574794046 7.040048717946637e-07 9.995005538146098e-06 1.1853037294710134e-06 6.622973664177943e-06 2.0164628498209936e-05 0.0034331888911092318 0.0004484520295999562 0.001220557776257139 6.694195256194002e-07 7.189299761239977e-07
100 6.562849100893513e-07 6.172153874673034e-07 6.346922428805119e-07 1.5328214241701663e-07 6.866444446359215e-07 0.04841833346366964 6.733781051805238e-07 0.4406962141373566 6.282443693181113e-07 0.0352367526794479 0.0002636878541654296 0.20246773945563004 6.826498482916635e-07 7.193516152948516e-05 0.00010740422274438239 8.106252965073384e-05 2.1429345707753363e-05 0.0021405595069543693 5.85062012188601e-06 0.0005586498574794046 7.040048717946637e-07 9.995005538146098e-06 1.1853037294710134e-06 6.622973664177943e-06 2.0164628498209936e-05 0.0034331888911092318 0.0004484520295999562 0.001220557776257139 6.694195256194002e-07 7.189299761239977e-07
101 6.562849100893513e-07 6.172153874673034e-07 6.346922428805119e-07 1.5328214241701663e-07 6.866444446359215e-07 0.04841833346366964 6.733781051805238e-07 0.4406962141373566 6.282443693181113e-07 0.0352367526794479 0.0002636878541654296 0.20246773945563004 6.826498482916635e-07 7.193516152948516e-05 0.00010740422274438239 8.106252965073384e-05 2.1429345707753363e-05 0.0021405595069543693 5.85062012188601e-06 0.0005586498574794046 7.040048717946637e-07 9.995005538146098e-06 1.1853037294710134e-06 6.622973664177943e-06 2.0164628498209936e-05 0.0034331888911092318 0.0004484520295999562 0.001220557776257139 6.694195256194002e-07 7.189299761239977e-07
102 6.562849100893513e-07 6.172153874673034e-07 6.346922428805119e-07 1.5328214241701663e-07 6.866444446359215e-07 0.04841833346366964 6.733781051805238e-07 0.4406962141373566 6.282443693181113e-07 0.0352367526794479 0.0002636878541654296 0.20246773945563004 6.826498482916635e-07 7.193516152948516e-05 0.00010740422274438239 8.106252965073384e-05 2.1429345707753363e-05 0.0021405595069543693 5.85062012188601e-06 0.0005586498574794046 7.040048717946637e-07 9.995005538146098e-06 1.1853037294710134e-06 6.622973664177943e-06 2.0164628498209936e-05 0.0034331888911092318 0.0004484520295999562 0.001220557776257139 6.694195256194002e-07 7.189299761239977e-07
103 6.562849100893513e-07 6.172153874673034e-07 6.346922428805119e-07 1.5328214241701663e-07 6.866444446359215e-07 0.04841833346366964 6.733781051805238e-07 0.4406962141373566 6.282443693181113e-07 0.0352367526794479 0.0002636878541654296 0.20246773945563004 6.826498482916635e-07 7.193516152948516e-05 0.00010740422274438239 8.106252965073384e-05 2.1429345707753363e-05 0.0021405595069543693 5.85062012188601e-06 0.0005586498574794046 7.040048717946637e-07 9.995005538146098e-06 1.1853037294710134e-06 6.622973664177943e-06 2.0164628498209936e-05 0.0034331888911092318 0.0004484520295999562 0.001220557776257139 6.694195256194002e-07 7.189299761239977e-07
104 6.562849100893513e-07 6.172153874673034e-07 6.346922428805119e-07 1.5328214241701663e-07 6.866444446359215e-07 0.04841833346366964 6.733781051805238e-07 0.4406962141373566 6.282443693181113e-07 0.0352367526794479 0.0002636878541654296 0.20246773945563004 6.826498482916635e-07 7.193516152948516e-05 0.00010740422274438239 8.106252965073384e-05 2.1429345707753363e-05 0.0021405595069543693 5.85062012188601e-06 0.0005586498574794046 7.040048717946637e-07 9.995005538146098e-06 1.1853037294710134e-06 6.622973664177943e-06 2.0164628498209936e-05 0.0034331888911092318 0.0004484520295999562 0.001220557776257139 6.694195256194002e-07 7.189299761239977e-07
105 6.562849100893513e-07 6.172153874673034e-07 6.346922428805119e-07 1.5328214241701663e-07 6.866444446359215e-07 0.04841833346366964 6.733781051805238e-07 0.4406962141373566 6.282443693181113e-07 0.0352367526794479 0.0002636878541654296 0.20246773945563004 6.826498482916635e-07 7.193516152948516e-05 0.00010740422274438239 8.106252965073384e-05 2.1429345707753363e-05 0.0021405595069543693 5.85062012188601e-06 0.0005586498574794046 7.040048717946637e-07 9.995005538146098e-06 1.1853037294710134e-06 6.622973664177943e-06 2.0164628498209936e-05 0.0034331888911092318 0.0004484520295999562 0.001220557776257139 6.694195256194002e-07 7.189299761239977e-07
106 6.562849100893513e-07 6.172153874673034e-07 6.346922428805119e-07 1.5328214241701663e-07 6.866444446359215e-07 0.04841833346366964 6.733781051805238e-07 0.4406962141373566 6.282443693181113e-07 0.0352367526794479 0.0002636878541654296 0.20246773945563004 6.826498482916635e-07 7.193516152948516e-05 0.00010740422274438239 8.106252965073384e-05 2.1429345707753363e-05 0.0021405595069543693 5.85062012188601e-06 0.0005586498574794046 7.040048717946637e-07 9.995005538146098e-06 1.1853037294710134e-06 6.622973664177943e-06 2.0164628498209936e-05 0.0034331888911092318 0.0004484520295999562 0.001220557776257139 6.694195256194002e-07 7.189299761239977e-07
107 6.562849100893513e-07 6.172153874673034e-07 6.346922428805119e-07 1.5328214241701663e-07 6.866444446359215e-07 0.04841833346366964 6.733781051805238e-07 0.4406962141373566 6.282443693181113e-07 0.0352367526794479 0.0002636878541654296 0.20246773945563004 6.826498482916635e-07 7.193516152948516e-05 0.00010740422274438239 8.106252965073384e-05 2.1429345707753363e-05 0.0021405595069543693 5.85062012188601e-06 0.0005586498574794046 7.040048717946637e-07 9.995005538146098e-06 1.1853037294710134e-06 6.622973664177943e-06 2.0164628498209936e-05 0.0034331888911092318 0.0004484520295999562 0.001220557776257139 6.694195256194002e-07 7.189299761239977e-07
108 6.562849100893513e-07 6.172153874673034e-07 6.346922428805119e-07 1.5328214241701663e-07 6.866444446359215e-07 0.04841833346366964 6.733781051805238e-07 0.4406962141373566 6.282443693181113e-07 0.0352367526794479 0.0002636878541654296 0.20246773945563004 6.826498482916635e-07 7.193516152948516e-05 0.00010740422274438239 8.106252965073384e-05 2.1429345707753363e-05 0.0021405595069543693 5.85062012188601e-06 0.0005586498574794046 7.040048717946637e-07 9.995005538146098e-06 1.1853037294710134e-06 6.622973664177943e-06 2.0164628498209936e-05 0.0034331888911092318 0.0004484520295999562 0.001220557776257139 6.694195256194002e-07 7.189299761239977e-07
