# index Z=1 - Z=30
0 7.400405934731649e-07 0.010911961676145068 6.748450745724816e-07 7.188707769354288e-07 6.8023691773221e-07 1.8105304124009643e-06 7.140745472037186e-07 0.00419338553367894 7.137406310958064e-07 6.974751638154028e-07 7.116591436403976e-07 8.024403273766845e-05 7.232607399497944e-07 0.02213934540091755 1.877976803818902e-06 8.148085262896427e-05 9.014878325344682e-07 0.007478735480302517 1.031117240106843e-06 0.01461533017466751 7.403396662493771e-07 0.00012902557755387973 0.00031993104254323827 1.90507254444542e-05 0.005372161135875296 0.2580408400095298 0.1748659396556447 0.22390644891293435 7.007651112329369e-07 7.058236917509275e-07
1 7.400405934731649e-07 0.010911961676145068 6.748450745724816e-07 7.188707769354288e-07 6.8023691773221e-07 1.8105304124009643e-06 7.140745472037186e-07 0.00419338553367894 7.137406310958064e-07 6.974751638154028e-07 7.116591436403976e-07 8.024403273766845e-05 7.232607399497944e-07 0.02213934540091755 1.877976803818902e-06 8.148085262896427e-05 9.014878325344682e-07 0.007478735480302517 1.031117240106843e-06 0.01461533017466751 7.403396662493771e-07 0.00012902557755387973 0.00031993104254323827 1.90507254444542e-05 0.005372161135875296 0.2580408400095298 0.1748659396556447 0.22390644891293435 7.007651112329369e-07 7.058236917509275e-07
2 7.400405934731649e-07 0.010911961676145068 6.748450745724816e-07 7.188707769354288e-07 6.8023691773221e-07 1.8105304124009643e-06 7.140745472037186e-07 0.00419338553367894 7.137406310958064e-07 6.974751638154028e-07 7.116591436403976e-07 8.024403273766845e-05 7.232607399497944e-07 0.02213934540091755 1.877976803818902e-06 8.148085262896427e-05 9.014878325344682e-07 0.007478735480302517 1.031117240106843e-06 0.01461533017466751 7.403396662493771e-07 0.00012902557755387973 0.00031993104254323827 1.90507254444542e-05 0.005372161135875296 0.2580408400095298 0.1748659396556447 0.22390644891293435 7.007651112329369e-07 7.058236917509275e-07
3 7.400405934731649e-07 0.010911961676145068 6.748450745724816e-07 7.188707769354288e-07 6.8023691773221e-07 1.8105304124009643e-06 7.140745472037186e-07 0.00419338553367894 7.137406310958064e-07 6.974751638154028e-07 7.116591436403976e-07 8.024403273766845e-05 7.232607399497944e-07 0.02213934540091755 1.877976803818902e-06 8.148085262896427e-05 9.014878325344682e-07 0.007478735480302517 1.031117240106843e-06 0.01461533017466751 7.403396662493771e-07 0.00012902557755387973 0.00031993104254323827 1.90507254444542e-05 0.005372161135875296 0.2580408400095298 0.1748659396556447 0.22390644891293435 7.007651112329369e-07 7.058236917509275e-07
4 7.400405934731649e-07 0.010911961676145068 6.748450745724816e-07 7.188707769354288e-07 6.8023691773221e-07 1.8105304124009643e-06 7.140745472037186e-07 0.00419338553367894 7.137406310958064e-07 6.974751638154028e-07 7.116591436403976e-07 8.024403273766845e-05 7.232607399497944e-07 0.02213934540091755 1.877976803818902e-06 8.148085262896427e-05 9.014878325344682e-07 0.007478735480302517 1.031117240106843e-06 0.01461533017466751 7.403396662493771e-07 0.00012902557755387973 0.00031993104254323827 1.90507254444542e-05 0.005372161135875296 0.2580408400095298 0.1748659396556447 0.22390644891293435 7.007651112329369e-07 7.058236917509275e-07
5 7.400405934731649e-07 0.010911961676145068 6.748450745724816e-07 7.188707769354288e-07 6.8023691773221e-07 1.8105304124009643e-06 7.140745472037186e-07 0.00419338553367894 7.137406310958064e-07 6.974751638154028e-07 7.116591436403976e-07 8.024403273766845e-05 7.232607399497944e-07 0.02213934540091755 1.877976803818902e-06 8.148085262896427e-05 9.014878325344682e-07 0.007478735480302517 1.031117240106843e-06 0.01461533017466751 7.403396662493771e-07 0.00012902557755387973 0.00031993104254323827 1.90507254444542e-05 0.005372161135875296 0.2580408400095298 0.1748659396556447 0.22390644891293435 7.007651112329369e-07 7.058236917509275e-07
6 7.400405934731649e-07 0.010911961676145068 6.748450745724816e-07 7.188707769354288e-07 6.8023691773221e-07 1.8105304124009643e-06 7.140745472037186e-07 0.00419338553367894 7.137406310958064e-07 6.974751638154028e-07 7.116591436403976e-07 8.024403273766845e-05 7.232607399497944e-07 0.02213934540091755 1.877976803818902e-06 8.148085262896427e-05 9.014878325344682e-07 0.007478735480302517 1.031117240106843e-06 0.01461533017466751 7.403396662493771e-07 0.00012902557755387973 0.00031993104254323827 1.90507254444542e-05 0.005372161135875296 0.2580408400095298 0.1748659396556447 0.22390644891293435 7.007651112329369e-07 7.058236917509275e-07
7 7.400405934731649e-07 0.010911961676145068 6.748450745724816e-07 7.188707769354288e-07 6.8023691773221e-07 1.8105304124009643e-06 7.140745472037186e-07 0.00419338553367894 7.137406310958064e-07 6.974751638154028e-07 7.116591436403976e-07 8.024403273766845e-05 7.232607399497944e-07 0.02213934540091755 1.877976803818902e-06 8.148085262896427e-05 9.014878325344682e-07 0.007478735480302517 1.031117240106843e-06 0.01461533017466751 7.403396662493771e-07 0.00012902557755387973 0.00031993104254323827 1.90507254444542e-05 0.005372161135875296 0.2580408400095298 0.1748659396556447 0.22390644891293435 7.007651112329369e-07 7.058236917509275e-07
8 7.400405934731649e-07 0.010911961676145068 6.748450745724816e-07 7.188707769354288e-07 6.8023691773221e-07 1.8105304124009643e-06 7.140745472037186e-07 0.00419338553367894 7.137406310958064e-07 6.974751638154028e-07 7.116591436403976e-07 8.024403273766845e-05 7.232607399497944e-07 0.02213934540091755 1.877976803818902e-06 8.148085262896427e-05 9.014878325344682e-07 0.007478735480302517 1.031117240106843e-06 0.01461533017466751 7.403396662493771e-07 0.00012902557755387973 0.00031993104254323827 1.90507254444542e-05 0.005372161135875296 0.2580408400095298 0.1748659396556447 0.22390644891293435 7.007651112329369e-07 7.058236917509275e-07
9 7.400405934731649e-07 0.010911961676145068 6.748450745724816e-07 7.188707769354288e-07 6.8023691773221e-07 1.8105304124009643e-06 7.140745472037186e-07 0.00419338553367894 7.137406310958064e-07 6.974751638154028e-07 7.116591436403976e-07 8.024403273766845e-05 7.232607399497944e-07 0.02213934540091755 1.877976803818902e-06 8.148085262896427e-05 9.014878325344682e-07 0.007478735480302517 1.031117240106843e-06 0.01461533017466751 7.403396662493771e-07 0.00012902557755387973 0.00031993104254323827 1.90507254444542e-05 0.005372161135875296 0.2580408400095298 0.1748659396556447 0.22390644891293435 7.007651112329369e-07 7.058236917509275e-07
10 7.400405934731649e-07 0.010911961676145068 6.748450745724816e-07 7.188707769354288e-07 6.8023691773221e-07 1.8105304124009643e-06 7.140745472037186e-07 0.00419338553367894 7.137406310958064e-07 6.974751638154028e-07 7.116591436403976e-07 8.024403273766845e-05 7.232607399497944e-07 0.02213934540091755 1.877976803818902e-06 8.148085262896427e-05 9.014878325344682e-07 0.007478735480302517 1.031117240106843e-06 0.01461533017466751 7.403396662493771e-07 0.00012902557755387973 0.00031993104254323827 1.90507254444542e-05 0.005372161135875296 0.2580408400095298 0.1748659396556447 0.22390644891293435 7.007651112329369e-07 7.058236917509275e-07
11 7.400405934731649e-07 0.010911961676145068 6.748450745724816e-07 7.188707769354288e-07 6.8023691773221e-07 1.8105304124009643e-06 7.140745472037186e-07 0.00419338553367894 7.137406310958064e-07 6.974751638154028e-07 7.116591436403976e-07 8.024403273766845e-05 7.232607399497944e-07 0.02213934540091755 1.877976803818902e-06 8.148085262896427e-05 9.014878325344682e-07 0.007478735480302517 1.031117240106843e-06 0.01461533017466751 7.403396662493771e-07 0.00012902557755387973 0.00031993104254323827 1.90507254444542e-05 0.005372161135875296 0.2580408400095298 0.1748659396556447 0.22390644891293435 7.007651112329369e-07 7.058236917509275e-07
12 7.802963901771545e-07 0.004034171672188584 8.23237148252478e-07 8.607034698162027e-07 9.616561841898905e-07 1.8423161961116057e-06 9.080900751498578e-07 0.005446244036428462 9.18759831991543e-07 9.242699955597887e-07 9.306731976122163e-07 0.0020801583636391105 8.890437044677142e-07 0.050099747709021196 6.167574480160436e-06 0.0007400966604144877 2.3023288649197465e-06 0.013831427188178208 1.575430102203861e-06 0.024409020605090075 8.411636650423161e-07 0.00013534636610717447 0.0007125215189782934 2.37617973496557e-05 0.03436542553829119 0.17223786292455348 0.1778037563479439 0.31985480389086385 9.33976524527387e-07 8.782155678530102e-07
13 7.802963901771545e-07 0.004034171672188584 8.23237148252478e-07 8.607034698162027e-07 9.616561841898905e-07 1.8423161961116057e-06 9.080900751498578e-07 0.005446244036428462 9.18759831991543e-07 9.242699955597887e-07 9.306731976122163e-07 0.0020801583636391105 8.890437044677142e-07 0.050099747709021196 6.167574480160436e-06 0.0007400966604144877 2.3023288649197465e-06 0.013831427188178208 1.575430102203861e-06 0.024409020605090075 8.411636650423161e-07 0.00013534636610717447 0.0007125215189782934 2.37617973496557e-05 0.03436542553829119 0.17223786292455348 0.1778037563479439 0.31985480389086385 9.33976524527387e-07 8.782155678530102e-07
14 7.802963901771545e-07 0.004034171672188584 8.23237148252478e-07 8.607034698162027e-07 9.616561841898905e-07 1.8423161961116057e-06 9.080900751498578e-07 0.005446244036428462 9.18759831991543e-07 9.242699955597887e-07 9.306731976122163e-07 0.0020801583636391105 8.890437044677142e-07 0.050099747709021196 6.167574480160436e-06 0.0007400966604144877 2.3023288649197465e-06 0.013831427188178208 1.575430102203861e-06 0.024409020605090075 8.411636650423161e-07 0.00013534636610717447 0.0007125215189782934 2.37617973496557e-05 0.03436542553829119 0.17223786292455348 0.1778037563479439 0.31985480389086385 9.33976524527387e-07 8.782155678530102e-07
15 7.802963901771545e-07 0.004034171672188584 8.23237148252478e-07 8.607034698162027e-07 9.616561841898905e-07 1.8423161961116057e-06 9.080900751498578e-07 0.005446244036428462 9.18759831991543e-07 9.242699955597887e-07 9.306731976122163e-07 0.0020801583636391105 8.890437044677142e-07 0.050099747709021196 6.167574480160436e-06 0.0007400966604144877 2.3023288649197465e-06 0.013831427188178208 1.575430102203861e-06 0.024409020605090075 8.411636650423161e-07 0.00013534636610717447 0.0007125215189782934 2.37617973496557e-05 0.03436542553829119 0.17223786292455348 0.1778037563479439 0.31985480389086385 9.33976524527387e-07 8.782155678530102e-07
16 7.802963901771545e-07 0.004034171672188584 8.23237148252478e-07 8.607034698162027e-07 9.616561841898905e-07 1.8423161961116057e-06 9.080900751498578e-07 0.005446244036428462 9.18759831991543e-07 9.242699955597887e-07 9.306731976122163e-07 0.0020801583636391105 8.890437044677142e-07 0.050099747709021196 6.167574480160436e-06 0.0007400966604144877 2.3023288649197465e-06 0.013831427188178208 1.575430102203861e-06 0.024409020605090075 8.411636650423161e-07 0.00013534636610717447 0.0007125215189782934 2.37617973496557e-05 0.03436542553829119 0.17223786292455348 0.1778037563479439 0.31985480389086385 9.33976524527387e-07 8.782155678530102e-07
17 7.802963901771545e-07 0.004034171672188584 8.23237148252478e-07 8.607034698162027e-07 9.616561841898905e-07 1.8423161961116057e-06 9.080900751498578e-07 0.005446244036428462 9.18759831991543e-07 9.242699955597887e-07 9.306731976122163e-07 0.0020801583636391105 8.890437044677142e-07 0.050099747709021196 6.167574480160436e-06 0.0007400966604144877 2.3023288649197465e-06 0.013831427188178208 1.575430102203861e-06 0.024409020605090075 8.411636650423161e-07 0.00013534636610717447 0.0007125215189782934 2.37617973496557e-05 0.03436542553829119 0.17223786292455348 0.1778037563479439 0.31985480389086385 9.33976524527387e-07 8.782155678530102e-07
18 7.802963901771545e-07 0.004034171672188584 8.23237148252478e-07 8.607034698162027e-07 9.616561841898905e-07 1.8423161961116057e-06 9.080900751498578e-07 0.005446244036428462 9.18759831991543e-07 9.242699955597887e-07 9.306731976122163e-07 0.0020801583636391105 8.890437044677142e-07 0.050099747709021196 6.167574480160436e-06 0.0007400966604144877 2.3023288649197465e-06 0.013831427188178208 1.575430102203861e-06 0.024409020605090075 8.411636650423161e-07 0.00013534636610717447 0.0007125215189782934 2.37617973496557e-05 0.03436542553829119 0.17223786292455348 0.1778037563479439 0.31985480389086385 9.33976524527387e-07 8.782155678530102e-07
19 7.802963901771545e-07 0.004034171672188584 8.23237148252478e-07 8.607034698162027e-07 9.616561841898905e-07 1.8423161961116057e-06 9.080900751498578e-07 0.005446244036428462 9.18759831991543e-07 9.242699955597887e-07 9.306731976122163e-07 0.0020801583636391105 8.890437044677142e-07 0.050099747709021196 6.167574480160436e-06 0.0007400966604144877 2.3023288649197465e-06 0.013831427188178208 1.575430102203861e-06 0.024409020605090075 8.411636650423161e-07 0.00013534636610717447 0.0007125215189782934 2.37617973496557e-05 0.03436542553829119 0.17223786292455348 0.1778037563479439 0.31985480389086385 9.33976524527387e-07 8.782155678530102e-07
20 7.802963901771545e-07 0.004034171672188584 8.23237148252478e-07 8.607034698162027e-07 9.616561841898905e-07 1.8423161961116057e-06 9.080900751498578e-07 0.005446244036428462 9.18759831991543e-07 9.242699955597887e-07 9.306731976122163e-07 0.0020801583636391105 8.890437044677142e-07 0.050099747709021196 6.167574480160436e-06 0.0007400966604144877 2.3023288649197465e-06 0.013831427188178208 1.575430102203861e-06 0.024409020605090075 8.411636650423161e-07 0.00013534636610717447 0.0007125215189782934 2.37617973496557e-05 0.03436542553829119 0.17223786292455348 0.1778037563479439 0.31985480389086385 9.33976524527387e-07 8.782155678530102e-07
21 7.802963901771545e-07 0.004034171672188584 8.23237148252478e-07 8.607034698162027e-07 9.616561841898905e-07 1.8423161961116057e-06 9.080900751498578e-07 0.005446244036428462 9.18759831991543e-07 9.242699955597887e-07 9.306731976122163e-07 0.0020801583636391105 8.890437044677142e-07 0.050099747709021196 6.167574480160436e-06 0.0007400966604144877 2.3023288649197465e-06 0.013831427188178208 1.575430102203861e-06 0.024409020605090075 8.411636650423161e-07 0.00013534636610717447 0.0007125215189782934 2.37617973496557e-05 0.03436542553829119 0.17223786292455348 0.1778037563479439 0.31985480389086385 9.33976524527387e-07 8.782155678530102e-07
22 4.6900027320500507e-07 4.5598325907883473e-07 4.269535515215908e-07 5.161571005605352e-07 4.4158545781717303e-07 1.118389405320866e-06 3.892725947550829e-07 0.0021016103767968948 3.661055074806527e-07 3.861476252864834e-07 4.368594742053022e-07 0.10305865522851973 4.2222836841522455e-07 0.48627989088737794 5.283867140726247e-06 0.14146024567753346 1.1728409999811358e-06 0.016422429730853845 8.703910803036301e-07 0.04414631732705149 4.851833998042318e-07 6.818303646362773e-05 0.0003470832418687573 3.0873195634706325e-05 0.0010798995729895218 0.055287706486949875 0.05175482833545167 0.0057322559897796214 3.862506646954078e-07 4.3628043696627775e-07
23 4.6900027320500507e-07 4.5598325907883473e-07 4.269535515215908e-07 5.161571005605352e-07 4.4158545781717303e-07 1.118389405320866e-06 3.892725947550829e-07 0.0021016103767968948 3.661055074806527e-07 3.861476252864834e-07 4.368594742053022e-07 0.10305865522851973 4.2222836841522455e-07 0.48627989088737794 5.283867140726247e-06 0.14146024567753346 1.1728409999811358e-06 0.016422429730853845 8.703910803036301e-07 0.04414631732705149 4.851833998042318e-07 6.818303646362773e-05 0.0003470832418687573 3.0873195634706325e-05 0.0010798995729895218 0.055287706486949875 0.05175482833545167 0.0057322559897796214 3.862506646954078e-07 4.3628043696627775e-07
24 4.6900027320500507e-07 4.5598325907883473e-07 4.269535515215908e-07 5.161571005605352e-07 4.4158545781717303e-07 1.118389405320866e-06 3.892725947550829e-07 0.0021016103767968948 3.661055074806527e-07 3.861476252864834e-07 4.368594742053022e-07 0.10305865522851973 4.2222836841522455e-07 0.48627989088737794 5.283867140726247e-06 0.14146024567753346 1.1728409999811358e-06 0.016422429730853845 8.703910803036301e-07 0.04414631732705149 4.851833998042318e-07 6.818303646362773e-05 0.0003470832418687573 3.0873195634706325e-05 0.0010798995729895218 0.055287706486949875 0.05175482833545167 0.0057322559897796214 3.862506646954078e-07 4.3628043696627775e-07
25 4.6900027320500507e-07 4.5598325907883473e-07 4.269535515215908e-07 5.161571005605352e-07 4.4158545781717303e-07 1.118389405320866e-06 3.892725947550829e-07 0.0021016103767968948 3.661055074806527e-07 3.861476252864834e-07 4.368594742053022e-07 0.10305865522851973 4.2222836841522455e-07 0.48627989088737794 5.283867140726247e-06 0.14146024567753346 1.1728409999811358e-06 0.016422429730853845 8.703910803036301e-07 0.04414631732705149 4.851833998042318e-07 6.818303646362773e-05 0.0003470832418687573 3.0873195634706325e-05 0.0010798995729895218 0.055287706486949875 0.05175482833545167 0.0057322559897796214 3.862506646954078e-07 4.3628043696627775e-07
26 4.6900027320500507e-07 4.5598325907883473e-07 4.269535515215908e-07 5.161571005605352e-07 4.4158545781717303e-07 1.118389405320866e-06 3.892725947550829e-07 0.0021016103767968948 3.661055074806527e-07 3.861476252864834e-07 4.368594742053022e-07 0.10305865522851973 4.2222836841522455e-07 0.48627989088737794 5.283867140726247e-06 0.14146024567753346 1.1728409999811358e-06 0.016422429730853845 8.703910803036301e-07 0.04414631732705149 4.851833998042318e-07 6.818303646362773e-05 0.0003470832418687573 3.0873195634706325e-05 0.0010798995729895218 0.055287706486949875 0.05175482833545167 0.0057322559897796214 3.862506646954078e-07 4.3628043696627775e-07
27 4.6900027320500507e-07 4.5598325907883473e-07 4.269535515215908e-07 5.161571005605352e-07 4.4158545781717303e-07 1.118389405320866e-06 3.892725947550829e-07 0.0021016103767968948 3.661055074806527e-07 3.861476252864834e-07 4.368594742053022e-07 0.10305865522851973 4.2222836841522455e-07 0.48627989088737794 5.283867140726247e-06 0.14146024567753346 1.1728409999811358e-06 0.016422429730853845 8.703910803036301e-07 0.04414631732705149 4.851833998042318e-07 6.818303646362773e-05 0.0003470832418687573 3.0873195634706325e-05 0.0010798995729895218 0.055287706486949875 0.05175482833545167 0.0057322559897796214 3.862506646954078e-07 4.3628043696627775e-07
28 4.6900027320500507e-07 4.5598325907883473e-07 4.269535515215908e-07 5.161571005605352e-07 4.4158545781717303e-07 1.118389405320866e-06 3.892725947550829e-07 0.0021016103767968948 3.661055074806527e-07 3.861476252864834e-07 4.368594742053022e-07 0.10305865522851973 4.2222836841522455e-07 0.48627989088737794 5.283867140726247e-06 0.14146024567753346 1.1728409999811358e-06 0.016422429730853845 8.703910803036301e-07 0.04414631732705149 4.851833998042318e-07 6.818303646362773e-05 0.0003470832418687573 3.0873195634706325e-05 0.0010798995729895218 0.055287706486949875 0.05175482833545167 0.0057322559897796214 3.862506646954078e-07 4.3628043696627775e-07
29 4.6900027320500507e-07 4.5598325907883473e-07 4.269535515215908e-07 5.161571005605352e-07 4.4158545781717303e-07 1.118389405320866e-06 3.892725947550829e-07 0.0021016103767968948 3.661055074806527e-07 3.861476252864834e-07 4.368594742053022e-07 0.10305865522851973 4.2222836841522455e-07 0.48627989088737794 5.283867140726247e-06 0.14146024567753346 1.1728409999811358e-06 0.016422429730853845 8.703910803036301e-07 0.04414631732705149 4.851833998042318e-07 6.818303646362773e-05 0.0003470832418687573 3.0873195634706325e-05 0.0010798995729895218 0.055287706486949875 0.05175482833545167 0.0057322559897796214 3.862506646954078e-07 4.3628043696627775e-07
30 4.6900027320500507e-07 4.5598325907883473e-07 4.269535515215908e-07 5.161571005605352e-07 4.4158545781717303e-07 1.118389405320866e-06 3.892725947550829e-07 0.0021016103767968948 3.661055074806527e-07 3.861476252864834e-07 4.368594742053022e-07 0.10305865522851973 4.2222836841522455e-07 0.48627989088737794 5.283867140726247e-06 0.14146024567753346 1.1728409999811358e-06 0.016422429730853845 8.703910803036301e-07 0.04414631732705149 4.851833998042318e-07 6.818303646362773e-05 0.0003470832418687573 3.0873195634706325e-05 0.0010798995729895218 0.055287706486949875 0.05175482833545167 0.0057322559897796214 3.862506646954078e-07 4.3628043696627775e-07
31 4.6900027320500507e-07 4.5598325907883473e-07 4.269535515215908e-07 5.161571005605352e-07 4.4158545781717303e-07 1.118389405320866e-06 3.892725947550829e-07 0.0021016103767968948 3.661055074806527e-07 3.861476252864834e-07 4.368594742053022e-07 0.10305865522851973 4.2222836841522455e-07 0.48627989088737794 5.283867140726247e-06 0.14146024567753346 1.1728409999811358e-06 0.016422429730853845 8.703910803036301e-07 0.04414631732705149 4.851833998042318e-07 6.818303646362773e-05 0.0003470832418687573 3.0873195634706325e-05 0.0010798995729895218 0.055287706486949875 0.05175482833545167 0.0057322559897796214 3.862506646954078e-07 4.3628043696627775e-07
32 1.5140742415999452e-07 1.9974989727221357e-07 2.0379414557008745e-07 7.051397293808304e-08 1.934127924227081e-07 4.3842353926766395e-06 1.9836011762364022e-07 0.6462542195410216 2.0594385434084434e-07 7.851804240904269e-07 2.1966488397842282e-07 0.023694380172649045 2.0043622003352012e-07 0.18966626972570638 2.2150213776953472e-05 3.422941756673985e-05 1.2805586192342971e-05 0.008928234937005706 9.119198011836488e-06 0.0032122492369118 1.795627277397254e-07 1.3953200161229639e-05 1.2589209886102775e-05 1.634534776267738e-05 0.00015321870743645127 0.008778767015074487 0.010184429731820842 0.0037510508059348862 2.0697208269969947e-07 2.0359152212650855e-07
33 1.5140742415999452e-07 1.9974989727221357e-07 2.0379414557008745e-07 7.051397293808304e-08 1.934127924227081e-07 4.3842353926766395e-06 1.9836011762364022e-07 0.6462542195410216 2.0594385434084434e-07 7.851804240904269e-07 2.1966488397842282e-07 0.023694380172649045 2.0043622003352012e-07 0.18966626972570638 2.2150213776953472e-05 3.422941756673985e-05 1.2805586192342971e-05 0.008928234937005706 9.119198011836488e-06 0.0032122492369118 1.795627277397254e-07 1.3953200161229639e-05 1.2589209886102775e-05 1.634534776267738e-05 0.00015321870743645127 0.008778767015074487 0.010184429731820842 0.0037510508059348862 2.0697208269969947e-07 2.0359152212650855e-07
34 1.5140742415999452e-07 1.9974989727221357e-07 2.0379414557008745e-07 7.051397293808304e-08 1.934127924227081e-07 4.3842353926766395e-06 1.9836011762364022e-07 0.6462542195410216 2.0594385434084434e-07 7.851804240904269e-07 2.1966488397842282e-07 0.023694380172649045 2.0043622003352012e-07 0.18966626972570638 2.2150213776953472e-05 3.422941756673985e-05 1.2805586192342971e-05 0.008928234937005706 9.119198011836488e-06 0.0032122492369118 1.795627277397254e-07 1.3953200161229639e-05 1.2589209886102775e-05 1.634534776267738e-05 0.00015321870743645127 0.008778767015074487 0.010184429731820842 0.0037510508059348862 2.0697208269969947e-07 2.0359152212650855e-07
35 1.5140742415999452e-07 1.9974989727221357e-07 2.0379414557008745e-07 7.051397293808304e-08 1.934127924227081e-07 4.3842353926766395e-06 1.9836011762364022e-07 0.6462542195410216 2.0594385434084434e-07 7.851804240904269e-07 2.1966488397842282e-07 0.023694380172649045 2.0043622003352012e-07 0.18966626972570638 2.2150213776953472e-05 3.422941756673985e-05 1.2805586192342971e-05 0.008928234937005706 9.119198011836488e-06 0.0032122492369118 1.795627277397254e-07 1.3953200161229639e-05 1.2589209886102775e-05 1.634534776267738e-05 0.00015321870743645127 0.008778767015074487 0.010184429731820842 0.0037510508059348862 2.0697208269969947e-07 2.0359152212650855e-07
36 1.5140742415999452e-07 1.9974989727221357e-07 2.0379414557008745e-07 7.051397293808304e-08 1.934127924227081e-07 4.3842353926766395e-06 1.9836011762364022e-07 0.6462542195410216 2.0594385434084434e-07 7.851804240904269e-07 2.1966488397842282e-07 0.023694380172649045 2.0043622003352012e-07 0.18966626972570638 2.2150213776953472e-05 3.422941756673985e-05 1.2805586192342971e-05 0.008928234937005706 9.119198011836488e-06 0.0032122492369118 1.795627277397254e-07 1.3953200161229639e-05 1.2589209886102775e-05 1.634534776267738e-05 0.00015321870743645127 0.008778767015074487 0.010184429731820842 0.0037510508059348862 2.0697208269969947e-07 2.0359152212650855e-07
37 1.5140742415999452e-07 1.9974989727221357e-07 2.0379414557008745e-07 7.051397293808304e-08 1.934127924227081e-07 4.3842353926766395e-06 1.9836011762364022e-07 0.6462542195410216 2.0594385434084434e-07 7.851804240904269e-07 2.1966488397842282e-07 0.023694380172649045 2.0043622003352012e-07 0.18966626972570638 2.2150213776953472e-05 3.422941756673985e-05 1.2805586192342971e-05 0.008928234937005706 9.119198011836488e-06 0.0032122492369118 1.795627277397254e-07 1.3953200161229639e-05 1.2589209886102775e-05 1.634534776267738e-05 0.00015321870743645127 0.008778767015074487 0.010184429731820842 0.0037510508059348862 2.0697208269969947e-07 2.0359152212650855e-07
38 1.5140742415999452e-07 1.9974989727221357e-07 2.0379414557008745e-07 7.051397293808304e-08 1.934127924227081e-07 4.3842353926766395e-06 1.9836011762364022e-07 0.6462542195410216 2.0594385434084434e-07 7.851804240904269e-07 2.1966488397842282e-07 0.023694380172649045 2.0043622003352012e-07 0.18966626972570638 2.2150213776953472e-05 3.422941756673985e-05 1.2805586192342971e-05 0.008928234937005706 9.119198011836488e-06 0.0032122492369118 1.795627277397254e-07 1.3953200161229639e-05 1.2589209886102775e-05 1.634534776267738e-05 0.00015321870743645127 0.008778767015074487 0.010184429731820842 0.0037510508059348862 2.0697208269969947e-07 2.0359152212650855e-07
39 1.5140742415999452e-07 1.9974989727221357e-07 2.0379414557008745e-07 7.051397293808304e-08 1.934127924227081e-07 4.3842353926766395e-06 1.9836011762364022e-07 0.6462542195410216 2.0594385434084434e-07 7.851804240904269e-07 2.1966488397842282e-07 0.023694380172649045 2.0043622003352012e-07 0.18966626972570638 2.2150213776953472e-05 3.422941756673985e-05 1.2805586192342971e-05 0.008928234937005706 9.119198011836488e-06 0.0032122492369118 1.795627277397254e-07 1.3953200161229639e-05 1.2589209886102775e-05 1.634534776267738e-05 0.00015321870743645127 0.008778767015074487 0.010184429731820842 0.0037510508059348862 2.0697208269969947e-07 2.0359152212650855e-07
40 1.5140742415999452e-07 1.9974989727221357e-07 2.0379414557008745e-07 7.051397293808304e-08 1.934127924227081e-07 4.3842353926766395e-06 1.9836011762364022e-07 0.6462542195410216 2.0594385434084434e-07 7.851804240904269e-07 2.1966488397842282e-07 0.023694380172649045 2.0043622003352012e-07 0.18966626972570638 2.2150213776953472e-05 3.422941756673985e-05 1.2805586192342971e-05 0.008928234937005706 9.119198011836488e-06 0.0032122492369118 1.795627277397254e-07 1.3953200161229639e-05 1.2589209886102775e-05 1.634534776267738e-05 0.00015321870743645127 0.008778767015074487 0.010184429731820842 0.0037510508059348862 2.0697208269969947e-07 2.0359152212650855e-07
41 1.5140742415999452e-07 1.9974989727221357e-07 2.0379414557008745e-07 7.051397293808304e-08 1.934127924227081e-07 4.3842353926766395e-06 1.9836011762364022e-07 0.6462542195410216 2.0594385434084434e-07 7.851804240904269e-07 2.1966488397842282e-07 0.023694380172649045 2.0043622003352012e-07 0.18966626972570638 2.2150213776953472e-05 3.422941756673985e-05 1.2805586192342971e-05 0.008928234937005706 9.119198011836488e-06 0.0032122492369118 1.795627277397254e-07 1.3953200161229639e-05 1.2589209886102775e-05 1.634534776267738e-05 0.00015321870743645127 0.008778767015074487 0.010184429731820842 0.0037510508059348862 2.0697208269969947e-07 2.0359152212650855e-07
42 1.5140742415999452e-07 1.9974989727221357e-07 2.0379414557008745e-07 7.051397293808304e-08 1.934127924227081e-07 4.3842353926766395e-06 1.9836011762364022e-07 0.6462542195410216 2.0594385434084434e-07 7.851804240904269e-07 2.1966488397842282e-07 0.023694380172649045 2.0043622003352012e-07 0.18966626972570638 2.2150213776953472e-05 3.422941756673985e-05 1.2805586192342971e-05 0.008928234937005706 9.119198011836488e-06 0.0032122492369118 1.795627277397254e-07 1.3953200161229639e-05 1.2589209886102775e-05 1.634534776267738e-05 0.00015321870743645127 0.008778767015074487 0.010184429731820842 0.0037510508059348862 2.0697208269969947e-07 2.0359152212650855e-07
43 1.5140742415999452e-07 1.9974989727221357e-07 2.0379414557008745e-07 7.051397293808304e-08 1.934127924227081e-07 4.3842353926766395e-06 1.9836011762364022e-07 0.6462542195410216 2.0594385434084434e-07 7.851804240904269e-07 2.1966488397842282e-07 0.023694380172649045 2.0043622003352012e-07 0.18966626972570638 2.2150213776953472e-05 3.422941756673985e-05 1.2805586192342971e-05 0.008928234937005706 9.119198011836488e-06 0.0032122492369118 1.795627277397254e-07 1.3953200161229639e-05 1.2589209886102775e-05 1.634534776267738e-05 0.00015321870743645127 0.008778767015074487 0.010184429731820842 0.0037510508059348862 2.0697208269969947e-07 2.0359152212650855e-07
44 1.5140742415999452e-07 1.9974989727221357e-07 2.0379414557008745e-07 7.051397293808304e-08 1.934127924227081e-07 4.3842353926766395e-06 1.9836011762364022e-07 0.6462542195410216 2.0594385434084434e-07 7.851804240904269e-07 2.1966488397842282e-07 0.023694380172649045 2.0043622003352012e-07 0.18966626972570638 2.2150213776953472e-05 3.422941756673985e-05 1.2805586192342971e-05 0.008928234937005706 9.119198011836488e-06 0.0032122492369118 1.795627277397254e-07 1.3953200161229639e-05 1.2589209886102775e-05 1.634534776267738e-05 0.00015321870743645127 0.008778767015074487 0.010184429731820842 0.0037510508059348862 2.0697208269969947e-07 2.0359152212650855e-07
45 7.599749780823115e-07 8.263414870152227e-07 7.141623632861255e-07 1.1480160703800052e-07 7.91058530473187e-07 0.05832710912021732 7.937512626857239e-07 0.42624008355877546 8.475418348147751e-07 0.04242395566748508 0.0003750556618882973 0.25717315321433165 8.108059932691479e-07 0.0001038813694732704 0.00011520307495898714 0.00010087077199261339 2.5177406402402995e-05 0.002168446635686655 6.2153162308534e-06 0.0012372284655674738 8.303149525372978e-07 1.2590882510677015e-05 1.8087044659911085e-06 8.332556642027106e-06 2.049927450293649e-05 0.00562066020057772 0.0005912101303569367 0.0018789502916801257 8.941998903436209e-07 8.742057811455354e-07
46 7.599749780823115e-07 8.263414870152227e-07 7.141623632861255e-07 1.1480160703800052e-07 7.91058530473187e-07 0.05832710912021732 7.937512626857239e-07 0.42624008355877546 8.475418348147751e-07 0.04242395566748508 0.0003750556618882973 0.25717315321433165 8.108059932691479e-07 0.0001038813694732704 0.00011520307495898714 0.00010087077199261339 2.5177406402402995e-05 0.002168446635686655 6.2153162308534e-06 0.0012372284655674738 8.303149525372978e-07 1.2590882510677015e-05 1.8087044659911085e-06 8.332556642027106e-06 2.049927450293649e-05 0.00562066020057772 0.0005912101303569367 0.0018789502916801257 8.941998903436209e-07 8.742057811455354e-07
47 7.599749780823115e-07 8.263414870152227e-07 7.141623632861255e-07 1.1480160703800052e-07 7.91058530473187e-07 0.05832710912021732 7.937512626857239e-07 0.42624008355877546 8.475418348147751e-07 0.04242395566748508 0.0003750556618882973 0.25717315321433165 8.108059932691479e-07 0.0001038813694732704 0.00011520307495898714 0.00010087077199261339 2.5177406402402995e-05 0.002168446635686655 6.2153162308534e-06 0.0012372284655674738 8.303149525372978e-07 1.2590882510677015e-05 1.8087044659911085e-06 8.332556642027106e-06 2.049927450293649e-05 0.00562066020057772 0.0005912101303569367 0.0018789502916801257 8.941998903436209e-07 8.742057811455354e-07
48 7.599749780823115e-07 8.263414870152227e-07 7.141623632861255e-07 1.1480160703800052e-07 7.91058530473187e-07 0.05832710912021732 7.937512626857239e-07 0.42624008355877546 8.475418348147751e-07 0.04242395566748508 0.0003750556618882973 0.25717315321433165 8.108059932691479e-07 0.0001038813694732704 0.00011520307495898714 0.00010087077199261339 2.5177406402402995e-05 0.002168446635686655 6.2153162308534e-06 0.0012372284655674738 8.303149525372978e-07 1.2590882510677015e-05 1.8087044659911085e-06 8.332556642027106e-06 2.049927450293649e-05 0.00562066020057772 0.0005912101303569367 0.0018789502916801257 8.941998903436209e-07 8.742057811455354e-07
49 7.599749780823115e-07 8.263414870152227e-07 7.141623632861255e-07 1.1480160703800052e-07 7.91058530473187e-07 0.05832710912021732 7.937512626857239e-07 0.42624008355877546 8.475418348147751e-07 0.04242395566748508 0.0003750556618882973 0.25717315321433165 8.108059932691479e-07 0.0001038813694732704 0.00011520307495898714 0.00010087077199261339 2.5177406402402995e-05 0.002168446635686655 6.2153162308534e-06 0.0012372284655674738 8.303149525372978e-07 1.2590882510677015e-05 1.8087044659911085e-06 8.332556642027106e-06 2.049927450293649e-05 0.00562066020057772 0.0005912101303569367 0.0018789502916801257 8.941998903436209e-07 8.742057811455354e-07
50 7.599749780823115e-07 8.263414870152227e-07 7.141623632861255e-07 1.1480160703800052e-07 7.91058530473187e-07 0.05832710912021732 7.937512626857239e-07 0.42624008355877546 8.475418348147751e-07 0.04242395566748508 0.0003750556618882973 0.25717315321433165 8.108059932691479e-07 0.0001038813694732704 0.00011520307495898714 0.00010087077199261339 2.5177406402402995e-05 0.002168446635686655 6.2153162308534e-06 0.0012372284655674738 8.303149525372978e-07 1.2590882510677015e-05 1.8087044659911085e-06 8.332556642027106e-06 2.049927450293649e-05 0.00562066020057772 0.0005912101303569367 0.0018789502916801257 8.941998903436209e-07 8.742057811455354e-07
51 7.599749780823115e-07 8.263414870152227e-07 7.141623632861255e-07 1.1480160703800052e-07 7.91058530473187e-07 0.05832710912021732 7.937512626857239e-07 0.42624008355877546 8.475418348147751e-07 0.04242395566748508 0.0003750556618882973 0.25717315321433165 8.108059932691479e-07 0.0001038813694732704 0.00011520307495898714 0.00010087077199261339 2.5177406402402995e-05 0.002168446635686655 6.2153162308534e-06 0.0012372284655674738 8.303149525372978e-07 1.2590882510677015e-05 1.8087044659911085e-06 8.332556642027106e-06 2.049927450293649e-05 0.00562066020057772 0.0005912101303569367 0.0018789502916801257 8.941998903436209e-07 8.742057811455354e-07
52 7.599749780823115e-07 8.263414870152227e-07 7.141623632861255e-07 1.1480160703800052e-07 7.91058530473187e-07 0.05832710912021732 7.937512626857239e-07 0.42624008355877546 8.475418348147751e-07 0.04242395566748508 0.0003750556618882973 0.25717315321433165 8.108059932691479e-07 0.0001038813694732704 0.00011520307495898714 0.00010087077199261339 2.5177406402402995e-05 0.002168446635686655 6.2153162308534e-06 0.0012372284655674738 8.303149525372978e-07 1.2590882510677015e-05 1.8087044659911085e-06 8.332556642027106e-06 2.049927450293649e-05 0.00562066020057772 0.0005912101303569367 0.0018789502916801257 8.941998903436209e-07 8.742057811455354e-07
53 7.599749780823115e-07 8.263414870152227e-07 7.141623632861255e-07 1.1480160703800052e-07 7.91058530473187e-07 0.05832710912021732 7.937512626857239e-07 0.42624008355877546 8.475418348147751e-07 0.04242395566748508 0.0003750556618882973 0.25717315321433165 8.108059932691479e-07 0.0001038813694732704 0.00011520307495898714 0.00010087077199261339 2.5177406402402995e-05 0.002168446635686655 6.2153162308534e-06 0.0012372284655674738 8.303149525372978e-07 1.2590882510677015e-05 1.8087044659911085e-06 8.332556642027106e-06 2.049927450293649e-05 0.00562066020057772 0.0005912101303569367 0.0018789502916801257 8.941998903436209e-07 8.742057811455354e-07
54 7.599749780823115e-07 8.263414870152227e-07 7.141623632861255e-07 1.1480160703800052e-07 7.91058530473187e-07 0.05832710912021732 7.937512626857239e-07 0.42624008355877546 8.475418348147751e-07 0.04242395566748508 0.0003750556618882973 0.25717315321433165 8.108059932691479e-07 0.0001038813694732704 0.00011520307495898714 0.00010087077199261339 2.5177406402402995e-05 0.002168446635686655 6.2153162308534e-06 0.0012372284655674738 8.303149525372978e-07 1.2590882510677015e-05 1.8087044659911085e-06 8.332556642027106e-06 2.049927450293649e-05 0.00562066020057772 0.0005912101303569367 0.0018789502916801257 8.941998903436209e-07 8.742057811455354e-07
55 7.599749780823115e-07 8.263414870152227e-07 7.141623632861255e-07 1.1480160703800052e-07 7.91058530473187e-07 0.05832710912021732 7.937512626857239e-07 0.42624008355877546 8.475418348147751e-07 0.04242395566748508 0.0003750556618882973 0.25717315321433165 8.108059932691479e-07 0.0001038813694732704 0.00011520307495898714 0.00010087077199261339 2.5177406402402995e-05 0.002168446635686655 6.2153162308534e-06 0.0012372284655674738 8.303149525372978e-07 1.2590882510677015e-05 1.8087044659911085e-06 8.332556642027106e-06 2.049927450293649e-05 0.00562066020057772 0.0005912101303569367 0.0018789502916801257 8.941998903436209e-07 8.742057811455354e-07
56 7.599749780823115e-07 8.263414870152227e-07 7.141623632861255e-07 1.1480160703800052e-07 7.91058530473187e-07 0.05832710912021732 7.937512626857239e-07 0.42624008355877546 8.475418348147751e-07 0.04242395566748508 0.0003750556618882973 0.25717315321433165 8.108059932691479e-07 0.0001038813694732704 0.00011520307495898714 0.00010087077199261339 2.5177406402402995e-05 0.002168446635686655 6.2153162308534e-06 0.0012372284655674738 8.303149525372978e-07 1.2590882510677015e-05 1.8087044659911085e-06 8.332556642027106e-06 2.049927450293649e-05 0.00562066020057772 0.0005912101303569367 0.0018789502916801257 8.941998903436209e-07 8.742057811455354e-07
57 7.599749780823115e-07 8.263414870152227e-07 7.141623632861255e-07 1.1480160703800052e-07 7.91058530473187e-07 0.05832710912021732 7.937512626857239e-07 0.42624008355877546 8.475418348147751e-07 0.04242395566748508 0.0003750556618882973 0.25717315321433165 8.108059932691479e-07 0.0001038813694732704 0.00011520307495898714 0.00010087077199261339 2.5177406402402995e-05 0.002168446635686655 6.2153162308534e-06 0.0012372284655674738 8.303149525372978e-07 1.2590882510677015e-05 1.8087044659911085e-06 8.332556642027106e-06 2.049927450293649e-05 0.00562066020057772 0.0005912101303569367 0.0018789502916801257 8.941998903436209e-07 8.742057811455354e-07
58 7.599749780823115e-07 8.263414870152227e-07 7.141623632861255e-07 1.1480160703800052e-07 7.91058530473187e-07 0.05832710912021732 7.937512626857239e-07 0.42624008355877546 8.475418348147751e-07 0.04242395566748508 0.0003750556618882973 0.25717315321433165 8.108059932691479e-07 0.0001038813694732704 0.00011520307495898714 0.00010087077199261339 2.5177406402402995e-05 0.002168446635686655 6.2153162308534e-06 0.0012372284655674738 8.303149525372978e-07 1.2590882510677015e-05 1.8087044659911085e-06 8.332556642027106e-06 2.049927450293649e-05 0.00562066020057772 0.0005912101303569367 0.0018789502916801257 8.941998903436209e-07 8.742057811455354e-07
59 7.599749780823115e-07 8.263414870152227e-07 7.141623632861255e-07 1.1480160703800052e-07 7.91058530473187e-07 0.05832710912021732 7.937512626857239e-07 0.42624008355877546 8.475418348147751e-07 0.04242395566748508 0.0003750556618882973 0.25717315321433165 8.108059932691479e-07 0.0001038813694732704 0.00011520307495898714 0.00010087077199261339 2.5177406402402995e-05 0.002168446635686655 6.2153162308534e-06 0.0012372284655674738 8.303149525372978e-07 1.2590882510677015e-05 1.8087044659911085e-06 8.332556642027106e-06 2.049927450293649e-05 0.00562066020057772 0.0005912101303569367 0.0018789502916801257 8.941998903436209e-07 8.742057811455354e-07
60 7.599749780823115e-07 8.263414870152227e-07 7.141623632861255e-07 1.1480160703800052e-07 7.91058530473187e-07 0.05832710912021732 7.937512626857239e-07 0.42624008355877546 8.475418348147751e-07 0.04242395566748508 0.0003750556618882973 0.25717315321433165 8.108059932691479e-07 0.0001038813694732704 0.00011520307495898714 0.00010087077199261339 2.5177406402402995e-05 0.002168446635686655 6.2153162308534e-06 0.0012372284655674738 8.303149525372978e-07 1.2590882510677015e-05 1.8087044659911085e-06 8.332556642027106e-06 2.049927450293649e-05 0.00562066020057772 0.0005912101303569367 0.0018789502916801257 8.941998903436209e-07 8.742057811455354e-07
61 7.599749780823115e-07 8.263414870152227e-07 7.141623632861255e-07 1.1480160703800052e-07 7.91058530473187e-07 0.05832710912021732 7.937512626857239e-07 0.42624008355877546 8.475418348147751e-07 0.04242395566748508 0.0003750556618882973 0.25717315321433165 8.108059932691479e-07 0.0001038813694732704 0.00011520307495898714 0.00010087077199261339 2.5177406402402995e-05 0.002168446635686655 6.2153162308534e-06 0.0012372284655674738 8.303149525372978e-07 1.2590882510677015e-05 1.8087044659911085e-06 8.332556642027106e-06 2.049927450293649e-05 0.00562066020057772 0.0005912101303569367 0.0018789502916801257 8.941998903436209e-07 8.742057811455354e-07
62 7.599749780823115e-07 8.263414870152227e-07 7.141623632861255e-07 1.1480160703800052e-07 7.91058530473187e-07 0.05832710912021732 7.937512626857239e-07 0.42624008355877546 8.475418348147751e-07 0.04242395566748508 0.0003750556618882973 0.25717315321433165 8.108059932691479e-07 0.0001038813694732704 0.00011520307495898714 0.00010087077199261339 2.5177406402402995e-05 0.002168446635686655 6.2153162308534e-06 0.0012372284655674738 8.303149525372978e-07 1.2590882510677015e-05 1.8087044659911085e-06 8.332556642027106e-06 2.049927450293649e-05 0.00562066020057772 0.0005912101303569367 0.0018789502916801257 8.941998903436209e-07 8.742057811455354e-07
63 7.599749780823115e-07 8.263414870152227e-07 7.141623632861255e-07 1.1480160703800052e-07 7.91058530473187e-07 0.05832710912021732 7.937512626857239e-07 0.42624008355877546 8.475418348147751e-07 0.04242395566748508 0.0003750556618882973 0.25717315321433165 8.108059932691479e-07 0.0001038813694732704 0.00011520307495898714 0.00010087077199261339 2.5177406402402995e-05 0.002168446635686655 6.2153162308534e-06 0.0012372284655674738 8.303149525372978e-07 1.2590882510677015e-05 1.8087044659911085e-06 8.332556642027106e-06 2.049927450293649e-05 0.00562066020057772 0.0005912101303569367 0.0018789502916801257 8.941998903436209e-07 8.742057811455354e-07
64 7.599749780823115e-07 8.263414870152227e-07 7.141623632861255e-07 1.1480160703800052e-07 7.91058530473187e-07 0.05832710912021732 7.937512626857239e-07 0.42624008355877546 8.475418348147751e-07 0.04242395566748508 0.0003750556618882973 0.25717315321433165 8.108059932691479e-07 0.0001038813694732704 0.00011520307495898714 0.00010087077199261339 2.5177406402402995e-05 0.002168446635686655 6.2153162308534e-06 0.0012372284655674738 8.303149525372978e-07 1.2590882510677015e-05 1.8087044659911085e-06 8.332556642027106e-06 2.049927450293649e-05 0.00562066020057772 0.0005912101303569367 0.0018789502916801257 8.941998903436209e-07 8.742057811455354e-07
65 7.599749780823115e-07 8.263414870152227e-07 7.141623632861255e-07 1.1480160703800052e-07 7.91058530473187e-07 0.05832710912021732 7.937512626857239e-07 0.42624008355877546 8.475418348147751e-07 0.04242395566748508 0.0003750556618882973 0.25717315321433165 8.108059932691479e-07 0.0001038813694732704 0.00011520307495898714 0.00010087077199261339 2.5177406402402995e-05 0.002168446635686655 6.2153162308534e-06 0.0012372284655674738 8.303149525372978e-07 1.2590882510677015e-05 1.8087044659911085e-06 8.332556642027106e-06 2.049927450293649e-05 0.00562066020057772 0.0005912101303569367 0.0018789502916801257 8.941998903436209e-07 8.742057811455354e-07
66 7.599749780823115e-07 8.263414870152227e-07 7.141623632861255e-07 1.1480160703800052e-07 7.91058530473187e-07 0.05832710912021732 7.937512626857239e-07 0.42624008355877546 8.475418348147751e-07 0.04242395566748508 0.0003750556618882973 0.25717315321433165 8.108059932691479e-07 0.0001038813694732704 0.00011520307495898714 0.00010087077199261339 2.5177406402402995e-05 0.002168446635686655 6.2153162308534e-06 0.0012372284655674738 8.303149525372978e-07 1.2590882510677015e-05 1.8087044659911085e-06 8.332556642027106e-06 2.049927450293649e-05 0.00562066020057772 0.0005912101303569367 0.0018789502916801257 8.941998903436209e-07 8.742057811455354e-07
67 7.599749780823115e-07 8.263414870152227e-07 7.141623632861255e-07 1.1480160703800052e-07 7.91058530473187e-07 0.05832710912021732 7.937512626857239e-07 0.42624008355877546 8.475418348147751e-07 0.04242395566748508 0.0003750556618882973 0.25717315321433165 8.108059932691479e-07 0.0001038813694732704 0.00011520307495898714 0.00010087077199261339 2.5177406402402995e-05 0.002168446635686655 6.2153162308534e-06 0.0012372284655674738 8.303149525372978e-07 1.2590882510677015e-05 1.8087044659911085e-06 8.332556642027106e-06 2.049927450293649e-05 0.00562066020057772 0.0005912101303569367 0.0018789502916801257 8.941998903436209e-07 8.742057811455354e-07
68 6.732383842353563e-07 6.876524032825968e-07 6.899885996072124e-07 3.238070731873725e-07 6.804333733408458e-07 0.05552878370130524 7.364829624430365e-07 0.48528196135991475 6.783655954692278e-07 0.03790555042779796 0.00030173799030393115 0.18374098991279939 6.998301320499005e-07 8.36315136118074e-05 0.00010805263891013645 8.497016327771936e-05 2.4280265391406816e-05 0.0021927981170151616 5.864846694716456e-06 0.000524578210694138 7.93146668136565e-07 1.0756773263848764e-05 1.2521950585492987e-06 7.320055112985827e-06 2.0501007641773884e-05 0.003583081425584876 0.00043554791609280876 0.001121265259268121 7.210374795821225e-07 7.366034577902572e-07
69 6.732383842353563e-07 6.876524032825968e-07 6.899885996072124e-07 3.238070731873725e-07 6.804333733408458e-07 0.05552878370130524 7.364829624430365e-07 0.48528196135991475 6.783655954692278e-07 0.03790555042779796 0.00030173799030393115 0.18374098991279939 6.998301320499005e-07 8.36315136118074e-05 0.00010805263891013645 8.497016327771936e-05 2.4280265391406816e-05 0.0021927981170151616 5.864846694716456e-06 0.000524578210694138 7.93146668136565e-07 1.0756773263848764e-05 1.2521950585492987e-06 7.320055112985827e-06 2.0501007641773884e-05 0.003583081425584876 0.00043554791609280876 0.001121265259268121 7.210374795821225e-07 7.366034577902572e-07
70 6.732383842353563e-07 6.876524032825968e-07 6.899885996072124e-07 3.238070731873725e-07 6.804333733408458e-07 0.05552878370130524 7.364829624430365e-07 0.48528196135991475 6.783655954692278e-07 0.03790555042779796 0.00030173799030393115 0.18374098991279939 6.998301320499005e-07 8.36315136118074e-05 0.00010805263891013645 8.497016327771936e-05 2.4280265391406816e-05 0.0021927981170151616 5.864846694716456e-06 0.000524578210694138 7.93146668136565e-07 1.0756773263848764e-05 1.2521950585492987e-06 7.320055112985827e-06 2.0501007641773884e-05 0.003583081425584876 0.00043554791609280876 0.001121265259268121 7.210374795821225e-07 7.366034577902572e-07
71 6.732383842353563e-07 6.876524032825968e-07 6.899885996072124e-07 3.238070731873725e-07 6.804333733408458e-07 0.05552878370130524 7.364829624430365e-07 0.48528196135991475 6.783655954692278e-07 0.03790555042779796 0.00030173799030393115 0.18374098991279939 6.998301320499005e-07 8.36315136118074e-05 0.00010805263891013645 8.497016327771936e-05 2.4280265391406816e-05 0.0021927981170151616 5.864846694716456e-06 0.000524578210694138 7.93146668136565e-07 1.0756773263848764e-05 1.2521950585492987e-06 7.320055112985827e-06 2.0501007641773884e-05 0.003583081425584876 0.00043554791609280876 0.001121265259268121 7.210374795821225e-07 7.366034577902572e-07
72 6.732383842353563e-07 6.876524032825968e-07 6.899885996072124e-07 3.238070731873725e-07 6.804333733408458e-07 0.05552878370130524 7.364829624430365e-07 0.48528196135991475 6.783655954692278e-07 0.03790555042779796 0.00030173799030393115 0.18374098991279939 6.998301320499005e-07 8.36315136118074e-05 0.00010805263891013645 8.497016327771936e-05 2.4280265391406816e-05 0.0021927981170151616 5.864846694716456e-06 0.000524578210694138 7.93146668136565e-07 1.0756773263848764e-05 1.2521950585492987e-06 7.320055112985827e-06 2.0501007641773884e-05 0.003583081425584876 0.00043554791609280876 0.001121265259268121 7.210374795821225e-07 7.366034577902572e-07
73 6.732383842353563e-07 6.876524032825968e-07 6.899885996072124e-07 3.238070731873725e-07 6.804333733408458e-07 0.05552878370130524 7.364829624430365e-07 0.48528196135991475 6.783655954692278e-07 0.03790555042779796 0.00030173799030393115 0.18374098991279939 6.998301320499005e-07 8.36315136118074e-05 0.00010805263891013645 8.497016327771936e-05 2.4280265391406816e-05 0.0021927981170151616 5.864846694716456e-06 0.000524578210694138 7.93146668136565e-07 1.0756773263848764e-05 1.2521950585492987e-06 7.320055112985827e-06 2.0501007641773884e-05 0.003583081425584876 0.00043554791609280876 0.001121265259268121 7.210374795821225e-07 7.366034577902572e-07
74 6.732383842353563e-07 6.876524032825968e-07 6.899885996072124e-07 3.238070731873725e-07 6.804333733408458e-07 0.05552878370130524 7.364829624430365e-07 0.48528196135991475 6.783655954692278e-07 0.03790555042779796 0.00030173799030393115 0.18374098991279939 6.998301320499005e-07 8.36315136118074e-05 0.00010805263891013645 8.497016327771936e-05 2.4280265391406816e-05 0.0021927981170151616 5.864846694716456e-06 0.000524578210694138 7.93146668136565e-07 1.0756773263848764e-05 1.2521950585492987e-06 7.320055112985827e-06 2.0501007641773884e-05 0.003583081425584876 0.00043554791609280876 0.001121265259268121 7.210374795821225e-07 7.366034577902572e-07
75 6.732383842353563e-07 6.876524032825968e-07 6.899885996072124e-07 3.238070731873725e-07 6.804333733408458e-07 0.05552878370130524 7.364829624430365e-07 0.48528196135991475 6.783655954692278e-07 0.03790555042779796 0.00030173799030393115 0.18374098991279939 6.998301320499005e-07 8.36315136118074e-05 0.00010805263891013645 8.497016327771936e-05 2.4280265391406816e-05 0.0021927981170151616 5.864846694716456e-06 0.000524578210694138 7.93146668136565e-07 1.0756773263848764e-05 1.2521950585492987e-06 7.320055112985827e-06 2.0501007641773884e-05 0.003583081425584876 0.00043554791609280876 0.001121265259268121 7.210374795821225e-07 7.366034577902572e-07
76 6.732383842353563e-07 6.876524032825968e-07 6.899885996072124e-07 3.238070731873725e-07 6.804333733408458e-07 0.05552878370130524 7.364829624430365e-07 0.48528196135991475 6.783655954692278e-07 0.03790555042779796 0.00030173799030393115 0.18374098991279939 6.998301320499005e-07 8.36315136118074e-05 0.00010805263891013645 8.497016327771936e-05 2.4280265391406816e-05 0.0021927981170151616 5.864846694716456e-06 0.000524578210694138 7.93146668136565e-07 1.0756773263848764e-05 1.2521950585492987e-06 7.320055112985827e-06 2.0501007641773884e-05 0.003583081425584876 0.00043554791609280876 0.001121265259268121 7.210374795821225e-07 7.366034577902572e-07
77 6.732383842353563e-07 6.876524032825968e-07 6.899885996072124e-07 3.238070731873725e-07 6.804333733408458e-07 0.05552878370130524 7.364829624430365e-07 0.48528196135991475 6.783655954692278e-07 0.03790555042779796 0.00030173799030393115 0.18374098991279939 6.998301320499005e-07 8.36315136118074e-05 0.00010805263891013645 8.497016327771936e-05 2.4280265391406816e-05 0.0021927981170151616 5.864846694716456e-06 0.000524578210694138 7.93146668136565e-07 1.0756773263848764e-05 1.2521950585492987e-06 7.320055112985827e-06 2.0501007641773884e-05 0.003583081425584876 0.00043554791609280876 0.001121265259268121 7.210374795821225e-07 7.366034577902572e-07
78 6.732383842353563e-07 6.876524032825968e-07 6.899885996072124e-07 3.238070731873725e-07 6.804333733408458e-07 0.05552878370130524 7.364829624430365e-07 0.48528196135991475 6.783655954692278e-07 0.03790555042779796 0.00030173799030393115 0.18374098991279939 6.998301320499005e-07 8.36315136118074e-05 0.00010805263891013645 8.497016327771936e-05 2.4280265391406816e-05 0.0021927981170151616 5.864846694716456e-06 0.000524578210694138 7.93146668136565e-07 1.0756773263848764e-05 1.2521950585492987e-06 7.320055112985827e-06 2.0501007641773884e-05 0.003583081425584876 0.00043554791609280876 0.001121265259268121 7.210374795821225e-07 7.366034577902572e-07
79 6.732383842353563e-07 6.876524032825968e-07 6.899885996072124e-07 3.238070731873725e-07 6.804333733408458e-07 0.05552878370130524 7.364829624430365e-07 0.48528196135991475 6.783655954692278e-07 0.03790555042779796 0.00030173799030393115 0.18374098991279939 6.998301320499005e-07 8.36315136118074e-05 0.00010805263891013645 8.497016327771936e-05 2.4280265391406816e-05 0.0021927981170151616 5.864846694716456e-06 0.000524578210694138 7.93146668136565e-07 1.0756773263848764e-05 1.2521950585492987e-06 7.320055112985827e-06 2.0501007641773884e-05 0.003583081425584876 0.00043554791609280876 0.001121265259268121 7.210374795821225e-07 7.366034577902572e-07
80 6.732383842353563e-07 6.876524032825968e-07 6.899885996072124e-07 3.238070731873725e-07 6.804333733408458e-07 0.05552878370130524 7.364829624430365e-07 0.48528196135991475 6.783655954692278e-07 0.03790555042779796 0.00030173799030393115 0.18374098991279939 6.998301320499005e-07 8.36315136118074e-05 0.00010805263891013645 8.497016327771936e-05 2.4280265391406816e-05 0.0021927981170151616 5.864846694716456e-06 0.000524578210694138 7.93146668136565e-07 1.0756773263848764e-05 1.2521950585492987e-06 7.320055112985827e-06 2.0501007641773884e-05 0.003583081425584876 0.00043554791609280876 0.001121265259268121 7.210374795821225e-07 7.366034577902572e-07
81 6.732383842353563e-07 6.876524032825968e-07 6.899885996072124e-07 3.238070731873725e-07 6.804333733408458e-07 0.05552878370130524 7.364829624430365e-07 0.48528196135991475 6.783655954692278e-07 0.03790555042779796 0.00030173799030393115 0.18374098991279939 6.998301320499005e-07 8.36315136118074e-05 0.00010805263891013645 8.497016327771936e-05 2.4280265391406816e-05 0.0021927981170151616 5.864846694716456e-06 0.000524578210694138 7.93146668136565e-07 1.0756773263848764e-05 1.2521950585492987e-06 7.320055112985827e-06 2.0501007641773884e-05 0.003583081425584876 0.00043554791609280876 0.001121265259268121 7.210374795821225e-07 7.366034577902572e-07
82 6.732383842353563e-07 6.876524032825968e-07 6.899885996072124e-07 3.238070731873725e-07 6.804333733408458e-07 0.05552878370130524 7.364829624430365e-07 0.48528196135991475 6.783655954692278e-07 0.03790555042779796 0.00030173799030393115 0.18374098991279939 6.998301320499005e-07 8.36315136118074e-05 0.00010805263891013645 8.497016327771936e-05 2.4280265391406816e-05 0.0021927981170151616 5.864846694716456e-06 0.000524578210694138 7.93146668136565e-07 1.0756773263848764e-05 1.2521950585492987e-06 7.320055112985827e-06 2.0501007641773884e-05 0.003583081425584876 0.00043554791609280876 0.001121265259268121 7.210374795821225e-07 7.366034577902572e-07
83 6.732383842353563e-07 6.876524032825968e-07 6.899885996072124e-07 3.238070731873725e-07 6.804333733408458e-07 0.05552878370130524 7.364829624430365e-07 0.48528196135991475 6.783655954692278e-07 0.03790555042779796 0.00030173799030393115 0.18374098991279939 6.998301320499005e-07 8.36315136118074e-05 0.00010805263891013645 8.497016327771936e-05 2.4280265391406816e-05 0.0021927981170151616 5.864846694716456e-06 0.000524578210694138 7.93146668136565e-07 1.0756773263848764e-05 1.2521950585492987e-06 7.320055112985827e-06 2.0501007641773884e-05 0.003583081425584876 0.00043554791609280876 0.001121265259268121 7.210374795821225e-07 7.366034577902572e-07
84 6.732383842353563e-07 6.876524032825968e-07 6.899885996072124e-07 3.238070731873725e-07 6.804333733408458e-07 0.05552878370130524 7.364829624430365e-07 0.48528196135991475 6.783655954692278e-07 0.03790555042779796 0.00030173799030393115 0.18374098991279939 6.998301320499005e-07 8.36315136118074e-05 0.00010805263891013645 8.497016327771936e-05 2.4280265391406816e-05 0.0021927981170151616 5.864846694716456e-06 0.000524578210694138 7.93146668136565e-07 1.0756773263848764e-05 1.2521950585492987e-06 7.320055112985827e-06 2.0501007641773884e-05 0.003583081425584876 0.00043554791609280876 0.001121265259268121 7.210374795821225e-07 7.366034577902572e-07
85 6.732383842353563e-07 6.876524032825968e-07 6.899885996072124e-07 3.238070731873725e-07 6.804333733408458e-07 0.05552878370130524 7.364829624430365e-07 0.48528196135991475 6.783655954692278e-07 0.03790555042779796 0.00030173799030393115 0.18374098991279939 6.998301320499005e-07 8.36315136118074e-05 0.00010805263891013645 8.497016327771936e-05 2.4280265391406816e-05 0.0021927981170151616 5.864846694716456e-06 0.000524578210694138 7.93146668136565e-07 1.0756773263848764e-05 1.2521950585492987e-06 7.320055112985827e-06 2.0501007641773884e-05 0.003583081425584876 0.00043554791609280876 0.001121265259268121 7.210374795821225e-07 7.366034577902572e-07
86 6.732383842353563e-07 6.876524032825968e-07 6.899885996072124e-07 3.238070731873725e-07 6.804333733408458e-07 0.05552878370130524 7.364829624430365e-07 0.48528196135991475 6.783655954692278e-07 0.03790555042779796 0.00030173799030393115 0.18374098991279939 6.998301320499005e-07 8.36315136118074e-05 0.00010805263891013645 8.497016327771936e-05 2.4280265391406816e-05 0.0021927981170151616 5.864846694716456e-06 0.000524578210694138 7.93146668136565e-07 1.0756773263848764e-05 1.2521950585492987e-06 7.320055112985827e-06 2.0501007641773884e-05 0.003583081425584876 0.00043554791609280876 0.001121265259268121 7.210374795821225e-07 7.366034577902572e-07
87 6.732383842353563e-07 6.876524032825968e-07 6.899885996072124e-07 3.238070731873725e-07 6.804333733408458e-07 0.05552878370130524 7.364829624430365e-07 0.48528196135991475 6.783655954692278e-07 0.03790555042779796 0.00030173799030393115 0.18374098991279939 6.998301320499005e-07 8.36315136118074e-05 0.00010805263891013645 8.497016327771936e-05 2.4280265391406816e-05 0.0021927981170151616 5.864846694716456e-06 0.000524578210694138 7.93146668136565e-07 1.0756773263848764e-05 1.2521950585492987e-06 7.320055112985827e-06 2.0501007641773884e-05 0.003583081425584876 0.00043554791609280876 0.001121265259268121 7.210374795821225e-07 7.366034577902572e-07
88 6.732383842353563e-07 6.876524032825968e-07 6.899885996072124e-07 3.238070731873725e-07 6.804333733408458e-07 0.05552878370130524 7.364829624430365e-07 0.48528196135991475 6.783655954692278e-07 0.03790555042779796 0.00030173799030393115 0.18374098991279939 6.998301320499005e-07 8.36315136118074e-05 0.00010805263891013645 8.497016327771936e-05 2.4280265391406816e-05 0.0021927981170151616 5.864846694716456e-06 0.000524578210694138 7.93146668136565e-07 1.0756773263848764e-05 1.2521950585492987e-06 7.320055112985827e-06 2.0501007641773884e-05 0.003583081425584876 0.00043554791609280876 0.001121265259268121 7.210374795821225e-07 7.366034577902572e-07
89 6.732383842353563e-07 6.876524032825968e-07 6.899885996072124e-07 3.238070731873725e-07 6.804333733408458e-07 0.05552878370130524 7.364829624430365e-07 0.48528196135991475 6.783655954692278e-07 0.03790555042779796 0.00030173799030393115 0.18374098991279939 6.998301320499005e-07 8.36315136118074e-05 0.00010805263891013645 8.497016327771936e-05 2.4280265391406816e-05 0.0021927981170151616 5.864846694716456e-06 0.000524578210694138 7.93146668136565e-07 1.0756773263848764e-05 1.2521950585492987e-06 7.320055112985827e-06 2.0501007641773884e-05 0.003583081425584876 0.00043554791609280876 0.001121265259268121 7.210374795821225e-07 7.366034577902572e-07
90 6.732383842353563e-07 6.876524032825968e-07 6.899885996072124e-07 3.238070731873725e-07 6.804333733408458e-07 0.05552878370130524 7.364829624430365e-07 0.48528196135991475 6.783655954692278e-07 0.03790555042779796 0.00030173799030393115 0.18374098991279939 6.998301320499005e-07 8.36315136118074e-05 0.00010805263891013645 8.497016327771936e-05 2.4280265391406816e-05 0.0021927981170151616 5.864846694716456e-06 0.000524578210694138 7.93146668136565e-07 1.0756773263848764e-05 1.2521950585492987e-06 7.320055112985827e-06 2.0501007641773884e-05 0.003583081425584876 0.00043554791609280876 0.001121265259268121 7.210374795821225e-07 7.366034577902572e-07
91 6.732383842353563e-07 6.876524032825968e-07 6.899885996072124e-07 3.238070731873725e-07 6.804333733408458e-07 0.05552878370130524 7.364829624430365e-07 0.48528196135991475 6.783655954692278e-07 0.03790555042779796 0.00030173799030393115 0.18374098991279939 6.998301320499005e-07 8.36315136118074e-05 0.00010805263891013645 8.497016327771936e-05 2.4280265391406816e-05 0.0021927981170151616 5.864846694716456e-06 0.000524578210694138 7.93146668136565e-07 1.0756773263848764e-05 1.2521950585492987e-06 7.320055112985827e-06 2.0501007641773884e-05 0.003583081425584876 0.00043554791609280876 0.001121265259268121 7.210374795821225e-07 7.366034577902572e-07
92 6.732383842353563e-07 6.876524032825968e-07 6.899885996072124e-07 3.238070731873725e-07 6.804333733408458e-07 0.05552878370130524 7.364829624430365e-07 0.48528196135991475 6.783655954692278e-07 0.03790555042779796 0.00030173799030393115 0.18374098991279939 6.998301320499005e-07 8.36315136118074e-05 0.00010805263891013645 8.497016327771936e-05 2.4280265391406816e-05 0.0021927981170151616 5.864846694716456e-06 0.000524578210694138 7.93146668136565e-07 1.0756773263848764e-05 1.2521950585492987e-06 7.320055112985827e-06 2.0501007641773884e-05 0.003583081425584876 0.00043554791609280876 0.001121265259268121 7.210374795821225e-07 7.366034577902572e-07
93 6.732383842353563e-07 6.876524032825968e-07 6.899885996072124e-07 3.238070731873725e-07 6.804333733408458e-07 0.05552878370130524 7.364829624430365e-07 0.48528196135991475 6.783655954692278e-07 0.03790555042779796 0.00030173799030393115 0.18374098991279939 6.998301320499005e-07 8.36315136118074e-05 0.00010805263891013645 8.497016327771936e-05 2.4280265391406816e-05 0.0021927981170151616 5.864846694716456e-06 0.000524578210694138 7.93146668136565e-07 1.0756773263848764e-05 1.2521950585492987e-06 7.320055112985827e-06 2.0501007641773884e-05 0.003583081425584876 0.00043554791609280876 0.001121265259268121 7.210374795821225e-07 7.366034577902572e-07
94 6.732383842353563e-07 6.876524032825968e-07 6.899885996072124e-07 3.238070731873725e-07 6.804333733408458e-07 0.05552878370130524 7.364829624430365e-07 0.48528196135991475 6.783655954692278e-07 0.03790555042779796 0.00030173799030393115 0.18374098991279939 6.998301320499005e-07 8.36315136118074e-05 0.00010805263891013645 8.497016327771936e-05 2.4280265391406816e-05 0.0021927981170151616 5.864846694716456e-06 0.000524578210694138 7.93146668136565e-07 1.0756773263848764e-05 1.2521950585492987e-06 7.320055112985827e-06 2.0501007641773884e-05 0.003583081425584876 0.00043554791609280876 0.001121265259268121 7.210374795821225e-07 7.366034577902572e-07
95 6.732383842353563e-07 6.876524032825968e-07 6.899885996072124e-07 3.238070731873725e-07 6.804333733408458e-07 0.05552878370130524 7.364829624430365e-07 0.48528196135991475 6.783655954692278e-07 0.03790555042779796 0.00030173799030393115 0.18374098991279939 6.998301320499005e-07 8.36315136118074e-05 0.00010805263891013645 8.497016327771936e-05 2.4280265391406816e-05 0.0021927981170151616 5.864846694716456e-06 0.000524578210694138 7.93146668136565e-07 1.0756773263848764e-05 1.2521950585492987e-06 7.320055112985827e-06 2.0501007641773884e-05 0.003583081425584876 0.00043554791609280876 0.001121265259268121 7.210374795821225e-07 7.366034577902572e-07
96 6.732383842353563e-07 6.876524032825968e-07 6.899885996072124e-07 3.238070731873725e-07 6.804333733408458e-07 0.05552878370130524 7.364829624430365e-07 0.48528196135991475 6.783655954692278e-07 0.03790555042779796 0.00030173799030393115 0.18374098991279939 6.998301320499005e-07 8.36315136118074e-05 0.00010805263891013645 8.497016327771936e-05 2.4280265391406816e-05 0.0021927981170151616 5.864846694716456e-06 0.000524578210694138 7.93146668136565e-07 1.0756773263848764e-05 1.2521950585492987e-06 7.320055112985827e-06 2.0501007641773884e-05 0.003583081425584876 0.00043554791609280876 0.001121265259268121 7.210374795821225e-07 7.366034577902572e-07
97 6.732383842353563e-07 6.876524032825968e-07 6.899885996072124e-07 3.238070731873725e-07 6.804333733408458e-07 0.05552878370130524 7.364829624430365e-07 0.48528196135991475 6.783655954692278e-07 0.03790555042779796 0.00030173799030393115 0.18374098991279939 6.998301320499005e-07 8.36315136118074e-05 0.00010805263891013645 8.497016327771936e-05 2.4280265391406816e-05 0.0021927981170151616 5.864846694716456e-06 0.000524578210694138 7.93146668136565e-07 1.0756773263848764e-05 1.2521950585492987e-06 7.320055112985827e-06 2.0501007641773884e-05 0.003583081425584876 0.00043554791609280876 0.001121265259268121 7.210374795821225e-07 7.366034577902572e-07
98 6.732383842353563e-07 6.876524032825968e-07 6.899885996072124e-07 3.238070731873725e-07 6.804333733408458e-07 0.05552878370130524 7.364829624430365e-07 0.48528196135991475 6.783655954692278e-07 0.03790555042779796 0.00030173799030393115 0.18374098991279939 6.998301320499005e-07 8.36315136118074e-05 0.00010805263891013645 8.497016327771936e-05 2.4280265391406816e-05 0.0021927981170151616 5.864846694716456e-06 0.000524578210694138 7.93146668136565e-07 1.0756773263848764e-05 1.2521950585492987e-06 7.320055112985827e-06 2.0501007641773884e-05 0.003583081425584876 0.00043554791609280876 0.001121265259268121 7.210374795821225e-07 7.366034577902572e-07
99 6.732383842353563e-07 6.876524032825968e-07 6.899885996072124e-07 3.238070731873725e-07 6.804333733408458e-07 0.05552878370130524 7.364829624430365e-07 0.48528196135991475 6.783655954692278e-07 0.03790555042779796 0.00030173799030393115 0.18374098991279939 6.998301320499005e-07 8.36315136118074e-05 0.00010805263891013645 8.497016327771936e-05 2.4280265391406816e-05 0.0021927981170151616 5.864846694716456e-06 0.000524578210694138 7.93146668136565e-07 1.0756773263848764e-05 1.2521950585492987e-06 7.320055112985827e-06 2.0501007641773884e-05 0.003583081425584876 0.00043554791609280876 0.001121265259268121 7.210374795821225e-07 7.366034577902572e-07
100 6.732383842353563e-07 6.876524032825968e-07 6.899885996072124e-07 3.238070731873725e-07 6.804333733408458e-07 0.05552878370130524 7.364829624430365e-07 0.48528196135991475 6.783655954692278e-07 0.03790555042779796 0.00030173799030393115 0.18374098991279939 6.998301320499005e-07 8.36315136118074e-05 0.00010805263891013645 8.497016327771936e-05 2.4280265391406816e-05 0.0021927981170151616 5.864846694716456e-06 0.000524578210694138 7.93146668136565e-07 1.0756773263848764e-05 1.2521950585492987e-06 7.320055112985827e-06 2.0501007641773884e-05 0.003583081425584876 0.00043554791609280876 0.001121265259268121 7.210374795821225e-07 7.366034577902572e-07
101 6.732383842353563e-07 6.876524032825968e-07 6.899885996072124e-07 3.238070731873725e-07 6.804333733408458e-07 0.05552878370130524 7.364829624430365e-07 0.48528196135991475 6.783655954692278e-07 0.03790555042779796 0.00030173799030393115 0.18374098991279939 6.998301320499005e-07 8.36315136118074e-05 0.00010805263891013645 8.497016327771936e-05 2.4280265391406816e-05 0.0021927981170151616 5.864846694716456e-06 0.000524578210694138 7.93146668136565e-07 1.0756773263848764e-05 1.2521950585492987e-06 7.320055112985827e-06 2.0501007641773884e-05 0.003583081425584876 0.00043554791609280876 0.001121265259268121 7.210374795821225e-07 7.366034577902572e-07
102 6.732383842353563e-07 6.876524032825968e-07 6.899885996072124e-07 3.238070731873725e-07 6.804333733408458e-07 0.05552878370130524 7.364829624430365e-07 0.48528196135991475 6.783655954692278e-07 0.03790555042779796 0.00030173799030393115 0.18374098991279939 6.998301320499005e-07 8.36315136118074e-05 0.00010805263891013645 8.497016327771936e-05 2.4280265391406816e-05 0.0021927981170151616 5.864846694716456e-06 0.000524578210694138 7.93146668136565e-07 1.0756773263848764e-05 1.2521950585492987e-06 7.320055112985827e-06 2.0501007641773884e-05 0.003583081425584876 0.00043554791609280876 0.001121265259268121 7.210374795821225e-07 7.366034577902572e-07
103 6.732383842353563e-07 6.876524032825968e-07 6.899885996072124e-07 3.238070731873725e-07 6.804333733408458e-07 0.05552878370130524 7.364829624430365e-07 0.48528196135991475 6.783655954692278e-07 0.03790555042779796 0.00030173799030393115 0.18374098991279939 6.998301320499005e-07 8.36315136118074e-05 0.00010805263891013645 8.497016327771936e-05 2.4280265391406816e-05 0.0021927981170151616 5.864846694716456e-06 0.000524578210694138 7.93146668136565e-07 1.0756773263848764e-05 1.2521950585492987e-06 7.320055112985827e-06 2.0501007641773884e-05 0.003583081425584876 0.00043554791609280876 0.001121265259268121 7.210374795821225e-07 7.366034577902572e-07
104 6.732383842353563e-07 6.876524032825968e-07 6.899885996072124e-07 3.238070731873725e-07 6.804333733408458e-07 0.05552878370130524 7.364829624430365e-07 0.48528196135991475 6.783655954692278e-07 0.03790555042779796 0.00030173799030393115 0.18374098991279939 6.998301320499005e-07 8.36315136118074e-05 0.00010805263891013645 8.497016327771936e-05 2.4280265391406816e-05 0.0021927981170151616 5.864846694716456e-06 0.000524578210694138 7.93146668136565e-07 1.0756773263848764e-05 1.2521950585492987e-06 7.320055112985827e-06 2.0501007641773884e-05 0.003583081425584876 0.00043554791609280876 0.001121265259268121 7.210374795821225e-07 7.366034577902572e-07
105 6.732383842353563e-07 6.876524032825968e-07 6.899885996072124e-07 3.238070731873725e-07 6.804333733408458e-07 0.05552878370130524 7.364829624430365e-07 0.48528196135991475 6.783655954692278e-07 0.03790555042779796 0.00030173799030393115 0.18374098991279939 6.998301320499005e-07 8.36315136118074e-05 0.00010805263891013645 8.497016327771936e-05 2.4280265391406816e-05 0.0021927981170151616 5.864846694716456e-06 0.000524578210694138 7.93146668136565e-07 1.0756773263848764e-05 1.2521950585492987e-06 7.320055112985827e-06 2.0501007641773884e-05 0.003583081425584876 0.00043554791609280876 0.001121265259268121 7.210374795821225e-07 7.366034577902572e-07
106 6.732383842353563e-07 6.876524032825968e-07 6.899885996072124e-07 3.238070731873725e-07 6.804333733408458e-07 0.05552878370130524 7.364829624430365e-07 0.48528196135991475 6.783655954692278e-07 0.03790555042779796 0.00030173799030393115 0.18374098991279939 6.998301320499005e-07 8.36315136118074e-05 0.00010805263891013645 8.497016327771936e-05 2.4280265391406816e-05 0.0021927981170151616 5.864846694716456e-06 0.000524578210694138 7.93146668136565e-07 1.0756773263848764e-05 1.2521950585492987e-06 7.320055112985827e-06 2.0501007641773884e-05 0.003583081425584876 0.00043554791609280876 0.001121265259268121 7.210374795821225e-07 7.366034577902572e-07
107 6.732383842353563e-07 6.876524032825968e-07 6.899885996072124e-07 3.238070731873725e-07 6.804333733408458e-07 0.05552878370130524 7.364829624430365e-07 0.48528196135991475 6.783655954692278e-07 0.03790555042779796 0.00030173799030393115 0.18374098991279939 6.998301320499005e-07 8.36315136118074e-05 0.00010805263891013645 8.497016327771936e-05 2.4280265391406816e-05 0.0021927981170151616 5.864846694716456e-06 0.000524578210694138 7.93146668136565e-07 1.0756773263848764e-05 1.2521950585492987e-06 7.320055112985827e-06 2.0501007641773884e-05 0.003583081425584876 0.00043554791609280876 0.001121265259268121 7.210374795821225e-07 7.366034577902572e-07
108 6.732383842353563e-07 6.876524032825968e-07 6.899885996072124e-07 3.238070731873725e-07 6.804333733408458e-07 0.05552878370130524 7.364829624430365e-07 0.48528196135991475 6.783655954692278e-07 0.03790555042779796 0.00030173799030393115 0.18374098991279939 6.998301320499005e-07 8.36315136118074e-05 0.00010805263891013645 8.497016327771936e-05 2.4280265391406816e-05 0.0021927981170151616 5.864846694716456e-06 0.000524578210694138 7.93146668136565e-07 1.0756773263848764e-05 1.2521950585492987e-06 7.320055112985827e-06 2.0501007641773884e-05 0.003583081425584876 0.00043554791609280876 0.001121265259268121 7.210374795821225e-07 7.366034577902572e-07
