# index Z=1 - Z=30
0 7.603722661469874e-07 0.0123847986787993 7.757075680220725e-07 7.870698201595349e-07 7.846788449399704e-07 1.847365909642965e-06 7.857703187077586e-07 0.004356629415959359 7.741284326908106e-07 8.003321157009501e-07 7.702124030460452e-07 8.957937791264049e-05 7.626925270106971e-07 0.026177725798565536 2.123918985654186e-06 8.492334275380657e-05 9.75675716961362e-07 0.008218305583006924 1.1132585781887692e-06 0.016365585995430976 7.924877147518616e-07 0.0001381701528336991 0.0003257272549262699 2.1647404210337007e-05 0.0069275322470405635 0.2628282312067073 0.15784739504548542 0.23817210648702272 7.424634635293439e-07 7.622103345314186e-07
1 7.603722661469874e-07 0.0123847986787993 7.757075680220725e-07 7.870698201595349e-07 7.846788449399704e-07 1.847365909642965e-06 7.857703187077586e-07 0.004356629415959359 7.741284326908106e-07 8.003321157009501e-07 7.702124030460452e-07 8.957937791264049e-05 7.626925270106971e-07 0.026177725798565536 2.123918985654186e-06 8.492334275380657e-05 9.75675716961362e-07 0.008218305583006924 1.1132585781887692e-06 0.016365585995430976 7.924877147518616e-07 0.0001381701528336991 0.0003257272549262699 2.1647404210337007e-05 0.0069275322470405635 0.2628282312067073 0.15784739504548542 0.23817210648702272 7.424634635293439e-07 7.622103345314186e-07
2 7.603722661469874e-07 0.0123847986787993 7.757075680220725e-07 7.870698201595349e-07 7.846788449399704e-07 1.847365909642965e-06 7.857703187077586e-07 0.004356629415959359 7.741284326908106e-07 8.003321157009501e-07 7.702124030460452e-07 8.957937791264049e-05 7.626925270106971e-07 0.026177725798565536 2.123918985654186e-06 8.492334275380657e-05 9.75675716961362e-07 0.008218305583006924 1.1132585781887692e-06 0.016365585995430976 7.924877147518616e-07 0.0001381701528336991 0.0003257272549262699 2.1647404210337007e-05 0.0069275322470405635 0.2628282312067073 0.15784739504548542 0.23817210648702272 7.424634635293439e-07 7.622103345314186e-07
3 7.603722661469874e-07 0.0123847986787993 7.757075680220725e-07 7.870698201595349e-07 7.846788449399704e-07 1.847365909642965e-06 7.857703187077586e-07 0.004356629415959359 7.741284326908106e-07 8.003321157009501e-07 7.702124030460452e-07 8.957937791264049e-05 7.626925270106971e-07 0.026177725798565536 2.123918985654186e-06 8.492334275380657e-05 9.75675716961362e-07 0.008218305583006924 1.1132585781887692e-06 0.016365585995430976 7.924877147518616e-07 0.0001381701528336991 0.0003257272549262699 2.1647404210337007e-05 0.0069275322470405635 0.2628282312067073 0.15784739504548542 0.23817210648702272 7.424634635293439e-07 7.622103345314186e-07
4 7.603722661469874e-07 0.0123847986787993 7.757075680220725e-07 7.870698201595349e-07 7.846788449399704e-07 1.847365909642965e-06 7.857703187077586e-07 0.004356629415959359 7.741284326908106e-07 8.003321157009501e-07 7.702124030460452e-07 8.957937791264049e-05 7.626925270106971e-07 0.026177725798565536 2.123918985654186e-06 8.492334275380657e-05 9.75675716961362e-07 0.008218305583006924 1.1132585781887692e-06 0.016365585995430976 7.924877147518616e-07 0.0001381701528336991 0.0003257272549262699 2.1647404210337007e-05 0.0069275322470405635 0.2628282312067073 0.15784739504548542 0.23817210648702272 7.424634635293439e-07 7.622103345314186e-07
5 7.603722661469874e-07 0.0123847986787993 7.757075680220725e-07 7.870698201595349e-07 7.846788449399704e-07 1.847365909642965e-06 7.857703187077586e-07 0.004356629415959359 7.741284326908106e-07 8.003321157009501e-07 7.702124030460452e-07 8.957937791264049e-05 7.626925270106971e-07 0.026177725798565536 2.123918985654186e-06 8.492334275380657e-05 9.75675716961362e-07 0.008218305583006924 1.1132585781887692e-06 0.016365585995430976 7.924877147518616e-07 0.0001381701528336991 0.0003257272549262699 2.1647404210337007e-05 0.0069275322470405635 0.2628282312067073 0.15784739504548542 0.23817210648702272 7.424634635293439e-07 7.622103345314186e-07
6 7.603722661469874e-07 0.0123847986787993 7.757075680220725e-07 7.870698201595349e-07 7.846788449399704e-07 1.847365909642965e-06 7.857703187077586e-07 0.004356629415959359 7.741284326908106e-07 8.003321157009501e-07 7.702124030460452e-07 8.957937791264049e-05 7.626925270106971e-07 0.026177725798565536 2.123918985654186e-06 8.492334275380657e-05 9.75675716961362e-07 0.008218305583006924 1.1132585781887692e-06 0.016365585995430976 7.924877147518616e-07 0.0001381701528336991 0.0003257272549262699 2.1647404210337007e-05 0.0069275322470405635 0.2628282312067073 0.15784739504548542 0.23817210648702272 7.424634635293439e-07 7.622103345314186e-07
7 7.603722661469874e-07 0.0123847986787993 7.757075680220725e-07 7.870698201595349e-07 7.846788449399704e-07 1.847365909642965e-06 7.857703187077586e-07 0.004356629415959359 7.741284326908106e-07 8.003321157009501e-07 7.702124030460452e-07 8.957937791264049e-05 7.626925270106971e-07 0.026177725798565536 2.123918985654186e-06 8.492334275380657e-05 9.75675716961362e-07 0.008218305583006924 1.1132585781887692e-06 0.016365585995430976 7.924877147518616e-07 0.0001381701528336991 0.0003257272549262699 2.1647404210337007e-05 0.0069275322470405635 0.2628282312067073 0.15784739504548542 0.23817210648702272 7.424634635293439e-07 7.622103345314186e-07
8 7.603722661469874e-07 0.0123847986787993 7.757075680220725e-07 7.870698201595349e-07 7.846788449399704e-07 1.847365909642965e-06 7.857703187077586e-07 0.004356629415959359 7.741284326908106e-07 8.003321157009501e-07 7.702124030460452e-07 8.957937791264049e-05 7.626925270106971e-07 0.026177725798565536 2.123918985654186e-06 8.492334275380657e-05 9.75675716961362e-07 0.008218305583006924 1.1132585781887692e-06 0.016365585995430976 7.924877147518616e-07 0.0001381701528336991 0.0003257272549262699 2.1647404210337007e-05 0.0069275322470405635 0.2628282312067073 0.15784739504548542 0.23817210648702272 7.424634635293439e-07 7.622103345314186e-07
9 7.603722661469874e-07 0.0123847986787993 7.757075680220725e-07 7.870698201595349e-07 7.846788449399704e-07 1.847365909642965e-06 7.857703187077586e-07 0.004356629415959359 7.741284326908106e-07 8.003321157009501e-07 7.702124030460452e-07 8.957937791264049e-05 7.626925270106971e-07 0.026177725798565536 2.123918985654186e-06 8.492334275380657e-05 9.75675716961362e-07 0.008218305583006924 1.1132585781887692e-06 0.016365585995430976 7.924877147518616e-07 0.0001381701528336991 0.0003257272549262699 2.1647404210337007e-05 0.0069275322470405635 0.2628282312067073 0.15784739504548542 0.23817210648702272 7.424634635293439e-07 7.622103345314186e-07
10 7.603722661469874e-07 0.0123847986787993 7.757075680220725e-07 7.870698201595349e-07 7.846788449399704e-07 1.847365909642965e-06 7.857703187077586e-07 0.004356629415959359 7.741284326908106e-07 8.003321157009501e-07 7.702124030460452e-07 8.957937791264049e-05 7.626925270106971e-07 0.026177725798565536 2.123918985654186e-06 8.492334275380657e-05 9.75675716961362e-07 0.008218305583006924 1.1132585781887692e-06 0.016365585995430976 7.924877147518616e-07 0.0001381701528336991 0.0003257272549262699 2.1647404210337007e-05 0.0069275322470405635 0.2628282312067073 0.15784739504548542 0.23817210648702272 7.424634635293439e-07 7.622103345314186e-07
11 7.603722661469874e-07 0.0123847986787993 7.757075680220725e-07 7.870698201595349e-07 7.846788449399704e-07 1.847365909642965e-06 7.857703187077586e-07 0.004356629415959359 7.741284326908106e-07 8.003321157009501e-07 7.702124030460452e-07 8.957937791264049e-05 7.626925270106971e-07 0.026177725798565536 2.123918985654186e-06 8.492334275380657e-05 9.75675716961362e-07 0.008218305583006924 1.1132585781887692e-06 0.016365585995430976 7.924877147518616e-07 0.0001381701528336991 0.0003257272549262699 2.1647404210337007e-05 0.0069275322470405635 0.2628282312067073 0.15784739504548542 0.23817210648702272 7.424634635293439e-07 7.622103345314186e-07
12 6.770448326741167e-07 0.0031508562001396185 6.867914722109293e-07 7.31320266406956e-07 7.193081766188672e-07 1.2998822076815434e-06 6.841678143841679e-07 0.0035552405280312896 6.76215000834099e-07 7.641912768429347e-07 7.071190703046789e-07 0.0017764284502050972 6.664874572259541e-07 0.017663509173667227 4.945243048587442e-06 0.0005923725544104575 1.9200195243355757e-06 0.009899441965063512 1.2449035024002977e-06 0.02125905590124386 6.418810967922739e-07 9.655390015510346e-05 0.000693232196745372 1.7053608623836277e-05 0.01682130793676529 0.17516518036493411 0.1824439634954382 0.27321027764671585 7.058306664691488e-07 6.41167573235967e-07
13 6.770448326741167e-07 0.0031508562001396185 6.867914722109293e-07 7.31320266406956e-07 7.193081766188672e-07 1.2998822076815434e-06 6.841678143841679e-07 0.0035552405280312896 6.76215000834099e-07 7.641912768429347e-07 7.071190703046789e-07 0.0017764284502050972 6.664874572259541e-07 0.017663509173667227 4.945243048587442e-06 0.0005923725544104575 1.9200195243355757e-06 0.009899441965063512 1.2449035024002977e-06 0.02125905590124386 6.418810967922739e-07 9.655390015510346e-05 0.000693232196745372 1.7053608623836277e-05 0.01682130793676529 0.17516518036493411 0.1824439634954382 0.27321027764671585 7.058306664691488e-07 6.41167573235967e-07
14 6.770448326741167e-07 0.0031508562001396185 6.867914722109293e-07 7.31320266406956e-07 7.193081766188672e-07 1.2998822076815434e-06 6.841678143841679e-07 0.0035552405280312896 6.76215000834099e-07 7.641912768429347e-07 7.071190703046789e-07 0.0017764284502050972 6.664874572259541e-07 0.017663509173667227 4.945243048587442e-06 0.0005923725544104575 1.9200195243355757e-06 0.009899441965063512 1.2449035024002977e-06 0.02125905590124386 6.418810967922739e-07 9.655390015510346e-05 0.000693232196745372 1.7053608623836277e-05 0.01682130793676529 0.17516518036493411 0.1824439634954382 0.27321027764671585 7.058306664691488e-07 6.41167573235967e-07
15 6.770448326741167e-07 0.0031508562001396185 6.867914722109293e-07 7.31320266406956e-07 7.193081766188672e-07 1.2998822076815434e-06 6.841678143841679e-07 0.0035552405280312896 6.76215000834099e-07 7.641912768429347e-07 7.071190703046789e-07 0.0017764284502050972 6.664874572259541e-07 0.017663509173667227 4.945243048587442e-06 0.0005923725544104575 1.9200195243355757e-06 0.009899441965063512 1.2449035024002977e-06 0.02125905590124386 6.418810967922739e-07 9.655390015510346e-05 0.000693232196745372 1.7053608623836277e-05 0.01682130793676529 0.17516518036493411 0.1824439634954382 0.27321027764671585 7.058306664691488e-07 6.41167573235967e-07
16 6.770448326741167e-07 0.0031508562001396185 6.867914722109293e-07 7.31320266406956e-07 7.193081766188672e-07 1.2998822076815434e-06 6.841678143841679e-07 0.0035552405280312896 6.76215000834099e-07 7.641912768429347e-07 7.071190703046789e-07 0.0017764284502050972 6.664874572259541e-07 0.017663509173667227 4.945243048587442e-06 0.0005923725544104575 1.9200195243355757e-06 0.009899441965063512 1.2449035024002977e-06 0.02125905590124386 6.418810967922739e-07 9.655390015510346e-05 0.000693232196745372 1.7053608623836277e-05 0.01682130793676529 0.17516518036493411 0.1824439634954382 0.27321027764671585 7.058306664691488e-07 6.41167573235967e-07
17 6.770448326741167e-07 0.0031508562001396185 6.867914722109293e-07 7.31320266406956e-07 7.193081766188672e-07 1.2998822076815434e-06 6.841678143841679e-07 0.0035552405280312896 6.76215000834099e-07 7.641912768429347e-07 7.071190703046789e-07 0.0017764284502050972 6.664874572259541e-07 0.017663509173667227 4.945243048587442e-06 0.0005923725544104575 1.9200195243355757e-06 0.009899441965063512 1.2449035024002977e-06 0.02125905590124386 6.418810967922739e-07 9.655390015510346e-05 0.000693232196745372 1.7053608623836277e-05 0.01682130793676529 0.17516518036493411 0.1824439634954382 0.27321027764671585 7.058306664691488e-07 6.41167573235967e-07
18 6.770448326741167e-07 0.0031508562001396185 6.867914722109293e-07 7.31320266406956e-07 7.193081766188672e-07 1.2998822076815434e-06 6.841678143841679e-07 0.0035552405280312896 6.76215000834099e-07 7.641912768429347e-07 7.071190703046789e-07 0.0017764284502050972 6.664874572259541e-07 0.017663509173667227 4.945243048587442e-06 0.0005923725544104575 1.9200195243355757e-06 0.009899441965063512 1.2449035024002977e-06 0.02125905590124386 6.418810967922739e-07 9.655390015510346e-05 0.000693232196745372 1.7053608623836277e-05 0.01682130793676529 0.17516518036493411 0.1824439634954382 0.27321027764671585 7.058306664691488e-07 6.41167573235967e-07
19 6.770448326741167e-07 0.0031508562001396185 6.867914722109293e-07 7.31320266406956e-07 7.193081766188672e-07 1.2998822076815434e-06 6.841678143841679e-07 0.0035552405280312896 6.76215000834099e-07 7.641912768429347e-07 7.071190703046789e-07 0.0017764284502050972 6.664874572259541e-07 0.017663509173667227 4.945243048587442e-06 0.0005923725544104575 1.9200195243355757e-06 0.009899441965063512 1.2449035024002977e-06 0.02125905590124386 6.418810967922739e-07 9.655390015510346e-05 0.000693232196745372 1.7053608623836277e-05 0.01682130793676529 0.17516518036493411 0.1824439634954382 0.27321027764671585 7.058306664691488e-07 6.41167573235967e-07
20 6.770448326741167e-07 0.0031508562001396185 6.867914722109293e-07 7.31320266406956e-07 7.193081766188672e-07 1.2998822076815434e-06 6.841678143841679e-07 0.0035552405280312896 6.76215000834099e-07 7.641912768429347e-07 7.071190703046789e-07 0.0017764284502050972 6.664874572259541e-07 0.017663509173667227 4.945243048587442e-06 0.0005923725544104575 1.9200195243355757e-06 0.009899441965063512 1.2449035024002977e-06 0.02125905590124386 6.418810967922739e-07 9.655390015510346e-05 0.000693232196745372 1.7053608623836277e-05 0.01682130793676529 0.17516518036493411 0.1824439634954382 0.27321027764671585 7.058306664691488e-07 6.41167573235967e-07
21 6.770448326741167e-07 0.0031508562001396185 6.867914722109293e-07 7.31320266406956e-07 7.193081766188672e-07 1.2998822076815434e-06 6.841678143841679e-07 0.0035552405280312896 6.76215000834099e-07 7.641912768429347e-07 7.071190703046789e-07 0.0017764284502050972 6.664874572259541e-07 0.017663509173667227 4.945243048587442e-06 0.0005923725544104575 1.9200195243355757e-06 0.009899441965063512 1.2449035024002977e-06 0.02125905590124386 6.418810967922739e-07 9.655390015510346e-05 0.000693232196745372 1.7053608623836277e-05 0.01682130793676529 0.17516518036493411 0.1824439634954382 0.27321027764671585 7.058306664691488e-07 6.41167573235967e-07
22 5.000640466087493e-07 6.213869677930859e-07 5.598180214514549e-07 5.186418907563551e-07 6.227413570630097e-07 2.076171028007972e-06 6.106486440680044e-07 0.002741199207161675 5.016968341028485e-07 6.307373607540494e-07 5.814227687469338e-07 0.15536372509161012 5.612396806453302e-07 0.40897302496333476 8.732522192861686e-06 0.15721629579046378 1.4957993909381837e-06 0.014949411118207537 1.1587789745078917e-06 0.037874525979969174 4.412287579950932e-07 9.83767034104341e-05 0.0002794199128290049 4.41179346790259e-05 0.005700428930910146 0.06979305796574088 0.03845980442962924 0.027504131205240298 5.519139317916582e-07 6.07032170994401e-07
23 5.000640466087493e-07 6.213869677930859e-07 5.598180214514549e-07 5.186418907563551e-07 6.227413570630097e-07 2.076171028007972e-06 6.106486440680044e-07 0.002741199207161675 5.016968341028485e-07 6.307373607540494e-07 5.814227687469338e-07 0.15536372509161012 5.612396806453302e-07 0.40897302496333476 8.732522192861686e-06 0.15721629579046378 1.4957993909381837e-06 0.014949411118207537 1.1587789745078917e-06 0.037874525979969174 4.412287579950932e-07 9.83767034104341e-05 0.0002794199128290049 4.41179346790259e-05 0.005700428930910146 0.06979305796574088 0.03845980442962924 0.027504131205240298 5.519139317916582e-07 6.07032170994401e-07
24 5.000640466087493e-07 6.213869677930859e-07 5.598180214514549e-07 5.186418907563551e-07 6.227413570630097e-07 2.076171028007972e-06 6.106486440680044e-07 0.002741199207161675 5.016968341028485e-07 6.307373607540494e-07 5.814227687469338e-07 0.15536372509161012 5.612396806453302e-07 0.40897302496333476 8.732522192861686e-06 0.15721629579046378 1.4957993909381837e-06 0.014949411118207537 1.1587789745078917e-06 0.037874525979969174 4.412287579950932e-07 9.83767034104341e-05 0.0002794199128290049 4.41179346790259e-05 0.005700428930910146 0.06979305796574088 0.03845980442962924 0.027504131205240298 5.519139317916582e-07 6.07032170994401e-07
25 5.000640466087493e-07 6.213869677930859e-07 5.598180214514549e-07 5.186418907563551e-07 6.227413570630097e-07 2.076171028007972e-06 6.106486440680044e-07 0.002741199207161675 5.016968341028485e-07 6.307373607540494e-07 5.814227687469338e-07 0.15536372509161012 5.612396806453302e-07 0.40897302496333476 8.732522192861686e-06 0.15721629579046378 1.4957993909381837e-06 0.014949411118207537 1.1587789745078917e-06 0.037874525979969174 4.412287579950932e-07 9.83767034104341e-05 0.0002794199128290049 4.41179346790259e-05 0.005700428930910146 0.06979305796574088 0.03845980442962924 0.027504131205240298 5.519139317916582e-07 6.07032170994401e-07
26 5.000640466087493e-07 6.213869677930859e-07 5.598180214514549e-07 5.186418907563551e-07 6.227413570630097e-07 2.076171028007972e-06 6.106486440680044e-07 0.002741199207161675 5.016968341028485e-07 6.307373607540494e-07 5.814227687469338e-07 0.15536372509161012 5.612396806453302e-07 0.40897302496333476 8.732522192861686e-06 0.15721629579046378 1.4957993909381837e-06 0.014949411118207537 1.1587789745078917e-06 0.037874525979969174 4.412287579950932e-07 9.83767034104341e-05 0.0002794199128290049 4.41179346790259e-05 0.005700428930910146 0.06979305796574088 0.03845980442962924 0.027504131205240298 5.519139317916582e-07 6.07032170994401e-07
27 5.000640466087493e-07 6.213869677930859e-07 5.598180214514549e-07 5.186418907563551e-07 6.227413570630097e-07 2.076171028007972e-06 6.106486440680044e-07 0.002741199207161675 5.016968341028485e-07 6.307373607540494e-07 5.814227687469338e-07 0.15536372509161012 5.612396806453302e-07 0.40897302496333476 8.732522192861686e-06 0.15721629579046378 1.4957993909381837e-06 0.014949411118207537 1.1587789745078917e-06 0.037874525979969174 4.412287579950932e-07 9.83767034104341e-05 0.0002794199128290049 4.41179346790259e-05 0.005700428930910146 0.06979305796574088 0.03845980442962924 0.027504131205240298 5.519139317916582e-07 6.07032170994401e-07
28 5.000640466087493e-07 6.213869677930859e-07 5.598180214514549e-07 5.186418907563551e-07 6.227413570630097e-07 2.076171028007972e-06 6.106486440680044e-07 0.002741199207161675 5.016968341028485e-07 6.307373607540494e-07 5.814227687469338e-07 0.15536372509161012 5.612396806453302e-07 0.40897302496333476 8.732522192861686e-06 0.15721629579046378 1.4957993909381837e-06 0.014949411118207537 1.1587789745078917e-06 0.037874525979969174 4.412287579950932e-07 9.83767034104341e-05 0.0002794199128290049 4.41179346790259e-05 0.005700428930910146 0.06979305796574088 0.03845980442962924 0.027504131205240298 5.519139317916582e-07 6.07032170994401e-07
29 5.000640466087493e-07 6.213869677930859e-07 5.598180214514549e-07 5.186418907563551e-07 6.227413570630097e-07 2.076171028007972e-06 6.106486440680044e-07 0.002741199207161675 5.016968341028485e-07 6.307373607540494e-07 5.814227687469338e-07 0.15536372509161012 5.612396806453302e-07 0.40897302496333476 8.732522192861686e-06 0.15721629579046378 1.4957993909381837e-06 0.014949411118207537 1.1587789745078917e-06 0.037874525979969174 4.412287579950932e-07 9.83767034104341e-05 0.0002794199128290049 4.41179346790259e-05 0.005700428930910146 0.06979305796574088 0.03845980442962924 0.027504131205240298 5.519139317916582e-07 6.07032170994401e-07
30 5.000640466087493e-07 6.213869677930859e-07 5.598180214514549e-07 5.186418907563551e-07 6.227413570630097e-07 2.076171028007972e-06 6.106486440680044e-07 0.002741199207161675 5.016968341028485e-07 6.307373607540494e-07 5.814227687469338e-07 0.15536372509161012 5.612396806453302e-07 0.40897302496333476 8.732522192861686e-06 0.15721629579046378 1.4957993909381837e-06 0.014949411118207537 1.1587789745078917e-06 0.037874525979969174 4.412287579950932e-07 9.83767034104341e-05 0.0002794199128290049 4.41179346790259e-05 0.005700428930910146 0.06979305796574088 0.03845980442962924 0.027504131205240298 5.519139317916582e-07 6.07032170994401e-07
31 5.000640466087493e-07 6.213869677930859e-07 5.598180214514549e-07 5.186418907563551e-07 6.227413570630097e-07 2.076171028007972e-06 6.106486440680044e-07 0.002741199207161675 5.016968341028485e-07 6.307373607540494e-07 5.814227687469338e-07 0.15536372509161012 5.612396806453302e-07 0.40897302496333476 8.732522192861686e-06 0.15721629579046378 1.4957993909381837e-06 0.014949411118207537 1.1587789745078917e-06 0.037874525979969174 4.412287579950932e-07 9.83767034104341e-05 0.0002794199128290049 4.41179346790259e-05 0.005700428930910146 0.06979305796574088 0.03845980442962924 0.027504131205240298 5.519139317916582e-07 6.07032170994401e-07
32 2.810344471520333e-07 2.4786467124377825e-07 1.7240026670592474e-07 2.308852386542851e-07 1.905131112662688e-07 6.250937657037804e-06 1.6773573168020848e-07 0.6437568381823524 1.826479488850768e-07 6.178011779033512e-07 2.1686037783790674e-07 0.03818086474440085 1.805527862050016e-07 0.12870037180840743 2.1041247256133374e-05 3.854677463611712e-05 1.0273090334662005e-05 0.00781860636560722 1.0578604184654919e-05 0.003104942119729602 1.9448455458018182e-07 1.730889442903487e-05 1.3267625294380783e-05 1.7357785759347227e-05 0.00018737998417547427 0.00822573967654882 0.003427648435436972 0.002387844169955395 1.705375841768033e-07 2.1534185622179688e-07
33 2.810344471520333e-07 2.4786467124377825e-07 1.7240026670592474e-07 2.308852386542851e-07 1.905131112662688e-07 6.250937657037804e-06 1.6773573168020848e-07 0.6437568381823524 1.826479488850768e-07 6.178011779033512e-07 2.1686037783790674e-07 0.03818086474440085 1.805527862050016e-07 0.12870037180840743 2.1041247256133374e-05 3.854677463611712e-05 1.0273090334662005e-05 0.00781860636560722 1.0578604184654919e-05 0.003104942119729602 1.9448455458018182e-07 1.730889442903487e-05 1.3267625294380783e-05 1.7357785759347227e-05 0.00018737998417547427 0.00822573967654882 0.003427648435436972 0.002387844169955395 1.705375841768033e-07 2.1534185622179688e-07
34 2.810344471520333e-07 2.4786467124377825e-07 1.7240026670592474e-07 2.308852386542851e-07 1.905131112662688e-07 6.250937657037804e-06 1.6773573168020848e-07 0.6437568381823524 1.826479488850768e-07 6.178011779033512e-07 2.1686037783790674e-07 0.03818086474440085 1.805527862050016e-07 0.12870037180840743 2.1041247256133374e-05 3.854677463611712e-05 1.0273090334662005e-05 0.00781860636560722 1.0578604184654919e-05 0.003104942119729602 1.9448455458018182e-07 1.730889442903487e-05 1.3267625294380783e-05 1.7357785759347227e-05 0.00018737998417547427 0.00822573967654882 0.003427648435436972 0.002387844169955395 1.705375841768033e-07 2.1534185622179688e-07
35 2.810344471520333e-07 2.4786467124377825e-07 1.7240026670592474e-07 2.308852386542851e-07 1.905131112662688e-07 6.250937657037804e-06 1.6773573168020848e-07 0.6437568381823524 1.826479488850768e-07 6.178011779033512e-07 2.1686037783790674e-07 0.03818086474440085 1.805527862050016e-07 0.12870037180840743 2.1041247256133374e-05 3.854677463611712e-05 1.0273090334662005e-05 0.00781860636560722 1.0578604184654919e-05 0.003104942119729602 1.9448455458018182e-07 1.730889442903487e-05 1.3267625294380783e-05 1.7357785759347227e-05 0.00018737998417547427 0.00822573967654882 0.003427648435436972 0.002387844169955395 1.705375841768033e-07 2.1534185622179688e-07
36 2.810344471520333e-07 2.4786467124377825e-07 1.7240026670592474e-07 2.308852386542851e-07 1.905131112662688e-07 6.250937657037804e-06 1.6773573168020848e-07 0.6437568381823524 1.826479488850768e-07 6.178011779033512e-07 2.1686037783790674e-07 0.03818086474440085 1.805527862050016e-07 0.12870037180840743 2.1041247256133374e-05 3.854677463611712e-05 1.0273090334662005e-05 0.00781860636560722 1.0578604184654919e-05 0.003104942119729602 1.9448455458018182e-07 1.730889442903487e-05 1.3267625294380783e-05 1.7357785759347227e-05 0.00018737998417547427 0.00822573967654882 0.003427648435436972 0.002387844169955395 1.705375841768033e-07 2.1534185622179688e-07
37 2.810344471520333e-07 2.4786467124377825e-07 1.7240026670592474e-07 2.308852386542851e-07 1.905131112662688e-07 6.250937657037804e-06 1.6773573168020848e-07 0.6437568381823524 1.826479488850768e-07 6.178011779033512e-07 2.1686037783790674e-07 0.03818086474440085 1.805527862050016e-07 0.12870037180840743 2.1041247256133374e-05 3.854677463611712e-05 1.0273090334662005e-05 0.00781860636560722 1.0578604184654919e-05 0.003104942119729602 1.9448455458018182e-07 1.730889442903487e-05 1.3267625294380783e-05 1.7357785759347227e-05 0.00018737998417547427 0.00822573967654882 0.003427648435436972 0.002387844169955395 1.705375841768033e-07 2.1534185622179688e-07
38 2.810344471520333e-07 2.4786467124377825e-07 1.7240026670592474e-07 2.308852386542851e-07 1.905131112662688e-07 6.250937657037804e-06 1.6773573168020848e-07 0.6437568381823524 1.826479488850768e-07 6.178011779033512e-07 2.1686037783790674e-07 0.03818086474440085 1.805527862050016e-07 0.12870037180840743 2.1041247256133374e-05 3.854677463611712e-05 1.0273090334662005e-05 0.00781860636560722 1.0578604184654919e-05 0.003104942119729602 1.9448455458018182e-07 1.730889442903487e-05 1.3267625294380783e-05 1.7357785759347227e-05 0.00018737998417547427 0.00822573967654882 0.003427648435436972 0.002387844169955395 1.705375841768033e-07 2.1534185622179688e-07
39 2.810344471520333e-07 2.4786467124377825e-07 1.7240026670592474e-07 2.308852386542851e-07 1.905131112662688e-07 6.250937657037804e-06 1.6773573168020848e-07 0.6437568381823524 1.826479488850768e-07 6.178011779033512e-07 2.1686037783790674e-07 0.03818086474440085 1.805527862050016e-07 0.12870037180840743 2.1041247256133374e-05 3.854677463611712e-05 1.0273090334662005e-05 0.00781860636560722 1.0578604184654919e-05 0.003104942119729602 1.9448455458018182e-07 1.730889442903487e-05 1.3267625294380783e-05 1.7357785759347227e-05 0.00018737998417547427 0.00822573967654882 0.003427648435436972 0.002387844169955395 1.705375841768033e-07 2.1534185622179688e-07
40 2.810344471520333e-07 2.4786467124377825e-07 1.7240026670592474e-07 2.308852386542851e-07 1.905131112662688e-07 6.250937657037804e-06 1.6773573168020848e-07 0.6437568381823524 1.826479488850768e-07 6.178011779033512e-07 2.1686037783790674e-07 0.03818086474440085 1.805527862050016e-07 0.12870037180840743 2.1041247256133374e-05 3.854677463611712e-05 1.0273090334662005e-05 0.00781860636560722 1.0578604184654919e-05 0.003104942119729602 1.9448455458018182e-07 1.730889442903487e-05 1.3267625294380783e-05 1.7357785759347227e-05 0.00018737998417547427 0.00822573967654882 0.003427648435436972 0.002387844169955395 1.705375841768033e-07 2.1534185622179688e-07
41 2.810344471520333e-07 2.4786467124377825e-07 1.7240026670592474e-07 2.308852386542851e-07 1.905131112662688e-07 6.250937657037804e-06 1.6773573168020848e-07 0.6437568381823524 1.826479488850768e-07 6.178011779033512e-07 2.1686037783790674e-07 0.03818086474440085 1.805527862050016e-07 0.12870037180840743 2.1041247256133374e-05 3.854677463611712e-05 1.0273090334662005e-05 0.00781860636560722 1.0578604184654919e-05 0.003104942119729602 1.9448455458018182e-07 1.730889442903487e-05 1.3267625294380783e-05 1.7357785759347227e-05 0.00018737998417547427 0.00822573967654882 0.003427648435436972 0.002387844169955395 1.705375841768033e-07 2.1534185622179688e-07
42 2.810344471520333e-07 2.4786467124377825e-07 1.7240026670592474e-07 2.308852386542851e-07 1.905131112662688e-07 6.250937657037804e-06 1.6773573168020848e-07 0.6437568381823524 1.826479488850768e-07 6.178011779033512e-07 2.1686037783790674e-07 0.03818086474440085 1.805527862050016e-07 0.12870037180840743 2.1041247256133374e-05 3.854677463611712e-05 1.0273090334662005e-05 0.00781860636560722 1.0578604184654919e-05 0.003104942119729602 1.9448455458018182e-07 1.730889442903487e-05 1.3267625294380783e-05 1.7357785759347227e-05 0.00018737998417547427 0.00822573967654882 0.003427648435436972 0.002387844169955395 1.705375841768033e-07 2.1534185622179688e-07
43 2.810344471520333e-07 2.4786467124377825e-07 1.7240026670592474e-07 2.308852386542851e-07 1.905131112662688e-07 6.250937657037804e-06 1.6773573168020848e-07 0.6437568381823524 1.826479488850768e-07 6.178011779033512e-07 2.1686037783790674e-07 0.03818086474440085 1.805527862050016e-07 0.12870037180840743 2.1041247256133374e-05 3.854677463611712e-05 1.0273090334662005e-05 0.00781860636560722 1.0578604184654919e-05 0.003104942119729602 1.9448455458018182e-07 1.730889442903487e-05 1.3267625294380783e-05 1.7357785759347227e-05 0.00018737998417547427 0.00822573967654882 0.003427648435436972 0.002387844169955395 1.705375841768033e-07 2.1534185622179688e-07
44 2.810344471520333e-07 2.4786467124377825e-07 1.7240026670592474e-07 2.308852386542851e-07 1.905131112662688e-07 6.250937657037804e-06 1.6773573168020848e-07 0.6437568381823524 1.826479488850768e-07 6.178011779033512e-07 2.1686037783790674e-07 0.03818086474440085 1.805527862050016e-07 0.12870037180840743 2.1041247256133374e-05 3.854677463611712e-05 1.0273090334662005e-05 0.00781860636560722 1.0578604184654919e-05 0.003104942119729602 1.9448455458018182e-07 1.730889442903487e-05 1.3267625294380783e-05 1.7357785759347227e-05 0.00018737998417547427 0.00822573967654882 0.003427648435436972 0.002387844169955395 1.705375841768033e-07 2.1534185622179688e-07
45 1.303893151880827e-06 1.0000362332747739e-06 1.4510507624965825e-06 1.0711492945393907e-06 1.097818845161954e-06 0.06240976705402976 1.2377141978483102e-06 0.7922952244522288 1.2662876952628858e-06 0.07466022828385707 0.00047712954779324774 0.05513264456512247 1.282532757008649e-06 0.00012515792737384689 0.00016059697193441025 0.00015164641492224063 4.5154371567817145e-05 0.003326048278350556 9.842024248336424e-06 0.0037052650881870047 1.3875225418658267e-06 1.5301192699239576e-05 2.2058886384098238e-06 1.3083487910641202e-05 3.594167054588718e-05 0.0033118910112844317 0.0008640657732588732 0.0022656603638894946 1.2258910160760034e-06 1.2130801167944646e-06
46 1.303893151880827e-06 1.0000362332747739e-06 1.4510507624965825e-06 1.0711492945393907e-06 1.097818845161954e-06 0.06240976705402976 1.2377141978483102e-06 0.7922952244522288 1.2662876952628858e-06 0.07466022828385707 0.00047712954779324774 0.05513264456512247 1.282532757008649e-06 0.00012515792737384689 0.00016059697193441025 0.00015164641492224063 4.5154371567817145e-05 0.003326048278350556 9.842024248336424e-06 0.0037052650881870047 1.3875225418658267e-06 1.5301192699239576e-05 2.2058886384098238e-06 1.3083487910641202e-05 3.594167054588718e-05 0.0033118910112844317 0.0008640657732588732 0.0022656603638894946 1.2258910160760034e-06 1.2130801167944646e-06
47 1.303893151880827e-06 1.0000362332747739e-06 1.4510507624965825e-06 1.0711492945393907e-06 1.097818845161954e-06 0.06240976705402976 1.2377141978483102e-06 0.7922952244522288 1.2662876952628858e-06 0.07466022828385707 0.00047712954779324774 0.05513264456512247 1.282532757008649e-06 0.00012515792737384689 0.00016059697193441025 0.00015164641492224063 4.5154371567817145e-05 0.003326048278350556 9.842024248336424e-06 0.0037052650881870047 1.3875225418658267e-06 1.5301192699239576e-05 2.2058886384098238e-06 1.3083487910641202e-05 3.594167054588718e-05 0.0033118910112844317 0.0008640657732588732 0.0022656603638894946 1.2258910160760034e-06 1.2130801167944646e-06
48 1.303893151880827e-06 1.0000362332747739e-06 1.4510507624965825e-06 1.0711492945393907e-06 1.097818845161954e-06 0.06240976705402976 1.2377141978483102e-06 0.7922952244522288 1.2662876952628858e-06 0.07466022828385707 0.00047712954779324774 0.05513264456512247 1.282532757008649e-06 0.00012515792737384689 0.00016059697193441025 0.00015164641492224063 4.5154371567817145e-05 0.003326048278350556 9.842024248336424e-06 0.0037052650881870047 1.3875225418658267e-06 1.5301192699239576e-05 2.2058886384098238e-06 1.3083487910641202e-05 3.594167054588718e-05 0.0033118910112844317 0.0008640657732588732 0.0022656603638894946 1.2258910160760034e-06 1.2130801167944646e-06
49 1.303893151880827e-06 1.0000362332747739e-06 1.4510507624965825e-06 1.0711492945393907e-06 1.097818845161954e-06 0.06240976705402976 1.2377141978483102e-06 0.7922952244522288 1.2662876952628858e-06 0.07466022828385707 0.00047712954779324774 0.05513264456512247 1.282532757008649e-06 0.00012515792737384689 0.00016059697193441025 0.00015164641492224063 4.5154371567817145e-05 0.003326048278350556 9.842024248336424e-06 0.0037052650881870047 1.3875225418658267e-06 1.5301192699239576e-05 2.2058886384098238e-06 1.3083487910641202e-05 3.594167054588718e-05 0.0033118910112844317 0.0008640657732588732 0.0022656603638894946 1.2258910160760034e-06 1.2130801167944646e-06
50 1.303893151880827e-06 1.0000362332747739e-06 1.4510507624965825e-06 1.0711492945393907e-06 1.097818845161954e-06 0.06240976705402976 1.2377141978483102e-06 0.7922952244522288 1.2662876952628858e-06 0.07466022828385707 0.00047712954779324774 0.05513264456512247 1.282532757008649e-06 0.00012515792737384689 0.00016059697193441025 0.00015164641492224063 4.5154371567817145e-05 0.003326048278350556 9.842024248336424e-06 0.0037052650881870047 1.3875225418658267e-06 1.5301192699239576e-05 2.2058886384098238e-06 1.3083487910641202e-05 3.594167054588718e-05 0.0033118910112844317 0.0008640657732588732 0.0022656603638894946 1.2258910160760034e-06 1.2130801167944646e-06
51 1.303893151880827e-06 1.0000362332747739e-06 1.4510507624965825e-06 1.0711492945393907e-06 1.097818845161954e-06 0.06240976705402976 1.2377141978483102e-06 0.7922952244522288 1.2662876952628858e-06 0.07466022828385707 0.00047712954779324774 0.05513264456512247 1.282532757008649e-06 0.00012515792737384689 0.00016059697193441025 0.00015164641492224063 4.5154371567817145e-05 0.003326048278350556 9.842024248336424e-06 0.0037052650881870047 1.3875225418658267e-06 1.5301192699239576e-05 2.2058886384098238e-06 1.3083487910641202e-05 3.594167054588718e-05 0.0033118910112844317 0.0008640657732588732 0.0022656603638894946 1.2258910160760034e-06 1.2130801167944646e-06
52 1.303893151880827e-06 1.0000362332747739e-06 1.4510507624965825e-06 1.0711492945393907e-06 1.097818845161954e-06 0.06240976705402976 1.2377141978483102e-06 0.7922952244522288 1.2662876952628858e-06 0.07466022828385707 0.00047712954779324774 0.05513264456512247 1.282532757008649e-06 0.00012515792737384689 0.00016059697193441025 0.00015164641492224063 4.5154371567817145e-05 0.003326048278350556 9.842024248336424e-06 0.0037052650881870047 1.3875225418658267e-06 1.5301192699239576e-05 2.2058886384098238e-06 1.3083487910641202e-05 3.594167054588718e-05 0.0033118910112844317 0.0008640657732588732 0.0022656603638894946 1.2258910160760034e-06 1.2130801167944646e-06
53 1.303893151880827e-06 1.0000362332747739e-06 1.4510507624965825e-06 1.0711492945393907e-06 1.097818845161954e-06 0.06240976705402976 1.2377141978483102e-06 0.7922952244522288 1.2662876952628858e-06 0.07466022828385707 0.00047712954779324774 0.05513264456512247 1.282532757008649e-06 0.00012515792737384689 0.00016059697193441025 0.00015164641492224063 4.5154371567817145e-05 0.003326048278350556 9.842024248336424e-06 0.0037052650881870047 1.3875225418658267e-06 1.5301192699239576e-05 2.2058886384098238e-06 1.3083487910641202e-05 3.594167054588718e-05 0.0033118910112844317 0.0008640657732588732 0.0022656603638894946 1.2258910160760034e-06 1.2130801167944646e-06
54 1.303893151880827e-06 1.0000362332747739e-06 1.4510507624965825e-06 1.0711492945393907e-06 1.097818845161954e-06 0.06240976705402976 1.2377141978483102e-06 0.7922952244522288 1.2662876952628858e-06 0.07466022828385707 0.00047712954779324774 0.05513264456512247 1.282532757008649e-06 0.00012515792737384689 0.00016059697193441025 0.00015164641492224063 4.5154371567817145e-05 0.003326048278350556 9.842024248336424e-06 0.0037052650881870047 1.3875225418658267e-06 1.5301192699239576e-05 2.2058886384098238e-06 1.3083487910641202e-05 3.594167054588718e-05 0.0033118910112844317 0.0008640657732588732 0.0022656603638894946 1.2258910160760034e-06 1.2130801167944646e-06
55 1.303893151880827e-06 1.0000362332747739e-06 1.4510507624965825e-06 1.0711492945393907e-06 1.097818845161954e-06 0.06240976705402976 1.2377141978483102e-06 0.7922952244522288 1.2662876952628858e-06 0.07466022828385707 0.00047712954779324774 0.05513264456512247 1.282532757008649e-06 0.00012515792737384689 0.00016059697193441025 0.00015164641492224063 4.5154371567817145e-05 0.003326048278350556 9.842024248336424e-06 0.0037052650881870047 1.3875225418658267e-06 1.5301192699239576e-05 2.2058886384098238e-06 1.3083487910641202e-05 3.594167054588718e-05 0.0033118910112844317 0.0008640657732588732 0.0022656603638894946 1.2258910160760034e-06 1.2130801167944646e-06
56 1.303893151880827e-06 1.0000362332747739e-06 1.4510507624965825e-06 1.0711492945393907e-06 1.097818845161954e-06 0.06240976705402976 1.2377141978483102e-06 0.7922952244522288 1.2662876952628858e-06 0.07466022828385707 0.00047712954779324774 0.05513264456512247 1.282532757008649e-06 0.00012515792737384689 0.00016059697193441025 0.00015164641492224063 4.5154371567817145e-05 0.003326048278350556 9.842024248336424e-06 0.0037052650881870047 1.3875225418658267e-06 1.5301192699239576e-05 2.2058886384098238e-06 1.3083487910641202e-05 3.594167054588718e-05 0.0033118910112844317 0.0008640657732588732 0.0022656603638894946 1.2258910160760034e-06 1.2130801167944646e-06
57 1.303893151880827e-06 1.0000362332747739e-06 1.4510507624965825e-06 1.0711492945393907e-06 1.097818845161954e-06 0.06240976705402976 1.2377141978483102e-06 0.7922952244522288 1.2662876952628858e-06 0.07466022828385707 0.00047712954779324774 0.05513264456512247 1.282532757008649e-06 0.00012515792737384689 0.00016059697193441025 0.00015164641492224063 4.5154371567817145e-05 0.003326048278350556 9.842024248336424e-06 0.0037052650881870047 1.3875225418658267e-06 1.5301192699239576e-05 2.2058886384098238e-06 1.3083487910641202e-05 3.594167054588718e-05 0.0033118910112844317 0.0008640657732588732 0.0022656603638894946 1.2258910160760034e-06 1.2130801167944646e-06
58 1.303893151880827e-06 1.0000362332747739e-06 1.4510507624965825e-06 1.0711492945393907e-06 1.097818845161954e-06 0.06240976705402976 1.2377141978483102e-06 0.7922952244522288 1.2662876952628858e-06 0.07466022828385707 0.00047712954779324774 0.05513264456512247 1.282532757008649e-06 0.00012515792737384689 0.00016059697193441025 0.00015164641492224063 4.5154371567817145e-05 0.003326048278350556 9.842024248336424e-06 0.0037052650881870047 1.3875225418658267e-06 1.5301192699239576e-05 2.2058886384098238e-06 1.3083487910641202e-05 3.594167054588718e-05 0.0033118910112844317 0.0008640657732588732 0.0022656603638894946 1.2258910160760034e-06 1.2130801167944646e-06
59 1.303893151880827e-06 1.0000362332747739e-06 1.4510507624965825e-06 1.0711492945393907e-06 1.097818845161954e-06 0.06240976705402976 1.2377141978483102e-06 0.7922952244522288 1.2662876952628858e-06 0.07466022828385707 0.00047712954779324774 0.05513264456512247 1.282532757008649e-06 0.00012515792737384689 0.00016059697193441025 0.00015164641492224063 4.5154371567817145e-05 0.003326048278350556 9.842024248336424e-06 0.0037052650881870047 1.3875225418658267e-06 1.5301192699239576e-05 2.2058886384098238e-06 1.3083487910641202e-05 3.594167054588718e-05 0.0033118910112844317 0.0008640657732588732 0.0022656603638894946 1.2258910160760034e-06 1.2130801167944646e-06
60 1.303893151880827e-06 1.0000362332747739e-06 1.4510507624965825e-06 1.0711492945393907e-06 1.097818845161954e-06 0.06240976705402976 1.2377141978483102e-06 0.7922952244522288 1.2662876952628858e-06 0.07466022828385707 0.00047712954779324774 0.05513264456512247 1.282532757008649e-06 0.00012515792737384689 0.00016059697193441025 0.00015164641492224063 4.5154371567817145e-05 0.003326048278350556 9.842024248336424e-06 0.0037052650881870047 1.3875225418658267e-06 1.5301192699239576e-05 2.2058886384098238e-06 1.3083487910641202e-05 3.594167054588718e-05 0.0033118910112844317 0.0008640657732588732 0.0022656603638894946 1.2258910160760034e-06 1.2130801167944646e-06
61 1.303893151880827e-06 1.0000362332747739e-06 1.4510507624965825e-06 1.0711492945393907e-06 1.097818845161954e-06 0.06240976705402976 1.2377141978483102e-06 0.7922952244522288 1.2662876952628858e-06 0.07466022828385707 0.00047712954779324774 0.05513264456512247 1.282532757008649e-06 0.00012515792737384689 0.00016059697193441025 0.00015164641492224063 4.5154371567817145e-05 0.003326048278350556 9.842024248336424e-06 0.0037052650881870047 1.3875225418658267e-06 1.5301192699239576e-05 2.2058886384098238e-06 1.3083487910641202e-05 3.594167054588718e-05 0.0033118910112844317 0.0008640657732588732 0.0022656603638894946 1.2258910160760034e-06 1.2130801167944646e-06
62 1.303893151880827e-06 1.0000362332747739e-06 1.4510507624965825e-06 1.0711492945393907e-06 1.097818845161954e-06 0.06240976705402976 1.2377141978483102e-06 0.7922952244522288 1.2662876952628858e-06 0.07466022828385707 0.00047712954779324774 0.05513264456512247 1.282532757008649e-06 0.00012515792737384689 0.00016059697193441025 0.00015164641492224063 4.5154371567817145e-05 0.003326048278350556 9.842024248336424e-06 0.0037052650881870047 1.3875225418658267e-06 1.5301192699239576e-05 2.2058886384098238e-06 1.3083487910641202e-05 3.594167054588718e-05 0.0033118910112844317 0.0008640657732588732 0.0022656603638894946 1.2258910160760034e-06 1.2130801167944646e-06
63 1.303893151880827e-06 1.0000362332747739e-06 1.4510507624965825e-06 1.0711492945393907e-06 1.097818845161954e-06 0.06240976705402976 1.2377141978483102e-06 0.7922952244522288 1.2662876952628858e-06 0.07466022828385707 0.00047712954779324774 0.05513264456512247 1.282532757008649e-06 0.00012515792737384689 0.00016059697193441025 0.00015164641492224063 4.5154371567817145e-05 0.003326048278350556 9.842024248336424e-06 0.0037052650881870047 1.3875225418658267e-06 1.5301192699239576e-05 2.2058886384098238e-06 1.3083487910641202e-05 3.594167054588718e-05 0.0033118910112844317 0.0008640657732588732 0.0022656603638894946 1.2258910160760034e-06 1.2130801167944646e-06
64 1.303893151880827e-06 1.0000362332747739e-06 1.4510507624965825e-06 1.0711492945393907e-06 1.097818845161954e-06 0.06240976705402976 1.2377141978483102e-06 0.7922952244522288 1.2662876952628858e-06 0.07466022828385707 0.00047712954779324774 0.05513264456512247 1.282532757008649e-06 0.00012515792737384689 0.00016059697193441025 0.00015164641492224063 4.5154371567817145e-05 0.003326048278350556 9.842024248336424e-06 0.0037052650881870047 1.3875225418658267e-06 1.5301192699239576e-05 2.2058886384098238e-06 1.3083487910641202e-05 3.594167054588718e-05 0.0033118910112844317 0.0008640657732588732 0.0022656603638894946 1.2258910160760034e-06 1.2130801167944646e-06
65 1.303893151880827e-06 1.0000362332747739e-06 1.4510507624965825e-06 1.0711492945393907e-06 1.097818845161954e-06 0.06240976705402976 1.2377141978483102e-06 0.7922952244522288 1.2662876952628858e-06 0.07466022828385707 0.00047712954779324774 0.05513264456512247 1.282532757008649e-06 0.00012515792737384689 0.00016059697193441025 0.00015164641492224063 4.5154371567817145e-05 0.003326048278350556 9.842024248336424e-06 0.0037052650881870047 1.3875225418658267e-06 1.5301192699239576e-05 2.2058886384098238e-06 1.3083487910641202e-05 3.594167054588718e-05 0.0033118910112844317 0.0008640657732588732 0.0022656603638894946 1.2258910160760034e-06 1.2130801167944646e-06
66 1.303893151880827e-06 1.0000362332747739e-06 1.4510507624965825e-06 1.0711492945393907e-06 1.097818845161954e-06 0.06240976705402976 1.2377141978483102e-06 0.7922952244522288 1.2662876952628858e-06 0.07466022828385707 0.00047712954779324774 0.05513264456512247 1.282532757008649e-06 0.00012515792737384689 0.00016059697193441025 0.00015164641492224063 4.5154371567817145e-05 0.003326048278350556 9.842024248336424e-06 0.0037052650881870047 1.3875225418658267e-06 1.5301192699239576e-05 2.2058886384098238e-06 1.3083487910641202e-05 3.594167054588718e-05 0.0033118910112844317 0.0008640657732588732 0.0022656603638894946 1.2258910160760034e-06 1.2130801167944646e-06
67 1.303893151880827e-06 1.0000362332747739e-06 1.4510507624965825e-06 1.0711492945393907e-06 1.097818845161954e-06 0.06240976705402976 1.2377141978483102e-06 0.7922952244522288 1.2662876952628858e-06 0.07466022828385707 0.00047712954779324774 0.05513264456512247 1.282532757008649e-06 0.00012515792737384689 0.00016059697193441025 0.00015164641492224063 4.5154371567817145e-05 0.003326048278350556 9.842024248336424e-06 0.0037052650881870047 1.3875225418658267e-06 1.5301192699239576e-05 2.2058886384098238e-06 1.3083487910641202e-05 3.594167054588718e-05 0.0033118910112844317 0.0008640657732588732 0.0022656603638894946 1.2258910160760034e-06 1.2130801167944646e-06
68 8.37240314160397e-07 8.19803259092561e-07 1.077109710214024e-06 7.238438516316595e-07 1.0882719664302936e-06 0.07817941094972883 9.302267605528171e-07 0.495594053181704 9.041443921214754e-07 0.05791733383185583 0.000412358230894693 0.13111092638444322 9.636400736480174e-07 0.00012381219525099395 0.00014806059207451408 0.00012462191086243517 3.431766200599779e-05 0.002990877370928517 7.936057345838812e-06 0.00036671922428113766 1.0815002465271547e-06 1.2849034827711292e-05 1.6350786459076267e-06 9.338616792713772e-06 2.964949414606678e-05 0.0028810108713998948 0.0006187763531646887 0.0021673731320051605 9.086126769883241e-07 9.747152777662853e-07
69 8.37240314160397e-07 8.19803259092561e-07 1.077109710214024e-06 7.238438516316595e-07 1.0882719664302936e-06 0.07817941094972883 9.302267605528171e-07 0.495594053181704 9.041443921214754e-07 0.05791733383185583 0.000412358230894693 0.13111092638444322 9.636400736480174e-07 0.00012381219525099395 0.00014806059207451408 0.00012462191086243517 3.431766200599779e-05 0.002990877370928517 7.936057345838812e-06 0.00036671922428113766 1.0815002465271547e-06 1.2849034827711292e-05 1.6350786459076267e-06 9.338616792713772e-06 2.964949414606678e-05 0.0028810108713998948 0.0006187763531646887 0.0021673731320051605 9.086126769883241e-07 9.747152777662853e-07
70 8.37240314160397e-07 8.19803259092561e-07 1.077109710214024e-06 7.238438516316595e-07 1.0882719664302936e-06 0.07817941094972883 9.302267605528171e-07 0.495594053181704 9.041443921214754e-07 0.05791733383185583 0.000412358230894693 0.13111092638444322 9.636400736480174e-07 0.00012381219525099395 0.00014806059207451408 0.00012462191086243517 3.431766200599779e-05 0.002990877370928517 7.936057345838812e-06 0.00036671922428113766 1.0815002465271547e-06 1.2849034827711292e-05 1.6350786459076267e-06 9.338616792713772e-06 2.964949414606678e-05 0.0028810108713998948 0.0006187763531646887 0.0021673731320051605 9.086126769883241e-07 9.747152777662853e-07
71 8.37240314160397e-07 8.19803259092561e-07 1.077109710214024e-06 7.238438516316595e-07 1.0882719664302936e-06 0.07817941094972883 9.302267605528171e-07 0.495594053181704 9.041443921214754e-07 0.05791733383185583 0.000412358230894693 0.13111092638444322 9.636400736480174e-07 0.00012381219525099395 0.00014806059207451408 0.00012462191086243517 3.431766200599779e-05 0.002990877370928517 7.936057345838812e-06 0.00036671922428113766 1.0815002465271547e-06 1.2849034827711292e-05 1.6350786459076267e-06 9.338616792713772e-06 2.964949414606678e-05 0.0028810108713998948 0.0006187763531646887 0.0021673731320051605 9.086126769883241e-07 9.747152777662853e-07
72 8.37240314160397e-07 8.19803259092561e-07 1.077109710214024e-06 7.238438516316595e-07 1.0882719664302936e-06 0.07817941094972883 9.302267605528171e-07 0.495594053181704 9.041443921214754e-07 0.05791733383185583 0.000412358230894693 0.13111092638444322 9.636400736480174e-07 0.00012381219525099395 0.00014806059207451408 0.00012462191086243517 3.431766200599779e-05 0.002990877370928517 7.936057345838812e-06 0.00036671922428113766 1.0815002465271547e-06 1.2849034827711292e-05 1.6350786459076267e-06 9.338616792713772e-06 2.964949414606678e-05 0.0028810108713998948 0.0006187763531646887 0.0021673731320051605 9.086126769883241e-07 9.747152777662853e-07
73 8.37240314160397e-07 8.19803259092561e-07 1.077109710214024e-06 7.238438516316595e-07 1.0882719664302936e-06 0.07817941094972883 9.302267605528171e-07 0.495594053181704 9.041443921214754e-07 0.05791733383185583 0.000412358230894693 0.13111092638444322 9.636400736480174e-07 0.00012381219525099395 0.00014806059207451408 0.00012462191086243517 3.431766200599779e-05 0.002990877370928517 7.936057345838812e-06 0.00036671922428113766 1.0815002465271547e-06 1.2849034827711292e-05 1.6350786459076267e-06 9.338616792713772e-06 2.964949414606678e-05 0.0028810108713998948 0.0006187763531646887 0.0021673731320051605 9.086126769883241e-07 9.747152777662853e-07
74 8.37240314160397e-07 8.19803259092561e-07 1.077109710214024e-06 7.238438516316595e-07 1.0882719664302936e-06 0.07817941094972883 9.302267605528171e-07 0.495594053181704 9.041443921214754e-07 0.05791733383185583 0.000412358230894693 0.13111092638444322 9.636400736480174e-07 0.00012381219525099395 0.00014806059207451408 0.00012462191086243517 3.431766200599779e-05 0.002990877370928517 7.936057345838812e-06 0.00036671922428113766 1.0815002465271547e-06 1.2849034827711292e-05 1.6350786459076267e-06 9.338616792713772e-06 2.964949414606678e-05 0.0028810108713998948 0.0006187763531646887 0.0021673731320051605 9.086126769883241e-07 9.747152777662853e-07
75 8.37240314160397e-07 8.19803259092561e-07 1.077109710214024e-06 7.238438516316595e-07 1.0882719664302936e-06 0.07817941094972883 9.302267605528171e-07 0.495594053181704 9.041443921214754e-07 0.05791733383185583 0.000412358230894693 0.13111092638444322 9.636400736480174e-07 0.00012381219525099395 0.00014806059207451408 0.00012462191086243517 3.431766200599779e-05 0.002990877370928517 7.936057345838812e-06 0.00036671922428113766 1.0815002465271547e-06 1.2849034827711292e-05 1.6350786459076267e-06 9.338616792713772e-06 2.964949414606678e-05 0.0028810108713998948 0.0006187763531646887 0.0021673731320051605 9.086126769883241e-07 9.747152777662853e-07
76 8.37240314160397e-07 8.19803259092561e-07 1.077109710214024e-06 7.238438516316595e-07 1.0882719664302936e-06 0.07817941094972883 9.302267605528171e-07 0.495594053181704 9.041443921214754e-07 0.05791733383185583 0.000412358230894693 0.13111092638444322 9.636400736480174e-07 0.00012381219525099395 0.00014806059207451408 0.00012462191086243517 3.431766200599779e-05 0.002990877370928517 7.936057345838812e-06 0.00036671922428113766 1.0815002465271547e-06 1.2849034827711292e-05 1.6350786459076267e-06 9.338616792713772e-06 2.964949414606678e-05 0.0028810108713998948 0.0006187763531646887 0.0021673731320051605 9.086126769883241e-07 9.747152777662853e-07
77 8.37240314160397e-07 8.19803259092561e-07 1.077109710214024e-06 7.238438516316595e-07 1.0882719664302936e-06 0.07817941094972883 9.302267605528171e-07 0.495594053181704 9.041443921214754e-07 0.05791733383185583 0.000412358230894693 0.13111092638444322 9.636400736480174e-07 0.00012381219525099395 0.00014806059207451408 0.00012462191086243517 3.431766200599779e-05 0.002990877370928517 7.936057345838812e-06 0.00036671922428113766 1.0815002465271547e-06 1.2849034827711292e-05 1.6350786459076267e-06 9.338616792713772e-06 2.964949414606678e-05 0.0028810108713998948 0.0006187763531646887 0.0021673731320051605 9.086126769883241e-07 9.747152777662853e-07
78 8.37240314160397e-07 8.19803259092561e-07 1.077109710214024e-06 7.238438516316595e-07 1.0882719664302936e-06 0.07817941094972883 9.302267605528171e-07 0.495594053181704 9.041443921214754e-07 0.05791733383185583 0.000412358230894693 0.13111092638444322 9.636400736480174e-07 0.00012381219525099395 0.00014806059207451408 0.00012462191086243517 3.431766200599779e-05 0.002990877370928517 7.936057345838812e-06 0.00036671922428113766 1.0815002465271547e-06 1.2849034827711292e-05 1.6350786459076267e-06 9.338616792713772e-06 2.964949414606678e-05 0.0028810108713998948 0.0006187763531646887 0.0021673731320051605 9.086126769883241e-07 9.747152777662853e-07
79 8.37240314160397e-07 8.19803259092561e-07 1.077109710214024e-06 7.238438516316595e-07 1.0882719664302936e-06 0.07817941094972883 9.302267605528171e-07 0.495594053181704 9.041443921214754e-07 0.05791733383185583 0.000412358230894693 0.13111092638444322 9.636400736480174e-07 0.00012381219525099395 0.00014806059207451408 0.00012462191086243517 3.431766200599779e-05 0.002990877370928517 7.936057345838812e-06 0.00036671922428113766 1.0815002465271547e-06 1.2849034827711292e-05 1.6350786459076267e-06 9.338616792713772e-06 2.964949414606678e-05 0.0028810108713998948 0.0006187763531646887 0.0021673731320051605 9.086126769883241e-07 9.747152777662853e-07
80 8.37240314160397e-07 8.19803259092561e-07 1.077109710214024e-06 7.238438516316595e-07 1.0882719664302936e-06 0.07817941094972883 9.302267605528171e-07 0.495594053181704 9.041443921214754e-07 0.05791733383185583 0.000412358230894693 0.13111092638444322 9.636400736480174e-07 0.00012381219525099395 0.00014806059207451408 0.00012462191086243517 3.431766200599779e-05 0.002990877370928517 7.936057345838812e-06 0.00036671922428113766 1.0815002465271547e-06 1.2849034827711292e-05 1.6350786459076267e-06 9.338616792713772e-06 2.964949414606678e-05 0.0028810108713998948 0.0006187763531646887 0.0021673731320051605 9.086126769883241e-07 9.747152777662853e-07
81 8.37240314160397e-07 8.19803259092561e-07 1.077109710214024e-06 7.238438516316595e-07 1.0882719664302936e-06 0.07817941094972883 9.302267605528171e-07 0.495594053181704 9.041443921214754e-07 0.05791733383185583 0.000412358230894693 0.13111092638444322 9.636400736480174e-07 0.00012381219525099395 0.00014806059207451408 0.00012462191086243517 3.431766200599779e-05 0.002990877370928517 7.936057345838812e-06 0.00036671922428113766 1.0815002465271547e-06 1.2849034827711292e-05 1.6350786459076267e-06 9.338616792713772e-06 2.964949414606678e-05 0.0028810108713998948 0.0006187763531646887 0.0021673731320051605 9.086126769883241e-07 9.747152777662853e-07
82 8.37240314160397e-07 8.19803259092561e-07 1.077109710214024e-06 7.238438516316595e-07 1.0882719664302936e-06 0.07817941094972883 9.302267605528171e-07 0.495594053181704 9.041443921214754e-07 0.05791733383185583 0.000412358230894693 0.13111092638444322 9.636400736480174e-07 0.00012381219525099395 0.00014806059207451408 0.00012462191086243517 3.431766200599779e-05 0.002990877370928517 7.936057345838812e-06 0.00036671922428113766 1.0815002465271547e-06 1.2849034827711292e-05 1.6350786459076267e-06 9.338616792713772e-06 2.964949414606678e-05 0.0028810108713998948 0.0006187763531646887 0.0021673731320051605 9.086126769883241e-07 9.747152777662853e-07
83 8.37240314160397e-07 8.19803259092561e-07 1.077109710214024e-06 7.238438516316595e-07 1.0882719664302936e-06 0.07817941094972883 9.302267605528171e-07 0.495594053181704 9.041443921214754e-07 0.05791733383185583 0.000412358230894693 0.13111092638444322 9.636400736480174e-07 0.00012381219525099395 0.00014806059207451408 0.00012462191086243517 3.431766200599779e-05 0.002990877370928517 7.936057345838812e-06 0.00036671922428113766 1.0815002465271547e-06 1.2849034827711292e-05 1.6350786459076267e-06 9.338616792713772e-06 2.964949414606678e-05 0.0028810108713998948 0.0006187763531646887 0.0021673731320051605 9.086126769883241e-07 9.747152777662853e-07
84 8.37240314160397e-07 8.19803259092561e-07 1.077109710214024e-06 7.238438516316595e-07 1.0882719664302936e-06 0.07817941094972883 9.302267605528171e-07 0.495594053181704 9.041443921214754e-07 0.05791733383185583 0.000412358230894693 0.13111092638444322 9.636400736480174e-07 0.00012381219525099395 0.00014806059207451408 0.00012462191086243517 3.431766200599779e-05 0.002990877370928517 7.936057345838812e-06 0.00036671922428113766 1.0815002465271547e-06 1.2849034827711292e-05 1.6350786459076267e-06 9.338616792713772e-06 2.964949414606678e-05 0.0028810108713998948 0.0006187763531646887 0.0021673731320051605 9.086126769883241e-07 9.747152777662853e-07
85 8.37240314160397e-07 8.19803259092561e-07 1.077109710214024e-06 7.238438516316595e-07 1.0882719664302936e-06 0.07817941094972883 9.302267605528171e-07 0.495594053181704 9.041443921214754e-07 0.05791733383185583 0.000412358230894693 0.13111092638444322 9.636400736480174e-07 0.00012381219525099395 0.00014806059207451408 0.00012462191086243517 3.431766200599779e-05 0.002990877370928517 7.936057345838812e-06 0.00036671922428113766 1.0815002465271547e-06 1.2849034827711292e-05 1.6350786459076267e-06 9.338616792713772e-06 2.964949414606678e-05 0.0028810108713998948 0.0006187763531646887 0.0021673731320051605 9.086126769883241e-07 9.747152777662853e-07
86 8.37240314160397e-07 8.19803259092561e-07 1.077109710214024e-06 7.238438516316595e-07 1.0882719664302936e-06 0.07817941094972883 9.302267605528171e-07 0.495594053181704 9.041443921214754e-07 0.05791733383185583 0.000412358230894693 0.13111092638444322 9.636400736480174e-07 0.00012381219525099395 0.00014806059207451408 0.00012462191086243517 3.431766200599779e-05 0.002990877370928517 7.936057345838812e-06 0.00036671922428113766 1.0815002465271547e-06 1.2849034827711292e-05 1.6350786459076267e-06 9.338616792713772e-06 2.964949414606678e-05 0.0028810108713998948 0.0006187763531646887 0.0021673731320051605 9.086126769883241e-07 9.747152777662853e-07
87 8.37240314160397e-07 8.19803259092561e-07 1.077109710214024e-06 7.238438516316595e-07 1.0882719664302936e-06 0.07817941094972883 9.302267605528171e-07 0.495594053181704 9.041443921214754e-07 0.05791733383185583 0.000412358230894693 0.13111092638444322 9.636400736480174e-07 0.00012381219525099395 0.00014806059207451408 0.00012462191086243517 3.431766200599779e-05 0.002990877370928517 7.936057345838812e-06 0.00036671922428113766 1.0815002465271547e-06 1.2849034827711292e-05 1.6350786459076267e-06 9.338616792713772e-06 2.964949414606678e-05 0.0028810108713998948 0.0006187763531646887 0.0021673731320051605 9.086126769883241e-07 9.747152777662853e-07
88 8.37240314160397e-07 8.19803259092561e-07 1.077109710214024e-06 7.238438516316595e-07 1.0882719664302936e-06 0.07817941094972883 9.302267605528171e-07 0.495594053181704 9.041443921214754e-07 0.05791733383185583 0.000412358230894693 0.13111092638444322 9.636400736480174e-07 0.00012381219525099395 0.00014806059207451408 0.00012462191086243517 3.431766200599779e-05 0.002990877370928517 7.936057345838812e-06 0.00036671922428113766 1.0815002465271547e-06 1.2849034827711292e-05 1.6350786459076267e-06 9.338616792713772e-06 2.964949414606678e-05 0.0028810108713998948 0.0006187763531646887 0.0021673731320051605 9.086126769883241e-07 9.747152777662853e-07
89 8.37240314160397e-07 8.19803259092561e-07 1.077109710214024e-06 7.238438516316595e-07 1.0882719664302936e-06 0.07817941094972883 9.302267605528171e-07 0.495594053181704 9.041443921214754e-07 0.05791733383185583 0.000412358230894693 0.13111092638444322 9.636400736480174e-07 0.00012381219525099395 0.00014806059207451408 0.00012462191086243517 3.431766200599779e-05 0.002990877370928517 7.936057345838812e-06 0.00036671922428113766 1.0815002465271547e-06 1.2849034827711292e-05 1.6350786459076267e-06 9.338616792713772e-06 2.964949414606678e-05 0.0028810108713998948 0.0006187763531646887 0.0021673731320051605 9.086126769883241e-07 9.747152777662853e-07
90 8.37240314160397e-07 8.19803259092561e-07 1.077109710214024e-06 7.238438516316595e-07 1.0882719664302936e-06 0.07817941094972883 9.302267605528171e-07 0.495594053181704 9.041443921214754e-07 0.05791733383185583 0.000412358230894693 0.13111092638444322 9.636400736480174e-07 0.00012381219525099395 0.00014806059207451408 0.00012462191086243517 3.431766200599779e-05 0.002990877370928517 7.936057345838812e-06 0.00036671922428113766 1.0815002465271547e-06 1.2849034827711292e-05 1.6350786459076267e-06 9.338616792713772e-06 2.964949414606678e-05 0.0028810108713998948 0.0006187763531646887 0.0021673731320051605 9.086126769883241e-07 9.747152777662853e-07
91 8.37240314160397e-07 8.19803259092561e-07 1.077109710214024e-06 7.238438516316595e-07 1.0882719664302936e-06 0.07817941094972883 9.302267605528171e-07 0.495594053181704 9.041443921214754e-07 0.05791733383185583 0.000412358230894693 0.13111092638444322 9.636400736480174e-07 0.00012381219525099395 0.00014806059207451408 0.00012462191086243517 3.431766200599779e-05 0.002990877370928517 7.936057345838812e-06 0.00036671922428113766 1.0815002465271547e-06 1.2849034827711292e-05 1.6350786459076267e-06 9.338616792713772e-06 2.964949414606678e-05 0.0028810108713998948 0.0006187763531646887 0.0021673731320051605 9.086126769883241e-07 9.747152777662853e-07
92 8.37240314160397e-07 8.19803259092561e-07 1.077109710214024e-06 7.238438516316595e-07 1.0882719664302936e-06 0.07817941094972883 9.302267605528171e-07 0.495594053181704 9.041443921214754e-07 0.05791733383185583 0.000412358230894693 0.13111092638444322 9.636400736480174e-07 0.00012381219525099395 0.00014806059207451408 0.00012462191086243517 3.431766200599779e-05 0.002990877370928517 7.936057345838812e-06 0.00036671922428113766 1.0815002465271547e-06 1.2849034827711292e-05 1.6350786459076267e-06 9.338616792713772e-06 2.964949414606678e-05 0.0028810108713998948 0.0006187763531646887 0.0021673731320051605 9.086126769883241e-07 9.747152777662853e-07
93 8.37240314160397e-07 8.19803259092561e-07 1.077109710214024e-06 7.238438516316595e-07 1.0882719664302936e-06 0.07817941094972883 9.302267605528171e-07 0.495594053181704 9.041443921214754e-07 0.05791733383185583 0.000412358230894693 0.13111092638444322 9.636400736480174e-07 0.00012381219525099395 0.00014806059207451408 0.00012462191086243517 3.431766200599779e-05 0.002990877370928517 7.936057345838812e-06 0.00036671922428113766 1.0815002465271547e-06 1.2849034827711292e-05 1.6350786459076267e-06 9.338616792713772e-06 2.964949414606678e-05 0.0028810108713998948 0.0006187763531646887 0.0021673731320051605 9.086126769883241e-07 9.747152777662853e-07
94 8.37240314160397e-07 8.19803259092561e-07 1.077109710214024e-06 7.238438516316595e-07 1.0882719664302936e-06 0.07817941094972883 9.302267605528171e-07 0.495594053181704 9.041443921214754e-07 0.05791733383185583 0.000412358230894693 0.13111092638444322 9.636400736480174e-07 0.00012381219525099395 0.00014806059207451408 0.00012462191086243517 3.431766200599779e-05 0.002990877370928517 7.936057345838812e-06 0.00036671922428113766 1.0815002465271547e-06 1.2849034827711292e-05 1.6350786459076267e-06 9.338616792713772e-06 2.964949414606678e-05 0.0028810108713998948 0.0006187763531646887 0.0021673731320051605 9.086126769883241e-07 9.747152777662853e-07
95 8.37240314160397e-07 8.19803259092561e-07 1.077109710214024e-06 7.238438516316595e-07 1.0882719664302936e-06 0.07817941094972883 9.302267605528171e-07 0.495594053181704 9.041443921214754e-07 0.05791733383185583 0.000412358230894693 0.13111092638444322 9.636400736480174e-07 0.00012381219525099395 0.00014806059207451408 0.00012462191086243517 3.431766200599779e-05 0.002990877370928517 7.936057345838812e-06 0.00036671922428113766 1.0815002465271547e-06 1.2849034827711292e-05 1.6350786459076267e-06 9.338616792713772e-06 2.964949414606678e-05 0.0028810108713998948 0.0006187763531646887 0.0021673731320051605 9.086126769883241e-07 9.747152777662853e-07
96 8.37240314160397e-07 8.19803259092561e-07 1.077109710214024e-06 7.238438516316595e-07 1.0882719664302936e-06 0.07817941094972883 9.302267605528171e-07 0.495594053181704 9.041443921214754e-07 0.05791733383185583 0.000412358230894693 0.13111092638444322 9.636400736480174e-07 0.00012381219525099395 0.00014806059207451408 0.00012462191086243517 3.431766200599779e-05 0.002990877370928517 7.936057345838812e-06 0.00036671922428113766 1.0815002465271547e-06 1.2849034827711292e-05 1.6350786459076267e-06 9.338616792713772e-06 2.964949414606678e-05 0.0028810108713998948 0.0006187763531646887 0.0021673731320051605 9.086126769883241e-07 9.747152777662853e-07
97 8.37240314160397e-07 8.19803259092561e-07 1.077109710214024e-06 7.238438516316595e-07 1.0882719664302936e-06 0.07817941094972883 9.302267605528171e-07 0.495594053181704 9.041443921214754e-07 0.05791733383185583 0.000412358230894693 0.13111092638444322 9.636400736480174e-07 0.00012381219525099395 0.00014806059207451408 0.00012462191086243517 3.431766200599779e-05 0.002990877370928517 7.936057345838812e-06 0.00036671922428113766 1.0815002465271547e-06 1.2849034827711292e-05 1.6350786459076267e-06 9.338616792713772e-06 2.964949414606678e-05 0.0028810108713998948 0.0006187763531646887 0.0021673731320051605 9.086126769883241e-07 9.747152777662853e-07
98 8.37240314160397e-07 8.19803259092561e-07 1.077109710214024e-06 7.238438516316595e-07 1.0882719664302936e-06 0.07817941094972883 9.302267605528171e-07 0.495594053181704 9.041443921214754e-07 0.05791733383185583 0.000412358230894693 0.13111092638444322 9.636400736480174e-07 0.00012381219525099395 0.00014806059207451408 0.00012462191086243517 3.431766200599779e-05 0.002990877370928517 7.936057345838812e-06 0.00036671922428113766 1.0815002465271547e-06 1.2849034827711292e-05 1.6350786459076267e-06 9.338616792713772e-06 2.964949414606678e-05 0.0028810108713998948 0.0006187763531646887 0.0021673731320051605 9.086126769883241e-07 9.747152777662853e-07
99 8.37240314160397e-07 8.19803259092561e-07 1.077109710214024e-06 7.238438516316595e-07 1.0882719664302936e-06 0.07817941094972883 9.302267605528171e-07 0.495594053181704 9.041443921214754e-07 0.05791733383185583 0.000412358230894693 0.13111092638444322 9.636400736480174e-07 0.00012381219525099395 0.00014806059207451408 0.00012462191086243517 3.431766200599779e-05 0.002990877370928517 7.936057345838812e-06 0.00036671922428113766 1.0815002465271547e-06 1.2849034827711292e-05 1.6350786459076267e-06 9.338616792713772e-06 2.964949414606678e-05 0.0028810108713998948 0.0006187763531646887 0.0021673731320051605 9.086126769883241e-07 9.747152777662853e-07
100 8.37240314160397e-07 8.19803259092561e-07 1.077109710214024e-06 7.238438516316595e-07 1.0882719664302936e-06 0.07817941094972883 9.302267605528171e-07 0.495594053181704 9.041443921214754e-07 0.05791733383185583 0.000412358230894693 0.13111092638444322 9.636400736480174e-07 0.00012381219525099395 0.00014806059207451408 0.00012462191086243517 3.431766200599779e-05 0.002990877370928517 7.936057345838812e-06 0.00036671922428113766 1.0815002465271547e-06 1.2849034827711292e-05 1.6350786459076267e-06 9.338616792713772e-06 2.964949414606678e-05 0.0028810108713998948 0.0006187763531646887 0.0021673731320051605 9.086126769883241e-07 9.747152777662853e-07
101 8.37240314160397e-07 8.19803259092561e-07 1.077109710214024e-06 7.238438516316595e-07 1.0882719664302936e-06 0.07817941094972883 9.302267605528171e-07 0.495594053181704 9.041443921214754e-07 0.05791733383185583 0.000412358230894693 0.13111092638444322 9.636400736480174e-07 0.00012381219525099395 0.00014806059207451408 0.00012462191086243517 3.431766200599779e-05 0.002990877370928517 7.936057345838812e-06 0.00036671922428113766 1.0815002465271547e-06 1.2849034827711292e-05 1.6350786459076267e-06 9.338616792713772e-06 2.964949414606678e-05 0.0028810108713998948 0.0006187763531646887 0.0021673731320051605 9.086126769883241e-07 9.747152777662853e-07
102 8.37240314160397e-07 8.19803259092561e-07 1.077109710214024e-06 7.238438516316595e-07 1.0882719664302936e-06 0.07817941094972883 9.302267605528171e-07 0.495594053181704 9.041443921214754e-07 0.05791733383185583 0.000412358230894693 0.13111092638444322 9.636400736480174e-07 0.00012381219525099395 0.00014806059207451408 0.00012462191086243517 3.431766200599779e-05 0.002990877370928517 7.936057345838812e-06 0.00036671922428113766 1.0815002465271547e-06 1.2849034827711292e-05 1.6350786459076267e-06 9.338616792713772e-06 2.964949414606678e-05 0.0028810108713998948 0.0006187763531646887 0.0021673731320051605 9.086126769883241e-07 9.747152777662853e-07
103 8.37240314160397e-07 8.19803259092561e-07 1.077109710214024e-06 7.238438516316595e-07 1.0882719664302936e-06 0.07817941094972883 9.302267605528171e-07 0.495594053181704 9.041443921214754e-07 0.05791733383185583 0.000412358230894693 0.13111092638444322 9.636400736480174e-07 0.00012381219525099395 0.00014806059207451408 0.00012462191086243517 3.431766200599779e-05 0.002990877370928517 7.936057345838812e-06 0.00036671922428113766 1.0815002465271547e-06 1.2849034827711292e-05 1.6350786459076267e-06 9.338616792713772e-06 2.964949414606678e-05 0.0028810108713998948 0.0006187763531646887 0.0021673731320051605 9.086126769883241e-07 9.747152777662853e-07
104 8.37240314160397e-07 8.19803259092561e-07 1.077109710214024e-06 7.238438516316595e-07 1.0882719664302936e-06 0.07817941094972883 9.302267605528171e-07 0.495594053181704 9.041443921214754e-07 0.05791733383185583 0.000412358230894693 0.13111092638444322 9.636400736480174e-07 0.00012381219525099395 0.00014806059207451408 0.00012462191086243517 3.431766200599779e-05 0.002990877370928517 7.936057345838812e-06 0.00036671922428113766 1.0815002465271547e-06 1.2849034827711292e-05 1.6350786459076267e-06 9.338616792713772e-06 2.964949414606678e-05 0.0028810108713998948 0.0006187763531646887 0.0021673731320051605 9.086126769883241e-07 9.747152777662853e-07
105 8.37240314160397e-07 8.19803259092561e-07 1.077109710214024e-06 7.238438516316595e-07 1.0882719664302936e-06 0.07817941094972883 9.302267605528171e-07 0.495594053181704 9.041443921214754e-07 0.05791733383185583 0.000412358230894693 0.13111092638444322 9.636400736480174e-07 0.00012381219525099395 0.00014806059207451408 0.00012462191086243517 3.431766200599779e-05 0.002990877370928517 7.936057345838812e-06 0.00036671922428113766 1.0815002465271547e-06 1.2849034827711292e-05 1.6350786459076267e-06 9.338616792713772e-06 2.964949414606678e-05 0.0028810108713998948 0.0006187763531646887 0.0021673731320051605 9.086126769883241e-07 9.747152777662853e-07
106 8.37240314160397e-07 8.19803259092561e-07 1.077109710214024e-06 7.238438516316595e-07 1.0882719664302936e-06 0.07817941094972883 9.302267605528171e-07 0.495594053181704 9.041443921214754e-07 0.05791733383185583 0.000412358230894693 0.13111092638444322 9.636400736480174e-07 0.00012381219525099395 0.00014806059207451408 0.00012462191086243517 3.431766200599779e-05 0.002990877370928517 7.936057345838812e-06 0.00036671922428113766 1.0815002465271547e-06 1.2849034827711292e-05 1.6350786459076267e-06 9.338616792713772e-06 2.964949414606678e-05 0.0028810108713998948 0.0006187763531646887 0.0021673731320051605 9.086126769883241e-07 9.747152777662853e-07
107 8.37240314160397e-07 8.19803259092561e-07 1.077109710214024e-06 7.238438516316595e-07 1.0882719664302936e-06 0.07817941094972883 9.302267605528171e-07 0.495594053181704 9.041443921214754e-07 0.05791733383185583 0.000412358230894693 0.13111092638444322 9.636400736480174e-07 0.00012381219525099395 0.00014806059207451408 0.00012462191086243517 3.431766200599779e-05 0.002990877370928517 7.936057345838812e-06 0.00036671922428113766 1.0815002465271547e-06 1.2849034827711292e-05 1.6350786459076267e-06 9.338616792713772e-06 2.964949414606678e-05 0.0028810108713998948 0.0006187763531646887 0.0021673731320051605 9.086126769883241e-07 9.747152777662853e-07
108 8.37240314160397e-07 8.19803259092561e-07 1.077109710214024e-06 7.238438516316595e-07 1.0882719664302936e-06 0.07817941094972883 9.302267605528171e-07 0.495594053181704 9.041443921214754e-07 0.05791733383185583 0.000412358230894693 0.13111092638444322 9.636400736480174e-07 0.00012381219525099395 0.00014806059207451408 0.00012462191086243517 3.431766200599779e-05 0.002990877370928517 7.936057345838812e-06 0.00036671922428113766 1.0815002465271547e-06 1.2849034827711292e-05 1.6350786459076267e-06 9.338616792713772e-06 2.964949414606678e-05 0.0028810108713998948 0.0006187763531646887 0.0021673731320051605 9.086126769883241e-07 9.747152777662853e-07
