# index Z=1 - Z=30
0 6.77881637119295e-07 0.010971085158593385 6.841873455409502e-07 6.81976361397574e-07 6.896969934858005e-07 1.5988223160057644e-06 6.963037111353203e-07 0.003894119537278885 6.892548963200551e-07 7.279971653287673e-07 6.807995446363023e-07 7.771482678444781e-05 6.712764878685905e-07 0.02144546292274684 1.875897458459204e-06 7.450447679292307e-05 8.705411307515481e-07 0.007229403875277679 9.727064512996364e-07 0.014268166287499696 6.87826833531558e-07 0.00012677539522505687 0.0002825610334817995 1.928345551165712e-05 0.006079139183593158 0.2403703150400658 0.1623505441928334 0.2577361698044161 6.551876745493294e-07 6.881660042018043e-07
1 6.77881637119295e-07 0.010971085158593385 6.841873455409502e-07 6.81976361397574e-07 6.896969934858005e-07 1.5988223160057644e-06 6.963037111353203e-07 0.003894119537278885 6.892548963200551e-07 7.279971653287673e-07 6.807995446363023e-07 7.771482678444781e-05 6.712764878685905e-07 0.02144546292274684 1.875897458459204e-06 7.450447679292307e-05 8.705411307515481e-07 0.007229403875277679 9.727064512996364e-07 0.014268166287499696 6.87826833531558e-07 0.00012677539522505687 0.0002825610334817995 1.928345551165712e-05 0.006079139183593158 0.2403703150400658 0.1623505441928334 0.2577361698044161 6.551876745493294e-07 6.881660042018043e-07
2 6.77881637119295e-07 0.010971085158593385 6.841873455409502e-07 6.81976361397574e-07 6.896969934858005e-07 1.5988223160057644e-06 6.963037111353203e-07 0.003894119537278885 6.892548963200551e-07 7.279971653287673e-07 6.807995446363023e-07 7.771482678444781e-05 6.712764878685905e-07 0.02144546292274684 1.875897458459204e-06 7.450447679292307e-05 8.705411307515481e-07 0.007229403875277679 9.727064512996364e-07 0.014268166287499696 6.87826833531558e-07 0.00012677539522505687 0.0002825610334817995 1.928345551165712e-05 0.006079139183593158 0.2403703150400658 0.1623505441928334 0.2577361698044161 6.551876745493294e-07 6.881660042018043e-07
3 6.77881637119295e-07 0.010971085158593385 6.841873455409502e-07 6.81976361397574e-07 6.896969934858005e-07 1.5988223160057644e-06 6.963037111353203e-07 0.003894119537278885 6.892548963200551e-07 7.279971653287673e-07 6.807995446363023e-07 7.771482678444781e-05 6.712764878685905e-07 0.02144546292274684 1.875897458459204e-06 7.450447679292307e-05 8.705411307515481e-07 0.007229403875277679 9.727064512996364e-07 0.014268166287499696 6.87826833531558e-07 0.00012677539522505687 0.0002825610334817995 1.928345551165712e-05 0.006079139183593158 0.2403703150400658 0.1623505441928334 0.2577361698044161 6.551876745493294e-07 6.881660042018043e-07
4 6.77881637119295e-07 0.010971085158593385 6.841873455409502e-07 6.81976361397574e-07 6.896969934858005e-07 1.5988223160057644e-06 6.963037111353203e-07 0.003894119537278885 6.892548963200551e-07 7.279971653287673e-07 6.807995446363023e-07 7.771482678444781e-05 6.712764878685905e-07 0.02144546292274684 1.875897458459204e-06 7.450447679292307e-05 8.705411307515481e-07 0.007229403875277679 9.727064512996364e-07 0.014268166287499696 6.87826833531558e-07 0.00012677539522505687 0.0002825610334817995 1.928345551165712e-05 0.006079139183593158 0.2403703150400658 0.1623505441928334 0.2577361698044161 6.551876745493294e-07 6.881660042018043e-07
5 6.77881637119295e-07 0.010971085158593385 6.841873455409502e-07 6.81976361397574e-07 6.896969934858005e-07 1.5988223160057644e-06 6.963037111353203e-07 0.003894119537278885 6.892548963200551e-07 7.279971653287673e-07 6.807995446363023e-07 7.771482678444781e-05 6.712764878685905e-07 0.02144546292274684 1.875897458459204e-06 7.450447679292307e-05 8.705411307515481e-07 0.007229403875277679 9.727064512996364e-07 0.014268166287499696 6.87826833531558e-07 0.00012677539522505687 0.0002825610334817995 1.928345551165712e-05 0.006079139183593158 0.2403703150400658 0.1623505441928334 0.2577361698044161 6.551876745493294e-07 6.881660042018043e-07
6 6.77881637119295e-07 0.010971085158593385 6.841873455409502e-07 6.81976361397574e-07 6.896969934858005e-07 1.5988223160057644e-06 6.963037111353203e-07 0.003894119537278885 6.892548963200551e-07 7.279971653287673e-07 6.807995446363023e-07 7.771482678444781e-05 6.712764878685905e-07 0.02144546292274684 1.875897458459204e-06 7.450447679292307e-05 8.705411307515481e-07 0.007229403875277679 9.727064512996364e-07 0.014268166287499696 6.87826833531558e-07 0.00012677539522505687 0.0002825610334817995 1.928345551165712e-05 0.006079139183593158 0.2403703150400658 0.1623505441928334 0.2577361698044161 6.551876745493294e-07 6.881660042018043e-07
7 6.77881637119295e-07 0.010971085158593385 6.841873455409502e-07 6.81976361397574e-07 6.896969934858005e-07 1.5988223160057644e-06 6.963037111353203e-07 0.003894119537278885 6.892548963200551e-07 7.279971653287673e-07 6.807995446363023e-07 7.771482678444781e-05 6.712764878685905e-07 0.02144546292274684 1.875897458459204e-06 7.450447679292307e-05 8.705411307515481e-07 0.007229403875277679 9.727064512996364e-07 0.014268166287499696 6.87826833531558e-07 0.00012677539522505687 0.0002825610334817995 1.928345551165712e-05 0.006079139183593158 0.2403703150400658 0.1623505441928334 0.2577361698044161 6.551876745493294e-07 6.881660042018043e-07
8 6.77881637119295e-07 0.010971085158593385 6.841873455409502e-07 6.81976361397574e-07 6.896969934858005e-07 1.5988223160057644e-06 6.963037111353203e-07 0.003894119537278885 6.892548963200551e-07 7.279971653287673e-07 6.807995446363023e-07 7.771482678444781e-05 6.712764878685905e-07 0.02144546292274684 1.875897458459204e-06 7.450447679292307e-05 8.705411307515481e-07 0.007229403875277679 9.727064512996364e-07 0.014268166287499696 6.87826833531558e-07 0.00012677539522505687 0.0002825610334817995 1.928345551165712e-05 0.006079139183593158 0.2403703150400658 0.1623505441928334 0.2577361698044161 6.551876745493294e-07 6.881660042018043e-07
9 6.77881637119295e-07 0.010971085158593385 6.841873455409502e-07 6.81976361397574e-07 6.896969934858005e-07 1.5988223160057644e-06 6.963037111353203e-07 0.003894119537278885 6.892548963200551e-07 7.279971653287673e-07 6.807995446363023e-07 7.771482678444781e-05 6.712764878685905e-07 0.02144546292274684 1.875897458459204e-06 7.450447679292307e-05 8.705411307515481e-07 0.007229403875277679 9.727064512996364e-07 0.014268166287499696 6.87826833531558e-07 0.00012677539522505687 0.0002825610334817995 1.928345551165712e-05 0.006079139183593158 0.2403703150400658 0.1623505441928334 0.2577361698044161 6.551876745493294e-07 6.881660042018043e-07
10 6.77881637119295e-07 0.010971085158593385 6.841873455409502e-07 6.81976361397574e-07 6.896969934858005e-07 1.5988223160057644e-06 6.963037111353203e-07 0.003894119537278885 6.892548963200551e-07 7.279971653287673e-07 6.807995446363023e-07 7.771482678444781e-05 6.712764878685905e-07 0.02144546292274684 1.875897458459204e-06 7.450447679292307e-05 8.705411307515481e-07 0.007229403875277679 9.727064512996364e-07 0.014268166287499696 6.87826833531558e-07 0.00012677539522505687 0.0002825610334817995 1.928345551165712e-05 0.006079139183593158 0.2403703150400658 0.1623505441928334 0.2577361698044161 6.551876745493294e-07 6.881660042018043e-07
11 6.77881637119295e-07 0.010971085158593385 6.841873455409502e-07 6.81976361397574e-07 6.896969934858005e-07 1.5988223160057644e-06 6.963037111353203e-07 0.003894119537278885 6.892548963200551e-07 7.279971653287673e-07 6.807995446363023e-07 7.771482678444781e-05 6.712764878685905e-07 0.02144546292274684 1.875897458459204e-06 7.450447679292307e-05 8.705411307515481e-07 0.007229403875277679 9.727064512996364e-07 0.014268166287499696 6.87826833531558e-07 0.00012677539522505687 0.0002825610334817995 1.928345551165712e-05 0.006079139183593158 0.2403703150400658 0.1623505441928334 0.2577361698044161 6.551876745493294e-07 6.881660042018043e-07
12 7.185740651398837e-07 0.0035547174968045933 7.627745970633025e-07 7.653273551639501e-07 7.25122938815657e-07 1.4468571772895216e-06 8.313539726388605e-07 0.004099242037778976 7.654517292831672e-07 7.74676851450528e-07 7.399902181053515e-07 0.0020201824614567007 7.483528331408689e-07 0.020775996566709934 5.292745030471587e-06 0.0006846276956963442 2.0047627688079135e-06 0.01114789658263667 1.4226954240875835e-06 0.024589675205036354 7.281706363518046e-07 0.00011422080543061009 0.0007619547120817675 1.9579020550037488e-05 0.018395899825106258 0.24427284991294285 0.12971152867725994 0.279525046994507 8.130614089200874e-07 7.616347819193433e-07
13 7.185740651398837e-07 0.0035547174968045933 7.627745970633025e-07 7.653273551639501e-07 7.25122938815657e-07 1.4468571772895216e-06 8.313539726388605e-07 0.004099242037778976 7.654517292831672e-07 7.74676851450528e-07 7.399902181053515e-07 0.0020201824614567007 7.483528331408689e-07 0.020775996566709934 5.292745030471587e-06 0.0006846276956963442 2.0047627688079135e-06 0.01114789658263667 1.4226954240875835e-06 0.024589675205036354 7.281706363518046e-07 0.00011422080543061009 0.0007619547120817675 1.9579020550037488e-05 0.018395899825106258 0.24427284991294285 0.12971152867725994 0.279525046994507 8.130614089200874e-07 7.616347819193433e-07
14 7.185740651398837e-07 0.0035547174968045933 7.627745970633025e-07 7.653273551639501e-07 7.25122938815657e-07 1.4468571772895216e-06 8.313539726388605e-07 0.004099242037778976 7.654517292831672e-07 7.74676851450528e-07 7.399902181053515e-07 0.0020201824614567007 7.483528331408689e-07 0.020775996566709934 5.292745030471587e-06 0.0006846276956963442 2.0047627688079135e-06 0.01114789658263667 1.4226954240875835e-06 0.024589675205036354 7.281706363518046e-07 0.00011422080543061009 0.0007619547120817675 1.9579020550037488e-05 0.018395899825106258 0.24427284991294285 0.12971152867725994 0.279525046994507 8.130614089200874e-07 7.616347819193433e-07
15 7.185740651398837e-07 0.0035547174968045933 7.627745970633025e-07 7.653273551639501e-07 7.25122938815657e-07 1.4468571772895216e-06 8.313539726388605e-07 0.004099242037778976 7.654517292831672e-07 7.74676851450528e-07 7.399902181053515e-07 0.0020201824614567007 7.483528331408689e-07 0.020775996566709934 5.292745030471587e-06 0.0006846276956963442 2.0047627688079135e-06 0.01114789658263667 1.4226954240875835e-06 0.024589675205036354 7.281706363518046e-07 0.00011422080543061009 0.0007619547120817675 1.9579020550037488e-05 0.018395899825106258 0.24427284991294285 0.12971152867725994 0.279525046994507 8.130614089200874e-07 7.616347819193433e-07
16 7.185740651398837e-07 0.0035547174968045933 7.627745970633025e-07 7.653273551639501e-07 7.25122938815657e-07 1.4468571772895216e-06 8.313539726388605e-07 0.004099242037778976 7.654517292831672e-07 7.74676851450528e-07 7.399902181053515e-07 0.0020201824614567007 7.483528331408689e-07 0.020775996566709934 5.292745030471587e-06 0.0006846276956963442 2.0047627688079135e-06 0.01114789658263667 1.4226954240875835e-06 0.024589675205036354 7.281706363518046e-07 0.00011422080543061009 0.0007619547120817675 1.9579020550037488e-05 0.018395899825106258 0.24427284991294285 0.12971152867725994 0.279525046994507 8.130614089200874e-07 7.616347819193433e-07
17 7.185740651398837e-07 0.0035547174968045933 7.627745970633025e-07 7.653273551639501e-07 7.25122938815657e-07 1.4468571772895216e-06 8.313539726388605e-07 0.004099242037778976 7.654517292831672e-07 7.74676851450528e-07 7.399902181053515e-07 0.0020201824614567007 7.483528331408689e-07 0.020775996566709934 5.292745030471587e-06 0.0006846276956963442 2.0047627688079135e-06 0.01114789658263667 1.4226954240875835e-06 0.024589675205036354 7.281706363518046e-07 0.00011422080543061009 0.0007619547120817675 1.9579020550037488e-05 0.018395899825106258 0.24427284991294285 0.12971152867725994 0.279525046994507 8.130614089200874e-07 7.616347819193433e-07
18 7.185740651398837e-07 0.0035547174968045933 7.627745970633025e-07 7.653273551639501e-07 7.25122938815657e-07 1.4468571772895216e-06 8.313539726388605e-07 0.004099242037778976 7.654517292831672e-07 7.74676851450528e-07 7.399902181053515e-07 0.0020201824614567007 7.483528331408689e-07 0.020775996566709934 5.292745030471587e-06 0.0006846276956963442 2.0047627688079135e-06 0.01114789658263667 1.4226954240875835e-06 0.024589675205036354 7.281706363518046e-07 0.00011422080543061009 0.0007619547120817675 1.9579020550037488e-05 0.018395899825106258 0.24427284991294285 0.12971152867725994 0.279525046994507 8.130614089200874e-07 7.616347819193433e-07
19 7.185740651398837e-07 0.0035547174968045933 7.627745970633025e-07 7.653273551639501e-07 7.25122938815657e-07 1.4468571772895216e-06 8.313539726388605e-07 0.004099242037778976 7.654517292831672e-07 7.74676851450528e-07 7.399902181053515e-07 0.0020201824614567007 7.483528331408689e-07 0.020775996566709934 5.292745030471587e-06 0.0006846276956963442 2.0047627688079135e-06 0.01114789658263667 1.4226954240875835e-06 0.024589675205036354 7.281706363518046e-07 0.00011422080543061009 0.0007619547120817675 1.9579020550037488e-05 0.018395899825106258 0.24427284991294285 0.12971152867725994 0.279525046994507 8.130614089200874e-07 7.616347819193433e-07
20 7.185740651398837e-07 0.0035547174968045933 7.627745970633025e-07 7.653273551639501e-07 7.25122938815657e-07 1.4468571772895216e-06 8.313539726388605e-07 0.004099242037778976 7.654517292831672e-07 7.74676851450528e-07 7.399902181053515e-07 0.0020201824614567007 7.483528331408689e-07 0.020775996566709934 5.292745030471587e-06 0.0006846276956963442 2.0047627688079135e-06 0.01114789658263667 1.4226954240875835e-06 0.024589675205036354 7.281706363518046e-07 0.00011422080543061009 0.0007619547120817675 1.9579020550037488e-05 0.018395899825106258 0.24427284991294285 0.12971152867725994 0.279525046994507 8.130614089200874e-07 7.616347819193433e-07
21 7.185740651398837e-07 0.0035547174968045933 7.627745970633025e-07 7.653273551639501e-07 7.25122938815657e-07 1.4468571772895216e-06 8.313539726388605e-07 0.004099242037778976 7.654517292831672e-07 7.74676851450528e-07 7.399902181053515e-07 0.0020201824614567007 7.483528331408689e-07 0.020775996566709934 5.292745030471587e-06 0.0006846276956963442 2.0047627688079135e-06 0.01114789658263667 1.4226954240875835e-06 0.024589675205036354 7.281706363518046e-07 0.00011422080543061009 0.0007619547120817675 1.9579020550037488e-05 0.018395899825106258 0.24427284991294285 0.12971152867725994 0.279525046994507 8.130614089200874e-07 7.616347819193433e-07
22 4.7536345938503793e-07 5.467834741657441e-07 5.273550617621644e-07 5.027577745483366e-07 5.790166081878292e-07 1.5043424349526064e-06 5.414896077014918e-07 0.002617965877258351 4.403005592290346e-07 5.857388227551017e-07 5.407825755228624e-07 0.16903826420642987 4.6661752750956153e-07 0.3571271418827 7.106050729035061e-06 0.20219923897947134 1.1016464908488293e-06 0.012565292194264796 1.022369281191707e-06 0.039525681163760866 3.69140418967288e-07 8.306979342779546e-05 0.00027125261149902653 3.550688054608606e-05 0.004947632680479772 0.057799619851342354 0.02247912186258885 0.02670901032029035 5.087130441088962e-07 5.884325827140906e-07
23 4.7536345938503793e-07 5.467834741657441e-07 5.273550617621644e-07 5.027577745483366e-07 5.790166081878292e-07 1.5043424349526064e-06 5.414896077014918e-07 0.002617965877258351 4.403005592290346e-07 5.857388227551017e-07 5.407825755228624e-07 0.16903826420642987 4.6661752750956153e-07 0.3571271418827 7.106050729035061e-06 0.20219923897947134 1.1016464908488293e-06 0.012565292194264796 1.022369281191707e-06 0.039525681163760866 3.69140418967288e-07 8.306979342779546e-05 0.00027125261149902653 3.550688054608606e-05 0.004947632680479772 0.057799619851342354 0.02247912186258885 0.02670901032029035 5.087130441088962e-07 5.884325827140906e-07
24 4.7536345938503793e-07 5.467834741657441e-07 5.273550617621644e-07 5.027577745483366e-07 5.790166081878292e-07 1.5043424349526064e-06 5.414896077014918e-07 0.002617965877258351 4.403005592290346e-07 5.857388227551017e-07 5.407825755228624e-07 0.16903826420642987 4.6661752750956153e-07 0.3571271418827 7.106050729035061e-06 0.20219923897947134 1.1016464908488293e-06 0.012565292194264796 1.022369281191707e-06 0.039525681163760866 3.69140418967288e-07 8.306979342779546e-05 0.00027125261149902653 3.550688054608606e-05 0.004947632680479772 0.057799619851342354 0.02247912186258885 0.02670901032029035 5.087130441088962e-07 5.884325827140906e-07
25 4.7536345938503793e-07 5.467834741657441e-07 5.273550617621644e-07 5.027577745483366e-07 5.790166081878292e-07 1.5043424349526064e-06 5.414896077014918e-07 0.002617965877258351 4.403005592290346e-07 5.857388227551017e-07 5.407825755228624e-07 0.16903826420642987 4.6661752750956153e-07 0.3571271418827 7.106050729035061e-06 0.20219923897947134 1.1016464908488293e-06 0.012565292194264796 1.022369281191707e-06 0.039525681163760866 3.69140418967288e-07 8.306979342779546e-05 0.00027125261149902653 3.550688054608606e-05 0.004947632680479772 0.057799619851342354 0.02247912186258885 0.02670901032029035 5.087130441088962e-07 5.884325827140906e-07
26 4.7536345938503793e-07 5.467834741657441e-07 5.273550617621644e-07 5.027577745483366e-07 5.790166081878292e-07 1.5043424349526064e-06 5.414896077014918e-07 0.002617965877258351 4.403005592290346e-07 5.857388227551017e-07 5.407825755228624e-07 0.16903826420642987 4.6661752750956153e-07 0.3571271418827 7.106050729035061e-06 0.20219923897947134 1.1016464908488293e-06 0.012565292194264796 1.022369281191707e-06 0.039525681163760866 3.69140418967288e-07 8.306979342779546e-05 0.00027125261149902653 3.550688054608606e-05 0.004947632680479772 0.057799619851342354 0.02247912186258885 0.02670901032029035 5.087130441088962e-07 5.884325827140906e-07
27 4.7536345938503793e-07 5.467834741657441e-07 5.273550617621644e-07 5.027577745483366e-07 5.790166081878292e-07 1.5043424349526064e-06 5.414896077014918e-07 0.002617965877258351 4.403005592290346e-07 5.857388227551017e-07 5.407825755228624e-07 0.16903826420642987 4.6661752750956153e-07 0.3571271418827 7.106050729035061e-06 0.20219923897947134 1.1016464908488293e-06 0.012565292194264796 1.022369281191707e-06 0.039525681163760866 3.69140418967288e-07 8.306979342779546e-05 0.00027125261149902653 3.550688054608606e-05 0.004947632680479772 0.057799619851342354 0.02247912186258885 0.02670901032029035 5.087130441088962e-07 5.884325827140906e-07
28 4.7536345938503793e-07 5.467834741657441e-07 5.273550617621644e-07 5.027577745483366e-07 5.790166081878292e-07 1.5043424349526064e-06 5.414896077014918e-07 0.002617965877258351 4.403005592290346e-07 5.857388227551017e-07 5.407825755228624e-07 0.16903826420642987 4.6661752750956153e-07 0.3571271418827 7.106050729035061e-06 0.20219923897947134 1.1016464908488293e-06 0.012565292194264796 1.022369281191707e-06 0.039525681163760866 3.69140418967288e-07 8.306979342779546e-05 0.00027125261149902653 3.550688054608606e-05 0.004947632680479772 0.057799619851342354 0.02247912186258885 0.02670901032029035 5.087130441088962e-07 5.884325827140906e-07
29 4.7536345938503793e-07 5.467834741657441e-07 5.273550617621644e-07 5.027577745483366e-07 5.790166081878292e-07 1.5043424349526064e-06 5.414896077014918e-07 0.002617965877258351 4.403005592290346e-07 5.857388227551017e-07 5.407825755228624e-07 0.16903826420642987 4.6661752750956153e-07 0.3571271418827 7.106050729035061e-06 0.20219923897947134 1.1016464908488293e-06 0.012565292194264796 1.022369281191707e-06 0.039525681163760866 3.69140418967288e-07 8.306979342779546e-05 0.00027125261149902653 3.550688054608606e-05 0.004947632680479772 0.057799619851342354 0.02247912186258885 0.02670901032029035 5.087130441088962e-07 5.884325827140906e-07
30 4.7536345938503793e-07 5.467834741657441e-07 5.273550617621644e-07 5.027577745483366e-07 5.790166081878292e-07 1.5043424349526064e-06 5.414896077014918e-07 0.002617965877258351 4.403005592290346e-07 5.857388227551017e-07 5.407825755228624e-07 0.16903826420642987 4.6661752750956153e-07 0.3571271418827 7.106050729035061e-06 0.20219923897947134 1.1016464908488293e-06 0.012565292194264796 1.022369281191707e-06 0.039525681163760866 3.69140418967288e-07 8.306979342779546e-05 0.00027125261149902653 3.550688054608606e-05 0.004947632680479772 0.057799619851342354 0.02247912186258885 0.02670901032029035 5.087130441088962e-07 5.884325827140906e-07
31 4.7536345938503793e-07 5.467834741657441e-07 5.273550617621644e-07 5.027577745483366e-07 5.790166081878292e-07 1.5043424349526064e-06 5.414896077014918e-07 0.002617965877258351 4.403005592290346e-07 5.857388227551017e-07 5.407825755228624e-07 0.16903826420642987 4.6661752750956153e-07 0.3571271418827 7.106050729035061e-06 0.20219923897947134 1.1016464908488293e-06 0.012565292194264796 1.022369281191707e-06 0.039525681163760866 3.69140418967288e-07 8.306979342779546e-05 0.00027125261149902653 3.550688054608606e-05 0.004947632680479772 0.057799619851342354 0.02247912186258885 0.02670901032029035 5.087130441088962e-07 5.884325827140906e-07
32 3.109745839670801e-07 2.941451211380593e-07 2.2703805201521629e-07 2.5781478046396074e-07 2.102665159855613e-07 6.349431640508542e-06 2.3169634647855365e-07 0.664611543461298 2.393364086664444e-07 8.366549535696768e-07 2.90718616475947e-07 0.05593701159595198 2.3598311831915368e-07 0.10298378857262952 2.4088232984909838e-05 4.717607338220601e-05 1.459072274847143e-05 0.009500104157657927 1.6487922862440184e-05 0.0026785593150844738 2.4517883381520264e-07 2.150845309146367e-05 1.5383988238819328e-05 2.1435746422109008e-05 0.00020641018403594571 0.006713977408255299 0.004378938703477697 0.004483028628033275 2.1206846706908638e-07 2.6053260592180144e-07
33 3.109745839670801e-07 2.941451211380593e-07 2.2703805201521629e-07 2.5781478046396074e-07 2.102665159855613e-07 6.349431640508542e-06 2.3169634647855365e-07 0.664611543461298 2.393364086664444e-07 8.366549535696768e-07 2.90718616475947e-07 0.05593701159595198 2.3598311831915368e-07 0.10298378857262952 2.4088232984909838e-05 4.717607338220601e-05 1.459072274847143e-05 0.009500104157657927 1.6487922862440184e-05 0.0026785593150844738 2.4517883381520264e-07 2.150845309146367e-05 1.5383988238819328e-05 2.1435746422109008e-05 0.00020641018403594571 0.006713977408255299 0.004378938703477697 0.004483028628033275 2.1206846706908638e-07 2.6053260592180144e-07
34 3.109745839670801e-07 2.941451211380593e-07 2.2703805201521629e-07 2.5781478046396074e-07 2.102665159855613e-07 6.349431640508542e-06 2.3169634647855365e-07 0.664611543461298 2.393364086664444e-07 8.366549535696768e-07 2.90718616475947e-07 0.05593701159595198 2.3598311831915368e-07 0.10298378857262952 2.4088232984909838e-05 4.717607338220601e-05 1.459072274847143e-05 0.009500104157657927 1.6487922862440184e-05 0.0026785593150844738 2.4517883381520264e-07 2.150845309146367e-05 1.5383988238819328e-05 2.1435746422109008e-05 0.00020641018403594571 0.006713977408255299 0.004378938703477697 0.004483028628033275 2.1206846706908638e-07 2.6053260592180144e-07
35 3.109745839670801e-07 2.941451211380593e-07 2.2703805201521629e-07 2.5781478046396074e-07 2.102665159855613e-07 6.349431640508542e-06 2.3169634647855365e-07 0.664611543461298 2.393364086664444e-07 8.366549535696768e-07 2.90718616475947e-07 0.05593701159595198 2.3598311831915368e-07 0.10298378857262952 2.4088232984909838e-05 4.717607338220601e-05 1.459072274847143e-05 0.009500104157657927 1.6487922862440184e-05 0.0026785593150844738 2.4517883381520264e-07 2.150845309146367e-05 1.5383988238819328e-05 2.1435746422109008e-05 0.00020641018403594571 0.006713977408255299 0.004378938703477697 0.004483028628033275 2.1206846706908638e-07 2.6053260592180144e-07
36 3.109745839670801e-07 2.941451211380593e-07 2.2703805201521629e-07 2.5781478046396074e-07 2.102665159855613e-07 6.349431640508542e-06 2.3169634647855365e-07 0.664611543461298 2.393364086664444e-07 8.366549535696768e-07 2.90718616475947e-07 0.05593701159595198 2.3598311831915368e-07 0.10298378857262952 2.4088232984909838e-05 4.717607338220601e-05 1.459072274847143e-05 0.009500104157657927 1.6487922862440184e-05 0.0026785593150844738 2.4517883381520264e-07 2.150845309146367e-05 1.5383988238819328e-05 2.1435746422109008e-05 0.00020641018403594571 0.006713977408255299 0.004378938703477697 0.004483028628033275 2.1206846706908638e-07 2.6053260592180144e-07
37 3.109745839670801e-07 2.941451211380593e-07 2.2703805201521629e-07 2.5781478046396074e-07 2.102665159855613e-07 6.349431640508542e-06 2.3169634647855365e-07 0.664611543461298 2.393364086664444e-07 8.366549535696768e-07 2.90718616475947e-07 0.05593701159595198 2.3598311831915368e-07 0.10298378857262952 2.4088232984909838e-05 4.717607338220601e-05 1.459072274847143e-05 0.009500104157657927 1.6487922862440184e-05 0.0026785593150844738 2.4517883381520264e-07 2.150845309146367e-05 1.5383988238819328e-05 2.1435746422109008e-05 0.00020641018403594571 0.006713977408255299 0.004378938703477697 0.004483028628033275 2.1206846706908638e-07 2.6053260592180144e-07
38 3.109745839670801e-07 2.941451211380593e-07 2.2703805201521629e-07 2.5781478046396074e-07 2.102665159855613e-07 6.349431640508542e-06 2.3169634647855365e-07 0.664611543461298 2.393364086664444e-07 8.366549535696768e-07 2.90718616475947e-07 0.05593701159595198 2.3598311831915368e-07 0.10298378857262952 2.4088232984909838e-05 4.717607338220601e-05 1.459072274847143e-05 0.009500104157657927 1.6487922862440184e-05 0.0026785593150844738 2.4517883381520264e-07 2.150845309146367e-05 1.5383988238819328e-05 2.1435746422109008e-05 0.00020641018403594571 0.006713977408255299 0.004378938703477697 0.004483028628033275 2.1206846706908638e-07 2.6053260592180144e-07
39 3.109745839670801e-07 2.941451211380593e-07 2.2703805201521629e-07 2.5781478046396074e-07 2.102665159855613e-07 6.349431640508542e-06 2.3169634647855365e-07 0.664611543461298 2.393364086664444e-07 8.366549535696768e-07 2.90718616475947e-07 0.05593701159595198 2.3598311831915368e-07 0.10298378857262952 2.4088232984909838e-05 4.717607338220601e-05 1.459072274847143e-05 0.009500104157657927 1.6487922862440184e-05 0.0026785593150844738 2.4517883381520264e-07 2.150845309146367e-05 1.5383988238819328e-05 2.1435746422109008e-05 0.00020641018403594571 0.006713977408255299 0.004378938703477697 0.004483028628033275 2.1206846706908638e-07 2.6053260592180144e-07
40 3.109745839670801e-07 2.941451211380593e-07 2.2703805201521629e-07 2.5781478046396074e-07 2.102665159855613e-07 6.349431640508542e-06 2.3169634647855365e-07 0.664611543461298 2.393364086664444e-07 8.366549535696768e-07 2.90718616475947e-07 0.05593701159595198 2.3598311831915368e-07 0.10298378857262952 2.4088232984909838e-05 4.717607338220601e-05 1.459072274847143e-05 0.009500104157657927 1.6487922862440184e-05 0.0026785593150844738 2.4517883381520264e-07 2.150845309146367e-05 1.5383988238819328e-05 2.1435746422109008e-05 0.00020641018403594571 0.006713977408255299 0.004378938703477697 0.004483028628033275 2.1206846706908638e-07 2.6053260592180144e-07
41 3.109745839670801e-07 2.941451211380593e-07 2.2703805201521629e-07 2.5781478046396074e-07 2.102665159855613e-07 6.349431640508542e-06 2.3169634647855365e-07 0.664611543461298 2.393364086664444e-07 8.366549535696768e-07 2.90718616475947e-07 0.05593701159595198 2.3598311831915368e-07 0.10298378857262952 2.4088232984909838e-05 4.717607338220601e-05 1.459072274847143e-05 0.009500104157657927 1.6487922862440184e-05 0.0026785593150844738 2.4517883381520264e-07 2.150845309146367e-05 1.5383988238819328e-05 2.1435746422109008e-05 0.00020641018403594571 0.006713977408255299 0.004378938703477697 0.004483028628033275 2.1206846706908638e-07 2.6053260592180144e-07
42 3.109745839670801e-07 2.941451211380593e-07 2.2703805201521629e-07 2.5781478046396074e-07 2.102665159855613e-07 6.349431640508542e-06 2.3169634647855365e-07 0.664611543461298 2.393364086664444e-07 8.366549535696768e-07 2.90718616475947e-07 0.05593701159595198 2.3598311831915368e-07 0.10298378857262952 2.4088232984909838e-05 4.717607338220601e-05 1.459072274847143e-05 0.009500104157657927 1.6487922862440184e-05 0.0026785593150844738 2.4517883381520264e-07 2.150845309146367e-05 1.5383988238819328e-05 2.1435746422109008e-05 0.00020641018403594571 0.006713977408255299 0.004378938703477697 0.004483028628033275 2.1206846706908638e-07 2.6053260592180144e-07
43 3.109745839670801e-07 2.941451211380593e-07 2.2703805201521629e-07 2.5781478046396074e-07 2.102665159855613e-07 6.349431640508542e-06 2.3169634647855365e-07 0.664611543461298 2.393364086664444e-07 8.366549535696768e-07 2.90718616475947e-07 0.05593701159595198 2.3598311831915368e-07 0.10298378857262952 2.4088232984909838e-05 4.717607338220601e-05 1.459072274847143e-05 0.009500104157657927 1.6487922862440184e-05 0.0026785593150844738 2.4517883381520264e-07 2.150845309146367e-05 1.5383988238819328e-05 2.1435746422109008e-05 0.00020641018403594571 0.006713977408255299 0.004378938703477697 0.004483028628033275 2.1206846706908638e-07 2.6053260592180144e-07
44 3.109745839670801e-07 2.941451211380593e-07 2.2703805201521629e-07 2.5781478046396074e-07 2.102665159855613e-07 6.349431640508542e-06 2.3169634647855365e-07 0.664611543461298 2.393364086664444e-07 8.366549535696768e-07 2.90718616475947e-07 0.05593701159595198 2.3598311831915368e-07 0.10298378857262952 2.4088232984909838e-05 4.717607338220601e-05 1.459072274847143e-05 0.009500104157657927 1.6487922862440184e-05 0.0026785593150844738 2.4517883381520264e-07 2.150845309146367e-05 1.5383988238819328e-05 2.1435746422109008e-05 0.00020641018403594571 0.006713977408255299 0.004378938703477697 0.004483028628033275 2.1206846706908638e-07 2.6053260592180144e-07
45 1.233607459058432e-06 1.1223540820274978e-06 1.3708910621311307e-06 1.1646271356940113e-06 1.160355141493784e-06 0.08429926881640938 1.2205537558997513e-06 0.6589945073501361 1.2444306614547655e-06 0.06680167901507646 0.0004920969750631312 0.07146082748711638 1.298390196418311e-06 0.0001478954376113952 0.00017400633570556243 0.00015610337902166498 4.0143724931214225e-05 0.003595422179582768 9.523884613181115e-06 0.003550181284889032 1.3588978676875216e-06 1.580784126285882e-05 2.3850929155889882e-06 1.3588322207027937e-05 3.638613898950069e-05 0.003667949288568483 0.0008163680073171644 0.0018765144271276658 1.1991095239524816e-06 1.1670669124309215e-06
46 1.233607459058432e-06 1.1223540820274978e-06 1.3708910621311307e-06 1.1646271356940113e-06 1.160355141493784e-06 0.08429926881640938 1.2205537558997513e-06 0.6589945073501361 1.2444306614547655e-06 0.06680167901507646 0.0004920969750631312 0.07146082748711638 1.298390196418311e-06 0.0001478954376113952 0.00017400633570556243 0.00015610337902166498 4.0143724931214225e-05 0.003595422179582768 9.523884613181115e-06 0.003550181284889032 1.3588978676875216e-06 1.580784126285882e-05 2.3850929155889882e-06 1.3588322207027937e-05 3.638613898950069e-05 0.003667949288568483 0.0008163680073171644 0.0018765144271276658 1.1991095239524816e-06 1.1670669124309215e-06
47 1.233607459058432e-06 1.1223540820274978e-06 1.3708910621311307e-06 1.1646271356940113e-06 1.160355141493784e-06 0.08429926881640938 1.2205537558997513e-06 0.6589945073501361 1.2444306614547655e-06 0.06680167901507646 0.0004920969750631312 0.07146082748711638 1.298390196418311e-06 0.0001478954376113952 0.00017400633570556243 0.00015610337902166498 4.0143724931214225e-05 0.003595422179582768 9.523884613181115e-06 0.003550181284889032 1.3588978676875216e-06 1.580784126285882e-05 2.3850929155889882e-06 1.3588322207027937e-05 3.638613898950069e-05 0.003667949288568483 0.0008163680073171644 0.0018765144271276658 1.1991095239524816e-06 1.1670669124309215e-06
48 1.233607459058432e-06 1.1223540820274978e-06 1.3708910621311307e-06 1.1646271356940113e-06 1.160355141493784e-06 0.08429926881640938 1.2205537558997513e-06 0.6589945073501361 1.2444306614547655e-06 0.06680167901507646 0.0004920969750631312 0.07146082748711638 1.298390196418311e-06 0.0001478954376113952 0.00017400633570556243 0.00015610337902166498 4.0143724931214225e-05 0.003595422179582768 9.523884613181115e-06 0.003550181284889032 1.3588978676875216e-06 1.580784126285882e-05 2.3850929155889882e-06 1.3588322207027937e-05 3.638613898950069e-05 0.003667949288568483 0.0008163680073171644 0.0018765144271276658 1.1991095239524816e-06 1.1670669124309215e-06
49 1.233607459058432e-06 1.1223540820274978e-06 1.3708910621311307e-06 1.1646271356940113e-06 1.160355141493784e-06 0.08429926881640938 1.2205537558997513e-06 0.6589945073501361 1.2444306614547655e-06 0.06680167901507646 0.0004920969750631312 0.07146082748711638 1.298390196418311e-06 0.0001478954376113952 0.00017400633570556243 0.00015610337902166498 4.0143724931214225e-05 0.003595422179582768 9.523884613181115e-06 0.003550181284889032 1.3588978676875216e-06 1.580784126285882e-05 2.3850929155889882e-06 1.3588322207027937e-05 3.638613898950069e-05 0.003667949288568483 0.0008163680073171644 0.0018765144271276658 1.1991095239524816e-06 1.1670669124309215e-06
50 1.233607459058432e-06 1.1223540820274978e-06 1.3708910621311307e-06 1.1646271356940113e-06 1.160355141493784e-06 0.08429926881640938 1.2205537558997513e-06 0.6589945073501361 1.2444306614547655e-06 0.06680167901507646 0.0004920969750631312 0.07146082748711638 1.298390196418311e-06 0.0001478954376113952 0.00017400633570556243 0.00015610337902166498 4.0143724931214225e-05 0.003595422179582768 9.523884613181115e-06 0.003550181284889032 1.3588978676875216e-06 1.580784126285882e-05 2.3850929155889882e-06 1.3588322207027937e-05 3.638613898950069e-05 0.003667949288568483 0.0008163680073171644 0.0018765144271276658 1.1991095239524816e-06 1.1670669124309215e-06
51 1.233607459058432e-06 1.1223540820274978e-06 1.3708910621311307e-06 1.1646271356940113e-06 1.160355141493784e-06 0.08429926881640938 1.2205537558997513e-06 0.6589945073501361 1.2444306614547655e-06 0.06680167901507646 0.0004920969750631312 0.07146082748711638 1.298390196418311e-06 0.0001478954376113952 0.00017400633570556243 0.00015610337902166498 4.0143724931214225e-05 0.003595422179582768 9.523884613181115e-06 0.003550181284889032 1.3588978676875216e-06 1.580784126285882e-05 2.3850929155889882e-06 1.3588322207027937e-05 3.638613898950069e-05 0.003667949288568483 0.0008163680073171644 0.0018765144271276658 1.1991095239524816e-06 1.1670669124309215e-06
52 1.233607459058432e-06 1.1223540820274978e-06 1.3708910621311307e-06 1.1646271356940113e-06 1.160355141493784e-06 0.08429926881640938 1.2205537558997513e-06 0.6589945073501361 1.2444306614547655e-06 0.06680167901507646 0.0004920969750631312 0.07146082748711638 1.298390196418311e-06 0.0001478954376113952 0.00017400633570556243 0.00015610337902166498 4.0143724931214225e-05 0.003595422179582768 9.523884613181115e-06 0.003550181284889032 1.3588978676875216e-06 1.580784126285882e-05 2.3850929155889882e-06 1.3588322207027937e-05 3.638613898950069e-05 0.003667949288568483 0.0008163680073171644 0.0018765144271276658 1.1991095239524816e-06 1.1670669124309215e-06
53 1.233607459058432e-06 1.1223540820274978e-06 1.3708910621311307e-06 1.1646271356940113e-06 1.160355141493784e-06 0.08429926881640938 1.2205537558997513e-06 0.6589945073501361 1.2444306614547655e-06 0.06680167901507646 0.0004920969750631312 0.07146082748711638 1.298390196418311e-06 0.0001478954376113952 0.00017400633570556243 0.00015610337902166498 4.0143724931214225e-05 0.003595422179582768 9.523884613181115e-06 0.003550181284889032 1.3588978676875216e-06 1.580784126285882e-05 2.3850929155889882e-06 1.3588322207027937e-05 3.638613898950069e-05 0.003667949288568483 0.0008163680073171644 0.0018765144271276658 1.1991095239524816e-06 1.1670669124309215e-06
54 1.233607459058432e-06 1.1223540820274978e-06 1.3708910621311307e-06 1.1646271356940113e-06 1.160355141493784e-06 0.08429926881640938 1.2205537558997513e-06 0.6589945073501361 1.2444306614547655e-06 0.06680167901507646 0.0004920969750631312 0.07146082748711638 1.298390196418311e-06 0.0001478954376113952 0.00017400633570556243 0.00015610337902166498 4.0143724931214225e-05 0.003595422179582768 9.523884613181115e-06 0.003550181284889032 1.3588978676875216e-06 1.580784126285882e-05 2.3850929155889882e-06 1.3588322207027937e-05 3.638613898950069e-05 0.003667949288568483 0.0008163680073171644 0.0018765144271276658 1.1991095239524816e-06 1.1670669124309215e-06
55 1.233607459058432e-06 1.1223540820274978e-06 1.3708910621311307e-06 1.1646271356940113e-06 1.160355141493784e-06 0.08429926881640938 1.2205537558997513e-06 0.6589945073501361 1.2444306614547655e-06 0.06680167901507646 0.0004920969750631312 0.07146082748711638 1.298390196418311e-06 0.0001478954376113952 0.00017400633570556243 0.00015610337902166498 4.0143724931214225e-05 0.003595422179582768 9.523884613181115e-06 0.003550181284889032 1.3588978676875216e-06 1.580784126285882e-05 2.3850929155889882e-06 1.3588322207027937e-05 3.638613898950069e-05 0.003667949288568483 0.0008163680073171644 0.0018765144271276658 1.1991095239524816e-06 1.1670669124309215e-06
56 1.233607459058432e-06 1.1223540820274978e-06 1.3708910621311307e-06 1.1646271356940113e-06 1.160355141493784e-06 0.08429926881640938 1.2205537558997513e-06 0.6589945073501361 1.2444306614547655e-06 0.06680167901507646 0.0004920969750631312 0.07146082748711638 1.298390196418311e-06 0.0001478954376113952 0.00017400633570556243 0.00015610337902166498 4.0143724931214225e-05 0.003595422179582768 9.523884613181115e-06 0.003550181284889032 1.3588978676875216e-06 1.580784126285882e-05 2.3850929155889882e-06 1.3588322207027937e-05 3.638613898950069e-05 0.003667949288568483 0.0008163680073171644 0.0018765144271276658 1.1991095239524816e-06 1.1670669124309215e-06
57 1.233607459058432e-06 1.1223540820274978e-06 1.3708910621311307e-06 1.1646271356940113e-06 1.160355141493784e-06 0.08429926881640938 1.2205537558997513e-06 0.6589945073501361 1.2444306614547655e-06 0.06680167901507646 0.0004920969750631312 0.07146082748711638 1.298390196418311e-06 0.0001478954376113952 0.00017400633570556243 0.00015610337902166498 4.0143724931214225e-05 0.003595422179582768 9.523884613181115e-06 0.003550181284889032 1.3588978676875216e-06 1.580784126285882e-05 2.3850929155889882e-06 1.3588322207027937e-05 3.638613898950069e-05 0.003667949288568483 0.0008163680073171644 0.0018765144271276658 1.1991095239524816e-06 1.1670669124309215e-06
58 1.233607459058432e-06 1.1223540820274978e-06 1.3708910621311307e-06 1.1646271356940113e-06 1.160355141493784e-06 0.08429926881640938 1.2205537558997513e-06 0.6589945073501361 1.2444306614547655e-06 0.06680167901507646 0.0004920969750631312 0.07146082748711638 1.298390196418311e-06 0.0001478954376113952 0.00017400633570556243 0.00015610337902166498 4.0143724931214225e-05 0.003595422179582768 9.523884613181115e-06 0.003550181284889032 1.3588978676875216e-06 1.580784126285882e-05 2.3850929155889882e-06 1.3588322207027937e-05 3.638613898950069e-05 0.003667949288568483 0.0008163680073171644 0.0018765144271276658 1.1991095239524816e-06 1.1670669124309215e-06
59 1.233607459058432e-06 1.1223540820274978e-06 1.3708910621311307e-06 1.1646271356940113e-06 1.160355141493784e-06 0.08429926881640938 1.2205537558997513e-06 0.6589945073501361 1.2444306614547655e-06 0.06680167901507646 0.0004920969750631312 0.07146082748711638 1.298390196418311e-06 0.0001478954376113952 0.00017400633570556243 0.00015610337902166498 4.0143724931214225e-05 0.003595422179582768 9.523884613181115e-06 0.003550181284889032 1.3588978676875216e-06 1.580784126285882e-05 2.3850929155889882e-06 1.3588322207027937e-05 3.638613898950069e-05 0.003667949288568483 0.0008163680073171644 0.0018765144271276658 1.1991095239524816e-06 1.1670669124309215e-06
60 1.233607459058432e-06 1.1223540820274978e-06 1.3708910621311307e-06 1.1646271356940113e-06 1.160355141493784e-06 0.08429926881640938 1.2205537558997513e-06 0.6589945073501361 1.2444306614547655e-06 0.06680167901507646 0.0004920969750631312 0.07146082748711638 1.298390196418311e-06 0.0001478954376113952 0.00017400633570556243 0.00015610337902166498 4.0143724931214225e-05 0.003595422179582768 9.523884613181115e-06 0.003550181284889032 1.3588978676875216e-06 1.580784126285882e-05 2.3850929155889882e-06 1.3588322207027937e-05 3.638613898950069e-05 0.003667949288568483 0.0008163680073171644 0.0018765144271276658 1.1991095239524816e-06 1.1670669124309215e-06
61 1.233607459058432e-06 1.1223540820274978e-06 1.3708910621311307e-06 1.1646271356940113e-06 1.160355141493784e-06 0.08429926881640938 1.2205537558997513e-06 0.6589945073501361 1.2444306614547655e-06 0.06680167901507646 0.0004920969750631312 0.07146082748711638 1.298390196418311e-06 0.0001478954376113952 0.00017400633570556243 0.00015610337902166498 4.0143724931214225e-05 0.003595422179582768 9.523884613181115e-06 0.003550181284889032 1.3588978676875216e-06 1.580784126285882e-05 2.3850929155889882e-06 1.3588322207027937e-05 3.638613898950069e-05 0.003667949288568483 0.0008163680073171644 0.0018765144271276658 1.1991095239524816e-06 1.1670669124309215e-06
62 1.233607459058432e-06 1.1223540820274978e-06 1.3708910621311307e-06 1.1646271356940113e-06 1.160355141493784e-06 0.08429926881640938 1.2205537558997513e-06 0.6589945073501361 1.2444306614547655e-06 0.06680167901507646 0.0004920969750631312 0.07146082748711638 1.298390196418311e-06 0.0001478954376113952 0.00017400633570556243 0.00015610337902166498 4.0143724931214225e-05 0.003595422179582768 9.523884613181115e-06 0.003550181284889032 1.3588978676875216e-06 1.580784126285882e-05 2.3850929155889882e-06 1.3588322207027937e-05 3.638613898950069e-05 0.003667949288568483 0.0008163680073171644 0.0018765144271276658 1.1991095239524816e-06 1.1670669124309215e-06
63 1.233607459058432e-06 1.1223540820274978e-06 1.3708910621311307e-06 1.1646271356940113e-06 1.160355141493784e-06 0.08429926881640938 1.2205537558997513e-06 0.6589945073501361 1.2444306614547655e-06 0.06680167901507646 0.0004920969750631312 0.07146082748711638 1.298390196418311e-06 0.0001478954376113952 0.00017400633570556243 0.00015610337902166498 4.0143724931214225e-05 0.003595422179582768 9.523884613181115e-06 0.003550181284889032 1.3588978676875216e-06 1.580784126285882e-05 2.3850929155889882e-06 1.3588322207027937e-05 3.638613898950069e-05 0.003667949288568483 0.0008163680073171644 0.0018765144271276658 1.1991095239524816e-06 1.1670669124309215e-06
64 1.233607459058432e-06 1.1223540820274978e-06 1.3708910621311307e-06 1.1646271356940113e-06 1.160355141493784e-06 0.08429926881640938 1.2205537558997513e-06 0.6589945073501361 1.2444306614547655e-06 0.06680167901507646 0.0004920969750631312 0.07146082748711638 1.298390196418311e-06 0.0001478954376113952 0.00017400633570556243 0.00015610337902166498 4.0143724931214225e-05 0.003595422179582768 9.523884613181115e-06 0.003550181284889032 1.3588978676875216e-06 1.580784126285882e-05 2.3850929155889882e-06 1.3588322207027937e-05 3.638613898950069e-05 0.003667949288568483 0.0008163680073171644 0.0018765144271276658 1.1991095239524816e-06 1.1670669124309215e-06
65 1.233607459058432e-06 1.1223540820274978e-06 1.3708910621311307e-06 1.1646271356940113e-06 1.160355141493784e-06 0.08429926881640938 1.2205537558997513e-06 0.6589945073501361 1.2444306614547655e-06 0.06680167901507646 0.0004920969750631312 0.07146082748711638 1.298390196418311e-06 0.0001478954376113952 0.00017400633570556243 0.00015610337902166498 4.0143724931214225e-05 0.003595422179582768 9.523884613181115e-06 0.003550181284889032 1.3588978676875216e-06 1.580784126285882e-05 2.3850929155889882e-06 1.3588322207027937e-05 3.638613898950069e-05 0.003667949288568483 0.0008163680073171644 0.0018765144271276658 1.1991095239524816e-06 1.1670669124309215e-06
66 1.233607459058432e-06 1.1223540820274978e-06 1.3708910621311307e-06 1.1646271356940113e-06 1.160355141493784e-06 0.08429926881640938 1.2205537558997513e-06 0.6589945073501361 1.2444306614547655e-06 0.06680167901507646 0.0004920969750631312 0.07146082748711638 1.298390196418311e-06 0.0001478954376113952 0.00017400633570556243 0.00015610337902166498 4.0143724931214225e-05 0.003595422179582768 9.523884613181115e-06 0.003550181284889032 1.3588978676875216e-06 1.580784126285882e-05 2.3850929155889882e-06 1.3588322207027937e-05 3.638613898950069e-05 0.003667949288568483 0.0008163680073171644 0.0018765144271276658 1.1991095239524816e-06 1.1670669124309215e-06
67 1.233607459058432e-06 1.1223540820274978e-06 1.3708910621311307e-06 1.1646271356940113e-06 1.160355141493784e-06 0.08429926881640938 1.2205537558997513e-06 0.6589945073501361 1.2444306614547655e-06 0.06680167901507646 0.0004920969750631312 0.07146082748711638 1.298390196418311e-06 0.0001478954376113952 0.00017400633570556243 0.00015610337902166498 4.0143724931214225e-05 0.003595422179582768 9.523884613181115e-06 0.003550181284889032 1.3588978676875216e-06 1.580784126285882e-05 2.3850929155889882e-06 1.3588322207027937e-05 3.638613898950069e-05 0.003667949288568483 0.0008163680073171644 0.0018765144271276658 1.1991095239524816e-06 1.1670669124309215e-06
68 8.233411010061429e-07 7.91967554771582e-07 8.407601650446173e-07 7.808586093202438e-07 8.02762854969847e-07 0.059844750024676444 8.344330306775602e-07 0.49760194485979536 7.895781725033881e-07 0.04439294455459723 0.00032537035216414974 0.16044046831009262 8.431053839262826e-07 0.00010289255172971448 0.00012374499086664095 9.983730530053538e-05 2.803736638688856e-05 0.0025963451790360064 6.9055171015938305e-06 0.0005147481803187135 1.0178745232448226e-06 1.1329920833844396e-05 1.4572439370259669e-06 8.499488970040055e-06 2.456876031847801e-05 0.003319714684350758 0.0005075840816218818 0.0013483324347941705 8.357478568951407e-07 8.097890974156848e-07
69 8.233411010061429e-07 7.91967554771582e-07 8.407601650446173e-07 7.808586093202438e-07 8.02762854969847e-07 0.059844750024676444 8.344330306775602e-07 0.49760194485979536 7.895781725033881e-07 0.04439294455459723 0.00032537035216414974 0.16044046831009262 8.431053839262826e-07 0.00010289255172971448 0.00012374499086664095 9.983730530053538e-05 2.803736638688856e-05 0.0025963451790360064 6.9055171015938305e-06 0.0005147481803187135 1.0178745232448226e-06 1.1329920833844396e-05 1.4572439370259669e-06 8.499488970040055e-06 2.456876031847801e-05 0.003319714684350758 0.0005075840816218818 0.0013483324347941705 8.357478568951407e-07 8.097890974156848e-07
70 8.233411010061429e-07 7.91967554771582e-07 8.407601650446173e-07 7.808586093202438e-07 8.02762854969847e-07 0.059844750024676444 8.344330306775602e-07 0.49760194485979536 7.895781725033881e-07 0.04439294455459723 0.00032537035216414974 0.16044046831009262 8.431053839262826e-07 0.00010289255172971448 0.00012374499086664095 9.983730530053538e-05 2.803736638688856e-05 0.0025963451790360064 6.9055171015938305e-06 0.0005147481803187135 1.0178745232448226e-06 1.1329920833844396e-05 1.4572439370259669e-06 8.499488970040055e-06 2.456876031847801e-05 0.003319714684350758 0.0005075840816218818 0.0013483324347941705 8.357478568951407e-07 8.097890974156848e-07
71 8.233411010061429e-07 7.91967554771582e-07 8.407601650446173e-07 7.808586093202438e-07 8.02762854969847e-07 0.059844750024676444 8.344330306775602e-07 0.49760194485979536 7.895781725033881e-07 0.04439294455459723 0.00032537035216414974 0.16044046831009262 8.431053839262826e-07 0.00010289255172971448 0.00012374499086664095 9.983730530053538e-05 2.803736638688856e-05 0.0025963451790360064 6.9055171015938305e-06 0.0005147481803187135 1.0178745232448226e-06 1.1329920833844396e-05 1.4572439370259669e-06 8.499488970040055e-06 2.456876031847801e-05 0.003319714684350758 0.0005075840816218818 0.0013483324347941705 8.357478568951407e-07 8.097890974156848e-07
72 8.233411010061429e-07 7.91967554771582e-07 8.407601650446173e-07 7.808586093202438e-07 8.02762854969847e-07 0.059844750024676444 8.344330306775602e-07 0.49760194485979536 7.895781725033881e-07 0.04439294455459723 0.00032537035216414974 0.16044046831009262 8.431053839262826e-07 0.00010289255172971448 0.00012374499086664095 9.983730530053538e-05 2.803736638688856e-05 0.0025963451790360064 6.9055171015938305e-06 0.0005147481803187135 1.0178745232448226e-06 1.1329920833844396e-05 1.4572439370259669e-06 8.499488970040055e-06 2.456876031847801e-05 0.003319714684350758 0.0005075840816218818 0.0013483324347941705 8.357478568951407e-07 8.097890974156848e-07
73 8.233411010061429e-07 7.91967554771582e-07 8.407601650446173e-07 7.808586093202438e-07 8.02762854969847e-07 0.059844750024676444 8.344330306775602e-07 0.49760194485979536 7.895781725033881e-07 0.04439294455459723 0.00032537035216414974 0.16044046831009262 8.431053839262826e-07 0.00010289255172971448 0.00012374499086664095 9.983730530053538e-05 2.803736638688856e-05 0.0025963451790360064 6.9055171015938305e-06 0.0005147481803187135 1.0178745232448226e-06 1.1329920833844396e-05 1.4572439370259669e-06 8.499488970040055e-06 2.456876031847801e-05 0.003319714684350758 0.0005075840816218818 0.0013483324347941705 8.357478568951407e-07 8.097890974156848e-07
74 8.233411010061429e-07 7.91967554771582e-07 8.407601650446173e-07 7.808586093202438e-07 8.02762854969847e-07 0.059844750024676444 8.344330306775602e-07 0.49760194485979536 7.895781725033881e-07 0.04439294455459723 0.00032537035216414974 0.16044046831009262 8.431053839262826e-07 0.00010289255172971448 0.00012374499086664095 9.983730530053538e-05 2.803736638688856e-05 0.0025963451790360064 6.9055171015938305e-06 0.0005147481803187135 1.0178745232448226e-06 1.1329920833844396e-05 1.4572439370259669e-06 8.499488970040055e-06 2.456876031847801e-05 0.003319714684350758 0.0005075840816218818 0.0013483324347941705 8.357478568951407e-07 8.097890974156848e-07
75 8.233411010061429e-07 7.91967554771582e-07 8.407601650446173e-07 7.808586093202438e-07 8.02762854969847e-07 0.059844750024676444 8.344330306775602e-07 0.49760194485979536 7.895781725033881e-07 0.04439294455459723 0.00032537035216414974 0.16044046831009262 8.431053839262826e-07 0.00010289255172971448 0.00012374499086664095 9.983730530053538e-05 2.803736638688856e-05 0.0025963451790360064 6.9055171015938305e-06 0.0005147481803187135 1.0178745232448226e-06 1.1329920833844396e-05 1.4572439370259669e-06 8.499488970040055e-06 2.456876031847801e-05 0.003319714684350758 0.0005075840816218818 0.0013483324347941705 8.357478568951407e-07 8.097890974156848e-07
76 8.233411010061429e-07 7.91967554771582e-07 8.407601650446173e-07 7.808586093202438e-07 8.02762854969847e-07 0.059844750024676444 8.344330306775602e-07 0.49760194485979536 7.895781725033881e-07 0.04439294455459723 0.00032537035216414974 0.16044046831009262 8.431053839262826e-07 0.00010289255172971448 0.00012374499086664095 9.983730530053538e-05 2.803736638688856e-05 0.0025963451790360064 6.9055171015938305e-06 0.0005147481803187135 1.0178745232448226e-06 1.1329920833844396e-05 1.4572439370259669e-06 8.499488970040055e-06 2.456876031847801e-05 0.003319714684350758 0.0005075840816218818 0.0013483324347941705 8.357478568951407e-07 8.097890974156848e-07
77 8.233411010061429e-07 7.91967554771582e-07 8.407601650446173e-07 7.808586093202438e-07 8.02762854969847e-07 0.059844750024676444 8.344330306775602e-07 0.49760194485979536 7.895781725033881e-07 0.04439294455459723 0.00032537035216414974 0.16044046831009262 8.431053839262826e-07 0.00010289255172971448 0.00012374499086664095 9.983730530053538e-05 2.803736638688856e-05 0.0025963451790360064 6.9055171015938305e-06 0.0005147481803187135 1.0178745232448226e-06 1.1329920833844396e-05 1.4572439370259669e-06 8.499488970040055e-06 2.456876031847801e-05 0.003319714684350758 0.0005075840816218818 0.0013483324347941705 8.357478568951407e-07 8.097890974156848e-07
78 8.233411010061429e-07 7.91967554771582e-07 8.407601650446173e-07 7.808586093202438e-07 8.02762854969847e-07 0.059844750024676444 8.344330306775602e-07 0.49760194485979536 7.895781725033881e-07 0.04439294455459723 0.00032537035216414974 0.16044046831009262 8.431053839262826e-07 0.00010289255172971448 0.00012374499086664095 9.983730530053538e-05 2.803736638688856e-05 0.0025963451790360064 6.9055171015938305e-06 0.0005147481803187135 1.0178745232448226e-06 1.1329920833844396e-05 1.4572439370259669e-06 8.499488970040055e-06 2.456876031847801e-05 0.003319714684350758 0.0005075840816218818 0.0013483324347941705 8.357478568951407e-07 8.097890974156848e-07
79 8.233411010061429e-07 7.91967554771582e-07 8.407601650446173e-07 7.808586093202438e-07 8.02762854969847e-07 0.059844750024676444 8.344330306775602e-07 0.49760194485979536 7.895781725033881e-07 0.04439294455459723 0.00032537035216414974 0.16044046831009262 8.431053839262826e-07 0.00010289255172971448 0.00012374499086664095 9.983730530053538e-05 2.803736638688856e-05 0.0025963451790360064 6.9055171015938305e-06 0.0005147481803187135 1.0178745232448226e-06 1.1329920833844396e-05 1.4572439370259669e-06 8.499488970040055e-06 2.456876031847801e-05 0.003319714684350758 0.0005075840816218818 0.0013483324347941705 8.357478568951407e-07 8.097890974156848e-07
80 8.233411010061429e-07 7.91967554771582e-07 8.407601650446173e-07 7.808586093202438e-07 8.02762854969847e-07 0.059844750024676444 8.344330306775602e-07 0.49760194485979536 7.895781725033881e-07 0.04439294455459723 0.00032537035216414974 0.16044046831009262 8.431053839262826e-07 0.00010289255172971448 0.00012374499086664095 9.983730530053538e-05 2.803736638688856e-05 0.0025963451790360064 6.9055171015938305e-06 0.0005147481803187135 1.0178745232448226e-06 1.1329920833844396e-05 1.4572439370259669e-06 8.499488970040055e-06 2.456876031847801e-05 0.003319714684350758 0.0005075840816218818 0.0013483324347941705 8.357478568951407e-07 8.097890974156848e-07
81 8.233411010061429e-07 7.91967554771582e-07 8.407601650446173e-07 7.808586093202438e-07 8.02762854969847e-07 0.059844750024676444 8.344330306775602e-07 0.49760194485979536 7.895781725033881e-07 0.04439294455459723 0.00032537035216414974 0.16044046831009262 8.431053839262826e-07 0.00010289255172971448 0.00012374499086664095 9.983730530053538e-05 2.803736638688856e-05 0.0025963451790360064 6.9055171015938305e-06 0.0005147481803187135 1.0178745232448226e-06 1.1329920833844396e-05 1.4572439370259669e-06 8.499488970040055e-06 2.456876031847801e-05 0.003319714684350758 0.0005075840816218818 0.0013483324347941705 8.357478568951407e-07 8.097890974156848e-07
82 8.233411010061429e-07 7.91967554771582e-07 8.407601650446173e-07 7.808586093202438e-07 8.02762854969847e-07 0.059844750024676444 8.344330306775602e-07 0.49760194485979536 7.895781725033881e-07 0.04439294455459723 0.00032537035216414974 0.16044046831009262 8.431053839262826e-07 0.00010289255172971448 0.00012374499086664095 9.983730530053538e-05 2.803736638688856e-05 0.0025963451790360064 6.9055171015938305e-06 0.0005147481803187135 1.0178745232448226e-06 1.1329920833844396e-05 1.4572439370259669e-06 8.499488970040055e-06 2.456876031847801e-05 0.003319714684350758 0.0005075840816218818 0.0013483324347941705 8.357478568951407e-07 8.097890974156848e-07
83 8.233411010061429e-07 7.91967554771582e-07 8.407601650446173e-07 7.808586093202438e-07 8.02762854969847e-07 0.059844750024676444 8.344330306775602e-07 0.49760194485979536 7.895781725033881e-07 0.04439294455459723 0.00032537035216414974 0.16044046831009262 8.431053839262826e-07 0.00010289255172971448 0.00012374499086664095 9.983730530053538e-05 2.803736638688856e-05 0.0025963451790360064 6.9055171015938305e-06 0.0005147481803187135 1.0178745232448226e-06 1.1329920833844396e-05 1.4572439370259669e-06 8.499488970040055e-06 2.456876031847801e-05 0.003319714684350758 0.0005075840816218818 0.0013483324347941705 8.357478568951407e-07 8.097890974156848e-07
84 8.233411010061429e-07 7.91967554771582e-07 8.407601650446173e-07 7.808586093202438e-07 8.02762854969847e-07 0.059844750024676444 8.344330306775602e-07 0.49760194485979536 7.895781725033881e-07 0.04439294455459723 0.00032537035216414974 0.16044046831009262 8.431053839262826e-07 0.00010289255172971448 0.00012374499086664095 9.983730530053538e-05 2.803736638688856e-05 0.0025963451790360064 6.9055171015938305e-06 0.0005147481803187135 1.0178745232448226e-06 1.1329920833844396e-05 1.4572439370259669e-06 8.499488970040055e-06 2.456876031847801e-05 0.003319714684350758 0.0005075840816218818 0.0013483324347941705 8.357478568951407e-07 8.097890974156848e-07
85 8.233411010061429e-07 7.91967554771582e-07 8.407601650446173e-07 7.808586093202438e-07 8.02762854969847e-07 0.059844750024676444 8.344330306775602e-07 0.49760194485979536 7.895781725033881e-07 0.04439294455459723 0.00032537035216414974 0.16044046831009262 8.431053839262826e-07 0.00010289255172971448 0.00012374499086664095 9.983730530053538e-05 2.803736638688856e-05 0.0025963451790360064 6.9055171015938305e-06 0.0005147481803187135 1.0178745232448226e-06 1.1329920833844396e-05 1.4572439370259669e-06 8.499488970040055e-06 2.456876031847801e-05 0.003319714684350758 0.0005075840816218818 0.0013483324347941705 8.357478568951407e-07 8.097890974156848e-07
86 8.233411010061429e-07 7.91967554771582e-07 8.407601650446173e-07 7.808586093202438e-07 8.02762854969847e-07 0.059844750024676444 8.344330306775602e-07 0.49760194485979536 7.895781725033881e-07 0.04439294455459723 0.00032537035216414974 0.16044046831009262 8.431053839262826e-07 0.00010289255172971448 0.00012374499086664095 9.983730530053538e-05 2.803736638688856e-05 0.0025963451790360064 6.9055171015938305e-06 0.0005147481803187135 1.0178745232448226e-06 1.1329920833844396e-05 1.4572439370259669e-06 8.499488970040055e-06 2.456876031847801e-05 0.003319714684350758 0.0005075840816218818 0.0013483324347941705 8.357478568951407e-07 8.097890974156848e-07
87 8.233411010061429e-07 7.91967554771582e-07 8.407601650446173e-07 7.808586093202438e-07 8.02762854969847e-07 0.059844750024676444 8.344330306775602e-07 0.49760194485979536 7.895781725033881e-07 0.04439294455459723 0.00032537035216414974 0.16044046831009262 8.431053839262826e-07 0.00010289255172971448 0.00012374499086664095 9.983730530053538e-05 2.803736638688856e-05 0.0025963451790360064 6.9055171015938305e-06 0.0005147481803187135 1.0178745232448226e-06 1.1329920833844396e-05 1.4572439370259669e-06 8.499488970040055e-06 2.456876031847801e-05 0.003319714684350758 0.0005075840816218818 0.0013483324347941705 8.357478568951407e-07 8.097890974156848e-07
88 8.233411010061429e-07 7.91967554771582e-07 8.407601650446173e-07 7.808586093202438e-07 8.02762854969847e-07 0.059844750024676444 8.344330306775602e-07 0.49760194485979536 7.895781725033881e-07 0.04439294455459723 0.00032537035216414974 0.16044046831009262 8.431053839262826e-07 0.00010289255172971448 0.00012374499086664095 9.983730530053538e-05 2.803736638688856e-05 0.0025963451790360064 6.9055171015938305e-06 0.0005147481803187135 1.0178745232448226e-06 1.1329920833844396e-05 1.4572439370259669e-06 8.499488970040055e-06 2.456876031847801e-05 0.003319714684350758 0.0005075840816218818 0.0013483324347941705 8.357478568951407e-07 8.097890974156848e-07
89 8.233411010061429e-07 7.91967554771582e-07 8.407601650446173e-07 7.808586093202438e-07 8.02762854969847e-07 0.059844750024676444 8.344330306775602e-07 0.49760194485979536 7.895781725033881e-07 0.04439294455459723 0.00032537035216414974 0.16044046831009262 8.431053839262826e-07 0.00010289255172971448 0.00012374499086664095 9.983730530053538e-05 2.803736638688856e-05 0.0025963451790360064 6.9055171015938305e-06 0.0005147481803187135 1.0178745232448226e-06 1.1329920833844396e-05 1.4572439370259669e-06 8.499488970040055e-06 2.456876031847801e-05 0.003319714684350758 0.0005075840816218818 0.0013483324347941705 8.357478568951407e-07 8.097890974156848e-07
90 8.233411010061429e-07 7.91967554771582e-07 8.407601650446173e-07 7.808586093202438e-07 8.02762854969847e-07 0.059844750024676444 8.344330306775602e-07 0.49760194485979536 7.895781725033881e-07 0.04439294455459723 0.00032537035216414974 0.16044046831009262 8.431053839262826e-07 0.00010289255172971448 0.00012374499086664095 9.983730530053538e-05 2.803736638688856e-05 0.0025963451790360064 6.9055171015938305e-06 0.0005147481803187135 1.0178745232448226e-06 1.1329920833844396e-05 1.4572439370259669e-06 8.499488970040055e-06 2.456876031847801e-05 0.003319714684350758 0.0005075840816218818 0.0013483324347941705 8.357478568951407e-07 8.097890974156848e-07
91 8.233411010061429e-07 7.91967554771582e-07 8.407601650446173e-07 7.808586093202438e-07 8.02762854969847e-07 0.059844750024676444 8.344330306775602e-07 0.49760194485979536 7.895781725033881e-07 0.04439294455459723 0.00032537035216414974 0.16044046831009262 8.431053839262826e-07 0.00010289255172971448 0.00012374499086664095 9.983730530053538e-05 2.803736638688856e-05 0.0025963451790360064 6.9055171015938305e-06 0.0005147481803187135 1.0178745232448226e-06 1.1329920833844396e-05 1.4572439370259669e-06 8.499488970040055e-06 2.456876031847801e-05 0.003319714684350758 0.0005075840816218818 0.0013483324347941705 8.357478568951407e-07 8.097890974156848e-07
92 8.233411010061429e-07 7.91967554771582e-07 8.407601650446173e-07 7.808586093202438e-07 8.02762854969847e-07 0.059844750024676444 8.344330306775602e-07 0.49760194485979536 7.895781725033881e-07 0.04439294455459723 0.00032537035216414974 0.16044046831009262 8.431053839262826e-07 0.00010289255172971448 0.00012374499086664095 9.983730530053538e-05 2.803736638688856e-05 0.0025963451790360064 6.9055171015938305e-06 0.0005147481803187135 1.0178745232448226e-06 1.1329920833844396e-05 1.4572439370259669e-06 8.499488970040055e-06 2.456876031847801e-05 0.003319714684350758 0.0005075840816218818 0.0013483324347941705 8.357478568951407e-07 8.097890974156848e-07
93 8.233411010061429e-07 7.91967554771582e-07 8.407601650446173e-07 7.808586093202438e-07 8.02762854969847e-07 0.059844750024676444 8.344330306775602e-07 0.49760194485979536 7.895781725033881e-07 0.04439294455459723 0.00032537035216414974 0.16044046831009262 8.431053839262826e-07 0.00010289255172971448 0.00012374499086664095 9.983730530053538e-05 2.803736638688856e-05 0.0025963451790360064 6.9055171015938305e-06 0.0005147481803187135 1.0178745232448226e-06 1.1329920833844396e-05 1.4572439370259669e-06 8.499488970040055e-06 2.456876031847801e-05 0.003319714684350758 0.0005075840816218818 0.0013483324347941705 8.357478568951407e-07 8.097890974156848e-07
94 8.233411010061429e-07 7.91967554771582e-07 8.407601650446173e-07 7.808586093202438e-07 8.02762854969847e-07 0.059844750024676444 8.344330306775602e-07 0.49760194485979536 7.895781725033881e-07 0.04439294455459723 0.00032537035216414974 0.16044046831009262 8.431053839262826e-07 0.00010289255172971448 0.00012374499086664095 9.983730530053538e-05 2.803736638688856e-05 0.0025963451790360064 6.9055171015938305e-06 0.0005147481803187135 1.0178745232448226e-06 1.1329920833844396e-05 1.4572439370259669e-06 8.499488970040055e-06 2.456876031847801e-05 0.003319714684350758 0.0005075840816218818 0.0013483324347941705 8.357478568951407e-07 8.097890974156848e-07
95 8.233411010061429e-07 7.91967554771582e-07 8.407601650446173e-07 7.808586093202438e-07 8.02762854969847e-07 0.059844750024676444 8.344330306775602e-07 0.49760194485979536 7.895781725033881e-07 0.04439294455459723 0.00032537035216414974 0.16044046831009262 8.431053839262826e-07 0.00010289255172971448 0.00012374499086664095 9.983730530053538e-05 2.803736638688856e-05 0.0025963451790360064 6.9055171015938305e-06 0.0005147481803187135 1.0178745232448226e-06 1.1329920833844396e-05 1.4572439370259669e-06 8.499488970040055e-06 2.456876031847801e-05 0.003319714684350758 0.0005075840816218818 0.0013483324347941705 8.357478568951407e-07 8.097890974156848e-07
96 8.233411010061429e-07 7.91967554771582e-07 8.407601650446173e-07 7.808586093202438e-07 8.02762854969847e-07 0.059844750024676444 8.344330306775602e-07 0.49760194485979536 7.895781725033881e-07 0.04439294455459723 0.00032537035216414974 0.16044046831009262 8.431053839262826e-07 0.00010289255172971448 0.00012374499086664095 9.983730530053538e-05 2.803736638688856e-05 0.0025963451790360064 6.9055171015938305e-06 0.0005147481803187135 1.0178745232448226e-06 1.1329920833844396e-05 1.4572439370259669e-06 8.499488970040055e-06 2.456876031847801e-05 0.003319714684350758 0.0005075840816218818 0.0013483324347941705 8.357478568951407e-07 8.097890974156848e-07
97 8.233411010061429e-07 7.91967554771582e-07 8.407601650446173e-07 7.808586093202438e-07 8.02762854969847e-07 0.059844750024676444 8.344330306775602e-07 0.49760194485979536 7.895781725033881e-07 0.04439294455459723 0.00032537035216414974 0.16044046831009262 8.431053839262826e-07 0.00010289255172971448 0.00012374499086664095 9.983730530053538e-05 2.803736638688856e-05 0.0025963451790360064 6.9055171015938305e-06 0.0005147481803187135 1.0178745232448226e-06 1.1329920833844396e-05 1.4572439370259669e-06 8.499488970040055e-06 2.456876031847801e-05 0.003319714684350758 0.0005075840816218818 0.0013483324347941705 8.357478568951407e-07 8.097890974156848e-07
98 8.233411010061429e-07 7.91967554771582e-07 8.407601650446173e-07 7.808586093202438e-07 8.02762854969847e-07 0.059844750024676444 8.344330306775602e-07 0.49760194485979536 7.895781725033881e-07 0.04439294455459723 0.00032537035216414974 0.16044046831009262 8.431053839262826e-07 0.00010289255172971448 0.00012374499086664095 9.983730530053538e-05 2.803736638688856e-05 0.0025963451790360064 6.9055171015938305e-06 0.0005147481803187135 1.0178745232448226e-06 1.1329920833844396e-05 1.4572439370259669e-06 8.499488970040055e-06 2.456876031847801e-05 0.003319714684350758 0.0005075840816218818 0.0013483324347941705 8.357478568951407e-07 8.097890974156848e-07
99 8.233411010061429e-07 7.91967554771582e-07 8.407601650446173e-07 7.808586093202438e-07 8.02762854969847e-07 0.059844750024676444 8.344330306775602e-07 0.49760194485979536 7.895781725033881e-07 0.04439294455459723 0.00032537035216414974 0.16044046831009262 8.431053839262826e-07 0.00010289255172971448 0.00012374499086664095 9.983730530053538e-05 2.803736638688856e-05 0.0025963451790360064 6.9055171015938305e-06 0.0005147481803187135 1.0178745232448226e-06 1.1329920833844396e-05 1.4572439370259669e-06 8.499488970040055e-06 2.456876031847801e-05 0.003319714684350758 0.0005075840816218818 0.0013483324347941705 8.357478568951407e-07 8.097890974156848e-07
100 8.233411010061429e-07 7.91967554771582e-07 8.407601650446173e-07 7.808586093202438e-07 8.02762854969847e-07 0.059844750024676444 8.344330306775602e-07 0.49760194485979536 7.895781725033881e-07 0.04439294455459723 0.00032537035216414974 0.16044046831009262 8.431053839262826e-07 0.00010289255172971448 0.00012374499086664095 9.983730530053538e-05 2.803736638688856e-05 0.0025963451790360064 6.9055171015938305e-06 0.0005147481803187135 1.0178745232448226e-06 1.1329920833844396e-05 1.4572439370259669e-06 8.499488970040055e-06 2.456876031847801e-05 0.003319714684350758 0.0005075840816218818 0.0013483324347941705 8.357478568951407e-07 8.097890974156848e-07
101 8.233411010061429e-07 7.91967554771582e-07 8.407601650446173e-07 7.808586093202438e-07 8.02762854969847e-07 0.059844750024676444 8.344330306775602e-07 0.49760194485979536 7.895781725033881e-07 0.04439294455459723 0.00032537035216414974 0.16044046831009262 8.431053839262826e-07 0.00010289255172971448 0.00012374499086664095 9.983730530053538e-05 2.803736638688856e-05 0.0025963451790360064 6.9055171015938305e-06 0.0005147481803187135 1.0178745232448226e-06 1.1329920833844396e-05 1.4572439370259669e-06 8.499488970040055e-06 2.456876031847801e-05 0.003319714684350758 0.0005075840816218818 0.0013483324347941705 8.357478568951407e-07 8.097890974156848e-07
102 8.233411010061429e-07 7.91967554771582e-07 8.407601650446173e-07 7.808586093202438e-07 8.02762854969847e-07 0.059844750024676444 8.344330306775602e-07 0.49760194485979536 7.895781725033881e-07 0.04439294455459723 0.00032537035216414974 0.16044046831009262 8.431053839262826e-07 0.00010289255172971448 0.00012374499086664095 9.983730530053538e-05 2.803736638688856e-05 0.0025963451790360064 6.9055171015938305e-06 0.0005147481803187135 1.0178745232448226e-06 1.1329920833844396e-05 1.4572439370259669e-06 8.499488970040055e-06 2.456876031847801e-05 0.003319714684350758 0.0005075840816218818 0.0013483324347941705 8.357478568951407e-07 8.097890974156848e-07
103 8.233411010061429e-07 7.91967554771582e-07 8.407601650446173e-07 7.808586093202438e-07 8.02762854969847e-07 0.059844750024676444 8.344330306775602e-07 0.49760194485979536 7.895781725033881e-07 0.04439294455459723 0.00032537035216414974 0.16044046831009262 8.431053839262826e-07 0.00010289255172971448 0.00012374499086664095 9.983730530053538e-05 2.803736638688856e-05 0.0025963451790360064 6.9055171015938305e-06 0.0005147481803187135 1.0178745232448226e-06 1.1329920833844396e-05 1.4572439370259669e-06 8.499488970040055e-06 2.456876031847801e-05 0.003319714684350758 0.0005075840816218818 0.0013483324347941705 8.357478568951407e-07 8.097890974156848e-07
104 8.233411010061429e-07 7.91967554771582e-07 8.407601650446173e-07 7.808586093202438e-07 8.02762854969847e-07 0.059844750024676444 8.344330306775602e-07 0.49760194485979536 7.895781725033881e-07 0.04439294455459723 0.00032537035216414974 0.16044046831009262 8.431053839262826e-07 0.00010289255172971448 0.00012374499086664095 9.983730530053538e-05 2.803736638688856e-05 0.0025963451790360064 6.9055171015938305e-06 0.0005147481803187135 1.0178745232448226e-06 1.1329920833844396e-05 1.4572439370259669e-06 8.499488970040055e-06 2.456876031847801e-05 0.003319714684350758 0.0005075840816218818 0.0013483324347941705 8.357478568951407e-07 8.097890974156848e-07
105 8.233411010061429e-07 7.91967554771582e-07 8.407601650446173e-07 7.808586093202438e-07 8.02762854969847e-07 0.059844750024676444 8.344330306775602e-07 0.49760194485979536 7.895781725033881e-07 0.04439294455459723 0.00032537035216414974 0.16044046831009262 8.431053839262826e-07 0.00010289255172971448 0.00012374499086664095 9.983730530053538e-05 2.803736638688856e-05 0.0025963451790360064 6.9055171015938305e-06 0.0005147481803187135 1.0178745232448226e-06 1.1329920833844396e-05 1.4572439370259669e-06 8.499488970040055e-06 2.456876031847801e-05 0.003319714684350758 0.0005075840816218818 0.0013483324347941705 8.357478568951407e-07 8.097890974156848e-07
106 8.233411010061429e-07 7.91967554771582e-07 8.407601650446173e-07 7.808586093202438e-07 8.02762854969847e-07 0.059844750024676444 8.344330306775602e-07 0.49760194485979536 7.895781725033881e-07 0.04439294455459723 0.00032537035216414974 0.16044046831009262 8.431053839262826e-07 0.00010289255172971448 0.00012374499086664095 9.983730530053538e-05 2.803736638688856e-05 0.0025963451790360064 6.9055171015938305e-06 0.0005147481803187135 1.0178745232448226e-06 1.1329920833844396e-05 1.4572439370259669e-06 8.499488970040055e-06 2.456876031847801e-05 0.003319714684350758 0.0005075840816218818 0.0013483324347941705 8.357478568951407e-07 8.097890974156848e-07
107 8.233411010061429e-07 7.91967554771582e-07 8.407601650446173e-07 7.808586093202438e-07 8.02762854969847e-07 0.059844750024676444 8.344330306775602e-07 0.49760194485979536 7.895781725033881e-07 0.04439294455459723 0.00032537035216414974 0.16044046831009262 8.431053839262826e-07 0.00010289255172971448 0.00012374499086664095 9.983730530053538e-05 2.803736638688856e-05 0.0025963451790360064 6.9055171015938305e-06 0.0005147481803187135 1.0178745232448226e-06 1.1329920833844396e-05 1.4572439370259669e-06 8.499488970040055e-06 2.456876031847801e-05 0.003319714684350758 0.0005075840816218818 0.0013483324347941705 8.357478568951407e-07 8.097890974156848e-07
108 8.233411010061429e-07 7.91967554771582e-07 8.407601650446173e-07 7.808586093202438e-07 8.02762854969847e-07 0.059844750024676444 8.344330306775602e-07 0.49760194485979536 7.895781725033881e-07 0.04439294455459723 0.00032537035216414974 0.16044046831009262 8.431053839262826e-07 0.00010289255172971448 0.00012374499086664095 9.983730530053538e-05 2.803736638688856e-05 0.0025963451790360064 6.9055171015938305e-06 0.0005147481803187135 1.0178745232448226e-06 1.1329920833844396e-05 1.4572439370259669e-06 8.499488970040055e-06 2.456876031847801e-05 0.003319714684350758 0.0005075840816218818 0.0013483324347941705 8.357478568951407e-07 8.097890974156848e-07
