# index Z=1 - Z=30
0 7.390061493404986e-07 0.011269689486668413 7.052303182256072e-07 7.459697131938852e-07 7.006858664063812e-07 1.792349657195473e-06 7.385494735343599e-07 0.00404242312272974 7.139193273330801e-07 7.266563594024472e-07 7.24654155336874e-07 7.86615398125126e-05 7.486412914085103e-07 0.023226153251797905 1.8687148034515493e-06 8.259441902542158e-05 9.164073945888158e-07 0.007873096637903065 1.0407544811409937e-06 0.01574345053955376 7.659157894370653e-07 0.00012708513181708793 0.00030768325870564805 1.981202569656913e-05 0.0059435894785778015 0.24068960200841583 0.16364795390486006 0.25663746480161903 6.943698917692705e-07 7.239312794378898e-07
1 7.390061493404986e-07 0.011269689486668413 7.052303182256072e-07 7.459697131938852e-07 7.006858664063812e-07 1.792349657195473e-06 7.385494735343599e-07 0.00404242312272974 7.139193273330801e-07 7.266563594024472e-07 7.24654155336874e-07 7.86615398125126e-05 7.486412914085103e-07 0.023226153251797905 1.8687148034515493e-06 8.259441902542158e-05 9.164073945888158e-07 0.007873096637903065 1.0407544811409937e-06 0.01574345053955376 7.659157894370653e-07 0.00012708513181708793 0.00030768325870564805 1.981202569656913e-05 0.0059435894785778015 0.24068960200841583 0.16364795390486006 0.25663746480161903 6.943698917692705e-07 7.239312794378898e-07
2 7.390061493404986e-07 0.011269689486668413 7.052303182256072e-07 7.459697131938852e-07 7.006858664063812e-07 1.792349657195473e-06 7.385494735343599e-07 0.00404242312272974 7.139193273330801e-07 7.266563594024472e-07 7.24654155336874e-07 7.86615398125126e-05 7.486412914085103e-07 0.023226153251797905 1.8687148034515493e-06 8.259441902542158e-05 9.164073945888158e-07 0.007873096637903065 1.0407544811409937e-06 0.01574345053955376 7.659157894370653e-07 0.00012708513181708793 0.00030768325870564805 1.981202569656913e-05 0.0059435894785778015 0.24068960200841583 0.16364795390486006 0.25663746480161903 6.943698917692705e-07 7.239312794378898e-07
3 7.390061493404986e-07 0.011269689486668413 7.052303182256072e-07 7.459697131938852e-07 7.006858664063812e-07 1.792349657195473e-06 7.385494735343599e-07 0.00404242312272974 7.139193273330801e-07 7.266563594024472e-07 7.24654155336874e-07 7.86615398125126e-05 7.486412914085103e-07 0.023226153251797905 1.8687148034515493e-06 8.259441902542158e-05 9.164073945888158e-07 0.007873096637903065 1.0407544811409937e-06 0.01574345053955376 7.659157894370653e-07 0.00012708513181708793 0.00030768325870564805 1.981202569656913e-05 0.0059435894785778015 0.24068960200841583 0.16364795390486006 0.25663746480161903 6.943698917692705e-07 7.239312794378898e-07
4 7.390061493404986e-07 0.011269689486668413 7.052303182256072e-07 7.459697131938852e-07 7.006858664063812e-07 1.792349657195473e-06 7.385494735343599e-07 0.00404242312272974 7.139193273330801e-07 7.266563594024472e-07 7.24654155336874e-07 7.86615398125126e-05 7.486412914085103e-07 0.023226153251797905 1.8687148034515493e-06 8.259441902542158e-05 9.164073945888158e-07 0.007873096637903065 1.0407544811409937e-06 0.01574345053955376 7.659157894370653e-07 0.00012708513181708793 0.00030768325870564805 1.981202569656913e-05 0.0059435894785778015 0.24068960200841583 0.16364795390486006 0.25663746480161903 6.943698917692705e-07 7.239312794378898e-07
5 7.390061493404986e-07 0.011269689486668413 7.052303182256072e-07 7.459697131938852e-07 7.006858664063812e-07 1.792349657195473e-06 7.385494735343599e-07 0.00404242312272974 7.139193273330801e-07 7.266563594024472e-07 7.24654155336874e-07 7.86615398125126e-05 7.486412914085103e-07 0.023226153251797905 1.8687148034515493e-06 8.259441902542158e-05 9.164073945888158e-07 0.007873096637903065 1.0407544811409937e-06 0.01574345053955376 7.659157894370653e-07 0.00012708513181708793 0.00030768325870564805 1.981202569656913e-05 0.0059435894785778015 0.24068960200841583 0.16364795390486006 0.25663746480161903 6.943698917692705e-07 7.239312794378898e-07
6 7.390061493404986e-07 0.011269689486668413 7.052303182256072e-07 7.459697131938852e-07 7.006858664063812e-07 1.792349657195473e-06 7.385494735343599e-07 0.00404242312272974 7.139193273330801e-07 7.266563594024472e-07 7.24654155336874e-07 7.86615398125126e-05 7.486412914085103e-07 0.023226153251797905 1.8687148034515493e-06 8.259441902542158e-05 9.164073945888158e-07 0.007873096637903065 1.0407544811409937e-06 0.01574345053955376 7.659157894370653e-07 0.00012708513181708793 0.00030768325870564805 1.981202569656913e-05 0.0059435894785778015 0.24068960200841583 0.16364795390486006 0.25663746480161903 6.943698917692705e-07 7.239312794378898e-07
7 7.390061493404986e-07 0.011269689486668413 7.052303182256072e-07 7.459697131938852e-07 7.006858664063812e-07 1.792349657195473e-06 7.385494735343599e-07 0.00404242312272974 7.139193273330801e-07 7.266563594024472e-07 7.24654155336874e-07 7.86615398125126e-05 7.486412914085103e-07 0.023226153251797905 1.8687148034515493e-06 8.259441902542158e-05 9.164073945888158e-07 0.007873096637903065 1.0407544811409937e-06 0.01574345053955376 7.659157894370653e-07 0.00012708513181708793 0.00030768325870564805 1.981202569656913e-05 0.0059435894785778015 0.24068960200841583 0.16364795390486006 0.25663746480161903 6.943698917692705e-07 7.239312794378898e-07
8 7.390061493404986e-07 0.011269689486668413 7.052303182256072e-07 7.459697131938852e-07 7.006858664063812e-07 1.792349657195473e-06 7.385494735343599e-07 0.00404242312272974 7.139193273330801e-07 7.266563594024472e-07 7.24654155336874e-07 7.86615398125126e-05 7.486412914085103e-07 0.023226153251797905 1.8687148034515493e-06 8.259441902542158e-05 9.164073945888158e-07 0.007873096637903065 1.0407544811409937e-06 0.01574345053955376 7.659157894370653e-07 0.00012708513181708793 0.00030768325870564805 1.981202569656913e-05 0.0059435894785778015 0.24068960200841583 0.16364795390486006 0.25663746480161903 6.943698917692705e-07 7.239312794378898e-07
9 7.390061493404986e-07 0.011269689486668413 7.052303182256072e-07 7.459697131938852e-07 7.006858664063812e-07 1.792349657195473e-06 7.385494735343599e-07 0.00404242312272974 7.139193273330801e-07 7.266563594024472e-07 7.24654155336874e-07 7.86615398125126e-05 7.486412914085103e-07 0.023226153251797905 1.8687148034515493e-06 8.259441902542158e-05 9.164073945888158e-07 0.007873096637903065 1.0407544811409937e-06 0.01574345053955376 7.659157894370653e-07 0.00012708513181708793 0.00030768325870564805 1.981202569656913e-05 0.0059435894785778015 0.24068960200841583 0.16364795390486006 0.25663746480161903 6.943698917692705e-07 7.239312794378898e-07
10 7.390061493404986e-07 0.011269689486668413 7.052303182256072e-07 7.459697131938852e-07 7.006858664063812e-07 1.792349657195473e-06 7.385494735343599e-07 0.00404242312272974 7.139193273330801e-07 7.266563594024472e-07 7.24654155336874e-07 7.86615398125126e-05 7.486412914085103e-07 0.023226153251797905 1.8687148034515493e-06 8.259441902542158e-05 9.164073945888158e-07 0.007873096637903065 1.0407544811409937e-06 0.01574345053955376 7.659157894370653e-07 0.00012708513181708793 0.00030768325870564805 1.981202569656913e-05 0.0059435894785778015 0.24068960200841583 0.16364795390486006 0.25663746480161903 6.943698917692705e-07 7.239312794378898e-07
11 7.390061493404986e-07 0.011269689486668413 7.052303182256072e-07 7.459697131938852e-07 7.006858664063812e-07 1.792349657195473e-06 7.385494735343599e-07 0.00404242312272974 7.139193273330801e-07 7.266563594024472e-07 7.24654155336874e-07 7.86615398125126e-05 7.486412914085103e-07 0.023226153251797905 1.8687148034515493e-06 8.259441902542158e-05 9.164073945888158e-07 0.007873096637903065 1.0407544811409937e-06 0.01574345053955376 7.659157894370653e-07 0.00012708513181708793 0.00030768325870564805 1.981202569656913e-05 0.0059435894785778015 0.24068960200841583 0.16364795390486006 0.25663746480161903 6.943698917692705e-07 7.239312794378898e-07
12 7.395995192303547e-07 0.003645663985781196 8.365502383427113e-07 8.672326577842166e-07 8.839017225520758e-07 1.6482167097734128e-06 8.107214257314464e-07 0.004785634300306718 8.633611706237146e-07 8.740675749175162e-07 8.673097882110314e-07 0.0019955775836882008 7.929925441084916e-07 0.027300633436332166 5.816143136486132e-06 0.0006881297374393663 2.1062072825481843e-06 0.011073093465702991 1.4821388826033396e-06 0.030745429971469826 8.663608946400707e-07 0.00011316972209248791 0.0008817159811270932 2.2373814259508727e-05 0.03095541307785052 0.15234928028034797 0.16516527835822734 0.343156674130519 8.793502511015048e-07 8.153965073872496e-07
13 7.395995192303547e-07 0.003645663985781196 8.365502383427113e-07 8.672326577842166e-07 8.839017225520758e-07 1.6482167097734128e-06 8.107214257314464e-07 0.004785634300306718 8.633611706237146e-07 8.740675749175162e-07 8.673097882110314e-07 0.0019955775836882008 7.929925441084916e-07 0.027300633436332166 5.816143136486132e-06 0.0006881297374393663 2.1062072825481843e-06 0.011073093465702991 1.4821388826033396e-06 0.030745429971469826 8.663608946400707e-07 0.00011316972209248791 0.0008817159811270932 2.2373814259508727e-05 0.03095541307785052 0.15234928028034797 0.16516527835822734 0.343156674130519 8.793502511015048e-07 8.153965073872496e-07
14 7.395995192303547e-07 0.003645663985781196 8.365502383427113e-07 8.672326577842166e-07 8.839017225520758e-07 1.6482167097734128e-06 8.107214257314464e-07 0.004785634300306718 8.633611706237146e-07 8.740675749175162e-07 8.673097882110314e-07 0.0019955775836882008 7.929925441084916e-07 0.027300633436332166 5.816143136486132e-06 0.0006881297374393663 2.1062072825481843e-06 0.011073093465702991 1.4821388826033396e-06 0.030745429971469826 8.663608946400707e-07 0.00011316972209248791 0.0008817159811270932 2.2373814259508727e-05 0.03095541307785052 0.15234928028034797 0.16516527835822734 0.343156674130519 8.793502511015048e-07 8.153965073872496e-07
15 7.395995192303547e-07 0.003645663985781196 8.365502383427113e-07 8.672326577842166e-07 8.839017225520758e-07 1.6482167097734128e-06 8.107214257314464e-07 0.004785634300306718 8.633611706237146e-07 8.740675749175162e-07 8.673097882110314e-07 0.0019955775836882008 7.929925441084916e-07 0.027300633436332166 5.816143136486132e-06 0.0006881297374393663 2.1062072825481843e-06 0.011073093465702991 1.4821388826033396e-06 0.030745429971469826 8.663608946400707e-07 0.00011316972209248791 0.0008817159811270932 2.2373814259508727e-05 0.03095541307785052 0.15234928028034797 0.16516527835822734 0.343156674130519 8.793502511015048e-07 8.153965073872496e-07
16 7.395995192303547e-07 0.003645663985781196 8.365502383427113e-07 8.672326577842166e-07 8.839017225520758e-07 1.6482167097734128e-06 8.107214257314464e-07 0.004785634300306718 8.633611706237146e-07 8.740675749175162e-07 8.673097882110314e-07 0.0019955775836882008 7.929925441084916e-07 0.027300633436332166 5.816143136486132e-06 0.0006881297374393663 2.1062072825481843e-06 0.011073093465702991 1.4821388826033396e-06 0.030745429971469826 8.663608946400707e-07 0.00011316972209248791 0.0008817159811270932 2.2373814259508727e-05 0.03095541307785052 0.15234928028034797 0.16516527835822734 0.343156674130519 8.793502511015048e-07 8.153965073872496e-07
17 7.395995192303547e-07 0.003645663985781196 8.365502383427113e-07 8.672326577842166e-07 8.839017225520758e-07 1.6482167097734128e-06 8.107214257314464e-07 0.004785634300306718 8.633611706237146e-07 8.740675749175162e-07 8.673097882110314e-07 0.0019955775836882008 7.929925441084916e-07 0.027300633436332166 5.816143136486132e-06 0.0006881297374393663 2.1062072825481843e-06 0.011073093465702991 1.4821388826033396e-06 0.030745429971469826 8.663608946400707e-07 0.00011316972209248791 0.0008817159811270932 2.2373814259508727e-05 0.03095541307785052 0.15234928028034797 0.16516527835822734 0.343156674130519 8.793502511015048e-07 8.153965073872496e-07
18 7.395995192303547e-07 0.003645663985781196 8.365502383427113e-07 8.672326577842166e-07 8.839017225520758e-07 1.6482167097734128e-06 8.107214257314464e-07 0.004785634300306718 8.633611706237146e-07 8.740675749175162e-07 8.673097882110314e-07 0.0019955775836882008 7.929925441084916e-07 0.027300633436332166 5.816143136486132e-06 0.0006881297374393663 2.1062072825481843e-06 0.011073093465702991 1.4821388826033396e-06 0.030745429971469826 8.663608946400707e-07 0.00011316972209248791 0.0008817159811270932 2.2373814259508727e-05 0.03095541307785052 0.15234928028034797 0.16516527835822734 0.343156674130519 8.793502511015048e-07 8.153965073872496e-07
19 7.395995192303547e-07 0.003645663985781196 8.365502383427113e-07 8.672326577842166e-07 8.839017225520758e-07 1.6482167097734128e-06 8.107214257314464e-07 0.004785634300306718 8.633611706237146e-07 8.740675749175162e-07 8.673097882110314e-07 0.0019955775836882008 7.929925441084916e-07 0.027300633436332166 5.816143136486132e-06 0.0006881297374393663 2.1062072825481843e-06 0.011073093465702991 1.4821388826033396e-06 0.030745429971469826 8.663608946400707e-07 0.00011316972209248791 0.0008817159811270932 2.2373814259508727e-05 0.03095541307785052 0.15234928028034797 0.16516527835822734 0.343156674130519 8.793502511015048e-07 8.153965073872496e-07
20 7.395995192303547e-07 0.003645663985781196 8.365502383427113e-07 8.672326577842166e-07 8.839017225520758e-07 1.6482167097734128e-06 8.107214257314464e-07 0.004785634300306718 8.633611706237146e-07 8.740675749175162e-07 8.673097882110314e-07 0.0019955775836882008 7.929925441084916e-07 0.027300633436332166 5.816143136486132e-06 0.0006881297374393663 2.1062072825481843e-06 0.011073093465702991 1.4821388826033396e-06 0.030745429971469826 8.663608946400707e-07 0.00011316972209248791 0.0008817159811270932 2.2373814259508727e-05 0.03095541307785052 0.15234928028034797 0.16516527835822734 0.343156674130519 8.793502511015048e-07 8.153965073872496e-07
21 7.395995192303547e-07 0.003645663985781196 8.365502383427113e-07 8.672326577842166e-07 8.839017225520758e-07 1.6482167097734128e-06 8.107214257314464e-07 0.004785634300306718 8.633611706237146e-07 8.740675749175162e-07 8.673097882110314e-07 0.0019955775836882008 7.929925441084916e-07 0.027300633436332166 5.816143136486132e-06 0.0006881297374393663 2.1062072825481843e-06 0.011073093465702991 1.4821388826033396e-06 0.030745429971469826 8.663608946400707e-07 0.00011316972209248791 0.0008817159811270932 2.2373814259508727e-05 0.03095541307785052 0.15234928028034797 0.16516527835822734 0.343156674130519 8.793502511015048e-07 8.153965073872496e-07
22 3.8386957593940184e-07 3.724245023838894e-07 3.614583500790069e-07 4.04201924747442e-07 3.853297989030402e-07 8.764912662068464e-07 3.62134050155922e-07 0.0018113993272801541 2.857006046507231e-07 3.5379783330325387e-07 3.373827718167031e-07 0.08622885387448434 3.2115686144000185e-07 0.5269873715020973 4.805930402769748e-06 0.1684611172722724 9.470735027226634e-07 0.013589769466755042 6.65878167051903e-07 0.03863225541410514 3.7503342559513866e-07 5.949909823094055e-05 0.00023513299295609057 2.7386331161628432e-05 0.0027834957884848425 0.058812513167676744 0.02314996571128869 0.004845243515270897 3.3083202554863525e-07 4.1544595787456647e-07
23 3.8386957593940184e-07 3.724245023838894e-07 3.614583500790069e-07 4.04201924747442e-07 3.853297989030402e-07 8.764912662068464e-07 3.62134050155922e-07 0.0018113993272801541 2.857006046507231e-07 3.5379783330325387e-07 3.373827718167031e-07 0.08622885387448434 3.2115686144000185e-07 0.5269873715020973 4.805930402769748e-06 0.1684611172722724 9.470735027226634e-07 0.013589769466755042 6.65878167051903e-07 0.03863225541410514 3.7503342559513866e-07 5.949909823094055e-05 0.00023513299295609057 2.7386331161628432e-05 0.0027834957884848425 0.058812513167676744 0.02314996571128869 0.004845243515270897 3.3083202554863525e-07 4.1544595787456647e-07
24 3.8386957593940184e-07 3.724245023838894e-07 3.614583500790069e-07 4.04201924747442e-07 3.853297989030402e-07 8.764912662068464e-07 3.62134050155922e-07 0.0018113993272801541 2.857006046507231e-07 3.5379783330325387e-07 3.373827718167031e-07 0.08622885387448434 3.2115686144000185e-07 0.5269873715020973 4.805930402769748e-06 0.1684611172722724 9.470735027226634e-07 0.013589769466755042 6.65878167051903e-07 0.03863225541410514 3.7503342559513866e-07 5.949909823094055e-05 0.00023513299295609057 2.7386331161628432e-05 0.0027834957884848425 0.058812513167676744 0.02314996571128869 0.004845243515270897 3.3083202554863525e-07 4.1544595787456647e-07
25 3.8386957593940184e-07 3.724245023838894e-07 3.614583500790069e-07 4.04201924747442e-07 3.853297989030402e-07 8.764912662068464e-07 3.62134050155922e-07 0.0018113993272801541 2.857006046507231e-07 3.5379783330325387e-07 3.373827718167031e-07 0.08622885387448434 3.2115686144000185e-07 0.5269873715020973 4.805930402769748e-06 0.1684611172722724 9.470735027226634e-07 0.013589769466755042 6.65878167051903e-07 0.03863225541410514 3.7503342559513866e-07 5.949909823094055e-05 0.00023513299295609057 2.7386331161628432e-05 0.0027834957884848425 0.058812513167676744 0.02314996571128869 0.004845243515270897 3.3083202554863525e-07 4.1544595787456647e-07
26 3.8386957593940184e-07 3.724245023838894e-07 3.614583500790069e-07 4.04201924747442e-07 3.853297989030402e-07 8.764912662068464e-07 3.62134050155922e-07 0.0018113993272801541 2.857006046507231e-07 3.5379783330325387e-07 3.373827718167031e-07 0.08622885387448434 3.2115686144000185e-07 0.5269873715020973 4.805930402769748e-06 0.1684611172722724 9.470735027226634e-07 0.013589769466755042 6.65878167051903e-07 0.03863225541410514 3.7503342559513866e-07 5.949909823094055e-05 0.00023513299295609057 2.7386331161628432e-05 0.0027834957884848425 0.058812513167676744 0.02314996571128869 0.004845243515270897 3.3083202554863525e-07 4.1544595787456647e-07
27 3.8386957593940184e-07 3.724245023838894e-07 3.614583500790069e-07 4.04201924747442e-07 3.853297989030402e-07 8.764912662068464e-07 3.62134050155922e-07 0.0018113993272801541 2.857006046507231e-07 3.5379783330325387e-07 3.373827718167031e-07 0.08622885387448434 3.2115686144000185e-07 0.5269873715020973 4.805930402769748e-06 0.1684611172722724 9.470735027226634e-07 0.013589769466755042 6.65878167051903e-07 0.03863225541410514 3.7503342559513866e-07 5.949909823094055e-05 0.00023513299295609057 2.7386331161628432e-05 0.0027834957884848425 0.058812513167676744 0.02314996571128869 0.004845243515270897 3.3083202554863525e-07 4.1544595787456647e-07
28 3.8386957593940184e-07 3.724245023838894e-07 3.614583500790069e-07 4.04201924747442e-07 3.853297989030402e-07 8.764912662068464e-07 3.62134050155922e-07 0.0018113993272801541 2.857006046507231e-07 3.5379783330325387e-07 3.373827718167031e-07 0.08622885387448434 3.2115686144000185e-07 0.5269873715020973 4.805930402769748e-06 0.1684611172722724 9.470735027226634e-07 0.013589769466755042 6.65878167051903e-07 0.03863225541410514 3.7503342559513866e-07 5.949909823094055e-05 0.00023513299295609057 2.7386331161628432e-05 0.0027834957884848425 0.058812513167676744 0.02314996571128869 0.004845243515270897 3.3083202554863525e-07 4.1544595787456647e-07
29 3.8386957593940184e-07 3.724245023838894e-07 3.614583500790069e-07 4.04201924747442e-07 3.853297989030402e-07 8.764912662068464e-07 3.62134050155922e-07 0.0018113993272801541 2.857006046507231e-07 3.5379783330325387e-07 3.373827718167031e-07 0.08622885387448434 3.2115686144000185e-07 0.5269873715020973 4.805930402769748e-06 0.1684611172722724 9.470735027226634e-07 0.013589769466755042 6.65878167051903e-07 0.03863225541410514 3.7503342559513866e-07 5.949909823094055e-05 0.00023513299295609057 2.7386331161628432e-05 0.0027834957884848425 0.058812513167676744 0.02314996571128869 0.004845243515270897 3.3083202554863525e-07 4.1544595787456647e-07
30 3.8386957593940184e-07 3.724245023838894e-07 3.614583500790069e-07 4.04201924747442e-07 3.853297989030402e-07 8.764912662068464e-07 3.62134050155922e-07 0.0018113993272801541 2.857006046507231e-07 3.5379783330325387e-07 3.373827718167031e-07 0.08622885387448434 3.2115686144000185e-07 0.5269873715020973 4.805930402769748e-06 0.1684611172722724 9.470735027226634e-07 0.013589769466755042 6.65878167051903e-07 0.03863225541410514 3.7503342559513866e-07 5.949909823094055e-05 0.00023513299295609057 2.7386331161628432e-05 0.0027834957884848425 0.058812513167676744 0.02314996571128869 0.004845243515270897 3.3083202554863525e-07 4.1544595787456647e-07
31 3.8386957593940184e-07 3.724245023838894e-07 3.614583500790069e-07 4.04201924747442e-07 3.853297989030402e-07 8.764912662068464e-07 3.62134050155922e-07 0.0018113993272801541 2.857006046507231e-07 3.5379783330325387e-07 3.373827718167031e-07 0.08622885387448434 3.2115686144000185e-07 0.5269873715020973 4.805930402769748e-06 0.1684611172722724 9.470735027226634e-07 0.013589769466755042 6.65878167051903e-07 0.03863225541410514 3.7503342559513866e-07 5.949909823094055e-05 0.00023513299295609057 2.7386331161628432e-05 0.0027834957884848425 0.058812513167676744 0.02314996571128869 0.004845243515270897 3.3083202554863525e-07 4.1544595787456647e-07
32 2.0488518814625188e-07 2.125022295882729e-07 1.7131867338618297e-07 1.6067607485428573e-07 1.9715851587585328e-07 5.358791363327838e-06 1.616003180369327e-07 0.5377184871832739 1.8805250268774185e-07 6.905994782140077e-07 2.1373303585905056e-07 0.030557338709481192 1.8690923673820298e-07 0.20511395476960467 1.719962318488368e-05 2.9938507395403434e-05 1.0229756210024802e-05 0.008634227885596346 8.243587226760384e-06 0.002994161388757499 1.7137078521267178e-07 1.54590314777539e-05 1.265742802829899e-05 1.5930923197479108e-05 0.00014208315464382491 0.005726569237970546 0.003088906373009234 0.0025842041092958316 1.9002447766372897e-07 1.657353645248875e-07
33 2.0488518814625188e-07 2.125022295882729e-07 1.7131867338618297e-07 1.6067607485428573e-07 1.9715851587585328e-07 5.358791363327838e-06 1.616003180369327e-07 0.5377184871832739 1.8805250268774185e-07 6.905994782140077e-07 2.1373303585905056e-07 0.030557338709481192 1.8690923673820298e-07 0.20511395476960467 1.719962318488368e-05 2.9938507395403434e-05 1.0229756210024802e-05 0.008634227885596346 8.243587226760384e-06 0.002994161388757499 1.7137078521267178e-07 1.54590314777539e-05 1.265742802829899e-05 1.5930923197479108e-05 0.00014208315464382491 0.005726569237970546 0.003088906373009234 0.0025842041092958316 1.9002447766372897e-07 1.657353645248875e-07
34 2.0488518814625188e-07 2.125022295882729e-07 1.7131867338618297e-07 1.6067607485428573e-07 1.9715851587585328e-07 5.358791363327838e-06 1.616003180369327e-07 0.5377184871832739 1.8805250268774185e-07 6.905994782140077e-07 2.1373303585905056e-07 0.030557338709481192 1.8690923673820298e-07 0.20511395476960467 1.719962318488368e-05 2.9938507395403434e-05 1.0229756210024802e-05 0.008634227885596346 8.243587226760384e-06 0.002994161388757499 1.7137078521267178e-07 1.54590314777539e-05 1.265742802829899e-05 1.5930923197479108e-05 0.00014208315464382491 0.005726569237970546 0.003088906373009234 0.0025842041092958316 1.9002447766372897e-07 1.657353645248875e-07
35 2.0488518814625188e-07 2.125022295882729e-07 1.7131867338618297e-07 1.6067607485428573e-07 1.9715851587585328e-07 5.358791363327838e-06 1.616003180369327e-07 0.5377184871832739 1.8805250268774185e-07 6.905994782140077e-07 2.1373303585905056e-07 0.030557338709481192 1.8690923673820298e-07 0.20511395476960467 1.719962318488368e-05 2.9938507395403434e-05 1.0229756210024802e-05 0.008634227885596346 8.243587226760384e-06 0.002994161388757499 1.7137078521267178e-07 1.54590314777539e-05 1.265742802829899e-05 1.5930923197479108e-05 0.00014208315464382491 0.005726569237970546 0.003088906373009234 0.0025842041092958316 1.9002447766372897e-07 1.657353645248875e-07
36 2.0488518814625188e-07 2.125022295882729e-07 1.7131867338618297e-07 1.6067607485428573e-07 1.9715851587585328e-07 5.358791363327838e-06 1.616003180369327e-07 0.5377184871832739 1.8805250268774185e-07 6.905994782140077e-07 2.1373303585905056e-07 0.030557338709481192 1.8690923673820298e-07 0.20511395476960467 1.719962318488368e-05 2.9938507395403434e-05 1.0229756210024802e-05 0.008634227885596346 8.243587226760384e-06 0.002994161388757499 1.7137078521267178e-07 1.54590314777539e-05 1.265742802829899e-05 1.5930923197479108e-05 0.00014208315464382491 0.005726569237970546 0.003088906373009234 0.0025842041092958316 1.9002447766372897e-07 1.657353645248875e-07
37 2.0488518814625188e-07 2.125022295882729e-07 1.7131867338618297e-07 1.6067607485428573e-07 1.9715851587585328e-07 5.358791363327838e-06 1.616003180369327e-07 0.5377184871832739 1.8805250268774185e-07 6.905994782140077e-07 2.1373303585905056e-07 0.030557338709481192 1.8690923673820298e-07 0.20511395476960467 1.719962318488368e-05 2.9938507395403434e-05 1.0229756210024802e-05 0.008634227885596346 8.243587226760384e-06 0.002994161388757499 1.7137078521267178e-07 1.54590314777539e-05 1.265742802829899e-05 1.5930923197479108e-05 0.00014208315464382491 0.005726569237970546 0.003088906373009234 0.0025842041092958316 1.9002447766372897e-07 1.657353645248875e-07
38 2.0488518814625188e-07 2.125022295882729e-07 1.7131867338618297e-07 1.6067607485428573e-07 1.9715851587585328e-07 5.358791363327838e-06 1.616003180369327e-07 0.5377184871832739 1.8805250268774185e-07 6.905994782140077e-07 2.1373303585905056e-07 0.030557338709481192 1.8690923673820298e-07 0.20511395476960467 1.719962318488368e-05 2.9938507395403434e-05 1.0229756210024802e-05 0.008634227885596346 8.243587226760384e-06 0.002994161388757499 1.7137078521267178e-07 1.54590314777539e-05 1.265742802829899e-05 1.5930923197479108e-05 0.00014208315464382491 0.005726569237970546 0.003088906373009234 0.0025842041092958316 1.9002447766372897e-07 1.657353645248875e-07
39 2.0488518814625188e-07 2.125022295882729e-07 1.7131867338618297e-07 1.6067607485428573e-07 1.9715851587585328e-07 5.358791363327838e-06 1.616003180369327e-07 0.5377184871832739 1.8805250268774185e-07 6.905994782140077e-07 2.1373303585905056e-07 0.030557338709481192 1.8690923673820298e-07 0.20511395476960467 1.719962318488368e-05 2.9938507395403434e-05 1.0229756210024802e-05 0.008634227885596346 8.243587226760384e-06 0.002994161388757499 1.7137078521267178e-07 1.54590314777539e-05 1.265742802829899e-05 1.5930923197479108e-05 0.00014208315464382491 0.005726569237970546 0.003088906373009234 0.0025842041092958316 1.9002447766372897e-07 1.657353645248875e-07
40 2.0488518814625188e-07 2.125022295882729e-07 1.7131867338618297e-07 1.6067607485428573e-07 1.9715851587585328e-07 5.358791363327838e-06 1.616003180369327e-07 0.5377184871832739 1.8805250268774185e-07 6.905994782140077e-07 2.1373303585905056e-07 0.030557338709481192 1.8690923673820298e-07 0.20511395476960467 1.719962318488368e-05 2.9938507395403434e-05 1.0229756210024802e-05 0.008634227885596346 8.243587226760384e-06 0.002994161388757499 1.7137078521267178e-07 1.54590314777539e-05 1.265742802829899e-05 1.5930923197479108e-05 0.00014208315464382491 0.005726569237970546 0.003088906373009234 0.0025842041092958316 1.9002447766372897e-07 1.657353645248875e-07
41 2.0488518814625188e-07 2.125022295882729e-07 1.7131867338618297e-07 1.6067607485428573e-07 1.9715851587585328e-07 5.358791363327838e-06 1.616003180369327e-07 0.5377184871832739 1.8805250268774185e-07 6.905994782140077e-07 2.1373303585905056e-07 0.030557338709481192 1.8690923673820298e-07 0.20511395476960467 1.719962318488368e-05 2.9938507395403434e-05 1.0229756210024802e-05 0.008634227885596346 8.243587226760384e-06 0.002994161388757499 1.7137078521267178e-07 1.54590314777539e-05 1.265742802829899e-05 1.5930923197479108e-05 0.00014208315464382491 0.005726569237970546 0.003088906373009234 0.0025842041092958316 1.9002447766372897e-07 1.657353645248875e-07
42 2.0488518814625188e-07 2.125022295882729e-07 1.7131867338618297e-07 1.6067607485428573e-07 1.9715851587585328e-07 5.358791363327838e-06 1.616003180369327e-07 0.5377184871832739 1.8805250268774185e-07 6.905994782140077e-07 2.1373303585905056e-07 0.030557338709481192 1.8690923673820298e-07 0.20511395476960467 1.719962318488368e-05 2.9938507395403434e-05 1.0229756210024802e-05 0.008634227885596346 8.243587226760384e-06 0.002994161388757499 1.7137078521267178e-07 1.54590314777539e-05 1.265742802829899e-05 1.5930923197479108e-05 0.00014208315464382491 0.005726569237970546 0.003088906373009234 0.0025842041092958316 1.9002447766372897e-07 1.657353645248875e-07
43 2.0488518814625188e-07 2.125022295882729e-07 1.7131867338618297e-07 1.6067607485428573e-07 1.9715851587585328e-07 5.358791363327838e-06 1.616003180369327e-07 0.5377184871832739 1.8805250268774185e-07 6.905994782140077e-07 2.1373303585905056e-07 0.030557338709481192 1.8690923673820298e-07 0.20511395476960467 1.719962318488368e-05 2.9938507395403434e-05 1.0229756210024802e-05 0.008634227885596346 8.243587226760384e-06 0.002994161388757499 1.7137078521267178e-07 1.54590314777539e-05 1.265742802829899e-05 1.5930923197479108e-05 0.00014208315464382491 0.005726569237970546 0.003088906373009234 0.0025842041092958316 1.9002447766372897e-07 1.657353645248875e-07
44 2.0488518814625188e-07 2.125022295882729e-07 1.7131867338618297e-07 1.6067607485428573e-07 1.9715851587585328e-07 5.358791363327838e-06 1.616003180369327e-07 0.5377184871832739 1.8805250268774185e-07 6.905994782140077e-07 2.1373303585905056e-07 0.030557338709481192 1.8690923673820298e-07 0.20511395476960467 1.719962318488368e-05 2.9938507395403434e-05 1.0229756210024802e-05 0.008634227885596346 8.243587226760384e-06 0.002994161388757499 1.7137078521267178e-07 1.54590314777539e-05 1.265742802829899e-05 1.5930923197479108e-05 0.00014208315464382491 0.005726569237970546 0.003088906373009234 0.0025842041092958316 1.9002447766372897e-07 1.657353645248875e-07
45 1.5812233028821067e-06 1.309557455764316e-06 1.363689690040799e-06 1.2895858755582902e-06 1.2783039768104355e-06 0.0908218703048738 1.5233755070358173e-06 0.5459732336244926 1.305887490689051e-06 0.07106335513077247 0.0005862335883436177 0.1437192458971678 1.4842021399812304e-06 0.00017913600642676883 0.00021926657029844163 0.00016982931396781448 4.752523014690314e-05 0.0042603667182085645 1.1659731177340548e-05 0.0016967592219510293 1.581304902485786e-06 1.8089268984262895e-05 2.5576982823767433e-06 1.382366156223916e-05 4.321793243519247e-05 0.007379958389055319 0.0009396259200040242 0.0025649158091764763 1.5223371748911646e-06 1.4056762999130266e-06
46 1.5812233028821067e-06 1.309557455764316e-06 1.363689690040799e-06 1.2895858755582902e-06 1.2783039768104355e-06 0.0908218703048738 1.5233755070358173e-06 0.5459732336244926 1.305887490689051e-06 0.07106335513077247 0.0005862335883436177 0.1437192458971678 1.4842021399812304e-06 0.00017913600642676883 0.00021926657029844163 0.00016982931396781448 4.752523014690314e-05 0.0042603667182085645 1.1659731177340548e-05 0.0016967592219510293 1.581304902485786e-06 1.8089268984262895e-05 2.5576982823767433e-06 1.382366156223916e-05 4.321793243519247e-05 0.007379958389055319 0.0009396259200040242 0.0025649158091764763 1.5223371748911646e-06 1.4056762999130266e-06
47 1.5812233028821067e-06 1.309557455764316e-06 1.363689690040799e-06 1.2895858755582902e-06 1.2783039768104355e-06 0.0908218703048738 1.5233755070358173e-06 0.5459732336244926 1.305887490689051e-06 0.07106335513077247 0.0005862335883436177 0.1437192458971678 1.4842021399812304e-06 0.00017913600642676883 0.00021926657029844163 0.00016982931396781448 4.752523014690314e-05 0.0042603667182085645 1.1659731177340548e-05 0.0016967592219510293 1.581304902485786e-06 1.8089268984262895e-05 2.5576982823767433e-06 1.382366156223916e-05 4.321793243519247e-05 0.007379958389055319 0.0009396259200040242 0.0025649158091764763 1.5223371748911646e-06 1.4056762999130266e-06
48 1.5812233028821067e-06 1.309557455764316e-06 1.363689690040799e-06 1.2895858755582902e-06 1.2783039768104355e-06 0.0908218703048738 1.5233755070358173e-06 0.5459732336244926 1.305887490689051e-06 0.07106335513077247 0.0005862335883436177 0.1437192458971678 1.4842021399812304e-06 0.00017913600642676883 0.00021926657029844163 0.00016982931396781448 4.752523014690314e-05 0.0042603667182085645 1.1659731177340548e-05 0.0016967592219510293 1.581304902485786e-06 1.8089268984262895e-05 2.5576982823767433e-06 1.382366156223916e-05 4.321793243519247e-05 0.007379958389055319 0.0009396259200040242 0.0025649158091764763 1.5223371748911646e-06 1.4056762999130266e-06
49 1.5812233028821067e-06 1.309557455764316e-06 1.363689690040799e-06 1.2895858755582902e-06 1.2783039768104355e-06 0.0908218703048738 1.5233755070358173e-06 0.5459732336244926 1.305887490689051e-06 0.07106335513077247 0.0005862335883436177 0.1437192458971678 1.4842021399812304e-06 0.00017913600642676883 0.00021926657029844163 0.00016982931396781448 4.752523014690314e-05 0.0042603667182085645 1.1659731177340548e-05 0.0016967592219510293 1.581304902485786e-06 1.8089268984262895e-05 2.5576982823767433e-06 1.382366156223916e-05 4.321793243519247e-05 0.007379958389055319 0.0009396259200040242 0.0025649158091764763 1.5223371748911646e-06 1.4056762999130266e-06
50 1.5812233028821067e-06 1.309557455764316e-06 1.363689690040799e-06 1.2895858755582902e-06 1.2783039768104355e-06 0.0908218703048738 1.5233755070358173e-06 0.5459732336244926 1.305887490689051e-06 0.07106335513077247 0.0005862335883436177 0.1437192458971678 1.4842021399812304e-06 0.00017913600642676883 0.00021926657029844163 0.00016982931396781448 4.752523014690314e-05 0.0042603667182085645 1.1659731177340548e-05 0.0016967592219510293 1.581304902485786e-06 1.8089268984262895e-05 2.5576982823767433e-06 1.382366156223916e-05 4.321793243519247e-05 0.007379958389055319 0.0009396259200040242 0.0025649158091764763 1.5223371748911646e-06 1.4056762999130266e-06
51 1.5812233028821067e-06 1.309557455764316e-06 1.363689690040799e-06 1.2895858755582902e-06 1.2783039768104355e-06 0.0908218703048738 1.5233755070358173e-06 0.5459732336244926 1.305887490689051e-06 0.07106335513077247 0.0005862335883436177 0.1437192458971678 1.4842021399812304e-06 0.00017913600642676883 0.00021926657029844163 0.00016982931396781448 4.752523014690314e-05 0.0042603667182085645 1.1659731177340548e-05 0.0016967592219510293 1.581304902485786e-06 1.8089268984262895e-05 2.5576982823767433e-06 1.382366156223916e-05 4.321793243519247e-05 0.007379958389055319 0.0009396259200040242 0.0025649158091764763 1.5223371748911646e-06 1.4056762999130266e-06
52 1.5812233028821067e-06 1.309557455764316e-06 1.363689690040799e-06 1.2895858755582902e-06 1.2783039768104355e-06 0.0908218703048738 1.5233755070358173e-06 0.5459732336244926 1.305887490689051e-06 0.07106335513077247 0.0005862335883436177 0.1437192458971678 1.4842021399812304e-06 0.00017913600642676883 0.00021926657029844163 0.00016982931396781448 4.752523014690314e-05 0.0042603667182085645 1.1659731177340548e-05 0.0016967592219510293 1.581304902485786e-06 1.8089268984262895e-05 2.5576982823767433e-06 1.382366156223916e-05 4.321793243519247e-05 0.007379958389055319 0.0009396259200040242 0.0025649158091764763 1.5223371748911646e-06 1.4056762999130266e-06
53 1.5812233028821067e-06 1.309557455764316e-06 1.363689690040799e-06 1.2895858755582902e-06 1.2783039768104355e-06 0.0908218703048738 1.5233755070358173e-06 0.5459732336244926 1.305887490689051e-06 0.07106335513077247 0.0005862335883436177 0.1437192458971678 1.4842021399812304e-06 0.00017913600642676883 0.00021926657029844163 0.00016982931396781448 4.752523014690314e-05 0.0042603667182085645 1.1659731177340548e-05 0.0016967592219510293 1.581304902485786e-06 1.8089268984262895e-05 2.5576982823767433e-06 1.382366156223916e-05 4.321793243519247e-05 0.007379958389055319 0.0009396259200040242 0.0025649158091764763 1.5223371748911646e-06 1.4056762999130266e-06
54 1.5812233028821067e-06 1.309557455764316e-06 1.363689690040799e-06 1.2895858755582902e-06 1.2783039768104355e-06 0.0908218703048738 1.5233755070358173e-06 0.5459732336244926 1.305887490689051e-06 0.07106335513077247 0.0005862335883436177 0.1437192458971678 1.4842021399812304e-06 0.00017913600642676883 0.00021926657029844163 0.00016982931396781448 4.752523014690314e-05 0.0042603667182085645 1.1659731177340548e-05 0.0016967592219510293 1.581304902485786e-06 1.8089268984262895e-05 2.5576982823767433e-06 1.382366156223916e-05 4.321793243519247e-05 0.007379958389055319 0.0009396259200040242 0.0025649158091764763 1.5223371748911646e-06 1.4056762999130266e-06
55 1.5812233028821067e-06 1.309557455764316e-06 1.363689690040799e-06 1.2895858755582902e-06 1.2783039768104355e-06 0.0908218703048738 1.5233755070358173e-06 0.5459732336244926 1.305887490689051e-06 0.07106335513077247 0.0005862335883436177 0.1437192458971678 1.4842021399812304e-06 0.00017913600642676883 0.00021926657029844163 0.00016982931396781448 4.752523014690314e-05 0.0042603667182085645 1.1659731177340548e-05 0.0016967592219510293 1.581304902485786e-06 1.8089268984262895e-05 2.5576982823767433e-06 1.382366156223916e-05 4.321793243519247e-05 0.007379958389055319 0.0009396259200040242 0.0025649158091764763 1.5223371748911646e-06 1.4056762999130266e-06
56 1.5812233028821067e-06 1.309557455764316e-06 1.363689690040799e-06 1.2895858755582902e-06 1.2783039768104355e-06 0.0908218703048738 1.5233755070358173e-06 0.5459732336244926 1.305887490689051e-06 0.07106335513077247 0.0005862335883436177 0.1437192458971678 1.4842021399812304e-06 0.00017913600642676883 0.00021926657029844163 0.00016982931396781448 4.752523014690314e-05 0.0042603667182085645 1.1659731177340548e-05 0.0016967592219510293 1.581304902485786e-06 1.8089268984262895e-05 2.5576982823767433e-06 1.382366156223916e-05 4.321793243519247e-05 0.007379958389055319 0.0009396259200040242 0.0025649158091764763 1.5223371748911646e-06 1.4056762999130266e-06
57 1.5812233028821067e-06 1.309557455764316e-06 1.363689690040799e-06 1.2895858755582902e-06 1.2783039768104355e-06 0.0908218703048738 1.5233755070358173e-06 0.5459732336244926 1.305887490689051e-06 0.07106335513077247 0.0005862335883436177 0.1437192458971678 1.4842021399812304e-06 0.00017913600642676883 0.00021926657029844163 0.00016982931396781448 4.752523014690314e-05 0.0042603667182085645 1.1659731177340548e-05 0.0016967592219510293 1.581304902485786e-06 1.8089268984262895e-05 2.5576982823767433e-06 1.382366156223916e-05 4.321793243519247e-05 0.007379958389055319 0.0009396259200040242 0.0025649158091764763 1.5223371748911646e-06 1.4056762999130266e-06
58 1.5812233028821067e-06 1.309557455764316e-06 1.363689690040799e-06 1.2895858755582902e-06 1.2783039768104355e-06 0.0908218703048738 1.5233755070358173e-06 0.5459732336244926 1.305887490689051e-06 0.07106335513077247 0.0005862335883436177 0.1437192458971678 1.4842021399812304e-06 0.00017913600642676883 0.00021926657029844163 0.00016982931396781448 4.752523014690314e-05 0.0042603667182085645 1.1659731177340548e-05 0.0016967592219510293 1.581304902485786e-06 1.8089268984262895e-05 2.5576982823767433e-06 1.382366156223916e-05 4.321793243519247e-05 0.007379958389055319 0.0009396259200040242 0.0025649158091764763 1.5223371748911646e-06 1.4056762999130266e-06
59 1.5812233028821067e-06 1.309557455764316e-06 1.363689690040799e-06 1.2895858755582902e-06 1.2783039768104355e-06 0.0908218703048738 1.5233755070358173e-06 0.5459732336244926 1.305887490689051e-06 0.07106335513077247 0.0005862335883436177 0.1437192458971678 1.4842021399812304e-06 0.00017913600642676883 0.00021926657029844163 0.00016982931396781448 4.752523014690314e-05 0.0042603667182085645 1.1659731177340548e-05 0.0016967592219510293 1.581304902485786e-06 1.8089268984262895e-05 2.5576982823767433e-06 1.382366156223916e-05 4.321793243519247e-05 0.007379958389055319 0.0009396259200040242 0.0025649158091764763 1.5223371748911646e-06 1.4056762999130266e-06
60 1.5812233028821067e-06 1.309557455764316e-06 1.363689690040799e-06 1.2895858755582902e-06 1.2783039768104355e-06 0.0908218703048738 1.5233755070358173e-06 0.5459732336244926 1.305887490689051e-06 0.07106335513077247 0.0005862335883436177 0.1437192458971678 1.4842021399812304e-06 0.00017913600642676883 0.00021926657029844163 0.00016982931396781448 4.752523014690314e-05 0.0042603667182085645 1.1659731177340548e-05 0.0016967592219510293 1.581304902485786e-06 1.8089268984262895e-05 2.5576982823767433e-06 1.382366156223916e-05 4.321793243519247e-05 0.007379958389055319 0.0009396259200040242 0.0025649158091764763 1.5223371748911646e-06 1.4056762999130266e-06
61 1.5812233028821067e-06 1.309557455764316e-06 1.363689690040799e-06 1.2895858755582902e-06 1.2783039768104355e-06 0.0908218703048738 1.5233755070358173e-06 0.5459732336244926 1.305887490689051e-06 0.07106335513077247 0.0005862335883436177 0.1437192458971678 1.4842021399812304e-06 0.00017913600642676883 0.00021926657029844163 0.00016982931396781448 4.752523014690314e-05 0.0042603667182085645 1.1659731177340548e-05 0.0016967592219510293 1.581304902485786e-06 1.8089268984262895e-05 2.5576982823767433e-06 1.382366156223916e-05 4.321793243519247e-05 0.007379958389055319 0.0009396259200040242 0.0025649158091764763 1.5223371748911646e-06 1.4056762999130266e-06
62 1.5812233028821067e-06 1.309557455764316e-06 1.363689690040799e-06 1.2895858755582902e-06 1.2783039768104355e-06 0.0908218703048738 1.5233755070358173e-06 0.5459732336244926 1.305887490689051e-06 0.07106335513077247 0.0005862335883436177 0.1437192458971678 1.4842021399812304e-06 0.00017913600642676883 0.00021926657029844163 0.00016982931396781448 4.752523014690314e-05 0.0042603667182085645 1.1659731177340548e-05 0.0016967592219510293 1.581304902485786e-06 1.8089268984262895e-05 2.5576982823767433e-06 1.382366156223916e-05 4.321793243519247e-05 0.007379958389055319 0.0009396259200040242 0.0025649158091764763 1.5223371748911646e-06 1.4056762999130266e-06
63 1.5812233028821067e-06 1.309557455764316e-06 1.363689690040799e-06 1.2895858755582902e-06 1.2783039768104355e-06 0.0908218703048738 1.5233755070358173e-06 0.5459732336244926 1.305887490689051e-06 0.07106335513077247 0.0005862335883436177 0.1437192458971678 1.4842021399812304e-06 0.00017913600642676883 0.00021926657029844163 0.00016982931396781448 4.752523014690314e-05 0.0042603667182085645 1.1659731177340548e-05 0.0016967592219510293 1.581304902485786e-06 1.8089268984262895e-05 2.5576982823767433e-06 1.382366156223916e-05 4.321793243519247e-05 0.007379958389055319 0.0009396259200040242 0.0025649158091764763 1.5223371748911646e-06 1.4056762999130266e-06
64 1.5812233028821067e-06 1.309557455764316e-06 1.363689690040799e-06 1.2895858755582902e-06 1.2783039768104355e-06 0.0908218703048738 1.5233755070358173e-06 0.5459732336244926 1.305887490689051e-06 0.07106335513077247 0.0005862335883436177 0.1437192458971678 1.4842021399812304e-06 0.00017913600642676883 0.00021926657029844163 0.00016982931396781448 4.752523014690314e-05 0.0042603667182085645 1.1659731177340548e-05 0.0016967592219510293 1.581304902485786e-06 1.8089268984262895e-05 2.5576982823767433e-06 1.382366156223916e-05 4.321793243519247e-05 0.007379958389055319 0.0009396259200040242 0.0025649158091764763 1.5223371748911646e-06 1.4056762999130266e-06
65 1.5812233028821067e-06 1.309557455764316e-06 1.363689690040799e-06 1.2895858755582902e-06 1.2783039768104355e-06 0.0908218703048738 1.5233755070358173e-06 0.5459732336244926 1.305887490689051e-06 0.07106335513077247 0.0005862335883436177 0.1437192458971678 1.4842021399812304e-06 0.00017913600642676883 0.00021926657029844163 0.00016982931396781448 4.752523014690314e-05 0.0042603667182085645 1.1659731177340548e-05 0.0016967592219510293 1.581304902485786e-06 1.8089268984262895e-05 2.5576982823767433e-06 1.382366156223916e-05 4.321793243519247e-05 0.007379958389055319 0.0009396259200040242 0.0025649158091764763 1.5223371748911646e-06 1.4056762999130266e-06
66 1.5812233028821067e-06 1.309557455764316e-06 1.363689690040799e-06 1.2895858755582902e-06 1.2783039768104355e-06 0.0908218703048738 1.5233755070358173e-06 0.5459732336244926 1.305887490689051e-06 0.07106335513077247 0.0005862335883436177 0.1437192458971678 1.4842021399812304e-06 0.00017913600642676883 0.00021926657029844163 0.00016982931396781448 4.752523014690314e-05 0.0042603667182085645 1.1659731177340548e-05 0.0016967592219510293 1.581304902485786e-06 1.8089268984262895e-05 2.5576982823767433e-06 1.382366156223916e-05 4.321793243519247e-05 0.007379958389055319 0.0009396259200040242 0.0025649158091764763 1.5223371748911646e-06 1.4056762999130266e-06
67 1.5812233028821067e-06 1.309557455764316e-06 1.363689690040799e-06 1.2895858755582902e-06 1.2783039768104355e-06 0.0908218703048738 1.5233755070358173e-06 0.5459732336244926 1.305887490689051e-06 0.07106335513077247 0.0005862335883436177 0.1437192458971678 1.4842021399812304e-06 0.00017913600642676883 0.00021926657029844163 0.00016982931396781448 4.752523014690314e-05 0.0042603667182085645 1.1659731177340548e-05 0.0016967592219510293 1.581304902485786e-06 1.8089268984262895e-05 2.5576982823767433e-06 1.382366156223916e-05 4.321793243519247e-05 0.007379958389055319 0.0009396259200040242 0.0025649158091764763 1.5223371748911646e-06 1.4056762999130266e-06
68 8.913268773310842e-07 8.847396498271305e-07 9.58196041583332e-07 8.57818455752412e-07 9.608160882052845e-07 0.06977447769941814 9.835467112364701e-07 0.4831028755732289 9.105241268823358e-07 0.051705258389375626 0.0003882795059096684 0.16137219283958715 9.098445727839466e-07 0.0001143418898895861 0.000143298896961423 0.00012240201910361262 3.23371845846709e-05 0.0028637378522866053 7.861370700074825e-06 0.0008013133807295545 1.0773438946988554e-06 1.2939244299959242e-05 1.6935588660169915e-06 9.434700265394041e-06 2.7319899137892735e-05 0.003207220269647764 0.0005965785955421066 0.0017826035365439345 9.233855049326316e-07 9.77385859447202e-07
69 8.913268773310842e-07 8.847396498271305e-07 9.58196041583332e-07 8.57818455752412e-07 9.608160882052845e-07 0.06977447769941814 9.835467112364701e-07 0.4831028755732289 9.105241268823358e-07 0.051705258389375626 0.0003882795059096684 0.16137219283958715 9.098445727839466e-07 0.0001143418898895861 0.000143298896961423 0.00012240201910361262 3.23371845846709e-05 0.0028637378522866053 7.861370700074825e-06 0.0008013133807295545 1.0773438946988554e-06 1.2939244299959242e-05 1.6935588660169915e-06 9.434700265394041e-06 2.7319899137892735e-05 0.003207220269647764 0.0005965785955421066 0.0017826035365439345 9.233855049326316e-07 9.77385859447202e-07
70 8.913268773310842e-07 8.847396498271305e-07 9.58196041583332e-07 8.57818455752412e-07 9.608160882052845e-07 0.06977447769941814 9.835467112364701e-07 0.4831028755732289 9.105241268823358e-07 0.051705258389375626 0.0003882795059096684 0.16137219283958715 9.098445727839466e-07 0.0001143418898895861 0.000143298896961423 0.00012240201910361262 3.23371845846709e-05 0.0028637378522866053 7.861370700074825e-06 0.0008013133807295545 1.0773438946988554e-06 1.2939244299959242e-05 1.6935588660169915e-06 9.434700265394041e-06 2.7319899137892735e-05 0.003207220269647764 0.0005965785955421066 0.0017826035365439345 9.233855049326316e-07 9.77385859447202e-07
71 8.913268773310842e-07 8.847396498271305e-07 9.58196041583332e-07 8.57818455752412e-07 9.608160882052845e-07 0.06977447769941814 9.835467112364701e-07 0.4831028755732289 9.105241268823358e-07 0.051705258389375626 0.0003882795059096684 0.16137219283958715 9.098445727839466e-07 0.0001143418898895861 0.000143298896961423 0.00012240201910361262 3.23371845846709e-05 0.0028637378522866053 7.861370700074825e-06 0.0008013133807295545 1.0773438946988554e-06 1.2939244299959242e-05 1.6935588660169915e-06 9.434700265394041e-06 2.7319899137892735e-05 0.003207220269647764 0.0005965785955421066 0.0017826035365439345 9.233855049326316e-07 9.77385859447202e-07
72 8.913268773310842e-07 8.847396498271305e-07 9.58196041583332e-07 8.57818455752412e-07 9.608160882052845e-07 0.06977447769941814 9.835467112364701e-07 0.4831028755732289 9.105241268823358e-07 0.051705258389375626 0.0003882795059096684 0.16137219283958715 9.098445727839466e-07 0.0001143418898895861 0.000143298896961423 0.00012240201910361262 3.23371845846709e-05 0.0028637378522866053 7.861370700074825e-06 0.0008013133807295545 1.0773438946988554e-06 1.2939244299959242e-05 1.6935588660169915e-06 9.434700265394041e-06 2.7319899137892735e-05 0.003207220269647764 0.0005965785955421066 0.0017826035365439345 9.233855049326316e-07 9.77385859447202e-07
73 8.913268773310842e-07 8.847396498271305e-07 9.58196041583332e-07 8.57818455752412e-07 9.608160882052845e-07 0.06977447769941814 9.835467112364701e-07 0.4831028755732289 9.105241268823358e-07 0.051705258389375626 0.0003882795059096684 0.16137219283958715 9.098445727839466e-07 0.0001143418898895861 0.000143298896961423 0.00012240201910361262 3.23371845846709e-05 0.0028637378522866053 7.861370700074825e-06 0.0008013133807295545 1.0773438946988554e-06 1.2939244299959242e-05 1.6935588660169915e-06 9.434700265394041e-06 2.7319899137892735e-05 0.003207220269647764 0.0005965785955421066 0.0017826035365439345 9.233855049326316e-07 9.77385859447202e-07
74 8.913268773310842e-07 8.847396498271305e-07 9.58196041583332e-07 8.57818455752412e-07 9.608160882052845e-07 0.06977447769941814 9.835467112364701e-07 0.4831028755732289 9.105241268823358e-07 0.051705258389375626 0.0003882795059096684 0.16137219283958715 9.098445727839466e-07 0.0001143418898895861 0.000143298896961423 0.00012240201910361262 3.23371845846709e-05 0.0028637378522866053 7.861370700074825e-06 0.0008013133807295545 1.0773438946988554e-06 1.2939244299959242e-05 1.6935588660169915e-06 9.434700265394041e-06 2.7319899137892735e-05 0.003207220269647764 0.0005965785955421066 0.0017826035365439345 9.233855049326316e-07 9.77385859447202e-07
75 8.913268773310842e-07 8.847396498271305e-07 9.58196041583332e-07 8.57818455752412e-07 9.608160882052845e-07 0.06977447769941814 9.835467112364701e-07 0.4831028755732289 9.105241268823358e-07 0.051705258389375626 0.0003882795059096684 0.16137219283958715 9.098445727839466e-07 0.0001143418898895861 0.000143298896961423 0.00012240201910361262 3.23371845846709e-05 0.0028637378522866053 7.861370700074825e-06 0.0008013133807295545 1.0773438946988554e-06 1.2939244299959242e-05 1.6935588660169915e-06 9.434700265394041e-06 2.7319899137892735e-05 0.003207220269647764 0.0005965785955421066 0.0017826035365439345 9.233855049326316e-07 9.77385859447202e-07
76 8.913268773310842e-07 8.847396498271305e-07 9.58196041583332e-07 8.57818455752412e-07 9.608160882052845e-07 0.06977447769941814 9.835467112364701e-07 0.4831028755732289 9.105241268823358e-07 0.051705258389375626 0.0003882795059096684 0.16137219283958715 9.098445727839466e-07 0.0001143418898895861 0.000143298896961423 0.00012240201910361262 3.23371845846709e-05 0.0028637378522866053 7.861370700074825e-06 0.0008013133807295545 1.0773438946988554e-06 1.2939244299959242e-05 1.6935588660169915e-06 9.434700265394041e-06 2.7319899137892735e-05 0.003207220269647764 0.0005965785955421066 0.0017826035365439345 9.233855049326316e-07 9.77385859447202e-07
77 8.913268773310842e-07 8.847396498271305e-07 9.58196041583332e-07 8.57818455752412e-07 9.608160882052845e-07 0.06977447769941814 9.835467112364701e-07 0.4831028755732289 9.105241268823358e-07 0.051705258389375626 0.0003882795059096684 0.16137219283958715 9.098445727839466e-07 0.0001143418898895861 0.000143298896961423 0.00012240201910361262 3.23371845846709e-05 0.0028637378522866053 7.861370700074825e-06 0.0008013133807295545 1.0773438946988554e-06 1.2939244299959242e-05 1.6935588660169915e-06 9.434700265394041e-06 2.7319899137892735e-05 0.003207220269647764 0.0005965785955421066 0.0017826035365439345 9.233855049326316e-07 9.77385859447202e-07
78 8.913268773310842e-07 8.847396498271305e-07 9.58196041583332e-07 8.57818455752412e-07 9.608160882052845e-07 0.06977447769941814 9.835467112364701e-07 0.4831028755732289 9.105241268823358e-07 0.051705258389375626 0.0003882795059096684 0.16137219283958715 9.098445727839466e-07 0.0001143418898895861 0.000143298896961423 0.00012240201910361262 3.23371845846709e-05 0.0028637378522866053 7.861370700074825e-06 0.0008013133807295545 1.0773438946988554e-06 1.2939244299959242e-05 1.6935588660169915e-06 9.434700265394041e-06 2.7319899137892735e-05 0.003207220269647764 0.0005965785955421066 0.0017826035365439345 9.233855049326316e-07 9.77385859447202e-07
79 8.913268773310842e-07 8.847396498271305e-07 9.58196041583332e-07 8.57818455752412e-07 9.608160882052845e-07 0.06977447769941814 9.835467112364701e-07 0.4831028755732289 9.105241268823358e-07 0.051705258389375626 0.0003882795059096684 0.16137219283958715 9.098445727839466e-07 0.0001143418898895861 0.000143298896961423 0.00012240201910361262 3.23371845846709e-05 0.0028637378522866053 7.861370700074825e-06 0.0008013133807295545 1.0773438946988554e-06 1.2939244299959242e-05 1.6935588660169915e-06 9.434700265394041e-06 2.7319899137892735e-05 0.003207220269647764 0.0005965785955421066 0.0017826035365439345 9.233855049326316e-07 9.77385859447202e-07
80 8.913268773310842e-07 8.847396498271305e-07 9.58196041583332e-07 8.57818455752412e-07 9.608160882052845e-07 0.06977447769941814 9.835467112364701e-07 0.4831028755732289 9.105241268823358e-07 0.051705258389375626 0.0003882795059096684 0.16137219283958715 9.098445727839466e-07 0.0001143418898895861 0.000143298896961423 0.00012240201910361262 3.23371845846709e-05 0.0028637378522866053 7.861370700074825e-06 0.0008013133807295545 1.0773438946988554e-06 1.2939244299959242e-05 1.6935588660169915e-06 9.434700265394041e-06 2.7319899137892735e-05 0.003207220269647764 0.0005965785955421066 0.0017826035365439345 9.233855049326316e-07 9.77385859447202e-07
81 8.913268773310842e-07 8.847396498271305e-07 9.58196041583332e-07 8.57818455752412e-07 9.608160882052845e-07 0.06977447769941814 9.835467112364701e-07 0.4831028755732289 9.105241268823358e-07 0.051705258389375626 0.0003882795059096684 0.16137219283958715 9.098445727839466e-07 0.0001143418898895861 0.000143298896961423 0.00012240201910361262 3.23371845846709e-05 0.0028637378522866053 7.861370700074825e-06 0.0008013133807295545 1.0773438946988554e-06 1.2939244299959242e-05 1.6935588660169915e-06 9.434700265394041e-06 2.7319899137892735e-05 0.003207220269647764 0.0005965785955421066 0.0017826035365439345 9.233855049326316e-07 9.77385859447202e-07
82 8.913268773310842e-07 8.847396498271305e-07 9.58196041583332e-07 8.57818455752412e-07 9.608160882052845e-07 0.06977447769941814 9.835467112364701e-07 0.4831028755732289 9.105241268823358e-07 0.051705258389375626 0.0003882795059096684 0.16137219283958715 9.098445727839466e-07 0.0001143418898895861 0.000143298896961423 0.00012240201910361262 3.23371845846709e-05 0.0028637378522866053 7.861370700074825e-06 0.0008013133807295545 1.0773438946988554e-06 1.2939244299959242e-05 1.6935588660169915e-06 9.434700265394041e-06 2.7319899137892735e-05 0.003207220269647764 0.0005965785955421066 0.0017826035365439345 9.233855049326316e-07 9.77385859447202e-07
83 8.913268773310842e-07 8.847396498271305e-07 9.58196041583332e-07 8.57818455752412e-07 9.608160882052845e-07 0.06977447769941814 9.835467112364701e-07 0.4831028755732289 9.105241268823358e-07 0.051705258389375626 0.0003882795059096684 0.16137219283958715 9.098445727839466e-07 0.0001143418898895861 0.000143298896961423 0.00012240201910361262 3.23371845846709e-05 0.0028637378522866053 7.861370700074825e-06 0.0008013133807295545 1.0773438946988554e-06 1.2939244299959242e-05 1.6935588660169915e-06 9.434700265394041e-06 2.7319899137892735e-05 0.003207220269647764 0.0005965785955421066 0.0017826035365439345 9.233855049326316e-07 9.77385859447202e-07
84 8.913268773310842e-07 8.847396498271305e-07 9.58196041583332e-07 8.57818455752412e-07 9.608160882052845e-07 0.06977447769941814 9.835467112364701e-07 0.4831028755732289 9.105241268823358e-07 0.051705258389375626 0.0003882795059096684 0.16137219283958715 9.098445727839466e-07 0.0001143418898895861 0.000143298896961423 0.00012240201910361262 3.23371845846709e-05 0.0028637378522866053 7.861370700074825e-06 0.0008013133807295545 1.0773438946988554e-06 1.2939244299959242e-05 1.6935588660169915e-06 9.434700265394041e-06 2.7319899137892735e-05 0.003207220269647764 0.0005965785955421066 0.0017826035365439345 9.233855049326316e-07 9.77385859447202e-07
85 8.913268773310842e-07 8.847396498271305e-07 9.58196041583332e-07 8.57818455752412e-07 9.608160882052845e-07 0.06977447769941814 9.835467112364701e-07 0.4831028755732289 9.105241268823358e-07 0.051705258389375626 0.0003882795059096684 0.16137219283958715 9.098445727839466e-07 0.0001143418898895861 0.000143298896961423 0.00012240201910361262 3.23371845846709e-05 0.0028637378522866053 7.861370700074825e-06 0.0008013133807295545 1.0773438946988554e-06 1.2939244299959242e-05 1.6935588660169915e-06 9.434700265394041e-06 2.7319899137892735e-05 0.003207220269647764 0.0005965785955421066 0.0017826035365439345 9.233855049326316e-07 9.77385859447202e-07
86 8.913268773310842e-07 8.847396498271305e-07 9.58196041583332e-07 8.57818455752412e-07 9.608160882052845e-07 0.06977447769941814 9.835467112364701e-07 0.4831028755732289 9.105241268823358e-07 0.051705258389375626 0.0003882795059096684 0.16137219283958715 9.098445727839466e-07 0.0001143418898895861 0.000143298896961423 0.00012240201910361262 3.23371845846709e-05 0.0028637378522866053 7.861370700074825e-06 0.0008013133807295545 1.0773438946988554e-06 1.2939244299959242e-05 1.6935588660169915e-06 9.434700265394041e-06 2.7319899137892735e-05 0.003207220269647764 0.0005965785955421066 0.0017826035365439345 9.233855049326316e-07 9.77385859447202e-07
87 8.913268773310842e-07 8.847396498271305e-07 9.58196041583332e-07 8.57818455752412e-07 9.608160882052845e-07 0.06977447769941814 9.835467112364701e-07 0.4831028755732289 9.105241268823358e-07 0.051705258389375626 0.0003882795059096684 0.16137219283958715 9.098445727839466e-07 0.0001143418898895861 0.000143298896961423 0.00012240201910361262 3.23371845846709e-05 0.0028637378522866053 7.861370700074825e-06 0.0008013133807295545 1.0773438946988554e-06 1.2939244299959242e-05 1.6935588660169915e-06 9.434700265394041e-06 2.7319899137892735e-05 0.003207220269647764 0.0005965785955421066 0.0017826035365439345 9.233855049326316e-07 9.77385859447202e-07
88 8.913268773310842e-07 8.847396498271305e-07 9.58196041583332e-07 8.57818455752412e-07 9.608160882052845e-07 0.06977447769941814 9.835467112364701e-07 0.4831028755732289 9.105241268823358e-07 0.051705258389375626 0.0003882795059096684 0.16137219283958715 9.098445727839466e-07 0.0001143418898895861 0.000143298896961423 0.00012240201910361262 3.23371845846709e-05 0.0028637378522866053 7.861370700074825e-06 0.0008013133807295545 1.0773438946988554e-06 1.2939244299959242e-05 1.6935588660169915e-06 9.434700265394041e-06 2.7319899137892735e-05 0.003207220269647764 0.0005965785955421066 0.0017826035365439345 9.233855049326316e-07 9.77385859447202e-07
89 8.913268773310842e-07 8.847396498271305e-07 9.58196041583332e-07 8.57818455752412e-07 9.608160882052845e-07 0.06977447769941814 9.835467112364701e-07 0.4831028755732289 9.105241268823358e-07 0.051705258389375626 0.0003882795059096684 0.16137219283958715 9.098445727839466e-07 0.0001143418898895861 0.000143298896961423 0.00012240201910361262 3.23371845846709e-05 0.0028637378522866053 7.861370700074825e-06 0.0008013133807295545 1.0773438946988554e-06 1.2939244299959242e-05 1.6935588660169915e-06 9.434700265394041e-06 2.7319899137892735e-05 0.003207220269647764 0.0005965785955421066 0.0017826035365439345 9.233855049326316e-07 9.77385859447202e-07
90 8.913268773310842e-07 8.847396498271305e-07 9.58196041583332e-07 8.57818455752412e-07 9.608160882052845e-07 0.06977447769941814 9.835467112364701e-07 0.4831028755732289 9.105241268823358e-07 0.051705258389375626 0.0003882795059096684 0.16137219283958715 9.098445727839466e-07 0.0001143418898895861 0.000143298896961423 0.00012240201910361262 3.23371845846709e-05 0.0028637378522866053 7.861370700074825e-06 0.0008013133807295545 1.0773438946988554e-06 1.2939244299959242e-05 1.6935588660169915e-06 9.434700265394041e-06 2.7319899137892735e-05 0.003207220269647764 0.0005965785955421066 0.0017826035365439345 9.233855049326316e-07 9.77385859447202e-07
91 8.913268773310842e-07 8.847396498271305e-07 9.58196041583332e-07 8.57818455752412e-07 9.608160882052845e-07 0.06977447769941814 9.835467112364701e-07 0.4831028755732289 9.105241268823358e-07 0.051705258389375626 0.0003882795059096684 0.16137219283958715 9.098445727839466e-07 0.0001143418898895861 0.000143298896961423 0.00012240201910361262 3.23371845846709e-05 0.0028637378522866053 7.861370700074825e-06 0.0008013133807295545 1.0773438946988554e-06 1.2939244299959242e-05 1.6935588660169915e-06 9.434700265394041e-06 2.7319899137892735e-05 0.003207220269647764 0.0005965785955421066 0.0017826035365439345 9.233855049326316e-07 9.77385859447202e-07
92 8.913268773310842e-07 8.847396498271305e-07 9.58196041583332e-07 8.57818455752412e-07 9.608160882052845e-07 0.06977447769941814 9.835467112364701e-07 0.4831028755732289 9.105241268823358e-07 0.051705258389375626 0.0003882795059096684 0.16137219283958715 9.098445727839466e-07 0.0001143418898895861 0.000143298896961423 0.00012240201910361262 3.23371845846709e-05 0.0028637378522866053 7.861370700074825e-06 0.0008013133807295545 1.0773438946988554e-06 1.2939244299959242e-05 1.6935588660169915e-06 9.434700265394041e-06 2.7319899137892735e-05 0.003207220269647764 0.0005965785955421066 0.0017826035365439345 9.233855049326316e-07 9.77385859447202e-07
93 8.913268773310842e-07 8.847396498271305e-07 9.58196041583332e-07 8.57818455752412e-07 9.608160882052845e-07 0.06977447769941814 9.835467112364701e-07 0.4831028755732289 9.105241268823358e-07 0.051705258389375626 0.0003882795059096684 0.16137219283958715 9.098445727839466e-07 0.0001143418898895861 0.000143298896961423 0.00012240201910361262 3.23371845846709e-05 0.0028637378522866053 7.861370700074825e-06 0.0008013133807295545 1.0773438946988554e-06 1.2939244299959242e-05 1.6935588660169915e-06 9.434700265394041e-06 2.7319899137892735e-05 0.003207220269647764 0.0005965785955421066 0.0017826035365439345 9.233855049326316e-07 9.77385859447202e-07
94 8.913268773310842e-07 8.847396498271305e-07 9.58196041583332e-07 8.57818455752412e-07 9.608160882052845e-07 0.06977447769941814 9.835467112364701e-07 0.4831028755732289 9.105241268823358e-07 0.051705258389375626 0.0003882795059096684 0.16137219283958715 9.098445727839466e-07 0.0001143418898895861 0.000143298896961423 0.00012240201910361262 3.23371845846709e-05 0.0028637378522866053 7.861370700074825e-06 0.0008013133807295545 1.0773438946988554e-06 1.2939244299959242e-05 1.6935588660169915e-06 9.434700265394041e-06 2.7319899137892735e-05 0.003207220269647764 0.0005965785955421066 0.0017826035365439345 9.233855049326316e-07 9.77385859447202e-07
95 8.913268773310842e-07 8.847396498271305e-07 9.58196041583332e-07 8.57818455752412e-07 9.608160882052845e-07 0.06977447769941814 9.835467112364701e-07 0.4831028755732289 9.105241268823358e-07 0.051705258389375626 0.0003882795059096684 0.16137219283958715 9.098445727839466e-07 0.0001143418898895861 0.000143298896961423 0.00012240201910361262 3.23371845846709e-05 0.0028637378522866053 7.861370700074825e-06 0.0008013133807295545 1.0773438946988554e-06 1.2939244299959242e-05 1.6935588660169915e-06 9.434700265394041e-06 2.7319899137892735e-05 0.003207220269647764 0.0005965785955421066 0.0017826035365439345 9.233855049326316e-07 9.77385859447202e-07
96 8.913268773310842e-07 8.847396498271305e-07 9.58196041583332e-07 8.57818455752412e-07 9.608160882052845e-07 0.06977447769941814 9.835467112364701e-07 0.4831028755732289 9.105241268823358e-07 0.051705258389375626 0.0003882795059096684 0.16137219283958715 9.098445727839466e-07 0.0001143418898895861 0.000143298896961423 0.00012240201910361262 3.23371845846709e-05 0.0028637378522866053 7.861370700074825e-06 0.0008013133807295545 1.0773438946988554e-06 1.2939244299959242e-05 1.6935588660169915e-06 9.434700265394041e-06 2.7319899137892735e-05 0.003207220269647764 0.0005965785955421066 0.0017826035365439345 9.233855049326316e-07 9.77385859447202e-07
97 8.913268773310842e-07 8.847396498271305e-07 9.58196041583332e-07 8.57818455752412e-07 9.608160882052845e-07 0.06977447769941814 9.835467112364701e-07 0.4831028755732289 9.105241268823358e-07 0.051705258389375626 0.0003882795059096684 0.16137219283958715 9.098445727839466e-07 0.0001143418898895861 0.000143298896961423 0.00012240201910361262 3.23371845846709e-05 0.0028637378522866053 7.861370700074825e-06 0.0008013133807295545 1.0773438946988554e-06 1.2939244299959242e-05 1.6935588660169915e-06 9.434700265394041e-06 2.7319899137892735e-05 0.003207220269647764 0.0005965785955421066 0.0017826035365439345 9.233855049326316e-07 9.77385859447202e-07
98 8.913268773310842e-07 8.847396498271305e-07 9.58196041583332e-07 8.57818455752412e-07 9.608160882052845e-07 0.06977447769941814 9.835467112364701e-07 0.4831028755732289 9.105241268823358e-07 0.051705258389375626 0.0003882795059096684 0.16137219283958715 9.098445727839466e-07 0.0001143418898895861 0.000143298896961423 0.00012240201910361262 3.23371845846709e-05 0.0028637378522866053 7.861370700074825e-06 0.0008013133807295545 1.0773438946988554e-06 1.2939244299959242e-05 1.6935588660169915e-06 9.434700265394041e-06 2.7319899137892735e-05 0.003207220269647764 0.0005965785955421066 0.0017826035365439345 9.233855049326316e-07 9.77385859447202e-07
99 8.913268773310842e-07 8.847396498271305e-07 9.58196041583332e-07 8.57818455752412e-07 9.608160882052845e-07 0.06977447769941814 9.835467112364701e-07 0.4831028755732289 9.105241268823358e-07 0.051705258389375626 0.0003882795059096684 0.16137219283958715 9.098445727839466e-07 0.0001143418898895861 0.000143298896961423 0.00012240201910361262 3.23371845846709e-05 0.0028637378522866053 7.861370700074825e-06 0.0008013133807295545 1.0773438946988554e-06 1.2939244299959242e-05 1.6935588660169915e-06 9.434700265394041e-06 2.7319899137892735e-05 0.003207220269647764 0.0005965785955421066 0.0017826035365439345 9.233855049326316e-07 9.77385859447202e-07
100 8.913268773310842e-07 8.847396498271305e-07 9.58196041583332e-07 8.57818455752412e-07 9.608160882052845e-07 0.06977447769941814 9.835467112364701e-07 0.4831028755732289 9.105241268823358e-07 0.051705258389375626 0.0003882795059096684 0.16137219283958715 9.098445727839466e-07 0.0001143418898895861 0.000143298896961423 0.00012240201910361262 3.23371845846709e-05 0.0028637378522866053 7.861370700074825e-06 0.0008013133807295545 1.0773438946988554e-06 1.2939244299959242e-05 1.6935588660169915e-06 9.434700265394041e-06 2.7319899137892735e-05 0.003207220269647764 0.0005965785955421066 0.0017826035365439345 9.233855049326316e-07 9.77385859447202e-07
101 8.913268773310842e-07 8.847396498271305e-07 9.58196041583332e-07 8.57818455752412e-07 9.608160882052845e-07 0.06977447769941814 9.835467112364701e-07 0.4831028755732289 9.105241268823358e-07 0.051705258389375626 0.0003882795059096684 0.16137219283958715 9.098445727839466e-07 0.0001143418898895861 0.000143298896961423 0.00012240201910361262 3.23371845846709e-05 0.0028637378522866053 7.861370700074825e-06 0.0008013133807295545 1.0773438946988554e-06 1.2939244299959242e-05 1.6935588660169915e-06 9.434700265394041e-06 2.7319899137892735e-05 0.003207220269647764 0.0005965785955421066 0.0017826035365439345 9.233855049326316e-07 9.77385859447202e-07
102 8.913268773310842e-07 8.847396498271305e-07 9.58196041583332e-07 8.57818455752412e-07 9.608160882052845e-07 0.06977447769941814 9.835467112364701e-07 0.4831028755732289 9.105241268823358e-07 0.051705258389375626 0.0003882795059096684 0.16137219283958715 9.098445727839466e-07 0.0001143418898895861 0.000143298896961423 0.00012240201910361262 3.23371845846709e-05 0.0028637378522866053 7.861370700074825e-06 0.0008013133807295545 1.0773438946988554e-06 1.2939244299959242e-05 1.6935588660169915e-06 9.434700265394041e-06 2.7319899137892735e-05 0.003207220269647764 0.0005965785955421066 0.0017826035365439345 9.233855049326316e-07 9.77385859447202e-07
103 8.913268773310842e-07 8.847396498271305e-07 9.58196041583332e-07 8.57818455752412e-07 9.608160882052845e-07 0.06977447769941814 9.835467112364701e-07 0.4831028755732289 9.105241268823358e-07 0.051705258389375626 0.0003882795059096684 0.16137219283958715 9.098445727839466e-07 0.0001143418898895861 0.000143298896961423 0.00012240201910361262 3.23371845846709e-05 0.0028637378522866053 7.861370700074825e-06 0.0008013133807295545 1.0773438946988554e-06 1.2939244299959242e-05 1.6935588660169915e-06 9.434700265394041e-06 2.7319899137892735e-05 0.003207220269647764 0.0005965785955421066 0.0017826035365439345 9.233855049326316e-07 9.77385859447202e-07
104 8.913268773310842e-07 8.847396498271305e-07 9.58196041583332e-07 8.57818455752412e-07 9.608160882052845e-07 0.06977447769941814 9.835467112364701e-07 0.4831028755732289 9.105241268823358e-07 0.051705258389375626 0.0003882795059096684 0.16137219283958715 9.098445727839466e-07 0.0001143418898895861 0.000143298896961423 0.00012240201910361262 3.23371845846709e-05 0.0028637378522866053 7.861370700074825e-06 0.0008013133807295545 1.0773438946988554e-06 1.2939244299959242e-05 1.6935588660169915e-06 9.434700265394041e-06 2.7319899137892735e-05 0.003207220269647764 0.0005965785955421066 0.0017826035365439345 9.233855049326316e-07 9.77385859447202e-07
105 8.913268773310842e-07 8.847396498271305e-07 9.58196041583332e-07 8.57818455752412e-07 9.608160882052845e-07 0.06977447769941814 9.835467112364701e-07 0.4831028755732289 9.105241268823358e-07 0.051705258389375626 0.0003882795059096684 0.16137219283958715 9.098445727839466e-07 0.0001143418898895861 0.000143298896961423 0.00012240201910361262 3.23371845846709e-05 0.0028637378522866053 7.861370700074825e-06 0.0008013133807295545 1.0773438946988554e-06 1.2939244299959242e-05 1.6935588660169915e-06 9.434700265394041e-06 2.7319899137892735e-05 0.003207220269647764 0.0005965785955421066 0.0017826035365439345 9.233855049326316e-07 9.77385859447202e-07
106 8.913268773310842e-07 8.847396498271305e-07 9.58196041583332e-07 8.57818455752412e-07 9.608160882052845e-07 0.06977447769941814 9.835467112364701e-07 0.4831028755732289 9.105241268823358e-07 0.051705258389375626 0.0003882795059096684 0.16137219283958715 9.098445727839466e-07 0.0001143418898895861 0.000143298896961423 0.00012240201910361262 3.23371845846709e-05 0.0028637378522866053 7.861370700074825e-06 0.0008013133807295545 1.0773438946988554e-06 1.2939244299959242e-05 1.6935588660169915e-06 9.434700265394041e-06 2.7319899137892735e-05 0.003207220269647764 0.0005965785955421066 0.0017826035365439345 9.233855049326316e-07 9.77385859447202e-07
107 8.913268773310842e-07 8.847396498271305e-07 9.58196041583332e-07 8.57818455752412e-07 9.608160882052845e-07 0.06977447769941814 9.835467112364701e-07 0.4831028755732289 9.105241268823358e-07 0.051705258389375626 0.0003882795059096684 0.16137219283958715 9.098445727839466e-07 0.0001143418898895861 0.000143298896961423 0.00012240201910361262 3.23371845846709e-05 0.0028637378522866053 7.861370700074825e-06 0.0008013133807295545 1.0773438946988554e-06 1.2939244299959242e-05 1.6935588660169915e-06 9.434700265394041e-06 2.7319899137892735e-05 0.003207220269647764 0.0005965785955421066 0.0017826035365439345 9.233855049326316e-07 9.77385859447202e-07
108 8.913268773310842e-07 8.847396498271305e-07 9.58196041583332e-07 8.57818455752412e-07 9.608160882052845e-07 0.06977447769941814 9.835467112364701e-07 0.4831028755732289 9.105241268823358e-07 0.051705258389375626 0.0003882795059096684 0.16137219283958715 9.098445727839466e-07 0.0001143418898895861 0.000143298896961423 0.00012240201910361262 3.23371845846709e-05 0.0028637378522866053 7.861370700074825e-06 0.0008013133807295545 1.0773438946988554e-06 1.2939244299959242e-05 1.6935588660169915e-06 9.434700265394041e-06 2.7319899137892735e-05 0.003207220269647764 0.0005965785955421066 0.0017826035365439345 9.233855049326316e-07 9.77385859447202e-07
