# index Z=1 - Z=30
0 7.705803534303715e-07 0.01206830627047337 7.683246679130535e-07 7.826826052089113e-07 7.727645987459535e-07 1.7862084689887195e-06 7.753252514674117e-07 0.004284525132594663 7.763039832891595e-07 8.067177114250863e-07 7.704949056067479e-07 8.686029815213406e-05 7.78589078859238e-07 0.024068121167404935 2.066818651038361e-06 8.374453330812522e-05 9.478703606122418e-07 0.008349164516667758 1.0826086975533737e-06 0.015372818915488027 7.645286494029278e-07 0.00013996853790133605 0.0003047146919832449 2.1628516939586992e-05 0.006748235873170773 0.2521584323080573 0.1689690043425121 0.2510158690081118 7.364506180549818e-07 7.776715022535316e-07
1 7.705803534303715e-07 0.01206830627047337 7.683246679130535e-07 7.826826052089113e-07 7.727645987459535e-07 1.7862084689887195e-06 7.753252514674117e-07 0.004284525132594663 7.763039832891595e-07 8.067177114250863e-07 7.704949056067479e-07 8.686029815213406e-05 7.78589078859238e-07 0.024068121167404935 2.066818651038361e-06 8.374453330812522e-05 9.478703606122418e-07 0.008349164516667758 1.0826086975533737e-06 0.015372818915488027 7.645286494029278e-07 0.00013996853790133605 0.0003047146919832449 2.1628516939586992e-05 0.006748235873170773 0.2521584323080573 0.1689690043425121 0.2510158690081118 7.364506180549818e-07 7.776715022535316e-07
2 7.705803534303715e-07 0.01206830627047337 7.683246679130535e-07 7.826826052089113e-07 7.727645987459535e-07 1.7862084689887195e-06 7.753252514674117e-07 0.004284525132594663 7.763039832891595e-07 8.067177114250863e-07 7.704949056067479e-07 8.686029815213406e-05 7.78589078859238e-07 0.024068121167404935 2.066818651038361e-06 8.374453330812522e-05 9.478703606122418e-07 0.008349164516667758 1.0826086975533737e-06 0.015372818915488027 7.645286494029278e-07 0.00013996853790133605 0.0003047146919832449 2.1628516939586992e-05 0.006748235873170773 0.2521584323080573 0.1689690043425121 0.2510158690081118 7.364506180549818e-07 7.776715022535316e-07
3 7.705803534303715e-07 0.01206830627047337 7.683246679130535e-07 7.826826052089113e-07 7.727645987459535e-07 1.7862084689887195e-06 7.753252514674117e-07 0.004284525132594663 7.763039832891595e-07 8.067177114250863e-07 7.704949056067479e-07 8.686029815213406e-05 7.78589078859238e-07 0.024068121167404935 2.066818651038361e-06 8.374453330812522e-05 9.478703606122418e-07 0.008349164516667758 1.0826086975533737e-06 0.015372818915488027 7.645286494029278e-07 0.00013996853790133605 0.0003047146919832449 2.1628516939586992e-05 0.006748235873170773 0.2521584323080573 0.1689690043425121 0.2510158690081118 7.364506180549818e-07 7.776715022535316e-07
4 7.705803534303715e-07 0.01206830627047337 7.683246679130535e-07 7.826826052089113e-07 7.727645987459535e-07 1.7862084689887195e-06 7.753252514674117e-07 0.004284525132594663 7.763039832891595e-07 8.067177114250863e-07 7.704949056067479e-07 8.686029815213406e-05 7.78589078859238e-07 0.024068121167404935 2.066818651038361e-06 8.374453330812522e-05 9.478703606122418e-07 0.008349164516667758 1.0826086975533737e-06 0.015372818915488027 7.645286494029278e-07 0.00013996853790133605 0.0003047146919832449 2.1628516939586992e-05 0.006748235873170773 0.2521584323080573 0.1689690043425121 0.2510158690081118 7.364506180549818e-07 7.776715022535316e-07
5 7.705803534303715e-07 0.01206830627047337 7.683246679130535e-07 7.826826052089113e-07 7.727645987459535e-07 1.7862084689887195e-06 7.753252514674117e-07 0.004284525132594663 7.763039832891595e-07 8.067177114250863e-07 7.704949056067479e-07 8.686029815213406e-05 7.78589078859238e-07 0.024068121167404935 2.066818651038361e-06 8.374453330812522e-05 9.478703606122418e-07 0.008349164516667758 1.0826086975533737e-06 0.015372818915488027 7.645286494029278e-07 0.00013996853790133605 0.0003047146919832449 2.1628516939586992e-05 0.006748235873170773 0.2521584323080573 0.1689690043425121 0.2510158690081118 7.364506180549818e-07 7.776715022535316e-07
6 7.705803534303715e-07 0.01206830627047337 7.683246679130535e-07 7.826826052089113e-07 7.727645987459535e-07 1.7862084689887195e-06 7.753252514674117e-07 0.004284525132594663 7.763039832891595e-07 8.067177114250863e-07 7.704949056067479e-07 8.686029815213406e-05 7.78589078859238e-07 0.024068121167404935 2.066818651038361e-06 8.374453330812522e-05 9.478703606122418e-07 0.008349164516667758 1.0826086975533737e-06 0.015372818915488027 7.645286494029278e-07 0.00013996853790133605 0.0003047146919832449 2.1628516939586992e-05 0.006748235873170773 0.2521584323080573 0.1689690043425121 0.2510158690081118 7.364506180549818e-07 7.776715022535316e-07
7 7.705803534303715e-07 0.01206830627047337 7.683246679130535e-07 7.826826052089113e-07 7.727645987459535e-07 1.7862084689887195e-06 7.753252514674117e-07 0.004284525132594663 7.763039832891595e-07 8.067177114250863e-07 7.704949056067479e-07 8.686029815213406e-05 7.78589078859238e-07 0.024068121167404935 2.066818651038361e-06 8.374453330812522e-05 9.478703606122418e-07 0.008349164516667758 1.0826086975533737e-06 0.015372818915488027 7.645286494029278e-07 0.00013996853790133605 0.0003047146919832449 2.1628516939586992e-05 0.006748235873170773 0.2521584323080573 0.1689690043425121 0.2510158690081118 7.364506180549818e-07 7.776715022535316e-07
8 7.705803534303715e-07 0.01206830627047337 7.683246679130535e-07 7.826826052089113e-07 7.727645987459535e-07 1.7862084689887195e-06 7.753252514674117e-07 0.004284525132594663 7.763039832891595e-07 8.067177114250863e-07 7.704949056067479e-07 8.686029815213406e-05 7.78589078859238e-07 0.024068121167404935 2.066818651038361e-06 8.374453330812522e-05 9.478703606122418e-07 0.008349164516667758 1.0826086975533737e-06 0.015372818915488027 7.645286494029278e-07 0.00013996853790133605 0.0003047146919832449 2.1628516939586992e-05 0.006748235873170773 0.2521584323080573 0.1689690043425121 0.2510158690081118 7.364506180549818e-07 7.776715022535316e-07
9 7.705803534303715e-07 0.01206830627047337 7.683246679130535e-07 7.826826052089113e-07 7.727645987459535e-07 1.7862084689887195e-06 7.753252514674117e-07 0.004284525132594663 7.763039832891595e-07 8.067177114250863e-07 7.704949056067479e-07 8.686029815213406e-05 7.78589078859238e-07 0.024068121167404935 2.066818651038361e-06 8.374453330812522e-05 9.478703606122418e-07 0.008349164516667758 1.0826086975533737e-06 0.015372818915488027 7.645286494029278e-07 0.00013996853790133605 0.0003047146919832449 2.1628516939586992e-05 0.006748235873170773 0.2521584323080573 0.1689690043425121 0.2510158690081118 7.364506180549818e-07 7.776715022535316e-07
10 7.705803534303715e-07 0.01206830627047337 7.683246679130535e-07 7.826826052089113e-07 7.727645987459535e-07 1.7862084689887195e-06 7.753252514674117e-07 0.004284525132594663 7.763039832891595e-07 8.067177114250863e-07 7.704949056067479e-07 8.686029815213406e-05 7.78589078859238e-07 0.024068121167404935 2.066818651038361e-06 8.374453330812522e-05 9.478703606122418e-07 0.008349164516667758 1.0826086975533737e-06 0.015372818915488027 7.645286494029278e-07 0.00013996853790133605 0.0003047146919832449 2.1628516939586992e-05 0.006748235873170773 0.2521584323080573 0.1689690043425121 0.2510158690081118 7.364506180549818e-07 7.776715022535316e-07
11 7.705803534303715e-07 0.01206830627047337 7.683246679130535e-07 7.826826052089113e-07 7.727645987459535e-07 1.7862084689887195e-06 7.753252514674117e-07 0.004284525132594663 7.763039832891595e-07 8.067177114250863e-07 7.704949056067479e-07 8.686029815213406e-05 7.78589078859238e-07 0.024068121167404935 2.066818651038361e-06 8.374453330812522e-05 9.478703606122418e-07 0.008349164516667758 1.0826086975533737e-06 0.015372818915488027 7.645286494029278e-07 0.00013996853790133605 0.0003047146919832449 2.1628516939586992e-05 0.006748235873170773 0.2521584323080573 0.1689690043425121 0.2510158690081118 7.364506180549818e-07 7.776715022535316e-07
12 5.672863052867537e-07 0.0026463540863957556 6.125053011848393e-07 6.048632782537526e-07 5.913646420490739e-07 1.0931556000739714e-06 5.764007596732278e-07 0.003135357791052275 5.739271547025325e-07 6.5523875171328e-07 6.447190721244455e-07 0.0015434659977345783 6.08722086554787e-07 0.01577330519914805 4.304314343210277e-06 0.0005106680703119133 1.5573616938257351e-06 0.008482665897193478 1.0681099273092446e-06 0.017733148600288764 5.940536182899905e-07 8.033959496855987e-05 0.0005238337288648702 1.4438039588691593e-05 0.012398057012148923 0.1742371357659001 0.18861999871560922 0.29748468208562584 6.102464965580607e-07 5.276672425539547e-07
13 5.672863052867537e-07 0.0026463540863957556 6.125053011848393e-07 6.048632782537526e-07 5.913646420490739e-07 1.0931556000739714e-06 5.764007596732278e-07 0.003135357791052275 5.739271547025325e-07 6.5523875171328e-07 6.447190721244455e-07 0.0015434659977345783 6.08722086554787e-07 0.01577330519914805 4.304314343210277e-06 0.0005106680703119133 1.5573616938257351e-06 0.008482665897193478 1.0681099273092446e-06 0.017733148600288764 5.940536182899905e-07 8.033959496855987e-05 0.0005238337288648702 1.4438039588691593e-05 0.012398057012148923 0.1742371357659001 0.18861999871560922 0.29748468208562584 6.102464965580607e-07 5.276672425539547e-07
14 5.672863052867537e-07 0.0026463540863957556 6.125053011848393e-07 6.048632782537526e-07 5.913646420490739e-07 1.0931556000739714e-06 5.764007596732278e-07 0.003135357791052275 5.739271547025325e-07 6.5523875171328e-07 6.447190721244455e-07 0.0015434659977345783 6.08722086554787e-07 0.01577330519914805 4.304314343210277e-06 0.0005106680703119133 1.5573616938257351e-06 0.008482665897193478 1.0681099273092446e-06 0.017733148600288764 5.940536182899905e-07 8.033959496855987e-05 0.0005238337288648702 1.4438039588691593e-05 0.012398057012148923 0.1742371357659001 0.18861999871560922 0.29748468208562584 6.102464965580607e-07 5.276672425539547e-07
15 5.672863052867537e-07 0.0026463540863957556 6.125053011848393e-07 6.048632782537526e-07 5.913646420490739e-07 1.0931556000739714e-06 5.764007596732278e-07 0.003135357791052275 5.739271547025325e-07 6.5523875171328e-07 6.447190721244455e-07 0.0015434659977345783 6.08722086554787e-07 0.01577330519914805 4.304314343210277e-06 0.0005106680703119133 1.5573616938257351e-06 0.008482665897193478 1.0681099273092446e-06 0.017733148600288764 5.940536182899905e-07 8.033959496855987e-05 0.0005238337288648702 1.4438039588691593e-05 0.012398057012148923 0.1742371357659001 0.18861999871560922 0.29748468208562584 6.102464965580607e-07 5.276672425539547e-07
16 5.672863052867537e-07 0.0026463540863957556 6.125053011848393e-07 6.048632782537526e-07 5.913646420490739e-07 1.0931556000739714e-06 5.764007596732278e-07 0.003135357791052275 5.739271547025325e-07 6.5523875171328e-07 6.447190721244455e-07 0.0015434659977345783 6.08722086554787e-07 0.01577330519914805 4.304314343210277e-06 0.0005106680703119133 1.5573616938257351e-06 0.008482665897193478 1.0681099273092446e-06 0.017733148600288764 5.940536182899905e-07 8.033959496855987e-05 0.0005238337288648702 1.4438039588691593e-05 0.012398057012148923 0.1742371357659001 0.18861999871560922 0.29748468208562584 6.102464965580607e-07 5.276672425539547e-07
17 5.672863052867537e-07 0.0026463540863957556 6.125053011848393e-07 6.048632782537526e-07 5.913646420490739e-07 1.0931556000739714e-06 5.764007596732278e-07 0.003135357791052275 5.739271547025325e-07 6.5523875171328e-07 6.447190721244455e-07 0.0015434659977345783 6.08722086554787e-07 0.01577330519914805 4.304314343210277e-06 0.0005106680703119133 1.5573616938257351e-06 0.008482665897193478 1.0681099273092446e-06 0.017733148600288764 5.940536182899905e-07 8.033959496855987e-05 0.0005238337288648702 1.4438039588691593e-05 0.012398057012148923 0.1742371357659001 0.18861999871560922 0.29748468208562584 6.102464965580607e-07 5.276672425539547e-07
18 5.672863052867537e-07 0.0026463540863957556 6.125053011848393e-07 6.048632782537526e-07 5.913646420490739e-07 1.0931556000739714e-06 5.764007596732278e-07 0.003135357791052275 5.739271547025325e-07 6.5523875171328e-07 6.447190721244455e-07 0.0015434659977345783 6.08722086554787e-07 0.01577330519914805 4.304314343210277e-06 0.0005106680703119133 1.5573616938257351e-06 0.008482665897193478 1.0681099273092446e-06 0.017733148600288764 5.940536182899905e-07 8.033959496855987e-05 0.0005238337288648702 1.4438039588691593e-05 0.012398057012148923 0.1742371357659001 0.18861999871560922 0.29748468208562584 6.102464965580607e-07 5.276672425539547e-07
19 5.672863052867537e-07 0.0026463540863957556 6.125053011848393e-07 6.048632782537526e-07 5.913646420490739e-07 1.0931556000739714e-06 5.764007596732278e-07 0.003135357791052275 5.739271547025325e-07 6.5523875171328e-07 6.447190721244455e-07 0.0015434659977345783 6.08722086554787e-07 0.01577330519914805 4.304314343210277e-06 0.0005106680703119133 1.5573616938257351e-06 0.008482665897193478 1.0681099273092446e-06 0.017733148600288764 5.940536182899905e-07 8.033959496855987e-05 0.0005238337288648702 1.4438039588691593e-05 0.012398057012148923 0.1742371357659001 0.18861999871560922 0.29748468208562584 6.102464965580607e-07 5.276672425539547e-07
20 5.672863052867537e-07 0.0026463540863957556 6.125053011848393e-07 6.048632782537526e-07 5.913646420490739e-07 1.0931556000739714e-06 5.764007596732278e-07 0.003135357791052275 5.739271547025325e-07 6.5523875171328e-07 6.447190721244455e-07 0.0015434659977345783 6.08722086554787e-07 0.01577330519914805 4.304314343210277e-06 0.0005106680703119133 1.5573616938257351e-06 0.008482665897193478 1.0681099273092446e-06 0.017733148600288764 5.940536182899905e-07 8.033959496855987e-05 0.0005238337288648702 1.4438039588691593e-05 0.012398057012148923 0.1742371357659001 0.18861999871560922 0.29748468208562584 6.102464965580607e-07 5.276672425539547e-07
21 5.672863052867537e-07 0.0026463540863957556 6.125053011848393e-07 6.048632782537526e-07 5.913646420490739e-07 1.0931556000739714e-06 5.764007596732278e-07 0.003135357791052275 5.739271547025325e-07 6.5523875171328e-07 6.447190721244455e-07 0.0015434659977345783 6.08722086554787e-07 0.01577330519914805 4.304314343210277e-06 0.0005106680703119133 1.5573616938257351e-06 0.008482665897193478 1.0681099273092446e-06 0.017733148600288764 5.940536182899905e-07 8.033959496855987e-05 0.0005238337288648702 1.4438039588691593e-05 0.012398057012148923 0.1742371357659001 0.18861999871560922 0.29748468208562584 6.102464965580607e-07 5.276672425539547e-07
22 5.01658276636249e-07 5.211964370138522e-07 5.629683631592001e-07 4.776434772143785e-07 6.936642782536135e-07 1.7901980398582913e-06 5.439637435424951e-07 0.0026255033679399714 4.808506127409336e-07 5.585790172564719e-07 5.206919551768726e-07 0.09160668669747485 4.781881485077162e-07 0.4622052634578586 8.453077052529586e-06 0.2010182699087888 1.2144340936100559e-06 0.010936637193200767 1.1087147667493178e-06 0.021837444185506927 4.7022537427017227e-07 0.00011404361375003088 0.00029119333018153145 4.2604743067655754e-05 0.004013557167538531 0.04681655224813653 0.03181359221429628 0.07300562979915631 5.501648257391305e-07 5.526852748078941e-07
23 5.01658276636249e-07 5.211964370138522e-07 5.629683631592001e-07 4.776434772143785e-07 6.936642782536135e-07 1.7901980398582913e-06 5.439637435424951e-07 0.0026255033679399714 4.808506127409336e-07 5.585790172564719e-07 5.206919551768726e-07 0.09160668669747485 4.781881485077162e-07 0.4622052634578586 8.453077052529586e-06 0.2010182699087888 1.2144340936100559e-06 0.010936637193200767 1.1087147667493178e-06 0.021837444185506927 4.7022537427017227e-07 0.00011404361375003088 0.00029119333018153145 4.2604743067655754e-05 0.004013557167538531 0.04681655224813653 0.03181359221429628 0.07300562979915631 5.501648257391305e-07 5.526852748078941e-07
24 5.01658276636249e-07 5.211964370138522e-07 5.629683631592001e-07 4.776434772143785e-07 6.936642782536135e-07 1.7901980398582913e-06 5.439637435424951e-07 0.0026255033679399714 4.808506127409336e-07 5.585790172564719e-07 5.206919551768726e-07 0.09160668669747485 4.781881485077162e-07 0.4622052634578586 8.453077052529586e-06 0.2010182699087888 1.2144340936100559e-06 0.010936637193200767 1.1087147667493178e-06 0.021837444185506927 4.7022537427017227e-07 0.00011404361375003088 0.00029119333018153145 4.2604743067655754e-05 0.004013557167538531 0.04681655224813653 0.03181359221429628 0.07300562979915631 5.501648257391305e-07 5.526852748078941e-07
25 5.01658276636249e-07 5.211964370138522e-07 5.629683631592001e-07 4.776434772143785e-07 6.936642782536135e-07 1.7901980398582913e-06 5.439637435424951e-07 0.0026255033679399714 4.808506127409336e-07 5.585790172564719e-07 5.206919551768726e-07 0.09160668669747485 4.781881485077162e-07 0.4622052634578586 8.453077052529586e-06 0.2010182699087888 1.2144340936100559e-06 0.010936637193200767 1.1087147667493178e-06 0.021837444185506927 4.7022537427017227e-07 0.00011404361375003088 0.00029119333018153145 4.2604743067655754e-05 0.004013557167538531 0.04681655224813653 0.03181359221429628 0.07300562979915631 5.501648257391305e-07 5.526852748078941e-07
26 5.01658276636249e-07 5.211964370138522e-07 5.629683631592001e-07 4.776434772143785e-07 6.936642782536135e-07 1.7901980398582913e-06 5.439637435424951e-07 0.0026255033679399714 4.808506127409336e-07 5.585790172564719e-07 5.206919551768726e-07 0.09160668669747485 4.781881485077162e-07 0.4622052634578586 8.453077052529586e-06 0.2010182699087888 1.2144340936100559e-06 0.010936637193200767 1.1087147667493178e-06 0.021837444185506927 4.7022537427017227e-07 0.00011404361375003088 0.00029119333018153145 4.2604743067655754e-05 0.004013557167538531 0.04681655224813653 0.03181359221429628 0.07300562979915631 5.501648257391305e-07 5.526852748078941e-07
27 5.01658276636249e-07 5.211964370138522e-07 5.629683631592001e-07 4.776434772143785e-07 6.936642782536135e-07 1.7901980398582913e-06 5.439637435424951e-07 0.0026255033679399714 4.808506127409336e-07 5.585790172564719e-07 5.206919551768726e-07 0.09160668669747485 4.781881485077162e-07 0.4622052634578586 8.453077052529586e-06 0.2010182699087888 1.2144340936100559e-06 0.010936637193200767 1.1087147667493178e-06 0.021837444185506927 4.7022537427017227e-07 0.00011404361375003088 0.00029119333018153145 4.2604743067655754e-05 0.004013557167538531 0.04681655224813653 0.03181359221429628 0.07300562979915631 5.501648257391305e-07 5.526852748078941e-07
28 5.01658276636249e-07 5.211964370138522e-07 5.629683631592001e-07 4.776434772143785e-07 6.936642782536135e-07 1.7901980398582913e-06 5.439637435424951e-07 0.0026255033679399714 4.808506127409336e-07 5.585790172564719e-07 5.206919551768726e-07 0.09160668669747485 4.781881485077162e-07 0.4622052634578586 8.453077052529586e-06 0.2010182699087888 1.2144340936100559e-06 0.010936637193200767 1.1087147667493178e-06 0.021837444185506927 4.7022537427017227e-07 0.00011404361375003088 0.00029119333018153145 4.2604743067655754e-05 0.004013557167538531 0.04681655224813653 0.03181359221429628 0.07300562979915631 5.501648257391305e-07 5.526852748078941e-07
29 5.01658276636249e-07 5.211964370138522e-07 5.629683631592001e-07 4.776434772143785e-07 6.936642782536135e-07 1.7901980398582913e-06 5.439637435424951e-07 0.0026255033679399714 4.808506127409336e-07 5.585790172564719e-07 5.206919551768726e-07 0.09160668669747485 4.781881485077162e-07 0.4622052634578586 8.453077052529586e-06 0.2010182699087888 1.2144340936100559e-06 0.010936637193200767 1.1087147667493178e-06 0.021837444185506927 4.7022537427017227e-07 0.00011404361375003088 0.00029119333018153145 4.2604743067655754e-05 0.004013557167538531 0.04681655224813653 0.03181359221429628 0.07300562979915631 5.501648257391305e-07 5.526852748078941e-07
30 5.01658276636249e-07 5.211964370138522e-07 5.629683631592001e-07 4.776434772143785e-07 6.936642782536135e-07 1.7901980398582913e-06 5.439637435424951e-07 0.0026255033679399714 4.808506127409336e-07 5.585790172564719e-07 5.206919551768726e-07 0.09160668669747485 4.781881485077162e-07 0.4622052634578586 8.453077052529586e-06 0.2010182699087888 1.2144340936100559e-06 0.010936637193200767 1.1087147667493178e-06 0.021837444185506927 4.7022537427017227e-07 0.00011404361375003088 0.00029119333018153145 4.2604743067655754e-05 0.004013557167538531 0.04681655224813653 0.03181359221429628 0.07300562979915631 5.501648257391305e-07 5.526852748078941e-07
31 5.01658276636249e-07 5.211964370138522e-07 5.629683631592001e-07 4.776434772143785e-07 6.936642782536135e-07 1.7901980398582913e-06 5.439637435424951e-07 0.0026255033679399714 4.808506127409336e-07 5.585790172564719e-07 5.206919551768726e-07 0.09160668669747485 4.781881485077162e-07 0.4622052634578586 8.453077052529586e-06 0.2010182699087888 1.2144340936100559e-06 0.010936637193200767 1.1087147667493178e-06 0.021837444185506927 4.7022537427017227e-07 0.00011404361375003088 0.00029119333018153145 4.2604743067655754e-05 0.004013557167538531 0.04681655224813653 0.03181359221429628 0.07300562979915631 5.501648257391305e-07 5.526852748078941e-07
32 2.841208673970381e-07 2.6181268495548396e-07 1.9069978713900737e-07 3.11728707061442e-07 2.2267600246264546e-07 7.642072189597333e-06 2.3839959191656526e-07 0.6777890729111673 2.0951524522609652e-07 6.25410242437935e-07 2.880468428644844e-07 0.036054779816864745 2.2952088022033005e-07 0.12377243900780423 2.538269187152716e-05 4.911574776224909e-05 1.3653241949453522e-05 0.006208826436025479 1.2187887591755223e-05 0.004412120447623857 2.0888565626684135e-07 2.0257185870874403e-05 1.2475648700950915e-05 1.8690308028410232e-05 0.0002180383689761112 0.008910401820478545 0.005762991939663659 0.0031937300906441334 2.0911099717203847e-07 2.6689567345512516e-07
33 2.841208673970381e-07 2.6181268495548396e-07 1.9069978713900737e-07 3.11728707061442e-07 2.2267600246264546e-07 7.642072189597333e-06 2.3839959191656526e-07 0.6777890729111673 2.0951524522609652e-07 6.25410242437935e-07 2.880468428644844e-07 0.036054779816864745 2.2952088022033005e-07 0.12377243900780423 2.538269187152716e-05 4.911574776224909e-05 1.3653241949453522e-05 0.006208826436025479 1.2187887591755223e-05 0.004412120447623857 2.0888565626684135e-07 2.0257185870874403e-05 1.2475648700950915e-05 1.8690308028410232e-05 0.0002180383689761112 0.008910401820478545 0.005762991939663659 0.0031937300906441334 2.0911099717203847e-07 2.6689567345512516e-07
34 2.841208673970381e-07 2.6181268495548396e-07 1.9069978713900737e-07 3.11728707061442e-07 2.2267600246264546e-07 7.642072189597333e-06 2.3839959191656526e-07 0.6777890729111673 2.0951524522609652e-07 6.25410242437935e-07 2.880468428644844e-07 0.036054779816864745 2.2952088022033005e-07 0.12377243900780423 2.538269187152716e-05 4.911574776224909e-05 1.3653241949453522e-05 0.006208826436025479 1.2187887591755223e-05 0.004412120447623857 2.0888565626684135e-07 2.0257185870874403e-05 1.2475648700950915e-05 1.8690308028410232e-05 0.0002180383689761112 0.008910401820478545 0.005762991939663659 0.0031937300906441334 2.0911099717203847e-07 2.6689567345512516e-07
35 2.841208673970381e-07 2.6181268495548396e-07 1.9069978713900737e-07 3.11728707061442e-07 2.2267600246264546e-07 7.642072189597333e-06 2.3839959191656526e-07 0.6777890729111673 2.0951524522609652e-07 6.25410242437935e-07 2.880468428644844e-07 0.036054779816864745 2.2952088022033005e-07 0.12377243900780423 2.538269187152716e-05 4.911574776224909e-05 1.3653241949453522e-05 0.006208826436025479 1.2187887591755223e-05 0.004412120447623857 2.0888565626684135e-07 2.0257185870874403e-05 1.2475648700950915e-05 1.8690308028410232e-05 0.0002180383689761112 0.008910401820478545 0.005762991939663659 0.0031937300906441334 2.0911099717203847e-07 2.6689567345512516e-07
36 2.841208673970381e-07 2.6181268495548396e-07 1.9069978713900737e-07 3.11728707061442e-07 2.2267600246264546e-07 7.642072189597333e-06 2.3839959191656526e-07 0.6777890729111673 2.0951524522609652e-07 6.25410242437935e-07 2.880468428644844e-07 0.036054779816864745 2.2952088022033005e-07 0.12377243900780423 2.538269187152716e-05 4.911574776224909e-05 1.3653241949453522e-05 0.006208826436025479 1.2187887591755223e-05 0.004412120447623857 2.0888565626684135e-07 2.0257185870874403e-05 1.2475648700950915e-05 1.8690308028410232e-05 0.0002180383689761112 0.008910401820478545 0.005762991939663659 0.0031937300906441334 2.0911099717203847e-07 2.6689567345512516e-07
37 2.841208673970381e-07 2.6181268495548396e-07 1.9069978713900737e-07 3.11728707061442e-07 2.2267600246264546e-07 7.642072189597333e-06 2.3839959191656526e-07 0.6777890729111673 2.0951524522609652e-07 6.25410242437935e-07 2.880468428644844e-07 0.036054779816864745 2.2952088022033005e-07 0.12377243900780423 2.538269187152716e-05 4.911574776224909e-05 1.3653241949453522e-05 0.006208826436025479 1.2187887591755223e-05 0.004412120447623857 2.0888565626684135e-07 2.0257185870874403e-05 1.2475648700950915e-05 1.8690308028410232e-05 0.0002180383689761112 0.008910401820478545 0.005762991939663659 0.0031937300906441334 2.0911099717203847e-07 2.6689567345512516e-07
38 2.841208673970381e-07 2.6181268495548396e-07 1.9069978713900737e-07 3.11728707061442e-07 2.2267600246264546e-07 7.642072189597333e-06 2.3839959191656526e-07 0.6777890729111673 2.0951524522609652e-07 6.25410242437935e-07 2.880468428644844e-07 0.036054779816864745 2.2952088022033005e-07 0.12377243900780423 2.538269187152716e-05 4.911574776224909e-05 1.3653241949453522e-05 0.006208826436025479 1.2187887591755223e-05 0.004412120447623857 2.0888565626684135e-07 2.0257185870874403e-05 1.2475648700950915e-05 1.8690308028410232e-05 0.0002180383689761112 0.008910401820478545 0.005762991939663659 0.0031937300906441334 2.0911099717203847e-07 2.6689567345512516e-07
39 2.841208673970381e-07 2.6181268495548396e-07 1.9069978713900737e-07 3.11728707061442e-07 2.2267600246264546e-07 7.642072189597333e-06 2.3839959191656526e-07 0.6777890729111673 2.0951524522609652e-07 6.25410242437935e-07 2.880468428644844e-07 0.036054779816864745 2.2952088022033005e-07 0.12377243900780423 2.538269187152716e-05 4.911574776224909e-05 1.3653241949453522e-05 0.006208826436025479 1.2187887591755223e-05 0.004412120447623857 2.0888565626684135e-07 2.0257185870874403e-05 1.2475648700950915e-05 1.8690308028410232e-05 0.0002180383689761112 0.008910401820478545 0.005762991939663659 0.0031937300906441334 2.0911099717203847e-07 2.6689567345512516e-07
40 2.841208673970381e-07 2.6181268495548396e-07 1.9069978713900737e-07 3.11728707061442e-07 2.2267600246264546e-07 7.642072189597333e-06 2.3839959191656526e-07 0.6777890729111673 2.0951524522609652e-07 6.25410242437935e-07 2.880468428644844e-07 0.036054779816864745 2.2952088022033005e-07 0.12377243900780423 2.538269187152716e-05 4.911574776224909e-05 1.3653241949453522e-05 0.006208826436025479 1.2187887591755223e-05 0.004412120447623857 2.0888565626684135e-07 2.0257185870874403e-05 1.2475648700950915e-05 1.8690308028410232e-05 0.0002180383689761112 0.008910401820478545 0.005762991939663659 0.0031937300906441334 2.0911099717203847e-07 2.6689567345512516e-07
41 2.841208673970381e-07 2.6181268495548396e-07 1.9069978713900737e-07 3.11728707061442e-07 2.2267600246264546e-07 7.642072189597333e-06 2.3839959191656526e-07 0.6777890729111673 2.0951524522609652e-07 6.25410242437935e-07 2.880468428644844e-07 0.036054779816864745 2.2952088022033005e-07 0.12377243900780423 2.538269187152716e-05 4.911574776224909e-05 1.3653241949453522e-05 0.006208826436025479 1.2187887591755223e-05 0.004412120447623857 2.0888565626684135e-07 2.0257185870874403e-05 1.2475648700950915e-05 1.8690308028410232e-05 0.0002180383689761112 0.008910401820478545 0.005762991939663659 0.0031937300906441334 2.0911099717203847e-07 2.6689567345512516e-07
42 2.841208673970381e-07 2.6181268495548396e-07 1.9069978713900737e-07 3.11728707061442e-07 2.2267600246264546e-07 7.642072189597333e-06 2.3839959191656526e-07 0.6777890729111673 2.0951524522609652e-07 6.25410242437935e-07 2.880468428644844e-07 0.036054779816864745 2.2952088022033005e-07 0.12377243900780423 2.538269187152716e-05 4.911574776224909e-05 1.3653241949453522e-05 0.006208826436025479 1.2187887591755223e-05 0.004412120447623857 2.0888565626684135e-07 2.0257185870874403e-05 1.2475648700950915e-05 1.8690308028410232e-05 0.0002180383689761112 0.008910401820478545 0.005762991939663659 0.0031937300906441334 2.0911099717203847e-07 2.6689567345512516e-07
43 2.841208673970381e-07 2.6181268495548396e-07 1.9069978713900737e-07 3.11728707061442e-07 2.2267600246264546e-07 7.642072189597333e-06 2.3839959191656526e-07 0.6777890729111673 2.0951524522609652e-07 6.25410242437935e-07 2.880468428644844e-07 0.036054779816864745 2.2952088022033005e-07 0.12377243900780423 2.538269187152716e-05 4.911574776224909e-05 1.3653241949453522e-05 0.006208826436025479 1.2187887591755223e-05 0.004412120447623857 2.0888565626684135e-07 2.0257185870874403e-05 1.2475648700950915e-05 1.8690308028410232e-05 0.0002180383689761112 0.008910401820478545 0.005762991939663659 0.0031937300906441334 2.0911099717203847e-07 2.6689567345512516e-07
44 2.841208673970381e-07 2.6181268495548396e-07 1.9069978713900737e-07 3.11728707061442e-07 2.2267600246264546e-07 7.642072189597333e-06 2.3839959191656526e-07 0.6777890729111673 2.0951524522609652e-07 6.25410242437935e-07 2.880468428644844e-07 0.036054779816864745 2.2952088022033005e-07 0.12377243900780423 2.538269187152716e-05 4.911574776224909e-05 1.3653241949453522e-05 0.006208826436025479 1.2187887591755223e-05 0.004412120447623857 2.0888565626684135e-07 2.0257185870874403e-05 1.2475648700950915e-05 1.8690308028410232e-05 0.0002180383689761112 0.008910401820478545 0.005762991939663659 0.0031937300906441334 2.0911099717203847e-07 2.6689567345512516e-07
45 1.6112373444869672e-06 1.124086796550863e-06 1.6966148478732052e-06 1.548905253374543e-06 1.5021076879073574e-06 0.09441301196515116 1.5537101768025433e-06 0.6855941376739643 1.8053058475730945e-06 0.09194387258686584 0.0006384857723466657 0.05374978364135277 1.848794406277351e-06 0.00014786905272798869 0.0002181020578781455 0.00017633735731039407 5.885288556653818e-05 0.00426445231179266 1.2753585709198825e-05 0.003310513133593216 1.9216075808091574e-06 2.0590609614174934e-05 3.01026214130235e-06 1.5539694965668497e-05 4.569149188933394e-05 0.0073273846094605915 0.0010527465984010106 0.0023010261214381988 1.5661290906789058e-06 1.4839235059395096e-06
46 1.6112373444869672e-06 1.124086796550863e-06 1.6966148478732052e-06 1.548905253374543e-06 1.5021076879073574e-06 0.09441301196515116 1.5537101768025433e-06 0.6855941376739643 1.8053058475730945e-06 0.09194387258686584 0.0006384857723466657 0.05374978364135277 1.848794406277351e-06 0.00014786905272798869 0.0002181020578781455 0.00017633735731039407 5.885288556653818e-05 0.00426445231179266 1.2753585709198825e-05 0.003310513133593216 1.9216075808091574e-06 2.0590609614174934e-05 3.01026214130235e-06 1.5539694965668497e-05 4.569149188933394e-05 0.0073273846094605915 0.0010527465984010106 0.0023010261214381988 1.5661290906789058e-06 1.4839235059395096e-06
47 1.6112373444869672e-06 1.124086796550863e-06 1.6966148478732052e-06 1.548905253374543e-06 1.5021076879073574e-06 0.09441301196515116 1.5537101768025433e-06 0.6855941376739643 1.8053058475730945e-06 0.09194387258686584 0.0006384857723466657 0.05374978364135277 1.848794406277351e-06 0.00014786905272798869 0.0002181020578781455 0.00017633735731039407 5.885288556653818e-05 0.00426445231179266 1.2753585709198825e-05 0.003310513133593216 1.9216075808091574e-06 2.0590609614174934e-05 3.01026214130235e-06 1.5539694965668497e-05 4.569149188933394e-05 0.0073273846094605915 0.0010527465984010106 0.0023010261214381988 1.5661290906789058e-06 1.4839235059395096e-06
48 1.6112373444869672e-06 1.124086796550863e-06 1.6966148478732052e-06 1.548905253374543e-06 1.5021076879073574e-06 0.09441301196515116 1.5537101768025433e-06 0.6855941376739643 1.8053058475730945e-06 0.09194387258686584 0.0006384857723466657 0.05374978364135277 1.848794406277351e-06 0.00014786905272798869 0.0002181020578781455 0.00017633735731039407 5.885288556653818e-05 0.00426445231179266 1.2753585709198825e-05 0.003310513133593216 1.9216075808091574e-06 2.0590609614174934e-05 3.01026214130235e-06 1.5539694965668497e-05 4.569149188933394e-05 0.0073273846094605915 0.0010527465984010106 0.0023010261214381988 1.5661290906789058e-06 1.4839235059395096e-06
49 1.6112373444869672e-06 1.124086796550863e-06 1.6966148478732052e-06 1.548905253374543e-06 1.5021076879073574e-06 0.09441301196515116 1.5537101768025433e-06 0.6855941376739643 1.8053058475730945e-06 0.09194387258686584 0.0006384857723466657 0.05374978364135277 1.848794406277351e-06 0.00014786905272798869 0.0002181020578781455 0.00017633735731039407 5.885288556653818e-05 0.00426445231179266 1.2753585709198825e-05 0.003310513133593216 1.9216075808091574e-06 2.0590609614174934e-05 3.01026214130235e-06 1.5539694965668497e-05 4.569149188933394e-05 0.0073273846094605915 0.0010527465984010106 0.0023010261214381988 1.5661290906789058e-06 1.4839235059395096e-06
50 1.6112373444869672e-06 1.124086796550863e-06 1.6966148478732052e-06 1.548905253374543e-06 1.5021076879073574e-06 0.09441301196515116 1.5537101768025433e-06 0.6855941376739643 1.8053058475730945e-06 0.09194387258686584 0.0006384857723466657 0.05374978364135277 1.848794406277351e-06 0.00014786905272798869 0.0002181020578781455 0.00017633735731039407 5.885288556653818e-05 0.00426445231179266 1.2753585709198825e-05 0.003310513133593216 1.9216075808091574e-06 2.0590609614174934e-05 3.01026214130235e-06 1.5539694965668497e-05 4.569149188933394e-05 0.0073273846094605915 0.0010527465984010106 0.0023010261214381988 1.5661290906789058e-06 1.4839235059395096e-06
51 1.6112373444869672e-06 1.124086796550863e-06 1.6966148478732052e-06 1.548905253374543e-06 1.5021076879073574e-06 0.09441301196515116 1.5537101768025433e-06 0.6855941376739643 1.8053058475730945e-06 0.09194387258686584 0.0006384857723466657 0.05374978364135277 1.848794406277351e-06 0.00014786905272798869 0.0002181020578781455 0.00017633735731039407 5.885288556653818e-05 0.00426445231179266 1.2753585709198825e-05 0.003310513133593216 1.9216075808091574e-06 2.0590609614174934e-05 3.01026214130235e-06 1.5539694965668497e-05 4.569149188933394e-05 0.0073273846094605915 0.0010527465984010106 0.0023010261214381988 1.5661290906789058e-06 1.4839235059395096e-06
52 1.6112373444869672e-06 1.124086796550863e-06 1.6966148478732052e-06 1.548905253374543e-06 1.5021076879073574e-06 0.09441301196515116 1.5537101768025433e-06 0.6855941376739643 1.8053058475730945e-06 0.09194387258686584 0.0006384857723466657 0.05374978364135277 1.848794406277351e-06 0.00014786905272798869 0.0002181020578781455 0.00017633735731039407 5.885288556653818e-05 0.00426445231179266 1.2753585709198825e-05 0.003310513133593216 1.9216075808091574e-06 2.0590609614174934e-05 3.01026214130235e-06 1.5539694965668497e-05 4.569149188933394e-05 0.0073273846094605915 0.0010527465984010106 0.0023010261214381988 1.5661290906789058e-06 1.4839235059395096e-06
53 1.6112373444869672e-06 1.124086796550863e-06 1.6966148478732052e-06 1.548905253374543e-06 1.5021076879073574e-06 0.09441301196515116 1.5537101768025433e-06 0.6855941376739643 1.8053058475730945e-06 0.09194387258686584 0.0006384857723466657 0.05374978364135277 1.848794406277351e-06 0.00014786905272798869 0.0002181020578781455 0.00017633735731039407 5.885288556653818e-05 0.00426445231179266 1.2753585709198825e-05 0.003310513133593216 1.9216075808091574e-06 2.0590609614174934e-05 3.01026214130235e-06 1.5539694965668497e-05 4.569149188933394e-05 0.0073273846094605915 0.0010527465984010106 0.0023010261214381988 1.5661290906789058e-06 1.4839235059395096e-06
54 1.6112373444869672e-06 1.124086796550863e-06 1.6966148478732052e-06 1.548905253374543e-06 1.5021076879073574e-06 0.09441301196515116 1.5537101768025433e-06 0.6855941376739643 1.8053058475730945e-06 0.09194387258686584 0.0006384857723466657 0.05374978364135277 1.848794406277351e-06 0.00014786905272798869 0.0002181020578781455 0.00017633735731039407 5.885288556653818e-05 0.00426445231179266 1.2753585709198825e-05 0.003310513133593216 1.9216075808091574e-06 2.0590609614174934e-05 3.01026214130235e-06 1.5539694965668497e-05 4.569149188933394e-05 0.0073273846094605915 0.0010527465984010106 0.0023010261214381988 1.5661290906789058e-06 1.4839235059395096e-06
55 1.6112373444869672e-06 1.124086796550863e-06 1.6966148478732052e-06 1.548905253374543e-06 1.5021076879073574e-06 0.09441301196515116 1.5537101768025433e-06 0.6855941376739643 1.8053058475730945e-06 0.09194387258686584 0.0006384857723466657 0.05374978364135277 1.848794406277351e-06 0.00014786905272798869 0.0002181020578781455 0.00017633735731039407 5.885288556653818e-05 0.00426445231179266 1.2753585709198825e-05 0.003310513133593216 1.9216075808091574e-06 2.0590609614174934e-05 3.01026214130235e-06 1.5539694965668497e-05 4.569149188933394e-05 0.0073273846094605915 0.0010527465984010106 0.0023010261214381988 1.5661290906789058e-06 1.4839235059395096e-06
56 1.6112373444869672e-06 1.124086796550863e-06 1.6966148478732052e-06 1.548905253374543e-06 1.5021076879073574e-06 0.09441301196515116 1.5537101768025433e-06 0.6855941376739643 1.8053058475730945e-06 0.09194387258686584 0.0006384857723466657 0.05374978364135277 1.848794406277351e-06 0.00014786905272798869 0.0002181020578781455 0.00017633735731039407 5.885288556653818e-05 0.00426445231179266 1.2753585709198825e-05 0.003310513133593216 1.9216075808091574e-06 2.0590609614174934e-05 3.01026214130235e-06 1.5539694965668497e-05 4.569149188933394e-05 0.0073273846094605915 0.0010527465984010106 0.0023010261214381988 1.5661290906789058e-06 1.4839235059395096e-06
57 1.6112373444869672e-06 1.124086796550863e-06 1.6966148478732052e-06 1.548905253374543e-06 1.5021076879073574e-06 0.09441301196515116 1.5537101768025433e-06 0.6855941376739643 1.8053058475730945e-06 0.09194387258686584 0.0006384857723466657 0.05374978364135277 1.848794406277351e-06 0.00014786905272798869 0.0002181020578781455 0.00017633735731039407 5.885288556653818e-05 0.00426445231179266 1.2753585709198825e-05 0.003310513133593216 1.9216075808091574e-06 2.0590609614174934e-05 3.01026214130235e-06 1.5539694965668497e-05 4.569149188933394e-05 0.0073273846094605915 0.0010527465984010106 0.0023010261214381988 1.5661290906789058e-06 1.4839235059395096e-06
58 1.6112373444869672e-06 1.124086796550863e-06 1.6966148478732052e-06 1.548905253374543e-06 1.5021076879073574e-06 0.09441301196515116 1.5537101768025433e-06 0.6855941376739643 1.8053058475730945e-06 0.09194387258686584 0.0006384857723466657 0.05374978364135277 1.848794406277351e-06 0.00014786905272798869 0.0002181020578781455 0.00017633735731039407 5.885288556653818e-05 0.00426445231179266 1.2753585709198825e-05 0.003310513133593216 1.9216075808091574e-06 2.0590609614174934e-05 3.01026214130235e-06 1.5539694965668497e-05 4.569149188933394e-05 0.0073273846094605915 0.0010527465984010106 0.0023010261214381988 1.5661290906789058e-06 1.4839235059395096e-06
59 1.6112373444869672e-06 1.124086796550863e-06 1.6966148478732052e-06 1.548905253374543e-06 1.5021076879073574e-06 0.09441301196515116 1.5537101768025433e-06 0.6855941376739643 1.8053058475730945e-06 0.09194387258686584 0.0006384857723466657 0.05374978364135277 1.848794406277351e-06 0.00014786905272798869 0.0002181020578781455 0.00017633735731039407 5.885288556653818e-05 0.00426445231179266 1.2753585709198825e-05 0.003310513133593216 1.9216075808091574e-06 2.0590609614174934e-05 3.01026214130235e-06 1.5539694965668497e-05 4.569149188933394e-05 0.0073273846094605915 0.0010527465984010106 0.0023010261214381988 1.5661290906789058e-06 1.4839235059395096e-06
60 1.6112373444869672e-06 1.124086796550863e-06 1.6966148478732052e-06 1.548905253374543e-06 1.5021076879073574e-06 0.09441301196515116 1.5537101768025433e-06 0.6855941376739643 1.8053058475730945e-06 0.09194387258686584 0.0006384857723466657 0.05374978364135277 1.848794406277351e-06 0.00014786905272798869 0.0002181020578781455 0.00017633735731039407 5.885288556653818e-05 0.00426445231179266 1.2753585709198825e-05 0.003310513133593216 1.9216075808091574e-06 2.0590609614174934e-05 3.01026214130235e-06 1.5539694965668497e-05 4.569149188933394e-05 0.0073273846094605915 0.0010527465984010106 0.0023010261214381988 1.5661290906789058e-06 1.4839235059395096e-06
61 1.6112373444869672e-06 1.124086796550863e-06 1.6966148478732052e-06 1.548905253374543e-06 1.5021076879073574e-06 0.09441301196515116 1.5537101768025433e-06 0.6855941376739643 1.8053058475730945e-06 0.09194387258686584 0.0006384857723466657 0.05374978364135277 1.848794406277351e-06 0.00014786905272798869 0.0002181020578781455 0.00017633735731039407 5.885288556653818e-05 0.00426445231179266 1.2753585709198825e-05 0.003310513133593216 1.9216075808091574e-06 2.0590609614174934e-05 3.01026214130235e-06 1.5539694965668497e-05 4.569149188933394e-05 0.0073273846094605915 0.0010527465984010106 0.0023010261214381988 1.5661290906789058e-06 1.4839235059395096e-06
62 1.6112373444869672e-06 1.124086796550863e-06 1.6966148478732052e-06 1.548905253374543e-06 1.5021076879073574e-06 0.09441301196515116 1.5537101768025433e-06 0.6855941376739643 1.8053058475730945e-06 0.09194387258686584 0.0006384857723466657 0.05374978364135277 1.848794406277351e-06 0.00014786905272798869 0.0002181020578781455 0.00017633735731039407 5.885288556653818e-05 0.00426445231179266 1.2753585709198825e-05 0.003310513133593216 1.9216075808091574e-06 2.0590609614174934e-05 3.01026214130235e-06 1.5539694965668497e-05 4.569149188933394e-05 0.0073273846094605915 0.0010527465984010106 0.0023010261214381988 1.5661290906789058e-06 1.4839235059395096e-06
63 1.6112373444869672e-06 1.124086796550863e-06 1.6966148478732052e-06 1.548905253374543e-06 1.5021076879073574e-06 0.09441301196515116 1.5537101768025433e-06 0.6855941376739643 1.8053058475730945e-06 0.09194387258686584 0.0006384857723466657 0.05374978364135277 1.848794406277351e-06 0.00014786905272798869 0.0002181020578781455 0.00017633735731039407 5.885288556653818e-05 0.00426445231179266 1.2753585709198825e-05 0.003310513133593216 1.9216075808091574e-06 2.0590609614174934e-05 3.01026214130235e-06 1.5539694965668497e-05 4.569149188933394e-05 0.0073273846094605915 0.0010527465984010106 0.0023010261214381988 1.5661290906789058e-06 1.4839235059395096e-06
64 1.6112373444869672e-06 1.124086796550863e-06 1.6966148478732052e-06 1.548905253374543e-06 1.5021076879073574e-06 0.09441301196515116 1.5537101768025433e-06 0.6855941376739643 1.8053058475730945e-06 0.09194387258686584 0.0006384857723466657 0.05374978364135277 1.848794406277351e-06 0.00014786905272798869 0.0002181020578781455 0.00017633735731039407 5.885288556653818e-05 0.00426445231179266 1.2753585709198825e-05 0.003310513133593216 1.9216075808091574e-06 2.0590609614174934e-05 3.01026214130235e-06 1.5539694965668497e-05 4.569149188933394e-05 0.0073273846094605915 0.0010527465984010106 0.0023010261214381988 1.5661290906789058e-06 1.4839235059395096e-06
65 1.6112373444869672e-06 1.124086796550863e-06 1.6966148478732052e-06 1.548905253374543e-06 1.5021076879073574e-06 0.09441301196515116 1.5537101768025433e-06 0.6855941376739643 1.8053058475730945e-06 0.09194387258686584 0.0006384857723466657 0.05374978364135277 1.848794406277351e-06 0.00014786905272798869 0.0002181020578781455 0.00017633735731039407 5.885288556653818e-05 0.00426445231179266 1.2753585709198825e-05 0.003310513133593216 1.9216075808091574e-06 2.0590609614174934e-05 3.01026214130235e-06 1.5539694965668497e-05 4.569149188933394e-05 0.0073273846094605915 0.0010527465984010106 0.0023010261214381988 1.5661290906789058e-06 1.4839235059395096e-06
66 1.6112373444869672e-06 1.124086796550863e-06 1.6966148478732052e-06 1.548905253374543e-06 1.5021076879073574e-06 0.09441301196515116 1.5537101768025433e-06 0.6855941376739643 1.8053058475730945e-06 0.09194387258686584 0.0006384857723466657 0.05374978364135277 1.848794406277351e-06 0.00014786905272798869 0.0002181020578781455 0.00017633735731039407 5.885288556653818e-05 0.00426445231179266 1.2753585709198825e-05 0.003310513133593216 1.9216075808091574e-06 2.0590609614174934e-05 3.01026214130235e-06 1.5539694965668497e-05 4.569149188933394e-05 0.0073273846094605915 0.0010527465984010106 0.0023010261214381988 1.5661290906789058e-06 1.4839235059395096e-06
67 1.6112373444869672e-06 1.124086796550863e-06 1.6966148478732052e-06 1.548905253374543e-06 1.5021076879073574e-06 0.09441301196515116 1.5537101768025433e-06 0.6855941376739643 1.8053058475730945e-06 0.09194387258686584 0.0006384857723466657 0.05374978364135277 1.848794406277351e-06 0.00014786905272798869 0.0002181020578781455 0.00017633735731039407 5.885288556653818e-05 0.00426445231179266 1.2753585709198825e-05 0.003310513133593216 1.9216075808091574e-06 2.0590609614174934e-05 3.01026214130235e-06 1.5539694965668497e-05 4.569149188933394e-05 0.0073273846094605915 0.0010527465984010106 0.0023010261214381988 1.5661290906789058e-06 1.4839235059395096e-06
68 7.690969390825246e-07 8.412902026196494e-07 1.1819313670322218e-06 6.868902622603225e-07 1.2775855743415834e-06 0.07653237839083603 1.0765020143249317e-06 0.40189954332103667 9.886830894989138e-07 0.059869378800683326 0.0004896917750596758 0.21010027320601357 9.535425479738887e-07 0.00013272498950168328 0.00015634900967410154 0.00015818241134734807 3.66641321261263e-05 0.002731436541695161 9.187184737694523e-06 0.00025939118407605256 1.1736422418011884e-06 1.3483265131569268e-05 1.5622460231270634e-06 1.0558923704037981e-05 3.350585734997182e-05 0.00314671097891219 0.0007076969383246924 0.0026927899894654554 9.271300862893444e-07 1.2454134425809897e-06
69 7.690969390825246e-07 8.412902026196494e-07 1.1819313670322218e-06 6.868902622603225e-07 1.2775855743415834e-06 0.07653237839083603 1.0765020143249317e-06 0.40189954332103667 9.886830894989138e-07 0.059869378800683326 0.0004896917750596758 0.21010027320601357 9.535425479738887e-07 0.00013272498950168328 0.00015634900967410154 0.00015818241134734807 3.66641321261263e-05 0.002731436541695161 9.187184737694523e-06 0.00025939118407605256 1.1736422418011884e-06 1.3483265131569268e-05 1.5622460231270634e-06 1.0558923704037981e-05 3.350585734997182e-05 0.00314671097891219 0.0007076969383246924 0.0026927899894654554 9.271300862893444e-07 1.2454134425809897e-06
70 7.690969390825246e-07 8.412902026196494e-07 1.1819313670322218e-06 6.868902622603225e-07 1.2775855743415834e-06 0.07653237839083603 1.0765020143249317e-06 0.40189954332103667 9.886830894989138e-07 0.059869378800683326 0.0004896917750596758 0.21010027320601357 9.535425479738887e-07 0.00013272498950168328 0.00015634900967410154 0.00015818241134734807 3.66641321261263e-05 0.002731436541695161 9.187184737694523e-06 0.00025939118407605256 1.1736422418011884e-06 1.3483265131569268e-05 1.5622460231270634e-06 1.0558923704037981e-05 3.350585734997182e-05 0.00314671097891219 0.0007076969383246924 0.0026927899894654554 9.271300862893444e-07 1.2454134425809897e-06
71 7.690969390825246e-07 8.412902026196494e-07 1.1819313670322218e-06 6.868902622603225e-07 1.2775855743415834e-06 0.07653237839083603 1.0765020143249317e-06 0.40189954332103667 9.886830894989138e-07 0.059869378800683326 0.0004896917750596758 0.21010027320601357 9.535425479738887e-07 0.00013272498950168328 0.00015634900967410154 0.00015818241134734807 3.66641321261263e-05 0.002731436541695161 9.187184737694523e-06 0.00025939118407605256 1.1736422418011884e-06 1.3483265131569268e-05 1.5622460231270634e-06 1.0558923704037981e-05 3.350585734997182e-05 0.00314671097891219 0.0007076969383246924 0.0026927899894654554 9.271300862893444e-07 1.2454134425809897e-06
72 7.690969390825246e-07 8.412902026196494e-07 1.1819313670322218e-06 6.868902622603225e-07 1.2775855743415834e-06 0.07653237839083603 1.0765020143249317e-06 0.40189954332103667 9.886830894989138e-07 0.059869378800683326 0.0004896917750596758 0.21010027320601357 9.535425479738887e-07 0.00013272498950168328 0.00015634900967410154 0.00015818241134734807 3.66641321261263e-05 0.002731436541695161 9.187184737694523e-06 0.00025939118407605256 1.1736422418011884e-06 1.3483265131569268e-05 1.5622460231270634e-06 1.0558923704037981e-05 3.350585734997182e-05 0.00314671097891219 0.0007076969383246924 0.0026927899894654554 9.271300862893444e-07 1.2454134425809897e-06
73 7.690969390825246e-07 8.412902026196494e-07 1.1819313670322218e-06 6.868902622603225e-07 1.2775855743415834e-06 0.07653237839083603 1.0765020143249317e-06 0.40189954332103667 9.886830894989138e-07 0.059869378800683326 0.0004896917750596758 0.21010027320601357 9.535425479738887e-07 0.00013272498950168328 0.00015634900967410154 0.00015818241134734807 3.66641321261263e-05 0.002731436541695161 9.187184737694523e-06 0.00025939118407605256 1.1736422418011884e-06 1.3483265131569268e-05 1.5622460231270634e-06 1.0558923704037981e-05 3.350585734997182e-05 0.00314671097891219 0.0007076969383246924 0.0026927899894654554 9.271300862893444e-07 1.2454134425809897e-06
74 7.690969390825246e-07 8.412902026196494e-07 1.1819313670322218e-06 6.868902622603225e-07 1.2775855743415834e-06 0.07653237839083603 1.0765020143249317e-06 0.40189954332103667 9.886830894989138e-07 0.059869378800683326 0.0004896917750596758 0.21010027320601357 9.535425479738887e-07 0.00013272498950168328 0.00015634900967410154 0.00015818241134734807 3.66641321261263e-05 0.002731436541695161 9.187184737694523e-06 0.00025939118407605256 1.1736422418011884e-06 1.3483265131569268e-05 1.5622460231270634e-06 1.0558923704037981e-05 3.350585734997182e-05 0.00314671097891219 0.0007076969383246924 0.0026927899894654554 9.271300862893444e-07 1.2454134425809897e-06
75 7.690969390825246e-07 8.412902026196494e-07 1.1819313670322218e-06 6.868902622603225e-07 1.2775855743415834e-06 0.07653237839083603 1.0765020143249317e-06 0.40189954332103667 9.886830894989138e-07 0.059869378800683326 0.0004896917750596758 0.21010027320601357 9.535425479738887e-07 0.00013272498950168328 0.00015634900967410154 0.00015818241134734807 3.66641321261263e-05 0.002731436541695161 9.187184737694523e-06 0.00025939118407605256 1.1736422418011884e-06 1.3483265131569268e-05 1.5622460231270634e-06 1.0558923704037981e-05 3.350585734997182e-05 0.00314671097891219 0.0007076969383246924 0.0026927899894654554 9.271300862893444e-07 1.2454134425809897e-06
76 7.690969390825246e-07 8.412902026196494e-07 1.1819313670322218e-06 6.868902622603225e-07 1.2775855743415834e-06 0.07653237839083603 1.0765020143249317e-06 0.40189954332103667 9.886830894989138e-07 0.059869378800683326 0.0004896917750596758 0.21010027320601357 9.535425479738887e-07 0.00013272498950168328 0.00015634900967410154 0.00015818241134734807 3.66641321261263e-05 0.002731436541695161 9.187184737694523e-06 0.00025939118407605256 1.1736422418011884e-06 1.3483265131569268e-05 1.5622460231270634e-06 1.0558923704037981e-05 3.350585734997182e-05 0.00314671097891219 0.0007076969383246924 0.0026927899894654554 9.271300862893444e-07 1.2454134425809897e-06
77 7.690969390825246e-07 8.412902026196494e-07 1.1819313670322218e-06 6.868902622603225e-07 1.2775855743415834e-06 0.07653237839083603 1.0765020143249317e-06 0.40189954332103667 9.886830894989138e-07 0.059869378800683326 0.0004896917750596758 0.21010027320601357 9.535425479738887e-07 0.00013272498950168328 0.00015634900967410154 0.00015818241134734807 3.66641321261263e-05 0.002731436541695161 9.187184737694523e-06 0.00025939118407605256 1.1736422418011884e-06 1.3483265131569268e-05 1.5622460231270634e-06 1.0558923704037981e-05 3.350585734997182e-05 0.00314671097891219 0.0007076969383246924 0.0026927899894654554 9.271300862893444e-07 1.2454134425809897e-06
78 7.690969390825246e-07 8.412902026196494e-07 1.1819313670322218e-06 6.868902622603225e-07 1.2775855743415834e-06 0.07653237839083603 1.0765020143249317e-06 0.40189954332103667 9.886830894989138e-07 0.059869378800683326 0.0004896917750596758 0.21010027320601357 9.535425479738887e-07 0.00013272498950168328 0.00015634900967410154 0.00015818241134734807 3.66641321261263e-05 0.002731436541695161 9.187184737694523e-06 0.00025939118407605256 1.1736422418011884e-06 1.3483265131569268e-05 1.5622460231270634e-06 1.0558923704037981e-05 3.350585734997182e-05 0.00314671097891219 0.0007076969383246924 0.0026927899894654554 9.271300862893444e-07 1.2454134425809897e-06
79 7.690969390825246e-07 8.412902026196494e-07 1.1819313670322218e-06 6.868902622603225e-07 1.2775855743415834e-06 0.07653237839083603 1.0765020143249317e-06 0.40189954332103667 9.886830894989138e-07 0.059869378800683326 0.0004896917750596758 0.21010027320601357 9.535425479738887e-07 0.00013272498950168328 0.00015634900967410154 0.00015818241134734807 3.66641321261263e-05 0.002731436541695161 9.187184737694523e-06 0.00025939118407605256 1.1736422418011884e-06 1.3483265131569268e-05 1.5622460231270634e-06 1.0558923704037981e-05 3.350585734997182e-05 0.00314671097891219 0.0007076969383246924 0.0026927899894654554 9.271300862893444e-07 1.2454134425809897e-06
80 7.690969390825246e-07 8.412902026196494e-07 1.1819313670322218e-06 6.868902622603225e-07 1.2775855743415834e-06 0.07653237839083603 1.0765020143249317e-06 0.40189954332103667 9.886830894989138e-07 0.059869378800683326 0.0004896917750596758 0.21010027320601357 9.535425479738887e-07 0.00013272498950168328 0.00015634900967410154 0.00015818241134734807 3.66641321261263e-05 0.002731436541695161 9.187184737694523e-06 0.00025939118407605256 1.1736422418011884e-06 1.3483265131569268e-05 1.5622460231270634e-06 1.0558923704037981e-05 3.350585734997182e-05 0.00314671097891219 0.0007076969383246924 0.0026927899894654554 9.271300862893444e-07 1.2454134425809897e-06
81 7.690969390825246e-07 8.412902026196494e-07 1.1819313670322218e-06 6.868902622603225e-07 1.2775855743415834e-06 0.07653237839083603 1.0765020143249317e-06 0.40189954332103667 9.886830894989138e-07 0.059869378800683326 0.0004896917750596758 0.21010027320601357 9.535425479738887e-07 0.00013272498950168328 0.00015634900967410154 0.00015818241134734807 3.66641321261263e-05 0.002731436541695161 9.187184737694523e-06 0.00025939118407605256 1.1736422418011884e-06 1.3483265131569268e-05 1.5622460231270634e-06 1.0558923704037981e-05 3.350585734997182e-05 0.00314671097891219 0.0007076969383246924 0.0026927899894654554 9.271300862893444e-07 1.2454134425809897e-06
82 7.690969390825246e-07 8.412902026196494e-07 1.1819313670322218e-06 6.868902622603225e-07 1.2775855743415834e-06 0.07653237839083603 1.0765020143249317e-06 0.40189954332103667 9.886830894989138e-07 0.059869378800683326 0.0004896917750596758 0.21010027320601357 9.535425479738887e-07 0.00013272498950168328 0.00015634900967410154 0.00015818241134734807 3.66641321261263e-05 0.002731436541695161 9.187184737694523e-06 0.00025939118407605256 1.1736422418011884e-06 1.3483265131569268e-05 1.5622460231270634e-06 1.0558923704037981e-05 3.350585734997182e-05 0.00314671097891219 0.0007076969383246924 0.0026927899894654554 9.271300862893444e-07 1.2454134425809897e-06
83 7.690969390825246e-07 8.412902026196494e-07 1.1819313670322218e-06 6.868902622603225e-07 1.2775855743415834e-06 0.07653237839083603 1.0765020143249317e-06 0.40189954332103667 9.886830894989138e-07 0.059869378800683326 0.0004896917750596758 0.21010027320601357 9.535425479738887e-07 0.00013272498950168328 0.00015634900967410154 0.00015818241134734807 3.66641321261263e-05 0.002731436541695161 9.187184737694523e-06 0.00025939118407605256 1.1736422418011884e-06 1.3483265131569268e-05 1.5622460231270634e-06 1.0558923704037981e-05 3.350585734997182e-05 0.00314671097891219 0.0007076969383246924 0.0026927899894654554 9.271300862893444e-07 1.2454134425809897e-06
84 7.690969390825246e-07 8.412902026196494e-07 1.1819313670322218e-06 6.868902622603225e-07 1.2775855743415834e-06 0.07653237839083603 1.0765020143249317e-06 0.40189954332103667 9.886830894989138e-07 0.059869378800683326 0.0004896917750596758 0.21010027320601357 9.535425479738887e-07 0.00013272498950168328 0.00015634900967410154 0.00015818241134734807 3.66641321261263e-05 0.002731436541695161 9.187184737694523e-06 0.00025939118407605256 1.1736422418011884e-06 1.3483265131569268e-05 1.5622460231270634e-06 1.0558923704037981e-05 3.350585734997182e-05 0.00314671097891219 0.0007076969383246924 0.0026927899894654554 9.271300862893444e-07 1.2454134425809897e-06
85 7.690969390825246e-07 8.412902026196494e-07 1.1819313670322218e-06 6.868902622603225e-07 1.2775855743415834e-06 0.07653237839083603 1.0765020143249317e-06 0.40189954332103667 9.886830894989138e-07 0.059869378800683326 0.0004896917750596758 0.21010027320601357 9.535425479738887e-07 0.00013272498950168328 0.00015634900967410154 0.00015818241134734807 3.66641321261263e-05 0.002731436541695161 9.187184737694523e-06 0.00025939118407605256 1.1736422418011884e-06 1.3483265131569268e-05 1.5622460231270634e-06 1.0558923704037981e-05 3.350585734997182e-05 0.00314671097891219 0.0007076969383246924 0.0026927899894654554 9.271300862893444e-07 1.2454134425809897e-06
86 7.690969390825246e-07 8.412902026196494e-07 1.1819313670322218e-06 6.868902622603225e-07 1.2775855743415834e-06 0.07653237839083603 1.0765020143249317e-06 0.40189954332103667 9.886830894989138e-07 0.059869378800683326 0.0004896917750596758 0.21010027320601357 9.535425479738887e-07 0.00013272498950168328 0.00015634900967410154 0.00015818241134734807 3.66641321261263e-05 0.002731436541695161 9.187184737694523e-06 0.00025939118407605256 1.1736422418011884e-06 1.3483265131569268e-05 1.5622460231270634e-06 1.0558923704037981e-05 3.350585734997182e-05 0.00314671097891219 0.0007076969383246924 0.0026927899894654554 9.271300862893444e-07 1.2454134425809897e-06
87 7.690969390825246e-07 8.412902026196494e-07 1.1819313670322218e-06 6.868902622603225e-07 1.2775855743415834e-06 0.07653237839083603 1.0765020143249317e-06 0.40189954332103667 9.886830894989138e-07 0.059869378800683326 0.0004896917750596758 0.21010027320601357 9.535425479738887e-07 0.00013272498950168328 0.00015634900967410154 0.00015818241134734807 3.66641321261263e-05 0.002731436541695161 9.187184737694523e-06 0.00025939118407605256 1.1736422418011884e-06 1.3483265131569268e-05 1.5622460231270634e-06 1.0558923704037981e-05 3.350585734997182e-05 0.00314671097891219 0.0007076969383246924 0.0026927899894654554 9.271300862893444e-07 1.2454134425809897e-06
88 7.690969390825246e-07 8.412902026196494e-07 1.1819313670322218e-06 6.868902622603225e-07 1.2775855743415834e-06 0.07653237839083603 1.0765020143249317e-06 0.40189954332103667 9.886830894989138e-07 0.059869378800683326 0.0004896917750596758 0.21010027320601357 9.535425479738887e-07 0.00013272498950168328 0.00015634900967410154 0.00015818241134734807 3.66641321261263e-05 0.002731436541695161 9.187184737694523e-06 0.00025939118407605256 1.1736422418011884e-06 1.3483265131569268e-05 1.5622460231270634e-06 1.0558923704037981e-05 3.350585734997182e-05 0.00314671097891219 0.0007076969383246924 0.0026927899894654554 9.271300862893444e-07 1.2454134425809897e-06
89 7.690969390825246e-07 8.412902026196494e-07 1.1819313670322218e-06 6.868902622603225e-07 1.2775855743415834e-06 0.07653237839083603 1.0765020143249317e-06 0.40189954332103667 9.886830894989138e-07 0.059869378800683326 0.0004896917750596758 0.21010027320601357 9.535425479738887e-07 0.00013272498950168328 0.00015634900967410154 0.00015818241134734807 3.66641321261263e-05 0.002731436541695161 9.187184737694523e-06 0.00025939118407605256 1.1736422418011884e-06 1.3483265131569268e-05 1.5622460231270634e-06 1.0558923704037981e-05 3.350585734997182e-05 0.00314671097891219 0.0007076969383246924 0.0026927899894654554 9.271300862893444e-07 1.2454134425809897e-06
90 7.690969390825246e-07 8.412902026196494e-07 1.1819313670322218e-06 6.868902622603225e-07 1.2775855743415834e-06 0.07653237839083603 1.0765020143249317e-06 0.40189954332103667 9.886830894989138e-07 0.059869378800683326 0.0004896917750596758 0.21010027320601357 9.535425479738887e-07 0.00013272498950168328 0.00015634900967410154 0.00015818241134734807 3.66641321261263e-05 0.002731436541695161 9.187184737694523e-06 0.00025939118407605256 1.1736422418011884e-06 1.3483265131569268e-05 1.5622460231270634e-06 1.0558923704037981e-05 3.350585734997182e-05 0.00314671097891219 0.0007076969383246924 0.0026927899894654554 9.271300862893444e-07 1.2454134425809897e-06
91 7.690969390825246e-07 8.412902026196494e-07 1.1819313670322218e-06 6.868902622603225e-07 1.2775855743415834e-06 0.07653237839083603 1.0765020143249317e-06 0.40189954332103667 9.886830894989138e-07 0.059869378800683326 0.0004896917750596758 0.21010027320601357 9.535425479738887e-07 0.00013272498950168328 0.00015634900967410154 0.00015818241134734807 3.66641321261263e-05 0.002731436541695161 9.187184737694523e-06 0.00025939118407605256 1.1736422418011884e-06 1.3483265131569268e-05 1.5622460231270634e-06 1.0558923704037981e-05 3.350585734997182e-05 0.00314671097891219 0.0007076969383246924 0.0026927899894654554 9.271300862893444e-07 1.2454134425809897e-06
92 7.690969390825246e-07 8.412902026196494e-07 1.1819313670322218e-06 6.868902622603225e-07 1.2775855743415834e-06 0.07653237839083603 1.0765020143249317e-06 0.40189954332103667 9.886830894989138e-07 0.059869378800683326 0.0004896917750596758 0.21010027320601357 9.535425479738887e-07 0.00013272498950168328 0.00015634900967410154 0.00015818241134734807 3.66641321261263e-05 0.002731436541695161 9.187184737694523e-06 0.00025939118407605256 1.1736422418011884e-06 1.3483265131569268e-05 1.5622460231270634e-06 1.0558923704037981e-05 3.350585734997182e-05 0.00314671097891219 0.0007076969383246924 0.0026927899894654554 9.271300862893444e-07 1.2454134425809897e-06
93 7.690969390825246e-07 8.412902026196494e-07 1.1819313670322218e-06 6.868902622603225e-07 1.2775855743415834e-06 0.07653237839083603 1.0765020143249317e-06 0.40189954332103667 9.886830894989138e-07 0.059869378800683326 0.0004896917750596758 0.21010027320601357 9.535425479738887e-07 0.00013272498950168328 0.00015634900967410154 0.00015818241134734807 3.66641321261263e-05 0.002731436541695161 9.187184737694523e-06 0.00025939118407605256 1.1736422418011884e-06 1.3483265131569268e-05 1.5622460231270634e-06 1.0558923704037981e-05 3.350585734997182e-05 0.00314671097891219 0.0007076969383246924 0.0026927899894654554 9.271300862893444e-07 1.2454134425809897e-06
94 7.690969390825246e-07 8.412902026196494e-07 1.1819313670322218e-06 6.868902622603225e-07 1.2775855743415834e-06 0.07653237839083603 1.0765020143249317e-06 0.40189954332103667 9.886830894989138e-07 0.059869378800683326 0.0004896917750596758 0.21010027320601357 9.535425479738887e-07 0.00013272498950168328 0.00015634900967410154 0.00015818241134734807 3.66641321261263e-05 0.002731436541695161 9.187184737694523e-06 0.00025939118407605256 1.1736422418011884e-06 1.3483265131569268e-05 1.5622460231270634e-06 1.0558923704037981e-05 3.350585734997182e-05 0.00314671097891219 0.0007076969383246924 0.0026927899894654554 9.271300862893444e-07 1.2454134425809897e-06
95 7.690969390825246e-07 8.412902026196494e-07 1.1819313670322218e-06 6.868902622603225e-07 1.2775855743415834e-06 0.07653237839083603 1.0765020143249317e-06 0.40189954332103667 9.886830894989138e-07 0.059869378800683326 0.0004896917750596758 0.21010027320601357 9.535425479738887e-07 0.00013272498950168328 0.00015634900967410154 0.00015818241134734807 3.66641321261263e-05 0.002731436541695161 9.187184737694523e-06 0.00025939118407605256 1.1736422418011884e-06 1.3483265131569268e-05 1.5622460231270634e-06 1.0558923704037981e-05 3.350585734997182e-05 0.00314671097891219 0.0007076969383246924 0.0026927899894654554 9.271300862893444e-07 1.2454134425809897e-06
96 7.690969390825246e-07 8.412902026196494e-07 1.1819313670322218e-06 6.868902622603225e-07 1.2775855743415834e-06 0.07653237839083603 1.0765020143249317e-06 0.40189954332103667 9.886830894989138e-07 0.059869378800683326 0.0004896917750596758 0.21010027320601357 9.535425479738887e-07 0.00013272498950168328 0.00015634900967410154 0.00015818241134734807 3.66641321261263e-05 0.002731436541695161 9.187184737694523e-06 0.00025939118407605256 1.1736422418011884e-06 1.3483265131569268e-05 1.5622460231270634e-06 1.0558923704037981e-05 3.350585734997182e-05 0.00314671097891219 0.0007076969383246924 0.0026927899894654554 9.271300862893444e-07 1.2454134425809897e-06
97 7.690969390825246e-07 8.412902026196494e-07 1.1819313670322218e-06 6.868902622603225e-07 1.2775855743415834e-06 0.07653237839083603 1.0765020143249317e-06 0.40189954332103667 9.886830894989138e-07 0.059869378800683326 0.0004896917750596758 0.21010027320601357 9.535425479738887e-07 0.00013272498950168328 0.00015634900967410154 0.00015818241134734807 3.66641321261263e-05 0.002731436541695161 9.187184737694523e-06 0.00025939118407605256 1.1736422418011884e-06 1.3483265131569268e-05 1.5622460231270634e-06 1.0558923704037981e-05 3.350585734997182e-05 0.00314671097891219 0.0007076969383246924 0.0026927899894654554 9.271300862893444e-07 1.2454134425809897e-06
98 7.690969390825246e-07 8.412902026196494e-07 1.1819313670322218e-06 6.868902622603225e-07 1.2775855743415834e-06 0.07653237839083603 1.0765020143249317e-06 0.40189954332103667 9.886830894989138e-07 0.059869378800683326 0.0004896917750596758 0.21010027320601357 9.535425479738887e-07 0.00013272498950168328 0.00015634900967410154 0.00015818241134734807 3.66641321261263e-05 0.002731436541695161 9.187184737694523e-06 0.00025939118407605256 1.1736422418011884e-06 1.3483265131569268e-05 1.5622460231270634e-06 1.0558923704037981e-05 3.350585734997182e-05 0.00314671097891219 0.0007076969383246924 0.0026927899894654554 9.271300862893444e-07 1.2454134425809897e-06
99 7.690969390825246e-07 8.412902026196494e-07 1.1819313670322218e-06 6.868902622603225e-07 1.2775855743415834e-06 0.07653237839083603 1.0765020143249317e-06 0.40189954332103667 9.886830894989138e-07 0.059869378800683326 0.0004896917750596758 0.21010027320601357 9.535425479738887e-07 0.00013272498950168328 0.00015634900967410154 0.00015818241134734807 3.66641321261263e-05 0.002731436541695161 9.187184737694523e-06 0.00025939118407605256 1.1736422418011884e-06 1.3483265131569268e-05 1.5622460231270634e-06 1.0558923704037981e-05 3.350585734997182e-05 0.00314671097891219 0.0007076969383246924 0.0026927899894654554 9.271300862893444e-07 1.2454134425809897e-06
100 7.690969390825246e-07 8.412902026196494e-07 1.1819313670322218e-06 6.868902622603225e-07 1.2775855743415834e-06 0.07653237839083603 1.0765020143249317e-06 0.40189954332103667 9.886830894989138e-07 0.059869378800683326 0.0004896917750596758 0.21010027320601357 9.535425479738887e-07 0.00013272498950168328 0.00015634900967410154 0.00015818241134734807 3.66641321261263e-05 0.002731436541695161 9.187184737694523e-06 0.00025939118407605256 1.1736422418011884e-06 1.3483265131569268e-05 1.5622460231270634e-06 1.0558923704037981e-05 3.350585734997182e-05 0.00314671097891219 0.0007076969383246924 0.0026927899894654554 9.271300862893444e-07 1.2454134425809897e-06
101 7.690969390825246e-07 8.412902026196494e-07 1.1819313670322218e-06 6.868902622603225e-07 1.2775855743415834e-06 0.07653237839083603 1.0765020143249317e-06 0.40189954332103667 9.886830894989138e-07 0.059869378800683326 0.0004896917750596758 0.21010027320601357 9.535425479738887e-07 0.00013272498950168328 0.00015634900967410154 0.00015818241134734807 3.66641321261263e-05 0.002731436541695161 9.187184737694523e-06 0.00025939118407605256 1.1736422418011884e-06 1.3483265131569268e-05 1.5622460231270634e-06 1.0558923704037981e-05 3.350585734997182e-05 0.00314671097891219 0.0007076969383246924 0.0026927899894654554 9.271300862893444e-07 1.2454134425809897e-06
102 7.690969390825246e-07 8.412902026196494e-07 1.1819313670322218e-06 6.868902622603225e-07 1.2775855743415834e-06 0.07653237839083603 1.0765020143249317e-06 0.40189954332103667 9.886830894989138e-07 0.059869378800683326 0.0004896917750596758 0.21010027320601357 9.535425479738887e-07 0.00013272498950168328 0.00015634900967410154 0.00015818241134734807 3.66641321261263e-05 0.002731436541695161 9.187184737694523e-06 0.00025939118407605256 1.1736422418011884e-06 1.3483265131569268e-05 1.5622460231270634e-06 1.0558923704037981e-05 3.350585734997182e-05 0.00314671097891219 0.0007076969383246924 0.0026927899894654554 9.271300862893444e-07 1.2454134425809897e-06
103 7.690969390825246e-07 8.412902026196494e-07 1.1819313670322218e-06 6.868902622603225e-07 1.2775855743415834e-06 0.07653237839083603 1.0765020143249317e-06 0.40189954332103667 9.886830894989138e-07 0.059869378800683326 0.0004896917750596758 0.21010027320601357 9.535425479738887e-07 0.00013272498950168328 0.00015634900967410154 0.00015818241134734807 3.66641321261263e-05 0.002731436541695161 9.187184737694523e-06 0.00025939118407605256 1.1736422418011884e-06 1.3483265131569268e-05 1.5622460231270634e-06 1.0558923704037981e-05 3.350585734997182e-05 0.00314671097891219 0.0007076969383246924 0.0026927899894654554 9.271300862893444e-07 1.2454134425809897e-06
104 7.690969390825246e-07 8.412902026196494e-07 1.1819313670322218e-06 6.868902622603225e-07 1.2775855743415834e-06 0.07653237839083603 1.0765020143249317e-06 0.40189954332103667 9.886830894989138e-07 0.059869378800683326 0.0004896917750596758 0.21010027320601357 9.535425479738887e-07 0.00013272498950168328 0.00015634900967410154 0.00015818241134734807 3.66641321261263e-05 0.002731436541695161 9.187184737694523e-06 0.00025939118407605256 1.1736422418011884e-06 1.3483265131569268e-05 1.5622460231270634e-06 1.0558923704037981e-05 3.350585734997182e-05 0.00314671097891219 0.0007076969383246924 0.0026927899894654554 9.271300862893444e-07 1.2454134425809897e-06
105 7.690969390825246e-07 8.412902026196494e-07 1.1819313670322218e-06 6.868902622603225e-07 1.2775855743415834e-06 0.07653237839083603 1.0765020143249317e-06 0.40189954332103667 9.886830894989138e-07 0.059869378800683326 0.0004896917750596758 0.21010027320601357 9.535425479738887e-07 0.00013272498950168328 0.00015634900967410154 0.00015818241134734807 3.66641321261263e-05 0.002731436541695161 9.187184737694523e-06 0.00025939118407605256 1.1736422418011884e-06 1.3483265131569268e-05 1.5622460231270634e-06 1.0558923704037981e-05 3.350585734997182e-05 0.00314671097891219 0.0007076969383246924 0.0026927899894654554 9.271300862893444e-07 1.2454134425809897e-06
106 7.690969390825246e-07 8.412902026196494e-07 1.1819313670322218e-06 6.868902622603225e-07 1.2775855743415834e-06 0.07653237839083603 1.0765020143249317e-06 0.40189954332103667 9.886830894989138e-07 0.059869378800683326 0.0004896917750596758 0.21010027320601357 9.535425479738887e-07 0.00013272498950168328 0.00015634900967410154 0.00015818241134734807 3.66641321261263e-05 0.002731436541695161 9.187184737694523e-06 0.00025939118407605256 1.1736422418011884e-06 1.3483265131569268e-05 1.5622460231270634e-06 1.0558923704037981e-05 3.350585734997182e-05 0.00314671097891219 0.0007076969383246924 0.0026927899894654554 9.271300862893444e-07 1.2454134425809897e-06
107 7.690969390825246e-07 8.412902026196494e-07 1.1819313670322218e-06 6.868902622603225e-07 1.2775855743415834e-06 0.07653237839083603 1.0765020143249317e-06 0.40189954332103667 9.886830894989138e-07 0.059869378800683326 0.0004896917750596758 0.21010027320601357 9.535425479738887e-07 0.00013272498950168328 0.00015634900967410154 0.00015818241134734807 3.66641321261263e-05 0.002731436541695161 9.187184737694523e-06 0.00025939118407605256 1.1736422418011884e-06 1.3483265131569268e-05 1.5622460231270634e-06 1.0558923704037981e-05 3.350585734997182e-05 0.00314671097891219 0.0007076969383246924 0.0026927899894654554 9.271300862893444e-07 1.2454134425809897e-06
108 7.690969390825246e-07 8.412902026196494e-07 1.1819313670322218e-06 6.868902622603225e-07 1.2775855743415834e-06 0.07653237839083603 1.0765020143249317e-06 0.40189954332103667 9.886830894989138e-07 0.059869378800683326 0.0004896917750596758 0.21010027320601357 9.535425479738887e-07 0.00013272498950168328 0.00015634900967410154 0.00015818241134734807 3.66641321261263e-05 0.002731436541695161 9.187184737694523e-06 0.00025939118407605256 1.1736422418011884e-06 1.3483265131569268e-05 1.5622460231270634e-06 1.0558923704037981e-05 3.350585734997182e-05 0.00314671097891219 0.0007076969383246924 0.0026927899894654554 9.271300862893444e-07 1.2454134425809897e-06
