# index Z=1 - Z=30
0 6.755738232281499e-07 0.011557158551428992 6.7871202381161e-07 7.01400932788625e-07 6.851435510294885e-07 1.6775009730657332e-06 7.113872781456034e-07 0.003930804713951728 6.921442406897985e-07 7.330607405181072e-07 6.938889908725275e-07 8.119997808276324e-05 6.914363338403247e-07 0.025379103974261012 1.962520738541446e-06 7.70749585003732e-05 9.043648011991291e-07 0.007209840439071687 1.015931784103803e-06 0.015551395324328032 6.769377963051725e-07 0.00012675730128650217 0.0002930478204376356 2.0307491875055633e-05 0.0059807948981032335 0.24534902478863377 0.14845219818314573 0.25917133998224545 6.764452012935896e-07 6.891065847672862e-07
1 6.755738232281499e-07 0.011557158551428992 6.7871202381161e-07 7.01400932788625e-07 6.851435510294885e-07 1.6775009730657332e-06 7.113872781456034e-07 0.003930804713951728 6.921442406897985e-07 7.330607405181072e-07 6.938889908725275e-07 8.119997808276324e-05 6.914363338403247e-07 0.025379103974261012 1.962520738541446e-06 7.70749585003732e-05 9.043648011991291e-07 0.007209840439071687 1.015931784103803e-06 0.015551395324328032 6.769377963051725e-07 0.00012675730128650217 0.0002930478204376356 2.0307491875055633e-05 0.0059807948981032335 0.24534902478863377 0.14845219818314573 0.25917133998224545 6.764452012935896e-07 6.891065847672862e-07
2 6.755738232281499e-07 0.011557158551428992 6.7871202381161e-07 7.01400932788625e-07 6.851435510294885e-07 1.6775009730657332e-06 7.113872781456034e-07 0.003930804713951728 6.921442406897985e-07 7.330607405181072e-07 6.938889908725275e-07 8.119997808276324e-05 6.914363338403247e-07 0.025379103974261012 1.962520738541446e-06 7.70749585003732e-05 9.043648011991291e-07 0.007209840439071687 1.015931784103803e-06 0.015551395324328032 6.769377963051725e-07 0.00012675730128650217 0.0002930478204376356 2.0307491875055633e-05 0.0059807948981032335 0.24534902478863377 0.14845219818314573 0.25917133998224545 6.764452012935896e-07 6.891065847672862e-07
3 6.755738232281499e-07 0.011557158551428992 6.7871202381161e-07 7.01400932788625e-07 6.851435510294885e-07 1.6775009730657332e-06 7.113872781456034e-07 0.003930804713951728 6.921442406897985e-07 7.330607405181072e-07 6.938889908725275e-07 8.119997808276324e-05 6.914363338403247e-07 0.025379103974261012 1.962520738541446e-06 7.70749585003732e-05 9.043648011991291e-07 0.007209840439071687 1.015931784103803e-06 0.015551395324328032 6.769377963051725e-07 0.00012675730128650217 0.0002930478204376356 2.0307491875055633e-05 0.0059807948981032335 0.24534902478863377 0.14845219818314573 0.25917133998224545 6.764452012935896e-07 6.891065847672862e-07
4 6.755738232281499e-07 0.011557158551428992 6.7871202381161e-07 7.01400932788625e-07 6.851435510294885e-07 1.6775009730657332e-06 7.113872781456034e-07 0.003930804713951728 6.921442406897985e-07 7.330607405181072e-07 6.938889908725275e-07 8.119997808276324e-05 6.914363338403247e-07 0.025379103974261012 1.962520738541446e-06 7.70749585003732e-05 9.043648011991291e-07 0.007209840439071687 1.015931784103803e-06 0.015551395324328032 6.769377963051725e-07 0.00012675730128650217 0.0002930478204376356 2.0307491875055633e-05 0.0059807948981032335 0.24534902478863377 0.14845219818314573 0.25917133998224545 6.764452012935896e-07 6.891065847672862e-07
5 6.755738232281499e-07 0.011557158551428992 6.7871202381161e-07 7.01400932788625e-07 6.851435510294885e-07 1.6775009730657332e-06 7.113872781456034e-07 0.003930804713951728 6.921442406897985e-07 7.330607405181072e-07 6.938889908725275e-07 8.119997808276324e-05 6.914363338403247e-07 0.025379103974261012 1.962520738541446e-06 7.70749585003732e-05 9.043648011991291e-07 0.007209840439071687 1.015931784103803e-06 0.015551395324328032 6.769377963051725e-07 0.00012675730128650217 0.0002930478204376356 2.0307491875055633e-05 0.0059807948981032335 0.24534902478863377 0.14845219818314573 0.25917133998224545 6.764452012935896e-07 6.891065847672862e-07
6 6.755738232281499e-07 0.011557158551428992 6.7871202381161e-07 7.01400932788625e-07 6.851435510294885e-07 1.6775009730657332e-06 7.113872781456034e-07 0.003930804713951728 6.921442406897985e-07 7.330607405181072e-07 6.938889908725275e-07 8.119997808276324e-05 6.914363338403247e-07 0.025379103974261012 1.962520738541446e-06 7.70749585003732e-05 9.043648011991291e-07 0.007209840439071687 1.015931784103803e-06 0.015551395324328032 6.769377963051725e-07 0.00012675730128650217 0.0002930478204376356 2.0307491875055633e-05 0.0059807948981032335 0.24534902478863377 0.14845219818314573 0.25917133998224545 6.764452012935896e-07 6.891065847672862e-07
7 6.755738232281499e-07 0.011557158551428992 6.7871202381161e-07 7.01400932788625e-07 6.851435510294885e-07 1.6775009730657332e-06 7.113872781456034e-07 0.003930804713951728 6.921442406897985e-07 7.330607405181072e-07 6.938889908725275e-07 8.119997808276324e-05 6.914363338403247e-07 0.025379103974261012 1.962520738541446e-06 7.70749585003732e-05 9.043648011991291e-07 0.007209840439071687 1.015931784103803e-06 0.015551395324328032 6.769377963051725e-07 0.00012675730128650217 0.0002930478204376356 2.0307491875055633e-05 0.0059807948981032335 0.24534902478863377 0.14845219818314573 0.25917133998224545 6.764452012935896e-07 6.891065847672862e-07
8 6.755738232281499e-07 0.011557158551428992 6.7871202381161e-07 7.01400932788625e-07 6.851435510294885e-07 1.6775009730657332e-06 7.113872781456034e-07 0.003930804713951728 6.921442406897985e-07 7.330607405181072e-07 6.938889908725275e-07 8.119997808276324e-05 6.914363338403247e-07 0.025379103974261012 1.962520738541446e-06 7.70749585003732e-05 9.043648011991291e-07 0.007209840439071687 1.015931784103803e-06 0.015551395324328032 6.769377963051725e-07 0.00012675730128650217 0.0002930478204376356 2.0307491875055633e-05 0.0059807948981032335 0.24534902478863377 0.14845219818314573 0.25917133998224545 6.764452012935896e-07 6.891065847672862e-07
9 6.755738232281499e-07 0.011557158551428992 6.7871202381161e-07 7.01400932788625e-07 6.851435510294885e-07 1.6775009730657332e-06 7.113872781456034e-07 0.003930804713951728 6.921442406897985e-07 7.330607405181072e-07 6.938889908725275e-07 8.119997808276324e-05 6.914363338403247e-07 0.025379103974261012 1.962520738541446e-06 7.70749585003732e-05 9.043648011991291e-07 0.007209840439071687 1.015931784103803e-06 0.015551395324328032 6.769377963051725e-07 0.00012675730128650217 0.0002930478204376356 2.0307491875055633e-05 0.0059807948981032335 0.24534902478863377 0.14845219818314573 0.25917133998224545 6.764452012935896e-07 6.891065847672862e-07
10 6.755738232281499e-07 0.011557158551428992 6.7871202381161e-07 7.01400932788625e-07 6.851435510294885e-07 1.6775009730657332e-06 7.113872781456034e-07 0.003930804713951728 6.921442406897985e-07 7.330607405181072e-07 6.938889908725275e-07 8.119997808276324e-05 6.914363338403247e-07 0.025379103974261012 1.962520738541446e-06 7.70749585003732e-05 9.043648011991291e-07 0.007209840439071687 1.015931784103803e-06 0.015551395324328032 6.769377963051725e-07 0.00012675730128650217 0.0002930478204376356 2.0307491875055633e-05 0.0059807948981032335 0.24534902478863377 0.14845219818314573 0.25917133998224545 6.764452012935896e-07 6.891065847672862e-07
11 6.755738232281499e-07 0.011557158551428992 6.7871202381161e-07 7.01400932788625e-07 6.851435510294885e-07 1.6775009730657332e-06 7.113872781456034e-07 0.003930804713951728 6.921442406897985e-07 7.330607405181072e-07 6.938889908725275e-07 8.119997808276324e-05 6.914363338403247e-07 0.025379103974261012 1.962520738541446e-06 7.70749585003732e-05 9.043648011991291e-07 0.007209840439071687 1.015931784103803e-06 0.015551395324328032 6.769377963051725e-07 0.00012675730128650217 0.0002930478204376356 2.0307491875055633e-05 0.0059807948981032335 0.24534902478863377 0.14845219818314573 0.25917133998224545 6.764452012935896e-07 6.891065847672862e-07
12 6.617020779634865e-07 0.003076915354887036 6.672577296331875e-07 7.181150346316405e-07 7.053596404130625e-07 1.3780880962488134e-06 6.615633269678024e-07 0.003706304665722237 7.076060326355323e-07 7.359874405851374e-07 6.805364792069472e-07 0.0017016902043672957 6.656902992273805e-07 0.02609839604037723 4.869386538442203e-06 0.0006016971263093924 1.8533510455674713e-06 0.011002521445532423 1.2219898653278834e-06 0.015321063271838943 7.703561788288641e-07 9.884008912942957e-05 0.0005739476348775059 2.013350168276807e-05 0.020116846372609146 0.22823511503732513 0.19107856551238414 0.2533328971673676 7.206828990996855e-07 6.27435771133834e-07
13 6.617020779634865e-07 0.003076915354887036 6.672577296331875e-07 7.181150346316405e-07 7.053596404130625e-07 1.3780880962488134e-06 6.615633269678024e-07 0.003706304665722237 7.076060326355323e-07 7.359874405851374e-07 6.805364792069472e-07 0.0017016902043672957 6.656902992273805e-07 0.02609839604037723 4.869386538442203e-06 0.0006016971263093924 1.8533510455674713e-06 0.011002521445532423 1.2219898653278834e-06 0.015321063271838943 7.703561788288641e-07 9.884008912942957e-05 0.0005739476348775059 2.013350168276807e-05 0.020116846372609146 0.22823511503732513 0.19107856551238414 0.2533328971673676 7.206828990996855e-07 6.27435771133834e-07
14 6.617020779634865e-07 0.003076915354887036 6.672577296331875e-07 7.181150346316405e-07 7.053596404130625e-07 1.3780880962488134e-06 6.615633269678024e-07 0.003706304665722237 7.076060326355323e-07 7.359874405851374e-07 6.805364792069472e-07 0.0017016902043672957 6.656902992273805e-07 0.02609839604037723 4.869386538442203e-06 0.0006016971263093924 1.8533510455674713e-06 0.011002521445532423 1.2219898653278834e-06 0.015321063271838943 7.703561788288641e-07 9.884008912942957e-05 0.0005739476348775059 2.013350168276807e-05 0.020116846372609146 0.22823511503732513 0.19107856551238414 0.2533328971673676 7.206828990996855e-07 6.27435771133834e-07
15 6.617020779634865e-07 0.003076915354887036 6.672577296331875e-07 7.181150346316405e-07 7.053596404130625e-07 1.3780880962488134e-06 6.615633269678024e-07 0.003706304665722237 7.076060326355323e-07 7.359874405851374e-07 6.805364792069472e-07 0.0017016902043672957 6.656902992273805e-07 0.02609839604037723 4.869386538442203e-06 0.0006016971263093924 1.8533510455674713e-06 0.011002521445532423 1.2219898653278834e-06 0.015321063271838943 7.703561788288641e-07 9.884008912942957e-05 0.0005739476348775059 2.013350168276807e-05 0.020116846372609146 0.22823511503732513 0.19107856551238414 0.2533328971673676 7.206828990996855e-07 6.27435771133834e-07
16 6.617020779634865e-07 0.003076915354887036 6.672577296331875e-07 7.181150346316405e-07 7.053596404130625e-07 1.3780880962488134e-06 6.615633269678024e-07 0.003706304665722237 7.076060326355323e-07 7.359874405851374e-07 6.805364792069472e-07 0.0017016902043672957 6.656902992273805e-07 0.02609839604037723 4.869386538442203e-06 0.0006016971263093924 1.8533510455674713e-06 0.011002521445532423 1.2219898653278834e-06 0.015321063271838943 7.703561788288641e-07 9.884008912942957e-05 0.0005739476348775059 2.013350168276807e-05 0.020116846372609146 0.22823511503732513 0.19107856551238414 0.2533328971673676 7.206828990996855e-07 6.27435771133834e-07
17 6.617020779634865e-07 0.003076915354887036 6.672577296331875e-07 7.181150346316405e-07 7.053596404130625e-07 1.3780880962488134e-06 6.615633269678024e-07 0.003706304665722237 7.076060326355323e-07 7.359874405851374e-07 6.805364792069472e-07 0.0017016902043672957 6.656902992273805e-07 0.02609839604037723 4.869386538442203e-06 0.0006016971263093924 1.8533510455674713e-06 0.011002521445532423 1.2219898653278834e-06 0.015321063271838943 7.703561788288641e-07 9.884008912942957e-05 0.0005739476348775059 2.013350168276807e-05 0.020116846372609146 0.22823511503732513 0.19107856551238414 0.2533328971673676 7.206828990996855e-07 6.27435771133834e-07
18 6.617020779634865e-07 0.003076915354887036 6.672577296331875e-07 7.181150346316405e-07 7.053596404130625e-07 1.3780880962488134e-06 6.615633269678024e-07 0.003706304665722237 7.076060326355323e-07 7.359874405851374e-07 6.805364792069472e-07 0.0017016902043672957 6.656902992273805e-07 0.02609839604037723 4.869386538442203e-06 0.0006016971263093924 1.8533510455674713e-06 0.011002521445532423 1.2219898653278834e-06 0.015321063271838943 7.703561788288641e-07 9.884008912942957e-05 0.0005739476348775059 2.013350168276807e-05 0.020116846372609146 0.22823511503732513 0.19107856551238414 0.2533328971673676 7.206828990996855e-07 6.27435771133834e-07
19 6.617020779634865e-07 0.003076915354887036 6.672577296331875e-07 7.181150346316405e-07 7.053596404130625e-07 1.3780880962488134e-06 6.615633269678024e-07 0.003706304665722237 7.076060326355323e-07 7.359874405851374e-07 6.805364792069472e-07 0.0017016902043672957 6.656902992273805e-07 0.02609839604037723 4.869386538442203e-06 0.0006016971263093924 1.8533510455674713e-06 0.011002521445532423 1.2219898653278834e-06 0.015321063271838943 7.703561788288641e-07 9.884008912942957e-05 0.0005739476348775059 2.013350168276807e-05 0.020116846372609146 0.22823511503732513 0.19107856551238414 0.2533328971673676 7.206828990996855e-07 6.27435771133834e-07
20 6.617020779634865e-07 0.003076915354887036 6.672577296331875e-07 7.181150346316405e-07 7.053596404130625e-07 1.3780880962488134e-06 6.615633269678024e-07 0.003706304665722237 7.076060326355323e-07 7.359874405851374e-07 6.805364792069472e-07 0.0017016902043672957 6.656902992273805e-07 0.02609839604037723 4.869386538442203e-06 0.0006016971263093924 1.8533510455674713e-06 0.011002521445532423 1.2219898653278834e-06 0.015321063271838943 7.703561788288641e-07 9.884008912942957e-05 0.0005739476348775059 2.013350168276807e-05 0.020116846372609146 0.22823511503732513 0.19107856551238414 0.2533328971673676 7.206828990996855e-07 6.27435771133834e-07
21 6.617020779634865e-07 0.003076915354887036 6.672577296331875e-07 7.181150346316405e-07 7.053596404130625e-07 1.3780880962488134e-06 6.615633269678024e-07 0.003706304665722237 7.076060326355323e-07 7.359874405851374e-07 6.805364792069472e-07 0.0017016902043672957 6.656902992273805e-07 0.02609839604037723 4.869386538442203e-06 0.0006016971263093924 1.8533510455674713e-06 0.011002521445532423 1.2219898653278834e-06 0.015321063271838943 7.703561788288641e-07 9.884008912942957e-05 0.0005739476348775059 2.013350168276807e-05 0.020116846372609146 0.22823511503732513 0.19107856551238414 0.2533328971673676 7.206828990996855e-07 6.27435771133834e-07
22 4.712151054915366e-07 5.343046147524844e-07 4.6139055386396167e-07 4.539546432518474e-07 5.212839989038805e-07 1.462840230366026e-06 4.903325482581878e-07 0.0022912507111364265 4.5551138995420685e-07 5.356185505367425e-07 4.743775151951833e-07 0.09792997780789824 5.266745809709884e-07 0.4990377953904282 6.933962418064319e-06 0.1160997585296405 1.2542604214564964e-06 0.024798308260755835 1.0107315230758124e-06 0.048799571007938594 4.246468588854316e-07 7.664407179626462e-05 0.00032450287421266277 3.640012433653237e-05 0.0036032370849456846 0.056838889733198415 0.08014051060195843 0.008285100247591276 4.316363462788392e-07 4.915998784293663e-07
23 4.712151054915366e-07 5.343046147524844e-07 4.6139055386396167e-07 4.539546432518474e-07 5.212839989038805e-07 1.462840230366026e-06 4.903325482581878e-07 0.0022912507111364265 4.5551138995420685e-07 5.356185505367425e-07 4.743775151951833e-07 0.09792997780789824 5.266745809709884e-07 0.4990377953904282 6.933962418064319e-06 0.1160997585296405 1.2542604214564964e-06 0.024798308260755835 1.0107315230758124e-06 0.048799571007938594 4.246468588854316e-07 7.664407179626462e-05 0.00032450287421266277 3.640012433653237e-05 0.0036032370849456846 0.056838889733198415 0.08014051060195843 0.008285100247591276 4.316363462788392e-07 4.915998784293663e-07
24 4.712151054915366e-07 5.343046147524844e-07 4.6139055386396167e-07 4.539546432518474e-07 5.212839989038805e-07 1.462840230366026e-06 4.903325482581878e-07 0.0022912507111364265 4.5551138995420685e-07 5.356185505367425e-07 4.743775151951833e-07 0.09792997780789824 5.266745809709884e-07 0.4990377953904282 6.933962418064319e-06 0.1160997585296405 1.2542604214564964e-06 0.024798308260755835 1.0107315230758124e-06 0.048799571007938594 4.246468588854316e-07 7.664407179626462e-05 0.00032450287421266277 3.640012433653237e-05 0.0036032370849456846 0.056838889733198415 0.08014051060195843 0.008285100247591276 4.316363462788392e-07 4.915998784293663e-07
25 4.712151054915366e-07 5.343046147524844e-07 4.6139055386396167e-07 4.539546432518474e-07 5.212839989038805e-07 1.462840230366026e-06 4.903325482581878e-07 0.0022912507111364265 4.5551138995420685e-07 5.356185505367425e-07 4.743775151951833e-07 0.09792997780789824 5.266745809709884e-07 0.4990377953904282 6.933962418064319e-06 0.1160997585296405 1.2542604214564964e-06 0.024798308260755835 1.0107315230758124e-06 0.048799571007938594 4.246468588854316e-07 7.664407179626462e-05 0.00032450287421266277 3.640012433653237e-05 0.0036032370849456846 0.056838889733198415 0.08014051060195843 0.008285100247591276 4.316363462788392e-07 4.915998784293663e-07
26 4.712151054915366e-07 5.343046147524844e-07 4.6139055386396167e-07 4.539546432518474e-07 5.212839989038805e-07 1.462840230366026e-06 4.903325482581878e-07 0.0022912507111364265 4.5551138995420685e-07 5.356185505367425e-07 4.743775151951833e-07 0.09792997780789824 5.266745809709884e-07 0.4990377953904282 6.933962418064319e-06 0.1160997585296405 1.2542604214564964e-06 0.024798308260755835 1.0107315230758124e-06 0.048799571007938594 4.246468588854316e-07 7.664407179626462e-05 0.00032450287421266277 3.640012433653237e-05 0.0036032370849456846 0.056838889733198415 0.08014051060195843 0.008285100247591276 4.316363462788392e-07 4.915998784293663e-07
27 4.712151054915366e-07 5.343046147524844e-07 4.6139055386396167e-07 4.539546432518474e-07 5.212839989038805e-07 1.462840230366026e-06 4.903325482581878e-07 0.0022912507111364265 4.5551138995420685e-07 5.356185505367425e-07 4.743775151951833e-07 0.09792997780789824 5.266745809709884e-07 0.4990377953904282 6.933962418064319e-06 0.1160997585296405 1.2542604214564964e-06 0.024798308260755835 1.0107315230758124e-06 0.048799571007938594 4.246468588854316e-07 7.664407179626462e-05 0.00032450287421266277 3.640012433653237e-05 0.0036032370849456846 0.056838889733198415 0.08014051060195843 0.008285100247591276 4.316363462788392e-07 4.915998784293663e-07
28 4.712151054915366e-07 5.343046147524844e-07 4.6139055386396167e-07 4.539546432518474e-07 5.212839989038805e-07 1.462840230366026e-06 4.903325482581878e-07 0.0022912507111364265 4.5551138995420685e-07 5.356185505367425e-07 4.743775151951833e-07 0.09792997780789824 5.266745809709884e-07 0.4990377953904282 6.933962418064319e-06 0.1160997585296405 1.2542604214564964e-06 0.024798308260755835 1.0107315230758124e-06 0.048799571007938594 4.246468588854316e-07 7.664407179626462e-05 0.00032450287421266277 3.640012433653237e-05 0.0036032370849456846 0.056838889733198415 0.08014051060195843 0.008285100247591276 4.316363462788392e-07 4.915998784293663e-07
29 4.712151054915366e-07 5.343046147524844e-07 4.6139055386396167e-07 4.539546432518474e-07 5.212839989038805e-07 1.462840230366026e-06 4.903325482581878e-07 0.0022912507111364265 4.5551138995420685e-07 5.356185505367425e-07 4.743775151951833e-07 0.09792997780789824 5.266745809709884e-07 0.4990377953904282 6.933962418064319e-06 0.1160997585296405 1.2542604214564964e-06 0.024798308260755835 1.0107315230758124e-06 0.048799571007938594 4.246468588854316e-07 7.664407179626462e-05 0.00032450287421266277 3.640012433653237e-05 0.0036032370849456846 0.056838889733198415 0.08014051060195843 0.008285100247591276 4.316363462788392e-07 4.915998784293663e-07
30 4.712151054915366e-07 5.343046147524844e-07 4.6139055386396167e-07 4.539546432518474e-07 5.212839989038805e-07 1.462840230366026e-06 4.903325482581878e-07 0.0022912507111364265 4.5551138995420685e-07 5.356185505367425e-07 4.743775151951833e-07 0.09792997780789824 5.266745809709884e-07 0.4990377953904282 6.933962418064319e-06 0.1160997585296405 1.2542604214564964e-06 0.024798308260755835 1.0107315230758124e-06 0.048799571007938594 4.246468588854316e-07 7.664407179626462e-05 0.00032450287421266277 3.640012433653237e-05 0.0036032370849456846 0.056838889733198415 0.08014051060195843 0.008285100247591276 4.316363462788392e-07 4.915998784293663e-07
31 4.712151054915366e-07 5.343046147524844e-07 4.6139055386396167e-07 4.539546432518474e-07 5.212839989038805e-07 1.462840230366026e-06 4.903325482581878e-07 0.0022912507111364265 4.5551138995420685e-07 5.356185505367425e-07 4.743775151951833e-07 0.09792997780789824 5.266745809709884e-07 0.4990377953904282 6.933962418064319e-06 0.1160997585296405 1.2542604214564964e-06 0.024798308260755835 1.0107315230758124e-06 0.048799571007938594 4.246468588854316e-07 7.664407179626462e-05 0.00032450287421266277 3.640012433653237e-05 0.0036032370849456846 0.056838889733198415 0.08014051060195843 0.008285100247591276 4.316363462788392e-07 4.915998784293663e-07
32 3.1393243270264865e-07 3.5690466390896096e-07 3.198811659651001e-07 2.748567863539845e-07 3.136895240372123e-07 7.5473792429173e-06 2.897750092365319e-07 0.5377347601196378 3.176123162968854e-07 1.1723659237395988e-06 3.523963508903113e-07 0.036043291625619166 3.3836584651356e-07 0.24542389099788953 3.3014585182836344e-05 5.5941740866113756e-05 1.8534365134159e-05 0.01654731706911575 1.754467765322807e-05 0.004121246769908246 3.1848847364102745e-07 2.1967380792497908e-05 2.1909715094243256e-05 2.846376186665421e-05 0.0002620191621564854 0.008613222053223332 0.011460136657480306 0.005137648737535819 3.4080502458994124e-07 3.412629659234106e-07
33 3.1393243270264865e-07 3.5690466390896096e-07 3.198811659651001e-07 2.748567863539845e-07 3.136895240372123e-07 7.5473792429173e-06 2.897750092365319e-07 0.5377347601196378 3.176123162968854e-07 1.1723659237395988e-06 3.523963508903113e-07 0.036043291625619166 3.3836584651356e-07 0.24542389099788953 3.3014585182836344e-05 5.5941740866113756e-05 1.8534365134159e-05 0.01654731706911575 1.754467765322807e-05 0.004121246769908246 3.1848847364102745e-07 2.1967380792497908e-05 2.1909715094243256e-05 2.846376186665421e-05 0.0002620191621564854 0.008613222053223332 0.011460136657480306 0.005137648737535819 3.4080502458994124e-07 3.412629659234106e-07
34 3.1393243270264865e-07 3.5690466390896096e-07 3.198811659651001e-07 2.748567863539845e-07 3.136895240372123e-07 7.5473792429173e-06 2.897750092365319e-07 0.5377347601196378 3.176123162968854e-07 1.1723659237395988e-06 3.523963508903113e-07 0.036043291625619166 3.3836584651356e-07 0.24542389099788953 3.3014585182836344e-05 5.5941740866113756e-05 1.8534365134159e-05 0.01654731706911575 1.754467765322807e-05 0.004121246769908246 3.1848847364102745e-07 2.1967380792497908e-05 2.1909715094243256e-05 2.846376186665421e-05 0.0002620191621564854 0.008613222053223332 0.011460136657480306 0.005137648737535819 3.4080502458994124e-07 3.412629659234106e-07
35 3.1393243270264865e-07 3.5690466390896096e-07 3.198811659651001e-07 2.748567863539845e-07 3.136895240372123e-07 7.5473792429173e-06 2.897750092365319e-07 0.5377347601196378 3.176123162968854e-07 1.1723659237395988e-06 3.523963508903113e-07 0.036043291625619166 3.3836584651356e-07 0.24542389099788953 3.3014585182836344e-05 5.5941740866113756e-05 1.8534365134159e-05 0.01654731706911575 1.754467765322807e-05 0.004121246769908246 3.1848847364102745e-07 2.1967380792497908e-05 2.1909715094243256e-05 2.846376186665421e-05 0.0002620191621564854 0.008613222053223332 0.011460136657480306 0.005137648737535819 3.4080502458994124e-07 3.412629659234106e-07
36 3.1393243270264865e-07 3.5690466390896096e-07 3.198811659651001e-07 2.748567863539845e-07 3.136895240372123e-07 7.5473792429173e-06 2.897750092365319e-07 0.5377347601196378 3.176123162968854e-07 1.1723659237395988e-06 3.523963508903113e-07 0.036043291625619166 3.3836584651356e-07 0.24542389099788953 3.3014585182836344e-05 5.5941740866113756e-05 1.8534365134159e-05 0.01654731706911575 1.754467765322807e-05 0.004121246769908246 3.1848847364102745e-07 2.1967380792497908e-05 2.1909715094243256e-05 2.846376186665421e-05 0.0002620191621564854 0.008613222053223332 0.011460136657480306 0.005137648737535819 3.4080502458994124e-07 3.412629659234106e-07
37 3.1393243270264865e-07 3.5690466390896096e-07 3.198811659651001e-07 2.748567863539845e-07 3.136895240372123e-07 7.5473792429173e-06 2.897750092365319e-07 0.5377347601196378 3.176123162968854e-07 1.1723659237395988e-06 3.523963508903113e-07 0.036043291625619166 3.3836584651356e-07 0.24542389099788953 3.3014585182836344e-05 5.5941740866113756e-05 1.8534365134159e-05 0.01654731706911575 1.754467765322807e-05 0.004121246769908246 3.1848847364102745e-07 2.1967380792497908e-05 2.1909715094243256e-05 2.846376186665421e-05 0.0002620191621564854 0.008613222053223332 0.011460136657480306 0.005137648737535819 3.4080502458994124e-07 3.412629659234106e-07
38 3.1393243270264865e-07 3.5690466390896096e-07 3.198811659651001e-07 2.748567863539845e-07 3.136895240372123e-07 7.5473792429173e-06 2.897750092365319e-07 0.5377347601196378 3.176123162968854e-07 1.1723659237395988e-06 3.523963508903113e-07 0.036043291625619166 3.3836584651356e-07 0.24542389099788953 3.3014585182836344e-05 5.5941740866113756e-05 1.8534365134159e-05 0.01654731706911575 1.754467765322807e-05 0.004121246769908246 3.1848847364102745e-07 2.1967380792497908e-05 2.1909715094243256e-05 2.846376186665421e-05 0.0002620191621564854 0.008613222053223332 0.011460136657480306 0.005137648737535819 3.4080502458994124e-07 3.412629659234106e-07
39 3.1393243270264865e-07 3.5690466390896096e-07 3.198811659651001e-07 2.748567863539845e-07 3.136895240372123e-07 7.5473792429173e-06 2.897750092365319e-07 0.5377347601196378 3.176123162968854e-07 1.1723659237395988e-06 3.523963508903113e-07 0.036043291625619166 3.3836584651356e-07 0.24542389099788953 3.3014585182836344e-05 5.5941740866113756e-05 1.8534365134159e-05 0.01654731706911575 1.754467765322807e-05 0.004121246769908246 3.1848847364102745e-07 2.1967380792497908e-05 2.1909715094243256e-05 2.846376186665421e-05 0.0002620191621564854 0.008613222053223332 0.011460136657480306 0.005137648737535819 3.4080502458994124e-07 3.412629659234106e-07
40 3.1393243270264865e-07 3.5690466390896096e-07 3.198811659651001e-07 2.748567863539845e-07 3.136895240372123e-07 7.5473792429173e-06 2.897750092365319e-07 0.5377347601196378 3.176123162968854e-07 1.1723659237395988e-06 3.523963508903113e-07 0.036043291625619166 3.3836584651356e-07 0.24542389099788953 3.3014585182836344e-05 5.5941740866113756e-05 1.8534365134159e-05 0.01654731706911575 1.754467765322807e-05 0.004121246769908246 3.1848847364102745e-07 2.1967380792497908e-05 2.1909715094243256e-05 2.846376186665421e-05 0.0002620191621564854 0.008613222053223332 0.011460136657480306 0.005137648737535819 3.4080502458994124e-07 3.412629659234106e-07
41 3.1393243270264865e-07 3.5690466390896096e-07 3.198811659651001e-07 2.748567863539845e-07 3.136895240372123e-07 7.5473792429173e-06 2.897750092365319e-07 0.5377347601196378 3.176123162968854e-07 1.1723659237395988e-06 3.523963508903113e-07 0.036043291625619166 3.3836584651356e-07 0.24542389099788953 3.3014585182836344e-05 5.5941740866113756e-05 1.8534365134159e-05 0.01654731706911575 1.754467765322807e-05 0.004121246769908246 3.1848847364102745e-07 2.1967380792497908e-05 2.1909715094243256e-05 2.846376186665421e-05 0.0002620191621564854 0.008613222053223332 0.011460136657480306 0.005137648737535819 3.4080502458994124e-07 3.412629659234106e-07
42 3.1393243270264865e-07 3.5690466390896096e-07 3.198811659651001e-07 2.748567863539845e-07 3.136895240372123e-07 7.5473792429173e-06 2.897750092365319e-07 0.5377347601196378 3.176123162968854e-07 1.1723659237395988e-06 3.523963508903113e-07 0.036043291625619166 3.3836584651356e-07 0.24542389099788953 3.3014585182836344e-05 5.5941740866113756e-05 1.8534365134159e-05 0.01654731706911575 1.754467765322807e-05 0.004121246769908246 3.1848847364102745e-07 2.1967380792497908e-05 2.1909715094243256e-05 2.846376186665421e-05 0.0002620191621564854 0.008613222053223332 0.011460136657480306 0.005137648737535819 3.4080502458994124e-07 3.412629659234106e-07
43 3.1393243270264865e-07 3.5690466390896096e-07 3.198811659651001e-07 2.748567863539845e-07 3.136895240372123e-07 7.5473792429173e-06 2.897750092365319e-07 0.5377347601196378 3.176123162968854e-07 1.1723659237395988e-06 3.523963508903113e-07 0.036043291625619166 3.3836584651356e-07 0.24542389099788953 3.3014585182836344e-05 5.5941740866113756e-05 1.8534365134159e-05 0.01654731706911575 1.754467765322807e-05 0.004121246769908246 3.1848847364102745e-07 2.1967380792497908e-05 2.1909715094243256e-05 2.846376186665421e-05 0.0002620191621564854 0.008613222053223332 0.011460136657480306 0.005137648737535819 3.4080502458994124e-07 3.412629659234106e-07
44 3.1393243270264865e-07 3.5690466390896096e-07 3.198811659651001e-07 2.748567863539845e-07 3.136895240372123e-07 7.5473792429173e-06 2.897750092365319e-07 0.5377347601196378 3.176123162968854e-07 1.1723659237395988e-06 3.523963508903113e-07 0.036043291625619166 3.3836584651356e-07 0.24542389099788953 3.3014585182836344e-05 5.5941740866113756e-05 1.8534365134159e-05 0.01654731706911575 1.754467765322807e-05 0.004121246769908246 3.1848847364102745e-07 2.1967380792497908e-05 2.1909715094243256e-05 2.846376186665421e-05 0.0002620191621564854 0.008613222053223332 0.011460136657480306 0.005137648737535819 3.4080502458994124e-07 3.412629659234106e-07
45 1.2972573563354707e-06 1.3007245380630542e-06 1.318059560794418e-06 1.1527766386128063e-06 1.2390875071174318e-06 0.0843508620241196 1.2128124321861097e-06 0.4010418884159068 1.2697947863759537e-06 0.05905420726799598 0.0005250841517134819 0.2239710526666261 1.266544932598783e-06 0.00015273740841631171 0.00019706891691772597 0.00015834384021303486 4.230176702558143e-05 0.003859426882950552 1.0593656132486442e-05 0.0017024713683719912 1.4512706397858012e-06 1.9546393905728967e-05 2.212508115844427e-06 1.3294894124286902e-05 3.775868234642629e-05 0.004654825698383695 0.0008709866557726452 0.0025208912316246135 1.30944099596313e-06 1.2521290671163636e-06
46 1.2972573563354707e-06 1.3007245380630542e-06 1.318059560794418e-06 1.1527766386128063e-06 1.2390875071174318e-06 0.0843508620241196 1.2128124321861097e-06 0.4010418884159068 1.2697947863759537e-06 0.05905420726799598 0.0005250841517134819 0.2239710526666261 1.266544932598783e-06 0.00015273740841631171 0.00019706891691772597 0.00015834384021303486 4.230176702558143e-05 0.003859426882950552 1.0593656132486442e-05 0.0017024713683719912 1.4512706397858012e-06 1.9546393905728967e-05 2.212508115844427e-06 1.3294894124286902e-05 3.775868234642629e-05 0.004654825698383695 0.0008709866557726452 0.0025208912316246135 1.30944099596313e-06 1.2521290671163636e-06
47 1.2972573563354707e-06 1.3007245380630542e-06 1.318059560794418e-06 1.1527766386128063e-06 1.2390875071174318e-06 0.0843508620241196 1.2128124321861097e-06 0.4010418884159068 1.2697947863759537e-06 0.05905420726799598 0.0005250841517134819 0.2239710526666261 1.266544932598783e-06 0.00015273740841631171 0.00019706891691772597 0.00015834384021303486 4.230176702558143e-05 0.003859426882950552 1.0593656132486442e-05 0.0017024713683719912 1.4512706397858012e-06 1.9546393905728967e-05 2.212508115844427e-06 1.3294894124286902e-05 3.775868234642629e-05 0.004654825698383695 0.0008709866557726452 0.0025208912316246135 1.30944099596313e-06 1.2521290671163636e-06
48 1.2972573563354707e-06 1.3007245380630542e-06 1.318059560794418e-06 1.1527766386128063e-06 1.2390875071174318e-06 0.0843508620241196 1.2128124321861097e-06 0.4010418884159068 1.2697947863759537e-06 0.05905420726799598 0.0005250841517134819 0.2239710526666261 1.266544932598783e-06 0.00015273740841631171 0.00019706891691772597 0.00015834384021303486 4.230176702558143e-05 0.003859426882950552 1.0593656132486442e-05 0.0017024713683719912 1.4512706397858012e-06 1.9546393905728967e-05 2.212508115844427e-06 1.3294894124286902e-05 3.775868234642629e-05 0.004654825698383695 0.0008709866557726452 0.0025208912316246135 1.30944099596313e-06 1.2521290671163636e-06
49 1.2972573563354707e-06 1.3007245380630542e-06 1.318059560794418e-06 1.1527766386128063e-06 1.2390875071174318e-06 0.0843508620241196 1.2128124321861097e-06 0.4010418884159068 1.2697947863759537e-06 0.05905420726799598 0.0005250841517134819 0.2239710526666261 1.266544932598783e-06 0.00015273740841631171 0.00019706891691772597 0.00015834384021303486 4.230176702558143e-05 0.003859426882950552 1.0593656132486442e-05 0.0017024713683719912 1.4512706397858012e-06 1.9546393905728967e-05 2.212508115844427e-06 1.3294894124286902e-05 3.775868234642629e-05 0.004654825698383695 0.0008709866557726452 0.0025208912316246135 1.30944099596313e-06 1.2521290671163636e-06
50 1.2972573563354707e-06 1.3007245380630542e-06 1.318059560794418e-06 1.1527766386128063e-06 1.2390875071174318e-06 0.0843508620241196 1.2128124321861097e-06 0.4010418884159068 1.2697947863759537e-06 0.05905420726799598 0.0005250841517134819 0.2239710526666261 1.266544932598783e-06 0.00015273740841631171 0.00019706891691772597 0.00015834384021303486 4.230176702558143e-05 0.003859426882950552 1.0593656132486442e-05 0.0017024713683719912 1.4512706397858012e-06 1.9546393905728967e-05 2.212508115844427e-06 1.3294894124286902e-05 3.775868234642629e-05 0.004654825698383695 0.0008709866557726452 0.0025208912316246135 1.30944099596313e-06 1.2521290671163636e-06
51 1.2972573563354707e-06 1.3007245380630542e-06 1.318059560794418e-06 1.1527766386128063e-06 1.2390875071174318e-06 0.0843508620241196 1.2128124321861097e-06 0.4010418884159068 1.2697947863759537e-06 0.05905420726799598 0.0005250841517134819 0.2239710526666261 1.266544932598783e-06 0.00015273740841631171 0.00019706891691772597 0.00015834384021303486 4.230176702558143e-05 0.003859426882950552 1.0593656132486442e-05 0.0017024713683719912 1.4512706397858012e-06 1.9546393905728967e-05 2.212508115844427e-06 1.3294894124286902e-05 3.775868234642629e-05 0.004654825698383695 0.0008709866557726452 0.0025208912316246135 1.30944099596313e-06 1.2521290671163636e-06
52 1.2972573563354707e-06 1.3007245380630542e-06 1.318059560794418e-06 1.1527766386128063e-06 1.2390875071174318e-06 0.0843508620241196 1.2128124321861097e-06 0.4010418884159068 1.2697947863759537e-06 0.05905420726799598 0.0005250841517134819 0.2239710526666261 1.266544932598783e-06 0.00015273740841631171 0.00019706891691772597 0.00015834384021303486 4.230176702558143e-05 0.003859426882950552 1.0593656132486442e-05 0.0017024713683719912 1.4512706397858012e-06 1.9546393905728967e-05 2.212508115844427e-06 1.3294894124286902e-05 3.775868234642629e-05 0.004654825698383695 0.0008709866557726452 0.0025208912316246135 1.30944099596313e-06 1.2521290671163636e-06
53 1.2972573563354707e-06 1.3007245380630542e-06 1.318059560794418e-06 1.1527766386128063e-06 1.2390875071174318e-06 0.0843508620241196 1.2128124321861097e-06 0.4010418884159068 1.2697947863759537e-06 0.05905420726799598 0.0005250841517134819 0.2239710526666261 1.266544932598783e-06 0.00015273740841631171 0.00019706891691772597 0.00015834384021303486 4.230176702558143e-05 0.003859426882950552 1.0593656132486442e-05 0.0017024713683719912 1.4512706397858012e-06 1.9546393905728967e-05 2.212508115844427e-06 1.3294894124286902e-05 3.775868234642629e-05 0.004654825698383695 0.0008709866557726452 0.0025208912316246135 1.30944099596313e-06 1.2521290671163636e-06
54 1.2972573563354707e-06 1.3007245380630542e-06 1.318059560794418e-06 1.1527766386128063e-06 1.2390875071174318e-06 0.0843508620241196 1.2128124321861097e-06 0.4010418884159068 1.2697947863759537e-06 0.05905420726799598 0.0005250841517134819 0.2239710526666261 1.266544932598783e-06 0.00015273740841631171 0.00019706891691772597 0.00015834384021303486 4.230176702558143e-05 0.003859426882950552 1.0593656132486442e-05 0.0017024713683719912 1.4512706397858012e-06 1.9546393905728967e-05 2.212508115844427e-06 1.3294894124286902e-05 3.775868234642629e-05 0.004654825698383695 0.0008709866557726452 0.0025208912316246135 1.30944099596313e-06 1.2521290671163636e-06
55 1.2972573563354707e-06 1.3007245380630542e-06 1.318059560794418e-06 1.1527766386128063e-06 1.2390875071174318e-06 0.0843508620241196 1.2128124321861097e-06 0.4010418884159068 1.2697947863759537e-06 0.05905420726799598 0.0005250841517134819 0.2239710526666261 1.266544932598783e-06 0.00015273740841631171 0.00019706891691772597 0.00015834384021303486 4.230176702558143e-05 0.003859426882950552 1.0593656132486442e-05 0.0017024713683719912 1.4512706397858012e-06 1.9546393905728967e-05 2.212508115844427e-06 1.3294894124286902e-05 3.775868234642629e-05 0.004654825698383695 0.0008709866557726452 0.0025208912316246135 1.30944099596313e-06 1.2521290671163636e-06
56 1.2972573563354707e-06 1.3007245380630542e-06 1.318059560794418e-06 1.1527766386128063e-06 1.2390875071174318e-06 0.0843508620241196 1.2128124321861097e-06 0.4010418884159068 1.2697947863759537e-06 0.05905420726799598 0.0005250841517134819 0.2239710526666261 1.266544932598783e-06 0.00015273740841631171 0.00019706891691772597 0.00015834384021303486 4.230176702558143e-05 0.003859426882950552 1.0593656132486442e-05 0.0017024713683719912 1.4512706397858012e-06 1.9546393905728967e-05 2.212508115844427e-06 1.3294894124286902e-05 3.775868234642629e-05 0.004654825698383695 0.0008709866557726452 0.0025208912316246135 1.30944099596313e-06 1.2521290671163636e-06
57 1.2972573563354707e-06 1.3007245380630542e-06 1.318059560794418e-06 1.1527766386128063e-06 1.2390875071174318e-06 0.0843508620241196 1.2128124321861097e-06 0.4010418884159068 1.2697947863759537e-06 0.05905420726799598 0.0005250841517134819 0.2239710526666261 1.266544932598783e-06 0.00015273740841631171 0.00019706891691772597 0.00015834384021303486 4.230176702558143e-05 0.003859426882950552 1.0593656132486442e-05 0.0017024713683719912 1.4512706397858012e-06 1.9546393905728967e-05 2.212508115844427e-06 1.3294894124286902e-05 3.775868234642629e-05 0.004654825698383695 0.0008709866557726452 0.0025208912316246135 1.30944099596313e-06 1.2521290671163636e-06
58 1.2972573563354707e-06 1.3007245380630542e-06 1.318059560794418e-06 1.1527766386128063e-06 1.2390875071174318e-06 0.0843508620241196 1.2128124321861097e-06 0.4010418884159068 1.2697947863759537e-06 0.05905420726799598 0.0005250841517134819 0.2239710526666261 1.266544932598783e-06 0.00015273740841631171 0.00019706891691772597 0.00015834384021303486 4.230176702558143e-05 0.003859426882950552 1.0593656132486442e-05 0.0017024713683719912 1.4512706397858012e-06 1.9546393905728967e-05 2.212508115844427e-06 1.3294894124286902e-05 3.775868234642629e-05 0.004654825698383695 0.0008709866557726452 0.0025208912316246135 1.30944099596313e-06 1.2521290671163636e-06
59 1.2972573563354707e-06 1.3007245380630542e-06 1.318059560794418e-06 1.1527766386128063e-06 1.2390875071174318e-06 0.0843508620241196 1.2128124321861097e-06 0.4010418884159068 1.2697947863759537e-06 0.05905420726799598 0.0005250841517134819 0.2239710526666261 1.266544932598783e-06 0.00015273740841631171 0.00019706891691772597 0.00015834384021303486 4.230176702558143e-05 0.003859426882950552 1.0593656132486442e-05 0.0017024713683719912 1.4512706397858012e-06 1.9546393905728967e-05 2.212508115844427e-06 1.3294894124286902e-05 3.775868234642629e-05 0.004654825698383695 0.0008709866557726452 0.0025208912316246135 1.30944099596313e-06 1.2521290671163636e-06
60 1.2972573563354707e-06 1.3007245380630542e-06 1.318059560794418e-06 1.1527766386128063e-06 1.2390875071174318e-06 0.0843508620241196 1.2128124321861097e-06 0.4010418884159068 1.2697947863759537e-06 0.05905420726799598 0.0005250841517134819 0.2239710526666261 1.266544932598783e-06 0.00015273740841631171 0.00019706891691772597 0.00015834384021303486 4.230176702558143e-05 0.003859426882950552 1.0593656132486442e-05 0.0017024713683719912 1.4512706397858012e-06 1.9546393905728967e-05 2.212508115844427e-06 1.3294894124286902e-05 3.775868234642629e-05 0.004654825698383695 0.0008709866557726452 0.0025208912316246135 1.30944099596313e-06 1.2521290671163636e-06
61 1.2972573563354707e-06 1.3007245380630542e-06 1.318059560794418e-06 1.1527766386128063e-06 1.2390875071174318e-06 0.0843508620241196 1.2128124321861097e-06 0.4010418884159068 1.2697947863759537e-06 0.05905420726799598 0.0005250841517134819 0.2239710526666261 1.266544932598783e-06 0.00015273740841631171 0.00019706891691772597 0.00015834384021303486 4.230176702558143e-05 0.003859426882950552 1.0593656132486442e-05 0.0017024713683719912 1.4512706397858012e-06 1.9546393905728967e-05 2.212508115844427e-06 1.3294894124286902e-05 3.775868234642629e-05 0.004654825698383695 0.0008709866557726452 0.0025208912316246135 1.30944099596313e-06 1.2521290671163636e-06
62 1.2972573563354707e-06 1.3007245380630542e-06 1.318059560794418e-06 1.1527766386128063e-06 1.2390875071174318e-06 0.0843508620241196 1.2128124321861097e-06 0.4010418884159068 1.2697947863759537e-06 0.05905420726799598 0.0005250841517134819 0.2239710526666261 1.266544932598783e-06 0.00015273740841631171 0.00019706891691772597 0.00015834384021303486 4.230176702558143e-05 0.003859426882950552 1.0593656132486442e-05 0.0017024713683719912 1.4512706397858012e-06 1.9546393905728967e-05 2.212508115844427e-06 1.3294894124286902e-05 3.775868234642629e-05 0.004654825698383695 0.0008709866557726452 0.0025208912316246135 1.30944099596313e-06 1.2521290671163636e-06
63 1.2972573563354707e-06 1.3007245380630542e-06 1.318059560794418e-06 1.1527766386128063e-06 1.2390875071174318e-06 0.0843508620241196 1.2128124321861097e-06 0.4010418884159068 1.2697947863759537e-06 0.05905420726799598 0.0005250841517134819 0.2239710526666261 1.266544932598783e-06 0.00015273740841631171 0.00019706891691772597 0.00015834384021303486 4.230176702558143e-05 0.003859426882950552 1.0593656132486442e-05 0.0017024713683719912 1.4512706397858012e-06 1.9546393905728967e-05 2.212508115844427e-06 1.3294894124286902e-05 3.775868234642629e-05 0.004654825698383695 0.0008709866557726452 0.0025208912316246135 1.30944099596313e-06 1.2521290671163636e-06
64 1.2972573563354707e-06 1.3007245380630542e-06 1.318059560794418e-06 1.1527766386128063e-06 1.2390875071174318e-06 0.0843508620241196 1.2128124321861097e-06 0.4010418884159068 1.2697947863759537e-06 0.05905420726799598 0.0005250841517134819 0.2239710526666261 1.266544932598783e-06 0.00015273740841631171 0.00019706891691772597 0.00015834384021303486 4.230176702558143e-05 0.003859426882950552 1.0593656132486442e-05 0.0017024713683719912 1.4512706397858012e-06 1.9546393905728967e-05 2.212508115844427e-06 1.3294894124286902e-05 3.775868234642629e-05 0.004654825698383695 0.0008709866557726452 0.0025208912316246135 1.30944099596313e-06 1.2521290671163636e-06
65 1.2972573563354707e-06 1.3007245380630542e-06 1.318059560794418e-06 1.1527766386128063e-06 1.2390875071174318e-06 0.0843508620241196 1.2128124321861097e-06 0.4010418884159068 1.2697947863759537e-06 0.05905420726799598 0.0005250841517134819 0.2239710526666261 1.266544932598783e-06 0.00015273740841631171 0.00019706891691772597 0.00015834384021303486 4.230176702558143e-05 0.003859426882950552 1.0593656132486442e-05 0.0017024713683719912 1.4512706397858012e-06 1.9546393905728967e-05 2.212508115844427e-06 1.3294894124286902e-05 3.775868234642629e-05 0.004654825698383695 0.0008709866557726452 0.0025208912316246135 1.30944099596313e-06 1.2521290671163636e-06
66 1.2972573563354707e-06 1.3007245380630542e-06 1.318059560794418e-06 1.1527766386128063e-06 1.2390875071174318e-06 0.0843508620241196 1.2128124321861097e-06 0.4010418884159068 1.2697947863759537e-06 0.05905420726799598 0.0005250841517134819 0.2239710526666261 1.266544932598783e-06 0.00015273740841631171 0.00019706891691772597 0.00015834384021303486 4.230176702558143e-05 0.003859426882950552 1.0593656132486442e-05 0.0017024713683719912 1.4512706397858012e-06 1.9546393905728967e-05 2.212508115844427e-06 1.3294894124286902e-05 3.775868234642629e-05 0.004654825698383695 0.0008709866557726452 0.0025208912316246135 1.30944099596313e-06 1.2521290671163636e-06
67 1.2972573563354707e-06 1.3007245380630542e-06 1.318059560794418e-06 1.1527766386128063e-06 1.2390875071174318e-06 0.0843508620241196 1.2128124321861097e-06 0.4010418884159068 1.2697947863759537e-06 0.05905420726799598 0.0005250841517134819 0.2239710526666261 1.266544932598783e-06 0.00015273740841631171 0.00019706891691772597 0.00015834384021303486 4.230176702558143e-05 0.003859426882950552 1.0593656132486442e-05 0.0017024713683719912 1.4512706397858012e-06 1.9546393905728967e-05 2.212508115844427e-06 1.3294894124286902e-05 3.775868234642629e-05 0.004654825698383695 0.0008709866557726452 0.0025208912316246135 1.30944099596313e-06 1.2521290671163636e-06
68 9.22371209955287e-07 9.323310754855239e-07 9.269916554225742e-07 9.939335914448728e-07 9.241188012735513e-07 0.06600248535009702 9.71397975249707e-07 0.46792251545886926 9.042317550584749e-07 0.05018702416213437 0.0003904448047709233 0.18168205505128704 9.005727360996498e-07 0.00011441102198572635 0.00013565082743961093 0.0001151978258202272 3.227837105101936e-05 0.00300765221135489 7.766270908851758e-06 0.0006632976227274174 1.124350946433661e-06 1.291486011110968e-05 1.6501252091428387e-06 9.462149784183715e-06 2.7686307220209564e-05 0.003414199981775454 0.0005613311964300245 0.0015374312754036124 9.559861135703102e-07 9.569354526134411e-07
69 9.22371209955287e-07 9.323310754855239e-07 9.269916554225742e-07 9.939335914448728e-07 9.241188012735513e-07 0.06600248535009702 9.71397975249707e-07 0.46792251545886926 9.042317550584749e-07 0.05018702416213437 0.0003904448047709233 0.18168205505128704 9.005727360996498e-07 0.00011441102198572635 0.00013565082743961093 0.0001151978258202272 3.227837105101936e-05 0.00300765221135489 7.766270908851758e-06 0.0006632976227274174 1.124350946433661e-06 1.291486011110968e-05 1.6501252091428387e-06 9.462149784183715e-06 2.7686307220209564e-05 0.003414199981775454 0.0005613311964300245 0.0015374312754036124 9.559861135703102e-07 9.569354526134411e-07
70 9.22371209955287e-07 9.323310754855239e-07 9.269916554225742e-07 9.939335914448728e-07 9.241188012735513e-07 0.06600248535009702 9.71397975249707e-07 0.46792251545886926 9.042317550584749e-07 0.05018702416213437 0.0003904448047709233 0.18168205505128704 9.005727360996498e-07 0.00011441102198572635 0.00013565082743961093 0.0001151978258202272 3.227837105101936e-05 0.00300765221135489 7.766270908851758e-06 0.0006632976227274174 1.124350946433661e-06 1.291486011110968e-05 1.6501252091428387e-06 9.462149784183715e-06 2.7686307220209564e-05 0.003414199981775454 0.0005613311964300245 0.0015374312754036124 9.559861135703102e-07 9.569354526134411e-07
71 9.22371209955287e-07 9.323310754855239e-07 9.269916554225742e-07 9.939335914448728e-07 9.241188012735513e-07 0.06600248535009702 9.71397975249707e-07 0.46792251545886926 9.042317550584749e-07 0.05018702416213437 0.0003904448047709233 0.18168205505128704 9.005727360996498e-07 0.00011441102198572635 0.00013565082743961093 0.0001151978258202272 3.227837105101936e-05 0.00300765221135489 7.766270908851758e-06 0.0006632976227274174 1.124350946433661e-06 1.291486011110968e-05 1.6501252091428387e-06 9.462149784183715e-06 2.7686307220209564e-05 0.003414199981775454 0.0005613311964300245 0.0015374312754036124 9.559861135703102e-07 9.569354526134411e-07
72 9.22371209955287e-07 9.323310754855239e-07 9.269916554225742e-07 9.939335914448728e-07 9.241188012735513e-07 0.06600248535009702 9.71397975249707e-07 0.46792251545886926 9.042317550584749e-07 0.05018702416213437 0.0003904448047709233 0.18168205505128704 9.005727360996498e-07 0.00011441102198572635 0.00013565082743961093 0.0001151978258202272 3.227837105101936e-05 0.00300765221135489 7.766270908851758e-06 0.0006632976227274174 1.124350946433661e-06 1.291486011110968e-05 1.6501252091428387e-06 9.462149784183715e-06 2.7686307220209564e-05 0.003414199981775454 0.0005613311964300245 0.0015374312754036124 9.559861135703102e-07 9.569354526134411e-07
73 9.22371209955287e-07 9.323310754855239e-07 9.269916554225742e-07 9.939335914448728e-07 9.241188012735513e-07 0.06600248535009702 9.71397975249707e-07 0.46792251545886926 9.042317550584749e-07 0.05018702416213437 0.0003904448047709233 0.18168205505128704 9.005727360996498e-07 0.00011441102198572635 0.00013565082743961093 0.0001151978258202272 3.227837105101936e-05 0.00300765221135489 7.766270908851758e-06 0.0006632976227274174 1.124350946433661e-06 1.291486011110968e-05 1.6501252091428387e-06 9.462149784183715e-06 2.7686307220209564e-05 0.003414199981775454 0.0005613311964300245 0.0015374312754036124 9.559861135703102e-07 9.569354526134411e-07
74 9.22371209955287e-07 9.323310754855239e-07 9.269916554225742e-07 9.939335914448728e-07 9.241188012735513e-07 0.06600248535009702 9.71397975249707e-07 0.46792251545886926 9.042317550584749e-07 0.05018702416213437 0.0003904448047709233 0.18168205505128704 9.005727360996498e-07 0.00011441102198572635 0.00013565082743961093 0.0001151978258202272 3.227837105101936e-05 0.00300765221135489 7.766270908851758e-06 0.0006632976227274174 1.124350946433661e-06 1.291486011110968e-05 1.6501252091428387e-06 9.462149784183715e-06 2.7686307220209564e-05 0.003414199981775454 0.0005613311964300245 0.0015374312754036124 9.559861135703102e-07 9.569354526134411e-07
75 9.22371209955287e-07 9.323310754855239e-07 9.269916554225742e-07 9.939335914448728e-07 9.241188012735513e-07 0.06600248535009702 9.71397975249707e-07 0.46792251545886926 9.042317550584749e-07 0.05018702416213437 0.0003904448047709233 0.18168205505128704 9.005727360996498e-07 0.00011441102198572635 0.00013565082743961093 0.0001151978258202272 3.227837105101936e-05 0.00300765221135489 7.766270908851758e-06 0.0006632976227274174 1.124350946433661e-06 1.291486011110968e-05 1.6501252091428387e-06 9.462149784183715e-06 2.7686307220209564e-05 0.003414199981775454 0.0005613311964300245 0.0015374312754036124 9.559861135703102e-07 9.569354526134411e-07
76 9.22371209955287e-07 9.323310754855239e-07 9.269916554225742e-07 9.939335914448728e-07 9.241188012735513e-07 0.06600248535009702 9.71397975249707e-07 0.46792251545886926 9.042317550584749e-07 0.05018702416213437 0.0003904448047709233 0.18168205505128704 9.005727360996498e-07 0.00011441102198572635 0.00013565082743961093 0.0001151978258202272 3.227837105101936e-05 0.00300765221135489 7.766270908851758e-06 0.0006632976227274174 1.124350946433661e-06 1.291486011110968e-05 1.6501252091428387e-06 9.462149784183715e-06 2.7686307220209564e-05 0.003414199981775454 0.0005613311964300245 0.0015374312754036124 9.559861135703102e-07 9.569354526134411e-07
77 9.22371209955287e-07 9.323310754855239e-07 9.269916554225742e-07 9.939335914448728e-07 9.241188012735513e-07 0.06600248535009702 9.71397975249707e-07 0.46792251545886926 9.042317550584749e-07 0.05018702416213437 0.0003904448047709233 0.18168205505128704 9.005727360996498e-07 0.00011441102198572635 0.00013565082743961093 0.0001151978258202272 3.227837105101936e-05 0.00300765221135489 7.766270908851758e-06 0.0006632976227274174 1.124350946433661e-06 1.291486011110968e-05 1.6501252091428387e-06 9.462149784183715e-06 2.7686307220209564e-05 0.003414199981775454 0.0005613311964300245 0.0015374312754036124 9.559861135703102e-07 9.569354526134411e-07
78 9.22371209955287e-07 9.323310754855239e-07 9.269916554225742e-07 9.939335914448728e-07 9.241188012735513e-07 0.06600248535009702 9.71397975249707e-07 0.46792251545886926 9.042317550584749e-07 0.05018702416213437 0.0003904448047709233 0.18168205505128704 9.005727360996498e-07 0.00011441102198572635 0.00013565082743961093 0.0001151978258202272 3.227837105101936e-05 0.00300765221135489 7.766270908851758e-06 0.0006632976227274174 1.124350946433661e-06 1.291486011110968e-05 1.6501252091428387e-06 9.462149784183715e-06 2.7686307220209564e-05 0.003414199981775454 0.0005613311964300245 0.0015374312754036124 9.559861135703102e-07 9.569354526134411e-07
79 9.22371209955287e-07 9.323310754855239e-07 9.269916554225742e-07 9.939335914448728e-07 9.241188012735513e-07 0.06600248535009702 9.71397975249707e-07 0.46792251545886926 9.042317550584749e-07 0.05018702416213437 0.0003904448047709233 0.18168205505128704 9.005727360996498e-07 0.00011441102198572635 0.00013565082743961093 0.0001151978258202272 3.227837105101936e-05 0.00300765221135489 7.766270908851758e-06 0.0006632976227274174 1.124350946433661e-06 1.291486011110968e-05 1.6501252091428387e-06 9.462149784183715e-06 2.7686307220209564e-05 0.003414199981775454 0.0005613311964300245 0.0015374312754036124 9.559861135703102e-07 9.569354526134411e-07
80 9.22371209955287e-07 9.323310754855239e-07 9.269916554225742e-07 9.939335914448728e-07 9.241188012735513e-07 0.06600248535009702 9.71397975249707e-07 0.46792251545886926 9.042317550584749e-07 0.05018702416213437 0.0003904448047709233 0.18168205505128704 9.005727360996498e-07 0.00011441102198572635 0.00013565082743961093 0.0001151978258202272 3.227837105101936e-05 0.00300765221135489 7.766270908851758e-06 0.0006632976227274174 1.124350946433661e-06 1.291486011110968e-05 1.6501252091428387e-06 9.462149784183715e-06 2.7686307220209564e-05 0.003414199981775454 0.0005613311964300245 0.0015374312754036124 9.559861135703102e-07 9.569354526134411e-07
81 9.22371209955287e-07 9.323310754855239e-07 9.269916554225742e-07 9.939335914448728e-07 9.241188012735513e-07 0.06600248535009702 9.71397975249707e-07 0.46792251545886926 9.042317550584749e-07 0.05018702416213437 0.0003904448047709233 0.18168205505128704 9.005727360996498e-07 0.00011441102198572635 0.00013565082743961093 0.0001151978258202272 3.227837105101936e-05 0.00300765221135489 7.766270908851758e-06 0.0006632976227274174 1.124350946433661e-06 1.291486011110968e-05 1.6501252091428387e-06 9.462149784183715e-06 2.7686307220209564e-05 0.003414199981775454 0.0005613311964300245 0.0015374312754036124 9.559861135703102e-07 9.569354526134411e-07
82 9.22371209955287e-07 9.323310754855239e-07 9.269916554225742e-07 9.939335914448728e-07 9.241188012735513e-07 0.06600248535009702 9.71397975249707e-07 0.46792251545886926 9.042317550584749e-07 0.05018702416213437 0.0003904448047709233 0.18168205505128704 9.005727360996498e-07 0.00011441102198572635 0.00013565082743961093 0.0001151978258202272 3.227837105101936e-05 0.00300765221135489 7.766270908851758e-06 0.0006632976227274174 1.124350946433661e-06 1.291486011110968e-05 1.6501252091428387e-06 9.462149784183715e-06 2.7686307220209564e-05 0.003414199981775454 0.0005613311964300245 0.0015374312754036124 9.559861135703102e-07 9.569354526134411e-07
83 9.22371209955287e-07 9.323310754855239e-07 9.269916554225742e-07 9.939335914448728e-07 9.241188012735513e-07 0.06600248535009702 9.71397975249707e-07 0.46792251545886926 9.042317550584749e-07 0.05018702416213437 0.0003904448047709233 0.18168205505128704 9.005727360996498e-07 0.00011441102198572635 0.00013565082743961093 0.0001151978258202272 3.227837105101936e-05 0.00300765221135489 7.766270908851758e-06 0.0006632976227274174 1.124350946433661e-06 1.291486011110968e-05 1.6501252091428387e-06 9.462149784183715e-06 2.7686307220209564e-05 0.003414199981775454 0.0005613311964300245 0.0015374312754036124 9.559861135703102e-07 9.569354526134411e-07
84 9.22371209955287e-07 9.323310754855239e-07 9.269916554225742e-07 9.939335914448728e-07 9.241188012735513e-07 0.06600248535009702 9.71397975249707e-07 0.46792251545886926 9.042317550584749e-07 0.05018702416213437 0.0003904448047709233 0.18168205505128704 9.005727360996498e-07 0.00011441102198572635 0.00013565082743961093 0.0001151978258202272 3.227837105101936e-05 0.00300765221135489 7.766270908851758e-06 0.0006632976227274174 1.124350946433661e-06 1.291486011110968e-05 1.6501252091428387e-06 9.462149784183715e-06 2.7686307220209564e-05 0.003414199981775454 0.0005613311964300245 0.0015374312754036124 9.559861135703102e-07 9.569354526134411e-07
85 9.22371209955287e-07 9.323310754855239e-07 9.269916554225742e-07 9.939335914448728e-07 9.241188012735513e-07 0.06600248535009702 9.71397975249707e-07 0.46792251545886926 9.042317550584749e-07 0.05018702416213437 0.0003904448047709233 0.18168205505128704 9.005727360996498e-07 0.00011441102198572635 0.00013565082743961093 0.0001151978258202272 3.227837105101936e-05 0.00300765221135489 7.766270908851758e-06 0.0006632976227274174 1.124350946433661e-06 1.291486011110968e-05 1.6501252091428387e-06 9.462149784183715e-06 2.7686307220209564e-05 0.003414199981775454 0.0005613311964300245 0.0015374312754036124 9.559861135703102e-07 9.569354526134411e-07
86 9.22371209955287e-07 9.323310754855239e-07 9.269916554225742e-07 9.939335914448728e-07 9.241188012735513e-07 0.06600248535009702 9.71397975249707e-07 0.46792251545886926 9.042317550584749e-07 0.05018702416213437 0.0003904448047709233 0.18168205505128704 9.005727360996498e-07 0.00011441102198572635 0.00013565082743961093 0.0001151978258202272 3.227837105101936e-05 0.00300765221135489 7.766270908851758e-06 0.0006632976227274174 1.124350946433661e-06 1.291486011110968e-05 1.6501252091428387e-06 9.462149784183715e-06 2.7686307220209564e-05 0.003414199981775454 0.0005613311964300245 0.0015374312754036124 9.559861135703102e-07 9.569354526134411e-07
87 9.22371209955287e-07 9.323310754855239e-07 9.269916554225742e-07 9.939335914448728e-07 9.241188012735513e-07 0.06600248535009702 9.71397975249707e-07 0.46792251545886926 9.042317550584749e-07 0.05018702416213437 0.0003904448047709233 0.18168205505128704 9.005727360996498e-07 0.00011441102198572635 0.00013565082743961093 0.0001151978258202272 3.227837105101936e-05 0.00300765221135489 7.766270908851758e-06 0.0006632976227274174 1.124350946433661e-06 1.291486011110968e-05 1.6501252091428387e-06 9.462149784183715e-06 2.7686307220209564e-05 0.003414199981775454 0.0005613311964300245 0.0015374312754036124 9.559861135703102e-07 9.569354526134411e-07
88 9.22371209955287e-07 9.323310754855239e-07 9.269916554225742e-07 9.939335914448728e-07 9.241188012735513e-07 0.06600248535009702 9.71397975249707e-07 0.46792251545886926 9.042317550584749e-07 0.05018702416213437 0.0003904448047709233 0.18168205505128704 9.005727360996498e-07 0.00011441102198572635 0.00013565082743961093 0.0001151978258202272 3.227837105101936e-05 0.00300765221135489 7.766270908851758e-06 0.0006632976227274174 1.124350946433661e-06 1.291486011110968e-05 1.6501252091428387e-06 9.462149784183715e-06 2.7686307220209564e-05 0.003414199981775454 0.0005613311964300245 0.0015374312754036124 9.559861135703102e-07 9.569354526134411e-07
89 9.22371209955287e-07 9.323310754855239e-07 9.269916554225742e-07 9.939335914448728e-07 9.241188012735513e-07 0.06600248535009702 9.71397975249707e-07 0.46792251545886926 9.042317550584749e-07 0.05018702416213437 0.0003904448047709233 0.18168205505128704 9.005727360996498e-07 0.00011441102198572635 0.00013565082743961093 0.0001151978258202272 3.227837105101936e-05 0.00300765221135489 7.766270908851758e-06 0.0006632976227274174 1.124350946433661e-06 1.291486011110968e-05 1.6501252091428387e-06 9.462149784183715e-06 2.7686307220209564e-05 0.003414199981775454 0.0005613311964300245 0.0015374312754036124 9.559861135703102e-07 9.569354526134411e-07
90 9.22371209955287e-07 9.323310754855239e-07 9.269916554225742e-07 9.939335914448728e-07 9.241188012735513e-07 0.06600248535009702 9.71397975249707e-07 0.46792251545886926 9.042317550584749e-07 0.05018702416213437 0.0003904448047709233 0.18168205505128704 9.005727360996498e-07 0.00011441102198572635 0.00013565082743961093 0.0001151978258202272 3.227837105101936e-05 0.00300765221135489 7.766270908851758e-06 0.0006632976227274174 1.124350946433661e-06 1.291486011110968e-05 1.6501252091428387e-06 9.462149784183715e-06 2.7686307220209564e-05 0.003414199981775454 0.0005613311964300245 0.0015374312754036124 9.559861135703102e-07 9.569354526134411e-07
91 9.22371209955287e-07 9.323310754855239e-07 9.269916554225742e-07 9.939335914448728e-07 9.241188012735513e-07 0.06600248535009702 9.71397975249707e-07 0.46792251545886926 9.042317550584749e-07 0.05018702416213437 0.0003904448047709233 0.18168205505128704 9.005727360996498e-07 0.00011441102198572635 0.00013565082743961093 0.0001151978258202272 3.227837105101936e-05 0.00300765221135489 7.766270908851758e-06 0.0006632976227274174 1.124350946433661e-06 1.291486011110968e-05 1.6501252091428387e-06 9.462149784183715e-06 2.7686307220209564e-05 0.003414199981775454 0.0005613311964300245 0.0015374312754036124 9.559861135703102e-07 9.569354526134411e-07
92 9.22371209955287e-07 9.323310754855239e-07 9.269916554225742e-07 9.939335914448728e-07 9.241188012735513e-07 0.06600248535009702 9.71397975249707e-07 0.46792251545886926 9.042317550584749e-07 0.05018702416213437 0.0003904448047709233 0.18168205505128704 9.005727360996498e-07 0.00011441102198572635 0.00013565082743961093 0.0001151978258202272 3.227837105101936e-05 0.00300765221135489 7.766270908851758e-06 0.0006632976227274174 1.124350946433661e-06 1.291486011110968e-05 1.6501252091428387e-06 9.462149784183715e-06 2.7686307220209564e-05 0.003414199981775454 0.0005613311964300245 0.0015374312754036124 9.559861135703102e-07 9.569354526134411e-07
93 9.22371209955287e-07 9.323310754855239e-07 9.269916554225742e-07 9.939335914448728e-07 9.241188012735513e-07 0.06600248535009702 9.71397975249707e-07 0.46792251545886926 9.042317550584749e-07 0.05018702416213437 0.0003904448047709233 0.18168205505128704 9.005727360996498e-07 0.00011441102198572635 0.00013565082743961093 0.0001151978258202272 3.227837105101936e-05 0.00300765221135489 7.766270908851758e-06 0.0006632976227274174 1.124350946433661e-06 1.291486011110968e-05 1.6501252091428387e-06 9.462149784183715e-06 2.7686307220209564e-05 0.003414199981775454 0.0005613311964300245 0.0015374312754036124 9.559861135703102e-07 9.569354526134411e-07
94 9.22371209955287e-07 9.323310754855239e-07 9.269916554225742e-07 9.939335914448728e-07 9.241188012735513e-07 0.06600248535009702 9.71397975249707e-07 0.46792251545886926 9.042317550584749e-07 0.05018702416213437 0.0003904448047709233 0.18168205505128704 9.005727360996498e-07 0.00011441102198572635 0.00013565082743961093 0.0001151978258202272 3.227837105101936e-05 0.00300765221135489 7.766270908851758e-06 0.0006632976227274174 1.124350946433661e-06 1.291486011110968e-05 1.6501252091428387e-06 9.462149784183715e-06 2.7686307220209564e-05 0.003414199981775454 0.0005613311964300245 0.0015374312754036124 9.559861135703102e-07 9.569354526134411e-07
95 9.22371209955287e-07 9.323310754855239e-07 9.269916554225742e-07 9.939335914448728e-07 9.241188012735513e-07 0.06600248535009702 9.71397975249707e-07 0.46792251545886926 9.042317550584749e-07 0.05018702416213437 0.0003904448047709233 0.18168205505128704 9.005727360996498e-07 0.00011441102198572635 0.00013565082743961093 0.0001151978258202272 3.227837105101936e-05 0.00300765221135489 7.766270908851758e-06 0.0006632976227274174 1.124350946433661e-06 1.291486011110968e-05 1.6501252091428387e-06 9.462149784183715e-06 2.7686307220209564e-05 0.003414199981775454 0.0005613311964300245 0.0015374312754036124 9.559861135703102e-07 9.569354526134411e-07
96 9.22371209955287e-07 9.323310754855239e-07 9.269916554225742e-07 9.939335914448728e-07 9.241188012735513e-07 0.06600248535009702 9.71397975249707e-07 0.46792251545886926 9.042317550584749e-07 0.05018702416213437 0.0003904448047709233 0.18168205505128704 9.005727360996498e-07 0.00011441102198572635 0.00013565082743961093 0.0001151978258202272 3.227837105101936e-05 0.00300765221135489 7.766270908851758e-06 0.0006632976227274174 1.124350946433661e-06 1.291486011110968e-05 1.6501252091428387e-06 9.462149784183715e-06 2.7686307220209564e-05 0.003414199981775454 0.0005613311964300245 0.0015374312754036124 9.559861135703102e-07 9.569354526134411e-07
97 9.22371209955287e-07 9.323310754855239e-07 9.269916554225742e-07 9.939335914448728e-07 9.241188012735513e-07 0.06600248535009702 9.71397975249707e-07 0.46792251545886926 9.042317550584749e-07 0.05018702416213437 0.0003904448047709233 0.18168205505128704 9.005727360996498e-07 0.00011441102198572635 0.00013565082743961093 0.0001151978258202272 3.227837105101936e-05 0.00300765221135489 7.766270908851758e-06 0.0006632976227274174 1.124350946433661e-06 1.291486011110968e-05 1.6501252091428387e-06 9.462149784183715e-06 2.7686307220209564e-05 0.003414199981775454 0.0005613311964300245 0.0015374312754036124 9.559861135703102e-07 9.569354526134411e-07
98 9.22371209955287e-07 9.323310754855239e-07 9.269916554225742e-07 9.939335914448728e-07 9.241188012735513e-07 0.06600248535009702 9.71397975249707e-07 0.46792251545886926 9.042317550584749e-07 0.05018702416213437 0.0003904448047709233 0.18168205505128704 9.005727360996498e-07 0.00011441102198572635 0.00013565082743961093 0.0001151978258202272 3.227837105101936e-05 0.00300765221135489 7.766270908851758e-06 0.0006632976227274174 1.124350946433661e-06 1.291486011110968e-05 1.6501252091428387e-06 9.462149784183715e-06 2.7686307220209564e-05 0.003414199981775454 0.0005613311964300245 0.0015374312754036124 9.559861135703102e-07 9.569354526134411e-07
99 9.22371209955287e-07 9.323310754855239e-07 9.269916554225742e-07 9.939335914448728e-07 9.241188012735513e-07 0.06600248535009702 9.71397975249707e-07 0.46792251545886926 9.042317550584749e-07 0.05018702416213437 0.0003904448047709233 0.18168205505128704 9.005727360996498e-07 0.00011441102198572635 0.00013565082743961093 0.0001151978258202272 3.227837105101936e-05 0.00300765221135489 7.766270908851758e-06 0.0006632976227274174 1.124350946433661e-06 1.291486011110968e-05 1.6501252091428387e-06 9.462149784183715e-06 2.7686307220209564e-05 0.003414199981775454 0.0005613311964300245 0.0015374312754036124 9.559861135703102e-07 9.569354526134411e-07
100 9.22371209955287e-07 9.323310754855239e-07 9.269916554225742e-07 9.939335914448728e-07 9.241188012735513e-07 0.06600248535009702 9.71397975249707e-07 0.46792251545886926 9.042317550584749e-07 0.05018702416213437 0.0003904448047709233 0.18168205505128704 9.005727360996498e-07 0.00011441102198572635 0.00013565082743961093 0.0001151978258202272 3.227837105101936e-05 0.00300765221135489 7.766270908851758e-06 0.0006632976227274174 1.124350946433661e-06 1.291486011110968e-05 1.6501252091428387e-06 9.462149784183715e-06 2.7686307220209564e-05 0.003414199981775454 0.0005613311964300245 0.0015374312754036124 9.559861135703102e-07 9.569354526134411e-07
101 9.22371209955287e-07 9.323310754855239e-07 9.269916554225742e-07 9.939335914448728e-07 9.241188012735513e-07 0.06600248535009702 9.71397975249707e-07 0.46792251545886926 9.042317550584749e-07 0.05018702416213437 0.0003904448047709233 0.18168205505128704 9.005727360996498e-07 0.00011441102198572635 0.00013565082743961093 0.0001151978258202272 3.227837105101936e-05 0.00300765221135489 7.766270908851758e-06 0.0006632976227274174 1.124350946433661e-06 1.291486011110968e-05 1.6501252091428387e-06 9.462149784183715e-06 2.7686307220209564e-05 0.003414199981775454 0.0005613311964300245 0.0015374312754036124 9.559861135703102e-07 9.569354526134411e-07
102 9.22371209955287e-07 9.323310754855239e-07 9.269916554225742e-07 9.939335914448728e-07 9.241188012735513e-07 0.06600248535009702 9.71397975249707e-07 0.46792251545886926 9.042317550584749e-07 0.05018702416213437 0.0003904448047709233 0.18168205505128704 9.005727360996498e-07 0.00011441102198572635 0.00013565082743961093 0.0001151978258202272 3.227837105101936e-05 0.00300765221135489 7.766270908851758e-06 0.0006632976227274174 1.124350946433661e-06 1.291486011110968e-05 1.6501252091428387e-06 9.462149784183715e-06 2.7686307220209564e-05 0.003414199981775454 0.0005613311964300245 0.0015374312754036124 9.559861135703102e-07 9.569354526134411e-07
103 9.22371209955287e-07 9.323310754855239e-07 9.269916554225742e-07 9.939335914448728e-07 9.241188012735513e-07 0.06600248535009702 9.71397975249707e-07 0.46792251545886926 9.042317550584749e-07 0.05018702416213437 0.0003904448047709233 0.18168205505128704 9.005727360996498e-07 0.00011441102198572635 0.00013565082743961093 0.0001151978258202272 3.227837105101936e-05 0.00300765221135489 7.766270908851758e-06 0.0006632976227274174 1.124350946433661e-06 1.291486011110968e-05 1.6501252091428387e-06 9.462149784183715e-06 2.7686307220209564e-05 0.003414199981775454 0.0005613311964300245 0.0015374312754036124 9.559861135703102e-07 9.569354526134411e-07
104 9.22371209955287e-07 9.323310754855239e-07 9.269916554225742e-07 9.939335914448728e-07 9.241188012735513e-07 0.06600248535009702 9.71397975249707e-07 0.46792251545886926 9.042317550584749e-07 0.05018702416213437 0.0003904448047709233 0.18168205505128704 9.005727360996498e-07 0.00011441102198572635 0.00013565082743961093 0.0001151978258202272 3.227837105101936e-05 0.00300765221135489 7.766270908851758e-06 0.0006632976227274174 1.124350946433661e-06 1.291486011110968e-05 1.6501252091428387e-06 9.462149784183715e-06 2.7686307220209564e-05 0.003414199981775454 0.0005613311964300245 0.0015374312754036124 9.559861135703102e-07 9.569354526134411e-07
105 9.22371209955287e-07 9.323310754855239e-07 9.269916554225742e-07 9.939335914448728e-07 9.241188012735513e-07 0.06600248535009702 9.71397975249707e-07 0.46792251545886926 9.042317550584749e-07 0.05018702416213437 0.0003904448047709233 0.18168205505128704 9.005727360996498e-07 0.00011441102198572635 0.00013565082743961093 0.0001151978258202272 3.227837105101936e-05 0.00300765221135489 7.766270908851758e-06 0.0006632976227274174 1.124350946433661e-06 1.291486011110968e-05 1.6501252091428387e-06 9.462149784183715e-06 2.7686307220209564e-05 0.003414199981775454 0.0005613311964300245 0.0015374312754036124 9.559861135703102e-07 9.569354526134411e-07
106 9.22371209955287e-07 9.323310754855239e-07 9.269916554225742e-07 9.939335914448728e-07 9.241188012735513e-07 0.06600248535009702 9.71397975249707e-07 0.46792251545886926 9.042317550584749e-07 0.05018702416213437 0.0003904448047709233 0.18168205505128704 9.005727360996498e-07 0.00011441102198572635 0.00013565082743961093 0.0001151978258202272 3.227837105101936e-05 0.00300765221135489 7.766270908851758e-06 0.0006632976227274174 1.124350946433661e-06 1.291486011110968e-05 1.6501252091428387e-06 9.462149784183715e-06 2.7686307220209564e-05 0.003414199981775454 0.0005613311964300245 0.0015374312754036124 9.559861135703102e-07 9.569354526134411e-07
107 9.22371209955287e-07 9.323310754855239e-07 9.269916554225742e-07 9.939335914448728e-07 9.241188012735513e-07 0.06600248535009702 9.71397975249707e-07 0.46792251545886926 9.042317550584749e-07 0.05018702416213437 0.0003904448047709233 0.18168205505128704 9.005727360996498e-07 0.00011441102198572635 0.00013565082743961093 0.0001151978258202272 3.227837105101936e-05 0.00300765221135489 7.766270908851758e-06 0.0006632976227274174 1.124350946433661e-06 1.291486011110968e-05 1.6501252091428387e-06 9.462149784183715e-06 2.7686307220209564e-05 0.003414199981775454 0.0005613311964300245 0.0015374312754036124 9.559861135703102e-07 9.569354526134411e-07
108 9.22371209955287e-07 9.323310754855239e-07 9.269916554225742e-07 9.939335914448728e-07 9.241188012735513e-07 0.06600248535009702 9.71397975249707e-07 0.46792251545886926 9.042317550584749e-07 0.05018702416213437 0.0003904448047709233 0.18168205505128704 9.005727360996498e-07 0.00011441102198572635 0.00013565082743961093 0.0001151978258202272 3.227837105101936e-05 0.00300765221135489 7.766270908851758e-06 0.0006632976227274174 1.124350946433661e-06 1.291486011110968e-05 1.6501252091428387e-06 9.462149784183715e-06 2.7686307220209564e-05 0.003414199981775454 0.0005613311964300245 0.0015374312754036124 9.559861135703102e-07 9.569354526134411e-07
