# index Z=1 - Z=30
0 7.575939414580836e-07 0.012354156183408897 7.466449104339419e-07 7.573768710842166e-07 7.784155619803569e-07 1.7731440167738902e-06 7.699384576206282e-07 0.004375922790703283 7.543468930808691e-07 8.141297882755731e-07 7.426444586100125e-07 8.710277779392888e-05 7.426909374381984e-07 0.028728281682445993 2.10852107995619e-06 8.59174847344199e-05 9.899409357598783e-07 0.00814007782740795 1.1145035867583022e-06 0.016103079657409286 7.428467034893902e-07 0.00013500404313652748 0.00033232028699191194 2.131328903427433e-05 0.006710675713938561 0.25983899201208827 0.17467807706516678 0.212219781203759 7.545539818278671e-07 7.505103299285476e-07
1 7.575939414580836e-07 0.012354156183408897 7.466449104339419e-07 7.573768710842166e-07 7.784155619803569e-07 1.7731440167738902e-06 7.699384576206282e-07 0.004375922790703283 7.543468930808691e-07 8.141297882755731e-07 7.426444586100125e-07 8.710277779392888e-05 7.426909374381984e-07 0.028728281682445993 2.10852107995619e-06 8.59174847344199e-05 9.899409357598783e-07 0.00814007782740795 1.1145035867583022e-06 0.016103079657409286 7.428467034893902e-07 0.00013500404313652748 0.00033232028699191194 2.131328903427433e-05 0.006710675713938561 0.25983899201208827 0.17467807706516678 0.212219781203759 7.545539818278671e-07 7.505103299285476e-07
2 7.575939414580836e-07 0.012354156183408897 7.466449104339419e-07 7.573768710842166e-07 7.784155619803569e-07 1.7731440167738902e-06 7.699384576206282e-07 0.004375922790703283 7.543468930808691e-07 8.141297882755731e-07 7.426444586100125e-07 8.710277779392888e-05 7.426909374381984e-07 0.028728281682445993 2.10852107995619e-06 8.59174847344199e-05 9.899409357598783e-07 0.00814007782740795 1.1145035867583022e-06 0.016103079657409286 7.428467034893902e-07 0.00013500404313652748 0.00033232028699191194 2.131328903427433e-05 0.006710675713938561 0.25983899201208827 0.17467807706516678 0.212219781203759 7.545539818278671e-07 7.505103299285476e-07
3 7.575939414580836e-07 0.012354156183408897 7.466449104339419e-07 7.573768710842166e-07 7.784155619803569e-07 1.7731440167738902e-06 7.699384576206282e-07 0.004375922790703283 7.543468930808691e-07 8.141297882755731e-07 7.426444586100125e-07 8.710277779392888e-05 7.426909374381984e-07 0.028728281682445993 2.10852107995619e-06 8.59174847344199e-05 9.899409357598783e-07 0.00814007782740795 1.1145035867583022e-06 0.016103079657409286 7.428467034893902e-07 0.00013500404313652748 0.00033232028699191194 2.131328903427433e-05 0.006710675713938561 0.25983899201208827 0.17467807706516678 0.212219781203759 7.545539818278671e-07 7.505103299285476e-07
4 7.575939414580836e-07 0.012354156183408897 7.466449104339419e-07 7.573768710842166e-07 7.784155619803569e-07 1.7731440167738902e-06 7.699384576206282e-07 0.004375922790703283 7.543468930808691e-07 8.141297882755731e-07 7.426444586100125e-07 8.710277779392888e-05 7.426909374381984e-07 0.028728281682445993 2.10852107995619e-06 8.59174847344199e-05 9.899409357598783e-07 0.00814007782740795 1.1145035867583022e-06 0.016103079657409286 7.428467034893902e-07 0.00013500404313652748 0.00033232028699191194 2.131328903427433e-05 0.006710675713938561 0.25983899201208827 0.17467807706516678 0.212219781203759 7.545539818278671e-07 7.505103299285476e-07
5 7.575939414580836e-07 0.012354156183408897 7.466449104339419e-07 7.573768710842166e-07 7.784155619803569e-07 1.7731440167738902e-06 7.699384576206282e-07 0.004375922790703283 7.543468930808691e-07 8.141297882755731e-07 7.426444586100125e-07 8.710277779392888e-05 7.426909374381984e-07 0.028728281682445993 2.10852107995619e-06 8.59174847344199e-05 9.899409357598783e-07 0.00814007782740795 1.1145035867583022e-06 0.016103079657409286 7.428467034893902e-07 0.00013500404313652748 0.00033232028699191194 2.131328903427433e-05 0.006710675713938561 0.25983899201208827 0.17467807706516678 0.212219781203759 7.545539818278671e-07 7.505103299285476e-07
6 7.575939414580836e-07 0.012354156183408897 7.466449104339419e-07 7.573768710842166e-07 7.784155619803569e-07 1.7731440167738902e-06 7.699384576206282e-07 0.004375922790703283 7.543468930808691e-07 8.141297882755731e-07 7.426444586100125e-07 8.710277779392888e-05 7.426909374381984e-07 0.028728281682445993 2.10852107995619e-06 8.59174847344199e-05 9.899409357598783e-07 0.00814007782740795 1.1145035867583022e-06 0.016103079657409286 7.428467034893902e-07 0.00013500404313652748 0.00033232028699191194 2.131328903427433e-05 0.006710675713938561 0.25983899201208827 0.17467807706516678 0.212219781203759 7.545539818278671e-07 7.505103299285476e-07
7 7.575939414580836e-07 0.012354156183408897 7.466449104339419e-07 7.573768710842166e-07 7.784155619803569e-07 1.7731440167738902e-06 7.699384576206282e-07 0.004375922790703283 7.543468930808691e-07 8.141297882755731e-07 7.426444586100125e-07 8.710277779392888e-05 7.426909374381984e-07 0.028728281682445993 2.10852107995619e-06 8.59174847344199e-05 9.899409357598783e-07 0.00814007782740795 1.1145035867583022e-06 0.016103079657409286 7.428467034893902e-07 0.00013500404313652748 0.00033232028699191194 2.131328903427433e-05 0.006710675713938561 0.25983899201208827 0.17467807706516678 0.212219781203759 7.545539818278671e-07 7.505103299285476e-07
8 7.575939414580836e-07 0.012354156183408897 7.466449104339419e-07 7.573768710842166e-07 7.784155619803569e-07 1.7731440167738902e-06 7.699384576206282e-07 0.004375922790703283 7.543468930808691e-07 8.141297882755731e-07 7.426444586100125e-07 8.710277779392888e-05 7.426909374381984e-07 0.028728281682445993 2.10852107995619e-06 8.59174847344199e-05 9.899409357598783e-07 0.00814007782740795 1.1145035867583022e-06 0.016103079657409286 7.428467034893902e-07 0.00013500404313652748 0.00033232028699191194 2.131328903427433e-05 0.006710675713938561 0.25983899201208827 0.17467807706516678 0.212219781203759 7.545539818278671e-07 7.505103299285476e-07
9 7.575939414580836e-07 0.012354156183408897 7.466449104339419e-07 7.573768710842166e-07 7.784155619803569e-07 1.7731440167738902e-06 7.699384576206282e-07 0.004375922790703283 7.543468930808691e-07 8.141297882755731e-07 7.426444586100125e-07 8.710277779392888e-05 7.426909374381984e-07 0.028728281682445993 2.10852107995619e-06 8.59174847344199e-05 9.899409357598783e-07 0.00814007782740795 1.1145035867583022e-06 0.016103079657409286 7.428467034893902e-07 0.00013500404313652748 0.00033232028699191194 2.131328903427433e-05 0.006710675713938561 0.25983899201208827 0.17467807706516678 0.212219781203759 7.545539818278671e-07 7.505103299285476e-07
10 7.575939414580836e-07 0.012354156183408897 7.466449104339419e-07 7.573768710842166e-07 7.784155619803569e-07 1.7731440167738902e-06 7.699384576206282e-07 0.004375922790703283 7.543468930808691e-07 8.141297882755731e-07 7.426444586100125e-07 8.710277779392888e-05 7.426909374381984e-07 0.028728281682445993 2.10852107995619e-06 8.59174847344199e-05 9.899409357598783e-07 0.00814007782740795 1.1145035867583022e-06 0.016103079657409286 7.428467034893902e-07 0.00013500404313652748 0.00033232028699191194 2.131328903427433e-05 0.006710675713938561 0.25983899201208827 0.17467807706516678 0.212219781203759 7.545539818278671e-07 7.505103299285476e-07
11 7.575939414580836e-07 0.012354156183408897 7.466449104339419e-07 7.573768710842166e-07 7.784155619803569e-07 1.7731440167738902e-06 7.699384576206282e-07 0.004375922790703283 7.543468930808691e-07 8.141297882755731e-07 7.426444586100125e-07 8.710277779392888e-05 7.426909374381984e-07 0.028728281682445993 2.10852107995619e-06 8.59174847344199e-05 9.899409357598783e-07 0.00814007782740795 1.1145035867583022e-06 0.016103079657409286 7.428467034893902e-07 0.00013500404313652748 0.00033232028699191194 2.131328903427433e-05 0.006710675713938561 0.25983899201208827 0.17467807706516678 0.212219781203759 7.545539818278671e-07 7.505103299285476e-07
12 5.950014348042189e-07 0.0026398869031944655 5.878230044977145e-07 6.139293023877927e-07 6.203685115629018e-07 1.0897653916428788e-06 6.003726851421641e-07 0.003120773276957356 5.750448638799518e-07 6.574922590870635e-07 6.036604361498402e-07 0.0015133986307940732 5.97657074328612e-07 0.013430414856718123 3.885782541876242e-06 0.0005444569964349769 1.7506308606692079e-06 0.008804607822346792 1.025607251677757e-06 0.01760327800775558 5.171958065783382e-07 7.747261856607891e-05 0.0005265204954558928 1.5832523883066062e-05 0.01787226121993241 0.154724165274405 0.17416469403034213 0.28786876258962163 5.924629669461089e-07 5.88435813094655e-07
13 5.950014348042189e-07 0.0026398869031944655 5.878230044977145e-07 6.139293023877927e-07 6.203685115629018e-07 1.0897653916428788e-06 6.003726851421641e-07 0.003120773276957356 5.750448638799518e-07 6.574922590870635e-07 6.036604361498402e-07 0.0015133986307940732 5.97657074328612e-07 0.013430414856718123 3.885782541876242e-06 0.0005444569964349769 1.7506308606692079e-06 0.008804607822346792 1.025607251677757e-06 0.01760327800775558 5.171958065783382e-07 7.747261856607891e-05 0.0005265204954558928 1.5832523883066062e-05 0.01787226121993241 0.154724165274405 0.17416469403034213 0.28786876258962163 5.924629669461089e-07 5.88435813094655e-07
14 5.950014348042189e-07 0.0026398869031944655 5.878230044977145e-07 6.139293023877927e-07 6.203685115629018e-07 1.0897653916428788e-06 6.003726851421641e-07 0.003120773276957356 5.750448638799518e-07 6.574922590870635e-07 6.036604361498402e-07 0.0015133986307940732 5.97657074328612e-07 0.013430414856718123 3.885782541876242e-06 0.0005444569964349769 1.7506308606692079e-06 0.008804607822346792 1.025607251677757e-06 0.01760327800775558 5.171958065783382e-07 7.747261856607891e-05 0.0005265204954558928 1.5832523883066062e-05 0.01787226121993241 0.154724165274405 0.17416469403034213 0.28786876258962163 5.924629669461089e-07 5.88435813094655e-07
15 5.950014348042189e-07 0.0026398869031944655 5.878230044977145e-07 6.139293023877927e-07 6.203685115629018e-07 1.0897653916428788e-06 6.003726851421641e-07 0.003120773276957356 5.750448638799518e-07 6.574922590870635e-07 6.036604361498402e-07 0.0015133986307940732 5.97657074328612e-07 0.013430414856718123 3.885782541876242e-06 0.0005444569964349769 1.7506308606692079e-06 0.008804607822346792 1.025607251677757e-06 0.01760327800775558 5.171958065783382e-07 7.747261856607891e-05 0.0005265204954558928 1.5832523883066062e-05 0.01787226121993241 0.154724165274405 0.17416469403034213 0.28786876258962163 5.924629669461089e-07 5.88435813094655e-07
16 5.950014348042189e-07 0.0026398869031944655 5.878230044977145e-07 6.139293023877927e-07 6.203685115629018e-07 1.0897653916428788e-06 6.003726851421641e-07 0.003120773276957356 5.750448638799518e-07 6.574922590870635e-07 6.036604361498402e-07 0.0015133986307940732 5.97657074328612e-07 0.013430414856718123 3.885782541876242e-06 0.0005444569964349769 1.7506308606692079e-06 0.008804607822346792 1.025607251677757e-06 0.01760327800775558 5.171958065783382e-07 7.747261856607891e-05 0.0005265204954558928 1.5832523883066062e-05 0.01787226121993241 0.154724165274405 0.17416469403034213 0.28786876258962163 5.924629669461089e-07 5.88435813094655e-07
17 5.950014348042189e-07 0.0026398869031944655 5.878230044977145e-07 6.139293023877927e-07 6.203685115629018e-07 1.0897653916428788e-06 6.003726851421641e-07 0.003120773276957356 5.750448638799518e-07 6.574922590870635e-07 6.036604361498402e-07 0.0015133986307940732 5.97657074328612e-07 0.013430414856718123 3.885782541876242e-06 0.0005444569964349769 1.7506308606692079e-06 0.008804607822346792 1.025607251677757e-06 0.01760327800775558 5.171958065783382e-07 7.747261856607891e-05 0.0005265204954558928 1.5832523883066062e-05 0.01787226121993241 0.154724165274405 0.17416469403034213 0.28786876258962163 5.924629669461089e-07 5.88435813094655e-07
18 5.950014348042189e-07 0.0026398869031944655 5.878230044977145e-07 6.139293023877927e-07 6.203685115629018e-07 1.0897653916428788e-06 6.003726851421641e-07 0.003120773276957356 5.750448638799518e-07 6.574922590870635e-07 6.036604361498402e-07 0.0015133986307940732 5.97657074328612e-07 0.013430414856718123 3.885782541876242e-06 0.0005444569964349769 1.7506308606692079e-06 0.008804607822346792 1.025607251677757e-06 0.01760327800775558 5.171958065783382e-07 7.747261856607891e-05 0.0005265204954558928 1.5832523883066062e-05 0.01787226121993241 0.154724165274405 0.17416469403034213 0.28786876258962163 5.924629669461089e-07 5.88435813094655e-07
19 5.950014348042189e-07 0.0026398869031944655 5.878230044977145e-07 6.139293023877927e-07 6.203685115629018e-07 1.0897653916428788e-06 6.003726851421641e-07 0.003120773276957356 5.750448638799518e-07 6.574922590870635e-07 6.036604361498402e-07 0.0015133986307940732 5.97657074328612e-07 0.013430414856718123 3.885782541876242e-06 0.0005444569964349769 1.7506308606692079e-06 0.008804607822346792 1.025607251677757e-06 0.01760327800775558 5.171958065783382e-07 7.747261856607891e-05 0.0005265204954558928 1.5832523883066062e-05 0.01787226121993241 0.154724165274405 0.17416469403034213 0.28786876258962163 5.924629669461089e-07 5.88435813094655e-07
20 5.950014348042189e-07 0.0026398869031944655 5.878230044977145e-07 6.139293023877927e-07 6.203685115629018e-07 1.0897653916428788e-06 6.003726851421641e-07 0.003120773276957356 5.750448638799518e-07 6.574922590870635e-07 6.036604361498402e-07 0.0015133986307940732 5.97657074328612e-07 0.013430414856718123 3.885782541876242e-06 0.0005444569964349769 1.7506308606692079e-06 0.008804607822346792 1.025607251677757e-06 0.01760327800775558 5.171958065783382e-07 7.747261856607891e-05 0.0005265204954558928 1.5832523883066062e-05 0.01787226121993241 0.154724165274405 0.17416469403034213 0.28786876258962163 5.924629669461089e-07 5.88435813094655e-07
21 5.950014348042189e-07 0.0026398869031944655 5.878230044977145e-07 6.139293023877927e-07 6.203685115629018e-07 1.0897653916428788e-06 6.003726851421641e-07 0.003120773276957356 5.750448638799518e-07 6.574922590870635e-07 6.036604361498402e-07 0.0015133986307940732 5.97657074328612e-07 0.013430414856718123 3.885782541876242e-06 0.0005444569964349769 1.7506308606692079e-06 0.008804607822346792 1.025607251677757e-06 0.01760327800775558 5.171958065783382e-07 7.747261856607891e-05 0.0005265204954558928 1.5832523883066062e-05 0.01787226121993241 0.154724165274405 0.17416469403034213 0.28786876258962163 5.924629669461089e-07 5.88435813094655e-07
22 8.613529409816046e-07 1.0155080013017582e-06 7.431469102994925e-07 8.439528199230998e-07 8.550332311980046e-07 2.579175552935494e-06 8.706262026845657e-07 0.004365310351430436 8.167243793910193e-07 8.944571573840781e-07 8.573617807116392e-07 0.110025033250855 8.321009717771529e-07 0.37728205287773997 1.1676654752869525e-05 0.15337913341520545 2.053076393254669e-06 0.029015992109300347 1.6374033477133592e-06 0.07150795885133049 8.054317539423559e-07 0.0001343300303489892 0.0008062515028837597 6.468106875598486e-05 0.01115476223316242 0.05400984072837142 0.05956626013376526 0.03686778555967425 7.641484864896095e-07 8.496204711504899e-07
23 8.613529409816046e-07 1.0155080013017582e-06 7.431469102994925e-07 8.439528199230998e-07 8.550332311980046e-07 2.579175552935494e-06 8.706262026845657e-07 0.004365310351430436 8.167243793910193e-07 8.944571573840781e-07 8.573617807116392e-07 0.110025033250855 8.321009717771529e-07 0.37728205287773997 1.1676654752869525e-05 0.15337913341520545 2.053076393254669e-06 0.029015992109300347 1.6374033477133592e-06 0.07150795885133049 8.054317539423559e-07 0.0001343300303489892 0.0008062515028837597 6.468106875598486e-05 0.01115476223316242 0.05400984072837142 0.05956626013376526 0.03686778555967425 7.641484864896095e-07 8.496204711504899e-07
24 8.613529409816046e-07 1.0155080013017582e-06 7.431469102994925e-07 8.439528199230998e-07 8.550332311980046e-07 2.579175552935494e-06 8.706262026845657e-07 0.004365310351430436 8.167243793910193e-07 8.944571573840781e-07 8.573617807116392e-07 0.110025033250855 8.321009717771529e-07 0.37728205287773997 1.1676654752869525e-05 0.15337913341520545 2.053076393254669e-06 0.029015992109300347 1.6374033477133592e-06 0.07150795885133049 8.054317539423559e-07 0.0001343300303489892 0.0008062515028837597 6.468106875598486e-05 0.01115476223316242 0.05400984072837142 0.05956626013376526 0.03686778555967425 7.641484864896095e-07 8.496204711504899e-07
25 8.613529409816046e-07 1.0155080013017582e-06 7.431469102994925e-07 8.439528199230998e-07 8.550332311980046e-07 2.579175552935494e-06 8.706262026845657e-07 0.004365310351430436 8.167243793910193e-07 8.944571573840781e-07 8.573617807116392e-07 0.110025033250855 8.321009717771529e-07 0.37728205287773997 1.1676654752869525e-05 0.15337913341520545 2.053076393254669e-06 0.029015992109300347 1.6374033477133592e-06 0.07150795885133049 8.054317539423559e-07 0.0001343300303489892 0.0008062515028837597 6.468106875598486e-05 0.01115476223316242 0.05400984072837142 0.05956626013376526 0.03686778555967425 7.641484864896095e-07 8.496204711504899e-07
26 8.613529409816046e-07 1.0155080013017582e-06 7.431469102994925e-07 8.439528199230998e-07 8.550332311980046e-07 2.579175552935494e-06 8.706262026845657e-07 0.004365310351430436 8.167243793910193e-07 8.944571573840781e-07 8.573617807116392e-07 0.110025033250855 8.321009717771529e-07 0.37728205287773997 1.1676654752869525e-05 0.15337913341520545 2.053076393254669e-06 0.029015992109300347 1.6374033477133592e-06 0.07150795885133049 8.054317539423559e-07 0.0001343300303489892 0.0008062515028837597 6.468106875598486e-05 0.01115476223316242 0.05400984072837142 0.05956626013376526 0.03686778555967425 7.641484864896095e-07 8.496204711504899e-07
27 8.613529409816046e-07 1.0155080013017582e-06 7.431469102994925e-07 8.439528199230998e-07 8.550332311980046e-07 2.579175552935494e-06 8.706262026845657e-07 0.004365310351430436 8.167243793910193e-07 8.944571573840781e-07 8.573617807116392e-07 0.110025033250855 8.321009717771529e-07 0.37728205287773997 1.1676654752869525e-05 0.15337913341520545 2.053076393254669e-06 0.029015992109300347 1.6374033477133592e-06 0.07150795885133049 8.054317539423559e-07 0.0001343300303489892 0.0008062515028837597 6.468106875598486e-05 0.01115476223316242 0.05400984072837142 0.05956626013376526 0.03686778555967425 7.641484864896095e-07 8.496204711504899e-07
28 8.613529409816046e-07 1.0155080013017582e-06 7.431469102994925e-07 8.439528199230998e-07 8.550332311980046e-07 2.579175552935494e-06 8.706262026845657e-07 0.004365310351430436 8.167243793910193e-07 8.944571573840781e-07 8.573617807116392e-07 0.110025033250855 8.321009717771529e-07 0.37728205287773997 1.1676654752869525e-05 0.15337913341520545 2.053076393254669e-06 0.029015992109300347 1.6374033477133592e-06 0.07150795885133049 8.054317539423559e-07 0.0001343300303489892 0.0008062515028837597 6.468106875598486e-05 0.01115476223316242 0.05400984072837142 0.05956626013376526 0.03686778555967425 7.641484864896095e-07 8.496204711504899e-07
29 8.613529409816046e-07 1.0155080013017582e-06 7.431469102994925e-07 8.439528199230998e-07 8.550332311980046e-07 2.579175552935494e-06 8.706262026845657e-07 0.004365310351430436 8.167243793910193e-07 8.944571573840781e-07 8.573617807116392e-07 0.110025033250855 8.321009717771529e-07 0.37728205287773997 1.1676654752869525e-05 0.15337913341520545 2.053076393254669e-06 0.029015992109300347 1.6374033477133592e-06 0.07150795885133049 8.054317539423559e-07 0.0001343300303489892 0.0008062515028837597 6.468106875598486e-05 0.01115476223316242 0.05400984072837142 0.05956626013376526 0.03686778555967425 7.641484864896095e-07 8.496204711504899e-07
30 8.613529409816046e-07 1.0155080013017582e-06 7.431469102994925e-07 8.439528199230998e-07 8.550332311980046e-07 2.579175552935494e-06 8.706262026845657e-07 0.004365310351430436 8.167243793910193e-07 8.944571573840781e-07 8.573617807116392e-07 0.110025033250855 8.321009717771529e-07 0.37728205287773997 1.1676654752869525e-05 0.15337913341520545 2.053076393254669e-06 0.029015992109300347 1.6374033477133592e-06 0.07150795885133049 8.054317539423559e-07 0.0001343300303489892 0.0008062515028837597 6.468106875598486e-05 0.01115476223316242 0.05400984072837142 0.05956626013376526 0.03686778555967425 7.641484864896095e-07 8.496204711504899e-07
31 8.613529409816046e-07 1.0155080013017582e-06 7.431469102994925e-07 8.439528199230998e-07 8.550332311980046e-07 2.579175552935494e-06 8.706262026845657e-07 0.004365310351430436 8.167243793910193e-07 8.944571573840781e-07 8.573617807116392e-07 0.110025033250855 8.321009717771529e-07 0.37728205287773997 1.1676654752869525e-05 0.15337913341520545 2.053076393254669e-06 0.029015992109300347 1.6374033477133592e-06 0.07150795885133049 8.054317539423559e-07 0.0001343300303489892 0.0008062515028837597 6.468106875598486e-05 0.01115476223316242 0.05400984072837142 0.05956626013376526 0.03686778555967425 7.641484864896095e-07 8.496204711504899e-07
32 3.8733019979346917e-07 3.921080184813185e-07 3.6354951056243545e-07 3.838463956395666e-07 3.083626948617208e-07 8.743689694037767e-06 3.7126379368862947e-07 0.8295509133597758 3.59928107663351e-07 1.084977906311961e-06 3.5599903605008634e-07 0.02829376055337239 3.301360648427142e-07 0.08035044547114888 3.8600350105471154e-05 6.170324418890446e-05 2.2352256133337656e-05 0.015026041946037386 2.2531686167810344e-05 0.002593591459805214 3.623520049168575e-07 3.0143302120373392e-05 2.446284081879546e-05 3.210264197259432e-05 0.00028255544921365904 0.00710898103894537 0.012783485394819995 0.015297303977509266 3.4906459995330476e-07 3.56626938758748e-07
33 3.8733019979346917e-07 3.921080184813185e-07 3.6354951056243545e-07 3.838463956395666e-07 3.083626948617208e-07 8.743689694037767e-06 3.7126379368862947e-07 0.8295509133597758 3.59928107663351e-07 1.084977906311961e-06 3.5599903605008634e-07 0.02829376055337239 3.301360648427142e-07 0.08035044547114888 3.8600350105471154e-05 6.170324418890446e-05 2.2352256133337656e-05 0.015026041946037386 2.2531686167810344e-05 0.002593591459805214 3.623520049168575e-07 3.0143302120373392e-05 2.446284081879546e-05 3.210264197259432e-05 0.00028255544921365904 0.00710898103894537 0.012783485394819995 0.015297303977509266 3.4906459995330476e-07 3.56626938758748e-07
34 3.8733019979346917e-07 3.921080184813185e-07 3.6354951056243545e-07 3.838463956395666e-07 3.083626948617208e-07 8.743689694037767e-06 3.7126379368862947e-07 0.8295509133597758 3.59928107663351e-07 1.084977906311961e-06 3.5599903605008634e-07 0.02829376055337239 3.301360648427142e-07 0.08035044547114888 3.8600350105471154e-05 6.170324418890446e-05 2.2352256133337656e-05 0.015026041946037386 2.2531686167810344e-05 0.002593591459805214 3.623520049168575e-07 3.0143302120373392e-05 2.446284081879546e-05 3.210264197259432e-05 0.00028255544921365904 0.00710898103894537 0.012783485394819995 0.015297303977509266 3.4906459995330476e-07 3.56626938758748e-07
35 3.8733019979346917e-07 3.921080184813185e-07 3.6354951056243545e-07 3.838463956395666e-07 3.083626948617208e-07 8.743689694037767e-06 3.7126379368862947e-07 0.8295509133597758 3.59928107663351e-07 1.084977906311961e-06 3.5599903605008634e-07 0.02829376055337239 3.301360648427142e-07 0.08035044547114888 3.8600350105471154e-05 6.170324418890446e-05 2.2352256133337656e-05 0.015026041946037386 2.2531686167810344e-05 0.002593591459805214 3.623520049168575e-07 3.0143302120373392e-05 2.446284081879546e-05 3.210264197259432e-05 0.00028255544921365904 0.00710898103894537 0.012783485394819995 0.015297303977509266 3.4906459995330476e-07 3.56626938758748e-07
36 3.8733019979346917e-07 3.921080184813185e-07 3.6354951056243545e-07 3.838463956395666e-07 3.083626948617208e-07 8.743689694037767e-06 3.7126379368862947e-07 0.8295509133597758 3.59928107663351e-07 1.084977906311961e-06 3.5599903605008634e-07 0.02829376055337239 3.301360648427142e-07 0.08035044547114888 3.8600350105471154e-05 6.170324418890446e-05 2.2352256133337656e-05 0.015026041946037386 2.2531686167810344e-05 0.002593591459805214 3.623520049168575e-07 3.0143302120373392e-05 2.446284081879546e-05 3.210264197259432e-05 0.00028255544921365904 0.00710898103894537 0.012783485394819995 0.015297303977509266 3.4906459995330476e-07 3.56626938758748e-07
37 3.8733019979346917e-07 3.921080184813185e-07 3.6354951056243545e-07 3.838463956395666e-07 3.083626948617208e-07 8.743689694037767e-06 3.7126379368862947e-07 0.8295509133597758 3.59928107663351e-07 1.084977906311961e-06 3.5599903605008634e-07 0.02829376055337239 3.301360648427142e-07 0.08035044547114888 3.8600350105471154e-05 6.170324418890446e-05 2.2352256133337656e-05 0.015026041946037386 2.2531686167810344e-05 0.002593591459805214 3.623520049168575e-07 3.0143302120373392e-05 2.446284081879546e-05 3.210264197259432e-05 0.00028255544921365904 0.00710898103894537 0.012783485394819995 0.015297303977509266 3.4906459995330476e-07 3.56626938758748e-07
38 3.8733019979346917e-07 3.921080184813185e-07 3.6354951056243545e-07 3.838463956395666e-07 3.083626948617208e-07 8.743689694037767e-06 3.7126379368862947e-07 0.8295509133597758 3.59928107663351e-07 1.084977906311961e-06 3.5599903605008634e-07 0.02829376055337239 3.301360648427142e-07 0.08035044547114888 3.8600350105471154e-05 6.170324418890446e-05 2.2352256133337656e-05 0.015026041946037386 2.2531686167810344e-05 0.002593591459805214 3.623520049168575e-07 3.0143302120373392e-05 2.446284081879546e-05 3.210264197259432e-05 0.00028255544921365904 0.00710898103894537 0.012783485394819995 0.015297303977509266 3.4906459995330476e-07 3.56626938758748e-07
39 3.8733019979346917e-07 3.921080184813185e-07 3.6354951056243545e-07 3.838463956395666e-07 3.083626948617208e-07 8.743689694037767e-06 3.7126379368862947e-07 0.8295509133597758 3.59928107663351e-07 1.084977906311961e-06 3.5599903605008634e-07 0.02829376055337239 3.301360648427142e-07 0.08035044547114888 3.8600350105471154e-05 6.170324418890446e-05 2.2352256133337656e-05 0.015026041946037386 2.2531686167810344e-05 0.002593591459805214 3.623520049168575e-07 3.0143302120373392e-05 2.446284081879546e-05 3.210264197259432e-05 0.00028255544921365904 0.00710898103894537 0.012783485394819995 0.015297303977509266 3.4906459995330476e-07 3.56626938758748e-07
40 3.8733019979346917e-07 3.921080184813185e-07 3.6354951056243545e-07 3.838463956395666e-07 3.083626948617208e-07 8.743689694037767e-06 3.7126379368862947e-07 0.8295509133597758 3.59928107663351e-07 1.084977906311961e-06 3.5599903605008634e-07 0.02829376055337239 3.301360648427142e-07 0.08035044547114888 3.8600350105471154e-05 6.170324418890446e-05 2.2352256133337656e-05 0.015026041946037386 2.2531686167810344e-05 0.002593591459805214 3.623520049168575e-07 3.0143302120373392e-05 2.446284081879546e-05 3.210264197259432e-05 0.00028255544921365904 0.00710898103894537 0.012783485394819995 0.015297303977509266 3.4906459995330476e-07 3.56626938758748e-07
41 3.8733019979346917e-07 3.921080184813185e-07 3.6354951056243545e-07 3.838463956395666e-07 3.083626948617208e-07 8.743689694037767e-06 3.7126379368862947e-07 0.8295509133597758 3.59928107663351e-07 1.084977906311961e-06 3.5599903605008634e-07 0.02829376055337239 3.301360648427142e-07 0.08035044547114888 3.8600350105471154e-05 6.170324418890446e-05 2.2352256133337656e-05 0.015026041946037386 2.2531686167810344e-05 0.002593591459805214 3.623520049168575e-07 3.0143302120373392e-05 2.446284081879546e-05 3.210264197259432e-05 0.00028255544921365904 0.00710898103894537 0.012783485394819995 0.015297303977509266 3.4906459995330476e-07 3.56626938758748e-07
42 3.8733019979346917e-07 3.921080184813185e-07 3.6354951056243545e-07 3.838463956395666e-07 3.083626948617208e-07 8.743689694037767e-06 3.7126379368862947e-07 0.8295509133597758 3.59928107663351e-07 1.084977906311961e-06 3.5599903605008634e-07 0.02829376055337239 3.301360648427142e-07 0.08035044547114888 3.8600350105471154e-05 6.170324418890446e-05 2.2352256133337656e-05 0.015026041946037386 2.2531686167810344e-05 0.002593591459805214 3.623520049168575e-07 3.0143302120373392e-05 2.446284081879546e-05 3.210264197259432e-05 0.00028255544921365904 0.00710898103894537 0.012783485394819995 0.015297303977509266 3.4906459995330476e-07 3.56626938758748e-07
43 3.8733019979346917e-07 3.921080184813185e-07 3.6354951056243545e-07 3.838463956395666e-07 3.083626948617208e-07 8.743689694037767e-06 3.7126379368862947e-07 0.8295509133597758 3.59928107663351e-07 1.084977906311961e-06 3.5599903605008634e-07 0.02829376055337239 3.301360648427142e-07 0.08035044547114888 3.8600350105471154e-05 6.170324418890446e-05 2.2352256133337656e-05 0.015026041946037386 2.2531686167810344e-05 0.002593591459805214 3.623520049168575e-07 3.0143302120373392e-05 2.446284081879546e-05 3.210264197259432e-05 0.00028255544921365904 0.00710898103894537 0.012783485394819995 0.015297303977509266 3.4906459995330476e-07 3.56626938758748e-07
44 3.8733019979346917e-07 3.921080184813185e-07 3.6354951056243545e-07 3.838463956395666e-07 3.083626948617208e-07 8.743689694037767e-06 3.7126379368862947e-07 0.8295509133597758 3.59928107663351e-07 1.084977906311961e-06 3.5599903605008634e-07 0.02829376055337239 3.301360648427142e-07 0.08035044547114888 3.8600350105471154e-05 6.170324418890446e-05 2.2352256133337656e-05 0.015026041946037386 2.2531686167810344e-05 0.002593591459805214 3.623520049168575e-07 3.0143302120373392e-05 2.446284081879546e-05 3.210264197259432e-05 0.00028255544921365904 0.00710898103894537 0.012783485394819995 0.015297303977509266 3.4906459995330476e-07 3.56626938758748e-07
45 1.5298672896399501e-06 1.3919720167629032e-06 1.4772324956333162e-06 1.2739003027534017e-06 1.3151149610074423e-06 0.09870206386052646 1.2946534414837107e-06 0.41110149908350774 1.3835611654374142e-06 0.06605678618093057 0.0005564118563962762 0.19547375776727371 1.4233188225727021e-06 0.0001603207263125237 0.00021855032105912126 0.00017382970262001948 4.7532536008205694e-05 0.004141250216876245 1.1399047231962555e-05 0.001288559748329182 1.5219644843853552e-06 2.0806186257996413e-05 2.3479658513634522e-06 1.4377957673302276e-05 3.8667965476453526e-05 0.007492646091612282 0.000960507041717912 0.002534925701746999 1.4159073363334733e-06 1.2960813895640072e-06
46 1.5298672896399501e-06 1.3919720167629032e-06 1.4772324956333162e-06 1.2739003027534017e-06 1.3151149610074423e-06 0.09870206386052646 1.2946534414837107e-06 0.41110149908350774 1.3835611654374142e-06 0.06605678618093057 0.0005564118563962762 0.19547375776727371 1.4233188225727021e-06 0.0001603207263125237 0.00021855032105912126 0.00017382970262001948 4.7532536008205694e-05 0.004141250216876245 1.1399047231962555e-05 0.001288559748329182 1.5219644843853552e-06 2.0806186257996413e-05 2.3479658513634522e-06 1.4377957673302276e-05 3.8667965476453526e-05 0.007492646091612282 0.000960507041717912 0.002534925701746999 1.4159073363334733e-06 1.2960813895640072e-06
47 1.5298672896399501e-06 1.3919720167629032e-06 1.4772324956333162e-06 1.2739003027534017e-06 1.3151149610074423e-06 0.09870206386052646 1.2946534414837107e-06 0.41110149908350774 1.3835611654374142e-06 0.06605678618093057 0.0005564118563962762 0.19547375776727371 1.4233188225727021e-06 0.0001603207263125237 0.00021855032105912126 0.00017382970262001948 4.7532536008205694e-05 0.004141250216876245 1.1399047231962555e-05 0.001288559748329182 1.5219644843853552e-06 2.0806186257996413e-05 2.3479658513634522e-06 1.4377957673302276e-05 3.8667965476453526e-05 0.007492646091612282 0.000960507041717912 0.002534925701746999 1.4159073363334733e-06 1.2960813895640072e-06
48 1.5298672896399501e-06 1.3919720167629032e-06 1.4772324956333162e-06 1.2739003027534017e-06 1.3151149610074423e-06 0.09870206386052646 1.2946534414837107e-06 0.41110149908350774 1.3835611654374142e-06 0.06605678618093057 0.0005564118563962762 0.19547375776727371 1.4233188225727021e-06 0.0001603207263125237 0.00021855032105912126 0.00017382970262001948 4.7532536008205694e-05 0.004141250216876245 1.1399047231962555e-05 0.001288559748329182 1.5219644843853552e-06 2.0806186257996413e-05 2.3479658513634522e-06 1.4377957673302276e-05 3.8667965476453526e-05 0.007492646091612282 0.000960507041717912 0.002534925701746999 1.4159073363334733e-06 1.2960813895640072e-06
49 1.5298672896399501e-06 1.3919720167629032e-06 1.4772324956333162e-06 1.2739003027534017e-06 1.3151149610074423e-06 0.09870206386052646 1.2946534414837107e-06 0.41110149908350774 1.3835611654374142e-06 0.06605678618093057 0.0005564118563962762 0.19547375776727371 1.4233188225727021e-06 0.0001603207263125237 0.00021855032105912126 0.00017382970262001948 4.7532536008205694e-05 0.004141250216876245 1.1399047231962555e-05 0.001288559748329182 1.5219644843853552e-06 2.0806186257996413e-05 2.3479658513634522e-06 1.4377957673302276e-05 3.8667965476453526e-05 0.007492646091612282 0.000960507041717912 0.002534925701746999 1.4159073363334733e-06 1.2960813895640072e-06
50 1.5298672896399501e-06 1.3919720167629032e-06 1.4772324956333162e-06 1.2739003027534017e-06 1.3151149610074423e-06 0.09870206386052646 1.2946534414837107e-06 0.41110149908350774 1.3835611654374142e-06 0.06605678618093057 0.0005564118563962762 0.19547375776727371 1.4233188225727021e-06 0.0001603207263125237 0.00021855032105912126 0.00017382970262001948 4.7532536008205694e-05 0.004141250216876245 1.1399047231962555e-05 0.001288559748329182 1.5219644843853552e-06 2.0806186257996413e-05 2.3479658513634522e-06 1.4377957673302276e-05 3.8667965476453526e-05 0.007492646091612282 0.000960507041717912 0.002534925701746999 1.4159073363334733e-06 1.2960813895640072e-06
51 1.5298672896399501e-06 1.3919720167629032e-06 1.4772324956333162e-06 1.2739003027534017e-06 1.3151149610074423e-06 0.09870206386052646 1.2946534414837107e-06 0.41110149908350774 1.3835611654374142e-06 0.06605678618093057 0.0005564118563962762 0.19547375776727371 1.4233188225727021e-06 0.0001603207263125237 0.00021855032105912126 0.00017382970262001948 4.7532536008205694e-05 0.004141250216876245 1.1399047231962555e-05 0.001288559748329182 1.5219644843853552e-06 2.0806186257996413e-05 2.3479658513634522e-06 1.4377957673302276e-05 3.8667965476453526e-05 0.007492646091612282 0.000960507041717912 0.002534925701746999 1.4159073363334733e-06 1.2960813895640072e-06
52 1.5298672896399501e-06 1.3919720167629032e-06 1.4772324956333162e-06 1.2739003027534017e-06 1.3151149610074423e-06 0.09870206386052646 1.2946534414837107e-06 0.41110149908350774 1.3835611654374142e-06 0.06605678618093057 0.0005564118563962762 0.19547375776727371 1.4233188225727021e-06 0.0001603207263125237 0.00021855032105912126 0.00017382970262001948 4.7532536008205694e-05 0.004141250216876245 1.1399047231962555e-05 0.001288559748329182 1.5219644843853552e-06 2.0806186257996413e-05 2.3479658513634522e-06 1.4377957673302276e-05 3.8667965476453526e-05 0.007492646091612282 0.000960507041717912 0.002534925701746999 1.4159073363334733e-06 1.2960813895640072e-06
53 1.5298672896399501e-06 1.3919720167629032e-06 1.4772324956333162e-06 1.2739003027534017e-06 1.3151149610074423e-06 0.09870206386052646 1.2946534414837107e-06 0.41110149908350774 1.3835611654374142e-06 0.06605678618093057 0.0005564118563962762 0.19547375776727371 1.4233188225727021e-06 0.0001603207263125237 0.00021855032105912126 0.00017382970262001948 4.7532536008205694e-05 0.004141250216876245 1.1399047231962555e-05 0.001288559748329182 1.5219644843853552e-06 2.0806186257996413e-05 2.3479658513634522e-06 1.4377957673302276e-05 3.8667965476453526e-05 0.007492646091612282 0.000960507041717912 0.002534925701746999 1.4159073363334733e-06 1.2960813895640072e-06
54 1.5298672896399501e-06 1.3919720167629032e-06 1.4772324956333162e-06 1.2739003027534017e-06 1.3151149610074423e-06 0.09870206386052646 1.2946534414837107e-06 0.41110149908350774 1.3835611654374142e-06 0.06605678618093057 0.0005564118563962762 0.19547375776727371 1.4233188225727021e-06 0.0001603207263125237 0.00021855032105912126 0.00017382970262001948 4.7532536008205694e-05 0.004141250216876245 1.1399047231962555e-05 0.001288559748329182 1.5219644843853552e-06 2.0806186257996413e-05 2.3479658513634522e-06 1.4377957673302276e-05 3.8667965476453526e-05 0.007492646091612282 0.000960507041717912 0.002534925701746999 1.4159073363334733e-06 1.2960813895640072e-06
55 1.5298672896399501e-06 1.3919720167629032e-06 1.4772324956333162e-06 1.2739003027534017e-06 1.3151149610074423e-06 0.09870206386052646 1.2946534414837107e-06 0.41110149908350774 1.3835611654374142e-06 0.06605678618093057 0.0005564118563962762 0.19547375776727371 1.4233188225727021e-06 0.0001603207263125237 0.00021855032105912126 0.00017382970262001948 4.7532536008205694e-05 0.004141250216876245 1.1399047231962555e-05 0.001288559748329182 1.5219644843853552e-06 2.0806186257996413e-05 2.3479658513634522e-06 1.4377957673302276e-05 3.8667965476453526e-05 0.007492646091612282 0.000960507041717912 0.002534925701746999 1.4159073363334733e-06 1.2960813895640072e-06
56 1.5298672896399501e-06 1.3919720167629032e-06 1.4772324956333162e-06 1.2739003027534017e-06 1.3151149610074423e-06 0.09870206386052646 1.2946534414837107e-06 0.41110149908350774 1.3835611654374142e-06 0.06605678618093057 0.0005564118563962762 0.19547375776727371 1.4233188225727021e-06 0.0001603207263125237 0.00021855032105912126 0.00017382970262001948 4.7532536008205694e-05 0.004141250216876245 1.1399047231962555e-05 0.001288559748329182 1.5219644843853552e-06 2.0806186257996413e-05 2.3479658513634522e-06 1.4377957673302276e-05 3.8667965476453526e-05 0.007492646091612282 0.000960507041717912 0.002534925701746999 1.4159073363334733e-06 1.2960813895640072e-06
57 1.5298672896399501e-06 1.3919720167629032e-06 1.4772324956333162e-06 1.2739003027534017e-06 1.3151149610074423e-06 0.09870206386052646 1.2946534414837107e-06 0.41110149908350774 1.3835611654374142e-06 0.06605678618093057 0.0005564118563962762 0.19547375776727371 1.4233188225727021e-06 0.0001603207263125237 0.00021855032105912126 0.00017382970262001948 4.7532536008205694e-05 0.004141250216876245 1.1399047231962555e-05 0.001288559748329182 1.5219644843853552e-06 2.0806186257996413e-05 2.3479658513634522e-06 1.4377957673302276e-05 3.8667965476453526e-05 0.007492646091612282 0.000960507041717912 0.002534925701746999 1.4159073363334733e-06 1.2960813895640072e-06
58 1.5298672896399501e-06 1.3919720167629032e-06 1.4772324956333162e-06 1.2739003027534017e-06 1.3151149610074423e-06 0.09870206386052646 1.2946534414837107e-06 0.41110149908350774 1.3835611654374142e-06 0.06605678618093057 0.0005564118563962762 0.19547375776727371 1.4233188225727021e-06 0.0001603207263125237 0.00021855032105912126 0.00017382970262001948 4.7532536008205694e-05 0.004141250216876245 1.1399047231962555e-05 0.001288559748329182 1.5219644843853552e-06 2.0806186257996413e-05 2.3479658513634522e-06 1.4377957673302276e-05 3.8667965476453526e-05 0.007492646091612282 0.000960507041717912 0.002534925701746999 1.4159073363334733e-06 1.2960813895640072e-06
59 1.5298672896399501e-06 1.3919720167629032e-06 1.4772324956333162e-06 1.2739003027534017e-06 1.3151149610074423e-06 0.09870206386052646 1.2946534414837107e-06 0.41110149908350774 1.3835611654374142e-06 0.06605678618093057 0.0005564118563962762 0.19547375776727371 1.4233188225727021e-06 0.0001603207263125237 0.00021855032105912126 0.00017382970262001948 4.7532536008205694e-05 0.004141250216876245 1.1399047231962555e-05 0.001288559748329182 1.5219644843853552e-06 2.0806186257996413e-05 2.3479658513634522e-06 1.4377957673302276e-05 3.8667965476453526e-05 0.007492646091612282 0.000960507041717912 0.002534925701746999 1.4159073363334733e-06 1.2960813895640072e-06
60 1.5298672896399501e-06 1.3919720167629032e-06 1.4772324956333162e-06 1.2739003027534017e-06 1.3151149610074423e-06 0.09870206386052646 1.2946534414837107e-06 0.41110149908350774 1.3835611654374142e-06 0.06605678618093057 0.0005564118563962762 0.19547375776727371 1.4233188225727021e-06 0.0001603207263125237 0.00021855032105912126 0.00017382970262001948 4.7532536008205694e-05 0.004141250216876245 1.1399047231962555e-05 0.001288559748329182 1.5219644843853552e-06 2.0806186257996413e-05 2.3479658513634522e-06 1.4377957673302276e-05 3.8667965476453526e-05 0.007492646091612282 0.000960507041717912 0.002534925701746999 1.4159073363334733e-06 1.2960813895640072e-06
61 1.5298672896399501e-06 1.3919720167629032e-06 1.4772324956333162e-06 1.2739003027534017e-06 1.3151149610074423e-06 0.09870206386052646 1.2946534414837107e-06 0.41110149908350774 1.3835611654374142e-06 0.06605678618093057 0.0005564118563962762 0.19547375776727371 1.4233188225727021e-06 0.0001603207263125237 0.00021855032105912126 0.00017382970262001948 4.7532536008205694e-05 0.004141250216876245 1.1399047231962555e-05 0.001288559748329182 1.5219644843853552e-06 2.0806186257996413e-05 2.3479658513634522e-06 1.4377957673302276e-05 3.8667965476453526e-05 0.007492646091612282 0.000960507041717912 0.002534925701746999 1.4159073363334733e-06 1.2960813895640072e-06
62 1.5298672896399501e-06 1.3919720167629032e-06 1.4772324956333162e-06 1.2739003027534017e-06 1.3151149610074423e-06 0.09870206386052646 1.2946534414837107e-06 0.41110149908350774 1.3835611654374142e-06 0.06605678618093057 0.0005564118563962762 0.19547375776727371 1.4233188225727021e-06 0.0001603207263125237 0.00021855032105912126 0.00017382970262001948 4.7532536008205694e-05 0.004141250216876245 1.1399047231962555e-05 0.001288559748329182 1.5219644843853552e-06 2.0806186257996413e-05 2.3479658513634522e-06 1.4377957673302276e-05 3.8667965476453526e-05 0.007492646091612282 0.000960507041717912 0.002534925701746999 1.4159073363334733e-06 1.2960813895640072e-06
63 1.5298672896399501e-06 1.3919720167629032e-06 1.4772324956333162e-06 1.2739003027534017e-06 1.3151149610074423e-06 0.09870206386052646 1.2946534414837107e-06 0.41110149908350774 1.3835611654374142e-06 0.06605678618093057 0.0005564118563962762 0.19547375776727371 1.4233188225727021e-06 0.0001603207263125237 0.00021855032105912126 0.00017382970262001948 4.7532536008205694e-05 0.004141250216876245 1.1399047231962555e-05 0.001288559748329182 1.5219644843853552e-06 2.0806186257996413e-05 2.3479658513634522e-06 1.4377957673302276e-05 3.8667965476453526e-05 0.007492646091612282 0.000960507041717912 0.002534925701746999 1.4159073363334733e-06 1.2960813895640072e-06
64 1.5298672896399501e-06 1.3919720167629032e-06 1.4772324956333162e-06 1.2739003027534017e-06 1.3151149610074423e-06 0.09870206386052646 1.2946534414837107e-06 0.41110149908350774 1.3835611654374142e-06 0.06605678618093057 0.0005564118563962762 0.19547375776727371 1.4233188225727021e-06 0.0001603207263125237 0.00021855032105912126 0.00017382970262001948 4.7532536008205694e-05 0.004141250216876245 1.1399047231962555e-05 0.001288559748329182 1.5219644843853552e-06 2.0806186257996413e-05 2.3479658513634522e-06 1.4377957673302276e-05 3.8667965476453526e-05 0.007492646091612282 0.000960507041717912 0.002534925701746999 1.4159073363334733e-06 1.2960813895640072e-06
65 1.5298672896399501e-06 1.3919720167629032e-06 1.4772324956333162e-06 1.2739003027534017e-06 1.3151149610074423e-06 0.09870206386052646 1.2946534414837107e-06 0.41110149908350774 1.3835611654374142e-06 0.06605678618093057 0.0005564118563962762 0.19547375776727371 1.4233188225727021e-06 0.0001603207263125237 0.00021855032105912126 0.00017382970262001948 4.7532536008205694e-05 0.004141250216876245 1.1399047231962555e-05 0.001288559748329182 1.5219644843853552e-06 2.0806186257996413e-05 2.3479658513634522e-06 1.4377957673302276e-05 3.8667965476453526e-05 0.007492646091612282 0.000960507041717912 0.002534925701746999 1.4159073363334733e-06 1.2960813895640072e-06
66 1.5298672896399501e-06 1.3919720167629032e-06 1.4772324956333162e-06 1.2739003027534017e-06 1.3151149610074423e-06 0.09870206386052646 1.2946534414837107e-06 0.41110149908350774 1.3835611654374142e-06 0.06605678618093057 0.0005564118563962762 0.19547375776727371 1.4233188225727021e-06 0.0001603207263125237 0.00021855032105912126 0.00017382970262001948 4.7532536008205694e-05 0.004141250216876245 1.1399047231962555e-05 0.001288559748329182 1.5219644843853552e-06 2.0806186257996413e-05 2.3479658513634522e-06 1.4377957673302276e-05 3.8667965476453526e-05 0.007492646091612282 0.000960507041717912 0.002534925701746999 1.4159073363334733e-06 1.2960813895640072e-06
67 1.5298672896399501e-06 1.3919720167629032e-06 1.4772324956333162e-06 1.2739003027534017e-06 1.3151149610074423e-06 0.09870206386052646 1.2946534414837107e-06 0.41110149908350774 1.3835611654374142e-06 0.06605678618093057 0.0005564118563962762 0.19547375776727371 1.4233188225727021e-06 0.0001603207263125237 0.00021855032105912126 0.00017382970262001948 4.7532536008205694e-05 0.004141250216876245 1.1399047231962555e-05 0.001288559748329182 1.5219644843853552e-06 2.0806186257996413e-05 2.3479658513634522e-06 1.4377957673302276e-05 3.8667965476453526e-05 0.007492646091612282 0.000960507041717912 0.002534925701746999 1.4159073363334733e-06 1.2960813895640072e-06
68 7.82889736620268e-07 7.88268471181432e-07 7.971460440712621e-07 7.612878200847929e-07 7.669356913764002e-07 0.0557039163239999 8.009298760059139e-07 0.5102734955461892 7.864150520235047e-07 0.04315566168327301 0.0003340619992997692 0.16856308599360245 7.839873295768427e-07 9.765266611888045e-05 0.00011990311904740429 9.766692722579268e-05 2.6353416479457644e-05 0.0025095314227814606 6.789766204468883e-06 0.00048572040315649894 9.477090624323075e-07 1.0881046964987076e-05 1.389107826117841e-06 8.012535559819598e-06 2.3933299253319332e-05 0.002857407594469977 0.00047694989480836564 0.0012852054230709552 8.14899783215621e-07 7.800197145564449e-07
69 7.82889736620268e-07 7.88268471181432e-07 7.971460440712621e-07 7.612878200847929e-07 7.669356913764002e-07 0.0557039163239999 8.009298760059139e-07 0.5102734955461892 7.864150520235047e-07 0.04315566168327301 0.0003340619992997692 0.16856308599360245 7.839873295768427e-07 9.765266611888045e-05 0.00011990311904740429 9.766692722579268e-05 2.6353416479457644e-05 0.0025095314227814606 6.789766204468883e-06 0.00048572040315649894 9.477090624323075e-07 1.0881046964987076e-05 1.389107826117841e-06 8.012535559819598e-06 2.3933299253319332e-05 0.002857407594469977 0.00047694989480836564 0.0012852054230709552 8.14899783215621e-07 7.800197145564449e-07
70 7.82889736620268e-07 7.88268471181432e-07 7.971460440712621e-07 7.612878200847929e-07 7.669356913764002e-07 0.0557039163239999 8.009298760059139e-07 0.5102734955461892 7.864150520235047e-07 0.04315566168327301 0.0003340619992997692 0.16856308599360245 7.839873295768427e-07 9.765266611888045e-05 0.00011990311904740429 9.766692722579268e-05 2.6353416479457644e-05 0.0025095314227814606 6.789766204468883e-06 0.00048572040315649894 9.477090624323075e-07 1.0881046964987076e-05 1.389107826117841e-06 8.012535559819598e-06 2.3933299253319332e-05 0.002857407594469977 0.00047694989480836564 0.0012852054230709552 8.14899783215621e-07 7.800197145564449e-07
71 7.82889736620268e-07 7.88268471181432e-07 7.971460440712621e-07 7.612878200847929e-07 7.669356913764002e-07 0.0557039163239999 8.009298760059139e-07 0.5102734955461892 7.864150520235047e-07 0.04315566168327301 0.0003340619992997692 0.16856308599360245 7.839873295768427e-07 9.765266611888045e-05 0.00011990311904740429 9.766692722579268e-05 2.6353416479457644e-05 0.0025095314227814606 6.789766204468883e-06 0.00048572040315649894 9.477090624323075e-07 1.0881046964987076e-05 1.389107826117841e-06 8.012535559819598e-06 2.3933299253319332e-05 0.002857407594469977 0.00047694989480836564 0.0012852054230709552 8.14899783215621e-07 7.800197145564449e-07
72 7.82889736620268e-07 7.88268471181432e-07 7.971460440712621e-07 7.612878200847929e-07 7.669356913764002e-07 0.0557039163239999 8.009298760059139e-07 0.5102734955461892 7.864150520235047e-07 0.04315566168327301 0.0003340619992997692 0.16856308599360245 7.839873295768427e-07 9.765266611888045e-05 0.00011990311904740429 9.766692722579268e-05 2.6353416479457644e-05 0.0025095314227814606 6.789766204468883e-06 0.00048572040315649894 9.477090624323075e-07 1.0881046964987076e-05 1.389107826117841e-06 8.012535559819598e-06 2.3933299253319332e-05 0.002857407594469977 0.00047694989480836564 0.0012852054230709552 8.14899783215621e-07 7.800197145564449e-07
73 7.82889736620268e-07 7.88268471181432e-07 7.971460440712621e-07 7.612878200847929e-07 7.669356913764002e-07 0.0557039163239999 8.009298760059139e-07 0.5102734955461892 7.864150520235047e-07 0.04315566168327301 0.0003340619992997692 0.16856308599360245 7.839873295768427e-07 9.765266611888045e-05 0.00011990311904740429 9.766692722579268e-05 2.6353416479457644e-05 0.0025095314227814606 6.789766204468883e-06 0.00048572040315649894 9.477090624323075e-07 1.0881046964987076e-05 1.389107826117841e-06 8.012535559819598e-06 2.3933299253319332e-05 0.002857407594469977 0.00047694989480836564 0.0012852054230709552 8.14899783215621e-07 7.800197145564449e-07
74 7.82889736620268e-07 7.88268471181432e-07 7.971460440712621e-07 7.612878200847929e-07 7.669356913764002e-07 0.0557039163239999 8.009298760059139e-07 0.5102734955461892 7.864150520235047e-07 0.04315566168327301 0.0003340619992997692 0.16856308599360245 7.839873295768427e-07 9.765266611888045e-05 0.00011990311904740429 9.766692722579268e-05 2.6353416479457644e-05 0.0025095314227814606 6.789766204468883e-06 0.00048572040315649894 9.477090624323075e-07 1.0881046964987076e-05 1.389107826117841e-06 8.012535559819598e-06 2.3933299253319332e-05 0.002857407594469977 0.00047694989480836564 0.0012852054230709552 8.14899783215621e-07 7.800197145564449e-07
75 7.82889736620268e-07 7.88268471181432e-07 7.971460440712621e-07 7.612878200847929e-07 7.669356913764002e-07 0.0557039163239999 8.009298760059139e-07 0.5102734955461892 7.864150520235047e-07 0.04315566168327301 0.0003340619992997692 0.16856308599360245 7.839873295768427e-07 9.765266611888045e-05 0.00011990311904740429 9.766692722579268e-05 2.6353416479457644e-05 0.0025095314227814606 6.789766204468883e-06 0.00048572040315649894 9.477090624323075e-07 1.0881046964987076e-05 1.389107826117841e-06 8.012535559819598e-06 2.3933299253319332e-05 0.002857407594469977 0.00047694989480836564 0.0012852054230709552 8.14899783215621e-07 7.800197145564449e-07
76 7.82889736620268e-07 7.88268471181432e-07 7.971460440712621e-07 7.612878200847929e-07 7.669356913764002e-07 0.0557039163239999 8.009298760059139e-07 0.5102734955461892 7.864150520235047e-07 0.04315566168327301 0.0003340619992997692 0.16856308599360245 7.839873295768427e-07 9.765266611888045e-05 0.00011990311904740429 9.766692722579268e-05 2.6353416479457644e-05 0.0025095314227814606 6.789766204468883e-06 0.00048572040315649894 9.477090624323075e-07 1.0881046964987076e-05 1.389107826117841e-06 8.012535559819598e-06 2.3933299253319332e-05 0.002857407594469977 0.00047694989480836564 0.0012852054230709552 8.14899783215621e-07 7.800197145564449e-07
77 7.82889736620268e-07 7.88268471181432e-07 7.971460440712621e-07 7.612878200847929e-07 7.669356913764002e-07 0.0557039163239999 8.009298760059139e-07 0.5102734955461892 7.864150520235047e-07 0.04315566168327301 0.0003340619992997692 0.16856308599360245 7.839873295768427e-07 9.765266611888045e-05 0.00011990311904740429 9.766692722579268e-05 2.6353416479457644e-05 0.0025095314227814606 6.789766204468883e-06 0.00048572040315649894 9.477090624323075e-07 1.0881046964987076e-05 1.389107826117841e-06 8.012535559819598e-06 2.3933299253319332e-05 0.002857407594469977 0.00047694989480836564 0.0012852054230709552 8.14899783215621e-07 7.800197145564449e-07
78 7.82889736620268e-07 7.88268471181432e-07 7.971460440712621e-07 7.612878200847929e-07 7.669356913764002e-07 0.0557039163239999 8.009298760059139e-07 0.5102734955461892 7.864150520235047e-07 0.04315566168327301 0.0003340619992997692 0.16856308599360245 7.839873295768427e-07 9.765266611888045e-05 0.00011990311904740429 9.766692722579268e-05 2.6353416479457644e-05 0.0025095314227814606 6.789766204468883e-06 0.00048572040315649894 9.477090624323075e-07 1.0881046964987076e-05 1.389107826117841e-06 8.012535559819598e-06 2.3933299253319332e-05 0.002857407594469977 0.00047694989480836564 0.0012852054230709552 8.14899783215621e-07 7.800197145564449e-07
79 7.82889736620268e-07 7.88268471181432e-07 7.971460440712621e-07 7.612878200847929e-07 7.669356913764002e-07 0.0557039163239999 8.009298760059139e-07 0.5102734955461892 7.864150520235047e-07 0.04315566168327301 0.0003340619992997692 0.16856308599360245 7.839873295768427e-07 9.765266611888045e-05 0.00011990311904740429 9.766692722579268e-05 2.6353416479457644e-05 0.0025095314227814606 6.789766204468883e-06 0.00048572040315649894 9.477090624323075e-07 1.0881046964987076e-05 1.389107826117841e-06 8.012535559819598e-06 2.3933299253319332e-05 0.002857407594469977 0.00047694989480836564 0.0012852054230709552 8.14899783215621e-07 7.800197145564449e-07
80 7.82889736620268e-07 7.88268471181432e-07 7.971460440712621e-07 7.612878200847929e-07 7.669356913764002e-07 0.0557039163239999 8.009298760059139e-07 0.5102734955461892 7.864150520235047e-07 0.04315566168327301 0.0003340619992997692 0.16856308599360245 7.839873295768427e-07 9.765266611888045e-05 0.00011990311904740429 9.766692722579268e-05 2.6353416479457644e-05 0.0025095314227814606 6.789766204468883e-06 0.00048572040315649894 9.477090624323075e-07 1.0881046964987076e-05 1.389107826117841e-06 8.012535559819598e-06 2.3933299253319332e-05 0.002857407594469977 0.00047694989480836564 0.0012852054230709552 8.14899783215621e-07 7.800197145564449e-07
81 7.82889736620268e-07 7.88268471181432e-07 7.971460440712621e-07 7.612878200847929e-07 7.669356913764002e-07 0.0557039163239999 8.009298760059139e-07 0.5102734955461892 7.864150520235047e-07 0.04315566168327301 0.0003340619992997692 0.16856308599360245 7.839873295768427e-07 9.765266611888045e-05 0.00011990311904740429 9.766692722579268e-05 2.6353416479457644e-05 0.0025095314227814606 6.789766204468883e-06 0.00048572040315649894 9.477090624323075e-07 1.0881046964987076e-05 1.389107826117841e-06 8.012535559819598e-06 2.3933299253319332e-05 0.002857407594469977 0.00047694989480836564 0.0012852054230709552 8.14899783215621e-07 7.800197145564449e-07
82 7.82889736620268e-07 7.88268471181432e-07 7.971460440712621e-07 7.612878200847929e-07 7.669356913764002e-07 0.0557039163239999 8.009298760059139e-07 0.5102734955461892 7.864150520235047e-07 0.04315566168327301 0.0003340619992997692 0.16856308599360245 7.839873295768427e-07 9.765266611888045e-05 0.00011990311904740429 9.766692722579268e-05 2.6353416479457644e-05 0.0025095314227814606 6.789766204468883e-06 0.00048572040315649894 9.477090624323075e-07 1.0881046964987076e-05 1.389107826117841e-06 8.012535559819598e-06 2.3933299253319332e-05 0.002857407594469977 0.00047694989480836564 0.0012852054230709552 8.14899783215621e-07 7.800197145564449e-07
83 7.82889736620268e-07 7.88268471181432e-07 7.971460440712621e-07 7.612878200847929e-07 7.669356913764002e-07 0.0557039163239999 8.009298760059139e-07 0.5102734955461892 7.864150520235047e-07 0.04315566168327301 0.0003340619992997692 0.16856308599360245 7.839873295768427e-07 9.765266611888045e-05 0.00011990311904740429 9.766692722579268e-05 2.6353416479457644e-05 0.0025095314227814606 6.789766204468883e-06 0.00048572040315649894 9.477090624323075e-07 1.0881046964987076e-05 1.389107826117841e-06 8.012535559819598e-06 2.3933299253319332e-05 0.002857407594469977 0.00047694989480836564 0.0012852054230709552 8.14899783215621e-07 7.800197145564449e-07
84 7.82889736620268e-07 7.88268471181432e-07 7.971460440712621e-07 7.612878200847929e-07 7.669356913764002e-07 0.0557039163239999 8.009298760059139e-07 0.5102734955461892 7.864150520235047e-07 0.04315566168327301 0.0003340619992997692 0.16856308599360245 7.839873295768427e-07 9.765266611888045e-05 0.00011990311904740429 9.766692722579268e-05 2.6353416479457644e-05 0.0025095314227814606 6.789766204468883e-06 0.00048572040315649894 9.477090624323075e-07 1.0881046964987076e-05 1.389107826117841e-06 8.012535559819598e-06 2.3933299253319332e-05 0.002857407594469977 0.00047694989480836564 0.0012852054230709552 8.14899783215621e-07 7.800197145564449e-07
85 7.82889736620268e-07 7.88268471181432e-07 7.971460440712621e-07 7.612878200847929e-07 7.669356913764002e-07 0.0557039163239999 8.009298760059139e-07 0.5102734955461892 7.864150520235047e-07 0.04315566168327301 0.0003340619992997692 0.16856308599360245 7.839873295768427e-07 9.765266611888045e-05 0.00011990311904740429 9.766692722579268e-05 2.6353416479457644e-05 0.0025095314227814606 6.789766204468883e-06 0.00048572040315649894 9.477090624323075e-07 1.0881046964987076e-05 1.389107826117841e-06 8.012535559819598e-06 2.3933299253319332e-05 0.002857407594469977 0.00047694989480836564 0.0012852054230709552 8.14899783215621e-07 7.800197145564449e-07
86 7.82889736620268e-07 7.88268471181432e-07 7.971460440712621e-07 7.612878200847929e-07 7.669356913764002e-07 0.0557039163239999 8.009298760059139e-07 0.5102734955461892 7.864150520235047e-07 0.04315566168327301 0.0003340619992997692 0.16856308599360245 7.839873295768427e-07 9.765266611888045e-05 0.00011990311904740429 9.766692722579268e-05 2.6353416479457644e-05 0.0025095314227814606 6.789766204468883e-06 0.00048572040315649894 9.477090624323075e-07 1.0881046964987076e-05 1.389107826117841e-06 8.012535559819598e-06 2.3933299253319332e-05 0.002857407594469977 0.00047694989480836564 0.0012852054230709552 8.14899783215621e-07 7.800197145564449e-07
87 7.82889736620268e-07 7.88268471181432e-07 7.971460440712621e-07 7.612878200847929e-07 7.669356913764002e-07 0.0557039163239999 8.009298760059139e-07 0.5102734955461892 7.864150520235047e-07 0.04315566168327301 0.0003340619992997692 0.16856308599360245 7.839873295768427e-07 9.765266611888045e-05 0.00011990311904740429 9.766692722579268e-05 2.6353416479457644e-05 0.0025095314227814606 6.789766204468883e-06 0.00048572040315649894 9.477090624323075e-07 1.0881046964987076e-05 1.389107826117841e-06 8.012535559819598e-06 2.3933299253319332e-05 0.002857407594469977 0.00047694989480836564 0.0012852054230709552 8.14899783215621e-07 7.800197145564449e-07
88 7.82889736620268e-07 7.88268471181432e-07 7.971460440712621e-07 7.612878200847929e-07 7.669356913764002e-07 0.0557039163239999 8.009298760059139e-07 0.5102734955461892 7.864150520235047e-07 0.04315566168327301 0.0003340619992997692 0.16856308599360245 7.839873295768427e-07 9.765266611888045e-05 0.00011990311904740429 9.766692722579268e-05 2.6353416479457644e-05 0.0025095314227814606 6.789766204468883e-06 0.00048572040315649894 9.477090624323075e-07 1.0881046964987076e-05 1.389107826117841e-06 8.012535559819598e-06 2.3933299253319332e-05 0.002857407594469977 0.00047694989480836564 0.0012852054230709552 8.14899783215621e-07 7.800197145564449e-07
89 7.82889736620268e-07 7.88268471181432e-07 7.971460440712621e-07 7.612878200847929e-07 7.669356913764002e-07 0.0557039163239999 8.009298760059139e-07 0.5102734955461892 7.864150520235047e-07 0.04315566168327301 0.0003340619992997692 0.16856308599360245 7.839873295768427e-07 9.765266611888045e-05 0.00011990311904740429 9.766692722579268e-05 2.6353416479457644e-05 0.0025095314227814606 6.789766204468883e-06 0.00048572040315649894 9.477090624323075e-07 1.0881046964987076e-05 1.389107826117841e-06 8.012535559819598e-06 2.3933299253319332e-05 0.002857407594469977 0.00047694989480836564 0.0012852054230709552 8.14899783215621e-07 7.800197145564449e-07
90 7.82889736620268e-07 7.88268471181432e-07 7.971460440712621e-07 7.612878200847929e-07 7.669356913764002e-07 0.0557039163239999 8.009298760059139e-07 0.5102734955461892 7.864150520235047e-07 0.04315566168327301 0.0003340619992997692 0.16856308599360245 7.839873295768427e-07 9.765266611888045e-05 0.00011990311904740429 9.766692722579268e-05 2.6353416479457644e-05 0.0025095314227814606 6.789766204468883e-06 0.00048572040315649894 9.477090624323075e-07 1.0881046964987076e-05 1.389107826117841e-06 8.012535559819598e-06 2.3933299253319332e-05 0.002857407594469977 0.00047694989480836564 0.0012852054230709552 8.14899783215621e-07 7.800197145564449e-07
91 7.82889736620268e-07 7.88268471181432e-07 7.971460440712621e-07 7.612878200847929e-07 7.669356913764002e-07 0.0557039163239999 8.009298760059139e-07 0.5102734955461892 7.864150520235047e-07 0.04315566168327301 0.0003340619992997692 0.16856308599360245 7.839873295768427e-07 9.765266611888045e-05 0.00011990311904740429 9.766692722579268e-05 2.6353416479457644e-05 0.0025095314227814606 6.789766204468883e-06 0.00048572040315649894 9.477090624323075e-07 1.0881046964987076e-05 1.389107826117841e-06 8.012535559819598e-06 2.3933299253319332e-05 0.002857407594469977 0.00047694989480836564 0.0012852054230709552 8.14899783215621e-07 7.800197145564449e-07
92 7.82889736620268e-07 7.88268471181432e-07 7.971460440712621e-07 7.612878200847929e-07 7.669356913764002e-07 0.0557039163239999 8.009298760059139e-07 0.5102734955461892 7.864150520235047e-07 0.04315566168327301 0.0003340619992997692 0.16856308599360245 7.839873295768427e-07 9.765266611888045e-05 0.00011990311904740429 9.766692722579268e-05 2.6353416479457644e-05 0.0025095314227814606 6.789766204468883e-06 0.00048572040315649894 9.477090624323075e-07 1.0881046964987076e-05 1.389107826117841e-06 8.012535559819598e-06 2.3933299253319332e-05 0.002857407594469977 0.00047694989480836564 0.0012852054230709552 8.14899783215621e-07 7.800197145564449e-07
93 7.82889736620268e-07 7.88268471181432e-07 7.971460440712621e-07 7.612878200847929e-07 7.669356913764002e-07 0.0557039163239999 8.009298760059139e-07 0.5102734955461892 7.864150520235047e-07 0.04315566168327301 0.0003340619992997692 0.16856308599360245 7.839873295768427e-07 9.765266611888045e-05 0.00011990311904740429 9.766692722579268e-05 2.6353416479457644e-05 0.0025095314227814606 6.789766204468883e-06 0.00048572040315649894 9.477090624323075e-07 1.0881046964987076e-05 1.389107826117841e-06 8.012535559819598e-06 2.3933299253319332e-05 0.002857407594469977 0.00047694989480836564 0.0012852054230709552 8.14899783215621e-07 7.800197145564449e-07
94 7.82889736620268e-07 7.88268471181432e-07 7.971460440712621e-07 7.612878200847929e-07 7.669356913764002e-07 0.0557039163239999 8.009298760059139e-07 0.5102734955461892 7.864150520235047e-07 0.04315566168327301 0.0003340619992997692 0.16856308599360245 7.839873295768427e-07 9.765266611888045e-05 0.00011990311904740429 9.766692722579268e-05 2.6353416479457644e-05 0.0025095314227814606 6.789766204468883e-06 0.00048572040315649894 9.477090624323075e-07 1.0881046964987076e-05 1.389107826117841e-06 8.012535559819598e-06 2.3933299253319332e-05 0.002857407594469977 0.00047694989480836564 0.0012852054230709552 8.14899783215621e-07 7.800197145564449e-07
95 7.82889736620268e-07 7.88268471181432e-07 7.971460440712621e-07 7.612878200847929e-07 7.669356913764002e-07 0.0557039163239999 8.009298760059139e-07 0.5102734955461892 7.864150520235047e-07 0.04315566168327301 0.0003340619992997692 0.16856308599360245 7.839873295768427e-07 9.765266611888045e-05 0.00011990311904740429 9.766692722579268e-05 2.6353416479457644e-05 0.0025095314227814606 6.789766204468883e-06 0.00048572040315649894 9.477090624323075e-07 1.0881046964987076e-05 1.389107826117841e-06 8.012535559819598e-06 2.3933299253319332e-05 0.002857407594469977 0.00047694989480836564 0.0012852054230709552 8.14899783215621e-07 7.800197145564449e-07
96 7.82889736620268e-07 7.88268471181432e-07 7.971460440712621e-07 7.612878200847929e-07 7.669356913764002e-07 0.0557039163239999 8.009298760059139e-07 0.5102734955461892 7.864150520235047e-07 0.04315566168327301 0.0003340619992997692 0.16856308599360245 7.839873295768427e-07 9.765266611888045e-05 0.00011990311904740429 9.766692722579268e-05 2.6353416479457644e-05 0.0025095314227814606 6.789766204468883e-06 0.00048572040315649894 9.477090624323075e-07 1.0881046964987076e-05 1.389107826117841e-06 8.012535559819598e-06 2.3933299253319332e-05 0.002857407594469977 0.00047694989480836564 0.0012852054230709552 8.14899783215621e-07 7.800197145564449e-07
97 7.82889736620268e-07 7.88268471181432e-07 7.971460440712621e-07 7.612878200847929e-07 7.669356913764002e-07 0.0557039163239999 8.009298760059139e-07 0.5102734955461892 7.864150520235047e-07 0.04315566168327301 0.0003340619992997692 0.16856308599360245 7.839873295768427e-07 9.765266611888045e-05 0.00011990311904740429 9.766692722579268e-05 2.6353416479457644e-05 0.0025095314227814606 6.789766204468883e-06 0.00048572040315649894 9.477090624323075e-07 1.0881046964987076e-05 1.389107826117841e-06 8.012535559819598e-06 2.3933299253319332e-05 0.002857407594469977 0.00047694989480836564 0.0012852054230709552 8.14899783215621e-07 7.800197145564449e-07
98 7.82889736620268e-07 7.88268471181432e-07 7.971460440712621e-07 7.612878200847929e-07 7.669356913764002e-07 0.0557039163239999 8.009298760059139e-07 0.5102734955461892 7.864150520235047e-07 0.04315566168327301 0.0003340619992997692 0.16856308599360245 7.839873295768427e-07 9.765266611888045e-05 0.00011990311904740429 9.766692722579268e-05 2.6353416479457644e-05 0.0025095314227814606 6.789766204468883e-06 0.00048572040315649894 9.477090624323075e-07 1.0881046964987076e-05 1.389107826117841e-06 8.012535559819598e-06 2.3933299253319332e-05 0.002857407594469977 0.00047694989480836564 0.0012852054230709552 8.14899783215621e-07 7.800197145564449e-07
99 7.82889736620268e-07 7.88268471181432e-07 7.971460440712621e-07 7.612878200847929e-07 7.669356913764002e-07 0.0557039163239999 8.009298760059139e-07 0.5102734955461892 7.864150520235047e-07 0.04315566168327301 0.0003340619992997692 0.16856308599360245 7.839873295768427e-07 9.765266611888045e-05 0.00011990311904740429 9.766692722579268e-05 2.6353416479457644e-05 0.0025095314227814606 6.789766204468883e-06 0.00048572040315649894 9.477090624323075e-07 1.0881046964987076e-05 1.389107826117841e-06 8.012535559819598e-06 2.3933299253319332e-05 0.002857407594469977 0.00047694989480836564 0.0012852054230709552 8.14899783215621e-07 7.800197145564449e-07
100 7.82889736620268e-07 7.88268471181432e-07 7.971460440712621e-07 7.612878200847929e-07 7.669356913764002e-07 0.0557039163239999 8.009298760059139e-07 0.5102734955461892 7.864150520235047e-07 0.04315566168327301 0.0003340619992997692 0.16856308599360245 7.839873295768427e-07 9.765266611888045e-05 0.00011990311904740429 9.766692722579268e-05 2.6353416479457644e-05 0.0025095314227814606 6.789766204468883e-06 0.00048572040315649894 9.477090624323075e-07 1.0881046964987076e-05 1.389107826117841e-06 8.012535559819598e-06 2.3933299253319332e-05 0.002857407594469977 0.00047694989480836564 0.0012852054230709552 8.14899783215621e-07 7.800197145564449e-07
101 7.82889736620268e-07 7.88268471181432e-07 7.971460440712621e-07 7.612878200847929e-07 7.669356913764002e-07 0.0557039163239999 8.009298760059139e-07 0.5102734955461892 7.864150520235047e-07 0.04315566168327301 0.0003340619992997692 0.16856308599360245 7.839873295768427e-07 9.765266611888045e-05 0.00011990311904740429 9.766692722579268e-05 2.6353416479457644e-05 0.0025095314227814606 6.789766204468883e-06 0.00048572040315649894 9.477090624323075e-07 1.0881046964987076e-05 1.389107826117841e-06 8.012535559819598e-06 2.3933299253319332e-05 0.002857407594469977 0.00047694989480836564 0.0012852054230709552 8.14899783215621e-07 7.800197145564449e-07
102 7.82889736620268e-07 7.88268471181432e-07 7.971460440712621e-07 7.612878200847929e-07 7.669356913764002e-07 0.0557039163239999 8.009298760059139e-07 0.5102734955461892 7.864150520235047e-07 0.04315566168327301 0.0003340619992997692 0.16856308599360245 7.839873295768427e-07 9.765266611888045e-05 0.00011990311904740429 9.766692722579268e-05 2.6353416479457644e-05 0.0025095314227814606 6.789766204468883e-06 0.00048572040315649894 9.477090624323075e-07 1.0881046964987076e-05 1.389107826117841e-06 8.012535559819598e-06 2.3933299253319332e-05 0.002857407594469977 0.00047694989480836564 0.0012852054230709552 8.14899783215621e-07 7.800197145564449e-07
103 7.82889736620268e-07 7.88268471181432e-07 7.971460440712621e-07 7.612878200847929e-07 7.669356913764002e-07 0.0557039163239999 8.009298760059139e-07 0.5102734955461892 7.864150520235047e-07 0.04315566168327301 0.0003340619992997692 0.16856308599360245 7.839873295768427e-07 9.765266611888045e-05 0.00011990311904740429 9.766692722579268e-05 2.6353416479457644e-05 0.0025095314227814606 6.789766204468883e-06 0.00048572040315649894 9.477090624323075e-07 1.0881046964987076e-05 1.389107826117841e-06 8.012535559819598e-06 2.3933299253319332e-05 0.002857407594469977 0.00047694989480836564 0.0012852054230709552 8.14899783215621e-07 7.800197145564449e-07
104 7.82889736620268e-07 7.88268471181432e-07 7.971460440712621e-07 7.612878200847929e-07 7.669356913764002e-07 0.0557039163239999 8.009298760059139e-07 0.5102734955461892 7.864150520235047e-07 0.04315566168327301 0.0003340619992997692 0.16856308599360245 7.839873295768427e-07 9.765266611888045e-05 0.00011990311904740429 9.766692722579268e-05 2.6353416479457644e-05 0.0025095314227814606 6.789766204468883e-06 0.00048572040315649894 9.477090624323075e-07 1.0881046964987076e-05 1.389107826117841e-06 8.012535559819598e-06 2.3933299253319332e-05 0.002857407594469977 0.00047694989480836564 0.0012852054230709552 8.14899783215621e-07 7.800197145564449e-07
105 7.82889736620268e-07 7.88268471181432e-07 7.971460440712621e-07 7.612878200847929e-07 7.669356913764002e-07 0.0557039163239999 8.009298760059139e-07 0.5102734955461892 7.864150520235047e-07 0.04315566168327301 0.0003340619992997692 0.16856308599360245 7.839873295768427e-07 9.765266611888045e-05 0.00011990311904740429 9.766692722579268e-05 2.6353416479457644e-05 0.0025095314227814606 6.789766204468883e-06 0.00048572040315649894 9.477090624323075e-07 1.0881046964987076e-05 1.389107826117841e-06 8.012535559819598e-06 2.3933299253319332e-05 0.002857407594469977 0.00047694989480836564 0.0012852054230709552 8.14899783215621e-07 7.800197145564449e-07
106 7.82889736620268e-07 7.88268471181432e-07 7.971460440712621e-07 7.612878200847929e-07 7.669356913764002e-07 0.0557039163239999 8.009298760059139e-07 0.5102734955461892 7.864150520235047e-07 0.04315566168327301 0.0003340619992997692 0.16856308599360245 7.839873295768427e-07 9.765266611888045e-05 0.00011990311904740429 9.766692722579268e-05 2.6353416479457644e-05 0.0025095314227814606 6.789766204468883e-06 0.00048572040315649894 9.477090624323075e-07 1.0881046964987076e-05 1.389107826117841e-06 8.012535559819598e-06 2.3933299253319332e-05 0.002857407594469977 0.00047694989480836564 0.0012852054230709552 8.14899783215621e-07 7.800197145564449e-07
107 7.82889736620268e-07 7.88268471181432e-07 7.971460440712621e-07 7.612878200847929e-07 7.669356913764002e-07 0.0557039163239999 8.009298760059139e-07 0.5102734955461892 7.864150520235047e-07 0.04315566168327301 0.0003340619992997692 0.16856308599360245 7.839873295768427e-07 9.765266611888045e-05 0.00011990311904740429 9.766692722579268e-05 2.6353416479457644e-05 0.0025095314227814606 6.789766204468883e-06 0.00048572040315649894 9.477090624323075e-07 1.0881046964987076e-05 1.389107826117841e-06 8.012535559819598e-06 2.3933299253319332e-05 0.002857407594469977 0.00047694989480836564 0.0012852054230709552 8.14899783215621e-07 7.800197145564449e-07
108 7.82889736620268e-07 7.88268471181432e-07 7.971460440712621e-07 7.612878200847929e-07 7.669356913764002e-07 0.0557039163239999 8.009298760059139e-07 0.5102734955461892 7.864150520235047e-07 0.04315566168327301 0.0003340619992997692 0.16856308599360245 7.839873295768427e-07 9.765266611888045e-05 0.00011990311904740429 9.766692722579268e-05 2.6353416479457644e-05 0.0025095314227814606 6.789766204468883e-06 0.00048572040315649894 9.477090624323075e-07 1.0881046964987076e-05 1.389107826117841e-06 8.012535559819598e-06 2.3933299253319332e-05 0.002857407594469977 0.00047694989480836564 0.0012852054230709552 8.14899783215621e-07 7.800197145564449e-07
