# index Z=1 - Z=30
0 7.611340369831152e-07 0.01099385422013268 6.980620122336866e-07 7.430620569480493e-07 7.227733207173271e-07 1.7893609060265331e-06 7.386532755675574e-07 0.0042113294012460075 7.214714447158077e-07 7.023572892830466e-07 7.197308278312173e-07 8.182655155970944e-05 7.274027212133245e-07 0.021340229010415223 1.961646098665001e-06 8.329391759003063e-05 9.446589415217046e-07 0.007471521195645842 1.0526304397051448e-06 0.014756734186920346 7.714666928028632e-07 0.00012620792209677096 0.00030764491814602187 1.9268153921269067e-05 0.005600540994067787 0.2556668565627402 0.19095713207778883 0.2416299457329494 7.289497667321266e-07 7.22697141547046e-07
1 7.611340369831152e-07 0.01099385422013268 6.980620122336866e-07 7.430620569480493e-07 7.227733207173271e-07 1.7893609060265331e-06 7.386532755675574e-07 0.0042113294012460075 7.214714447158077e-07 7.023572892830466e-07 7.197308278312173e-07 8.182655155970944e-05 7.274027212133245e-07 0.021340229010415223 1.961646098665001e-06 8.329391759003063e-05 9.446589415217046e-07 0.007471521195645842 1.0526304397051448e-06 0.014756734186920346 7.714666928028632e-07 0.00012620792209677096 0.00030764491814602187 1.9268153921269067e-05 0.005600540994067787 0.2556668565627402 0.19095713207778883 0.2416299457329494 7.289497667321266e-07 7.22697141547046e-07
2 7.611340369831152e-07 0.01099385422013268 6.980620122336866e-07 7.430620569480493e-07 7.227733207173271e-07 1.7893609060265331e-06 7.386532755675574e-07 0.0042113294012460075 7.214714447158077e-07 7.023572892830466e-07 7.197308278312173e-07 8.182655155970944e-05 7.274027212133245e-07 0.021340229010415223 1.961646098665001e-06 8.329391759003063e-05 9.446589415217046e-07 0.007471521195645842 1.0526304397051448e-06 0.014756734186920346 7.714666928028632e-07 0.00012620792209677096 0.00030764491814602187 1.9268153921269067e-05 0.005600540994067787 0.2556668565627402 0.19095713207778883 0.2416299457329494 7.289497667321266e-07 7.22697141547046e-07
3 7.611340369831152e-07 0.01099385422013268 6.980620122336866e-07 7.430620569480493e-07 7.227733207173271e-07 1.7893609060265331e-06 7.386532755675574e-07 0.0042113294012460075 7.214714447158077e-07 7.023572892830466e-07 7.197308278312173e-07 8.182655155970944e-05 7.274027212133245e-07 0.021340229010415223 1.961646098665001e-06 8.329391759003063e-05 9.446589415217046e-07 0.007471521195645842 1.0526304397051448e-06 0.014756734186920346 7.714666928028632e-07 0.00012620792209677096 0.00030764491814602187 1.9268153921269067e-05 0.005600540994067787 0.2556668565627402 0.19095713207778883 0.2416299457329494 7.289497667321266e-07 7.22697141547046e-07
4 7.611340369831152e-07 0.01099385422013268 6.980620122336866e-07 7.430620569480493e-07 7.227733207173271e-07 1.7893609060265331e-06 7.386532755675574e-07 0.0042113294012460075 7.214714447158077e-07 7.023572892830466e-07 7.197308278312173e-07 8.182655155970944e-05 7.274027212133245e-07 0.021340229010415223 1.961646098665001e-06 8.329391759003063e-05 9.446589415217046e-07 0.007471521195645842 1.0526304397051448e-06 0.014756734186920346 7.714666928028632e-07 0.00012620792209677096 0.00030764491814602187 1.9268153921269067e-05 0.005600540994067787 0.2556668565627402 0.19095713207778883 0.2416299457329494 7.289497667321266e-07 7.22697141547046e-07
5 7.611340369831152e-07 0.01099385422013268 6.980620122336866e-07 7.430620569480493e-07 7.227733207173271e-07 1.7893609060265331e-06 7.386532755675574e-07 0.0042113294012460075 7.214714447158077e-07 7.023572892830466e-07 7.197308278312173e-07 8.182655155970944e-05 7.274027212133245e-07 0.021340229010415223 1.961646098665001e-06 8.329391759003063e-05 9.446589415217046e-07 0.007471521195645842 1.0526304397051448e-06 0.014756734186920346 7.714666928028632e-07 0.00012620792209677096 0.00030764491814602187 1.9268153921269067e-05 0.005600540994067787 0.2556668565627402 0.19095713207778883 0.2416299457329494 7.289497667321266e-07 7.22697141547046e-07
6 7.611340369831152e-07 0.01099385422013268 6.980620122336866e-07 7.430620569480493e-07 7.227733207173271e-07 1.7893609060265331e-06 7.386532755675574e-07 0.0042113294012460075 7.214714447158077e-07 7.023572892830466e-07 7.197308278312173e-07 8.182655155970944e-05 7.274027212133245e-07 0.021340229010415223 1.961646098665001e-06 8.329391759003063e-05 9.446589415217046e-07 0.007471521195645842 1.0526304397051448e-06 0.014756734186920346 7.714666928028632e-07 0.00012620792209677096 0.00030764491814602187 1.9268153921269067e-05 0.005600540994067787 0.2556668565627402 0.19095713207778883 0.2416299457329494 7.289497667321266e-07 7.22697141547046e-07
7 7.611340369831152e-07 0.01099385422013268 6.980620122336866e-07 7.430620569480493e-07 7.227733207173271e-07 1.7893609060265331e-06 7.386532755675574e-07 0.0042113294012460075 7.214714447158077e-07 7.023572892830466e-07 7.197308278312173e-07 8.182655155970944e-05 7.274027212133245e-07 0.021340229010415223 1.961646098665001e-06 8.329391759003063e-05 9.446589415217046e-07 0.007471521195645842 1.0526304397051448e-06 0.014756734186920346 7.714666928028632e-07 0.00012620792209677096 0.00030764491814602187 1.9268153921269067e-05 0.005600540994067787 0.2556668565627402 0.19095713207778883 0.2416299457329494 7.289497667321266e-07 7.22697141547046e-07
8 7.611340369831152e-07 0.01099385422013268 6.980620122336866e-07 7.430620569480493e-07 7.227733207173271e-07 1.7893609060265331e-06 7.386532755675574e-07 0.0042113294012460075 7.214714447158077e-07 7.023572892830466e-07 7.197308278312173e-07 8.182655155970944e-05 7.274027212133245e-07 0.021340229010415223 1.961646098665001e-06 8.329391759003063e-05 9.446589415217046e-07 0.007471521195645842 1.0526304397051448e-06 0.014756734186920346 7.714666928028632e-07 0.00012620792209677096 0.00030764491814602187 1.9268153921269067e-05 0.005600540994067787 0.2556668565627402 0.19095713207778883 0.2416299457329494 7.289497667321266e-07 7.22697141547046e-07
9 7.611340369831152e-07 0.01099385422013268 6.980620122336866e-07 7.430620569480493e-07 7.227733207173271e-07 1.7893609060265331e-06 7.386532755675574e-07 0.0042113294012460075 7.214714447158077e-07 7.023572892830466e-07 7.197308278312173e-07 8.182655155970944e-05 7.274027212133245e-07 0.021340229010415223 1.961646098665001e-06 8.329391759003063e-05 9.446589415217046e-07 0.007471521195645842 1.0526304397051448e-06 0.014756734186920346 7.714666928028632e-07 0.00012620792209677096 0.00030764491814602187 1.9268153921269067e-05 0.005600540994067787 0.2556668565627402 0.19095713207778883 0.2416299457329494 7.289497667321266e-07 7.22697141547046e-07
10 7.611340369831152e-07 0.01099385422013268 6.980620122336866e-07 7.430620569480493e-07 7.227733207173271e-07 1.7893609060265331e-06 7.386532755675574e-07 0.0042113294012460075 7.214714447158077e-07 7.023572892830466e-07 7.197308278312173e-07 8.182655155970944e-05 7.274027212133245e-07 0.021340229010415223 1.961646098665001e-06 8.329391759003063e-05 9.446589415217046e-07 0.007471521195645842 1.0526304397051448e-06 0.014756734186920346 7.714666928028632e-07 0.00012620792209677096 0.00030764491814602187 1.9268153921269067e-05 0.005600540994067787 0.2556668565627402 0.19095713207778883 0.2416299457329494 7.289497667321266e-07 7.22697141547046e-07
11 7.611340369831152e-07 0.01099385422013268 6.980620122336866e-07 7.430620569480493e-07 7.227733207173271e-07 1.7893609060265331e-06 7.386532755675574e-07 0.0042113294012460075 7.214714447158077e-07 7.023572892830466e-07 7.197308278312173e-07 8.182655155970944e-05 7.274027212133245e-07 0.021340229010415223 1.961646098665001e-06 8.329391759003063e-05 9.446589415217046e-07 0.007471521195645842 1.0526304397051448e-06 0.014756734186920346 7.714666928028632e-07 0.00012620792209677096 0.00030764491814602187 1.9268153921269067e-05 0.005600540994067787 0.2556668565627402 0.19095713207778883 0.2416299457329494 7.289497667321266e-07 7.22697141547046e-07
12 1.1954589715100781e-06 0.0058630342960660255 1.170796580434981e-06 1.1453142783320818e-06 1.3347533515819214e-06 2.491454175517654e-06 1.1883894872053185e-06 0.006709102821552052 1.137696596171631e-06 1.138763864777235e-06 1.186306241866318e-06 0.003367758097051471 1.4252970678261538e-06 0.3324002495736428 8.315639412761348e-06 0.00111742833776207 3.707338429170706e-06 0.016509968998971634 2.300075116991455e-06 0.03812189605363568 1.2470554182165357e-06 0.0001875771823597418 0.0010319661159447697 3.147694067688131e-05 0.05701034505099104 0.2469625572475364 0.18542186254819493 0.11649395029425047 1.3104477807793892e-06 1.1754825296259957e-06
13 1.1954589715100781e-06 0.0058630342960660255 1.170796580434981e-06 1.1453142783320818e-06 1.3347533515819214e-06 2.491454175517654e-06 1.1883894872053185e-06 0.006709102821552052 1.137696596171631e-06 1.138763864777235e-06 1.186306241866318e-06 0.003367758097051471 1.4252970678261538e-06 0.3324002495736428 8.315639412761348e-06 0.00111742833776207 3.707338429170706e-06 0.016509968998971634 2.300075116991455e-06 0.03812189605363568 1.2470554182165357e-06 0.0001875771823597418 0.0010319661159447697 3.147694067688131e-05 0.05701034505099104 0.2469625572475364 0.18542186254819493 0.11649395029425047 1.3104477807793892e-06 1.1754825296259957e-06
14 1.1954589715100781e-06 0.0058630342960660255 1.170796580434981e-06 1.1453142783320818e-06 1.3347533515819214e-06 2.491454175517654e-06 1.1883894872053185e-06 0.006709102821552052 1.137696596171631e-06 1.138763864777235e-06 1.186306241866318e-06 0.003367758097051471 1.4252970678261538e-06 0.3324002495736428 8.315639412761348e-06 0.00111742833776207 3.707338429170706e-06 0.016509968998971634 2.300075116991455e-06 0.03812189605363568 1.2470554182165357e-06 0.0001875771823597418 0.0010319661159447697 3.147694067688131e-05 0.05701034505099104 0.2469625572475364 0.18542186254819493 0.11649395029425047 1.3104477807793892e-06 1.1754825296259957e-06
15 1.1954589715100781e-06 0.0058630342960660255 1.170796580434981e-06 1.1453142783320818e-06 1.3347533515819214e-06 2.491454175517654e-06 1.1883894872053185e-06 0.006709102821552052 1.137696596171631e-06 1.138763864777235e-06 1.186306241866318e-06 0.003367758097051471 1.4252970678261538e-06 0.3324002495736428 8.315639412761348e-06 0.00111742833776207 3.707338429170706e-06 0.016509968998971634 2.300075116991455e-06 0.03812189605363568 1.2470554182165357e-06 0.0001875771823597418 0.0010319661159447697 3.147694067688131e-05 0.05701034505099104 0.2469625572475364 0.18542186254819493 0.11649395029425047 1.3104477807793892e-06 1.1754825296259957e-06
16 1.1954589715100781e-06 0.0058630342960660255 1.170796580434981e-06 1.1453142783320818e-06 1.3347533515819214e-06 2.491454175517654e-06 1.1883894872053185e-06 0.006709102821552052 1.137696596171631e-06 1.138763864777235e-06 1.186306241866318e-06 0.003367758097051471 1.4252970678261538e-06 0.3324002495736428 8.315639412761348e-06 0.00111742833776207 3.707338429170706e-06 0.016509968998971634 2.300075116991455e-06 0.03812189605363568 1.2470554182165357e-06 0.0001875771823597418 0.0010319661159447697 3.147694067688131e-05 0.05701034505099104 0.2469625572475364 0.18542186254819493 0.11649395029425047 1.3104477807793892e-06 1.1754825296259957e-06
17 1.1954589715100781e-06 0.0058630342960660255 1.170796580434981e-06 1.1453142783320818e-06 1.3347533515819214e-06 2.491454175517654e-06 1.1883894872053185e-06 0.006709102821552052 1.137696596171631e-06 1.138763864777235e-06 1.186306241866318e-06 0.003367758097051471 1.4252970678261538e-06 0.3324002495736428 8.315639412761348e-06 0.00111742833776207 3.707338429170706e-06 0.016509968998971634 2.300075116991455e-06 0.03812189605363568 1.2470554182165357e-06 0.0001875771823597418 0.0010319661159447697 3.147694067688131e-05 0.05701034505099104 0.2469625572475364 0.18542186254819493 0.11649395029425047 1.3104477807793892e-06 1.1754825296259957e-06
18 1.1954589715100781e-06 0.0058630342960660255 1.170796580434981e-06 1.1453142783320818e-06 1.3347533515819214e-06 2.491454175517654e-06 1.1883894872053185e-06 0.006709102821552052 1.137696596171631e-06 1.138763864777235e-06 1.186306241866318e-06 0.003367758097051471 1.4252970678261538e-06 0.3324002495736428 8.315639412761348e-06 0.00111742833776207 3.707338429170706e-06 0.016509968998971634 2.300075116991455e-06 0.03812189605363568 1.2470554182165357e-06 0.0001875771823597418 0.0010319661159447697 3.147694067688131e-05 0.05701034505099104 0.2469625572475364 0.18542186254819493 0.11649395029425047 1.3104477807793892e-06 1.1754825296259957e-06
19 1.1954589715100781e-06 0.0058630342960660255 1.170796580434981e-06 1.1453142783320818e-06 1.3347533515819214e-06 2.491454175517654e-06 1.1883894872053185e-06 0.006709102821552052 1.137696596171631e-06 1.138763864777235e-06 1.186306241866318e-06 0.003367758097051471 1.4252970678261538e-06 0.3324002495736428 8.315639412761348e-06 0.00111742833776207 3.707338429170706e-06 0.016509968998971634 2.300075116991455e-06 0.03812189605363568 1.2470554182165357e-06 0.0001875771823597418 0.0010319661159447697 3.147694067688131e-05 0.05701034505099104 0.2469625572475364 0.18542186254819493 0.11649395029425047 1.3104477807793892e-06 1.1754825296259957e-06
20 1.1954589715100781e-06 0.0058630342960660255 1.170796580434981e-06 1.1453142783320818e-06 1.3347533515819214e-06 2.491454175517654e-06 1.1883894872053185e-06 0.006709102821552052 1.137696596171631e-06 1.138763864777235e-06 1.186306241866318e-06 0.003367758097051471 1.4252970678261538e-06 0.3324002495736428 8.315639412761348e-06 0.00111742833776207 3.707338429170706e-06 0.016509968998971634 2.300075116991455e-06 0.03812189605363568 1.2470554182165357e-06 0.0001875771823597418 0.0010319661159447697 3.147694067688131e-05 0.05701034505099104 0.2469625572475364 0.18542186254819493 0.11649395029425047 1.3104477807793892e-06 1.1754825296259957e-06
21 1.1954589715100781e-06 0.0058630342960660255 1.170796580434981e-06 1.1453142783320818e-06 1.3347533515819214e-06 2.491454175517654e-06 1.1883894872053185e-06 0.006709102821552052 1.137696596171631e-06 1.138763864777235e-06 1.186306241866318e-06 0.003367758097051471 1.4252970678261538e-06 0.3324002495736428 8.315639412761348e-06 0.00111742833776207 3.707338429170706e-06 0.016509968998971634 2.300075116991455e-06 0.03812189605363568 1.2470554182165357e-06 0.0001875771823597418 0.0010319661159447697 3.147694067688131e-05 0.05701034505099104 0.2469625572475364 0.18542186254819493 0.11649395029425047 1.3104477807793892e-06 1.1754825296259957e-06
22 4.3713008250810344e-07 4.5358446583274727e-07 4.1235891002336174e-07 4.897353275427138e-07 4.282563918017042e-07 1.0431603659649498e-06 3.6640871723449505e-07 0.0019873507226019784 3.2270894013854037e-07 3.76335229042901e-07 4.1320552018457105e-07 0.09281376404255291 4.0186192691019654e-07 0.49532780146185584 5.059429661188059e-06 0.12142739297630456 1.176573618549351e-06 0.016662878245889162 8.98852894991936e-07 0.06981769881308043 4.241533929308474e-07 6.11208069342649e-05 0.0003324584204112433 3.007804119896416e-05 0.0010996591612877648 0.047451113117505626 0.04296280634008987 0.00449457860461257 3.9320694640645654e-07 4.468671524608528e-07
23 4.3713008250810344e-07 4.5358446583274727e-07 4.1235891002336174e-07 4.897353275427138e-07 4.282563918017042e-07 1.0431603659649498e-06 3.6640871723449505e-07 0.0019873507226019784 3.2270894013854037e-07 3.76335229042901e-07 4.1320552018457105e-07 0.09281376404255291 4.0186192691019654e-07 0.49532780146185584 5.059429661188059e-06 0.12142739297630456 1.176573618549351e-06 0.016662878245889162 8.98852894991936e-07 0.06981769881308043 4.241533929308474e-07 6.11208069342649e-05 0.0003324584204112433 3.007804119896416e-05 0.0010996591612877648 0.047451113117505626 0.04296280634008987 0.00449457860461257 3.9320694640645654e-07 4.468671524608528e-07
24 4.3713008250810344e-07 4.5358446583274727e-07 4.1235891002336174e-07 4.897353275427138e-07 4.282563918017042e-07 1.0431603659649498e-06 3.6640871723449505e-07 0.0019873507226019784 3.2270894013854037e-07 3.76335229042901e-07 4.1320552018457105e-07 0.09281376404255291 4.0186192691019654e-07 0.49532780146185584 5.059429661188059e-06 0.12142739297630456 1.176573618549351e-06 0.016662878245889162 8.98852894991936e-07 0.06981769881308043 4.241533929308474e-07 6.11208069342649e-05 0.0003324584204112433 3.007804119896416e-05 0.0010996591612877648 0.047451113117505626 0.04296280634008987 0.00449457860461257 3.9320694640645654e-07 4.468671524608528e-07
25 4.3713008250810344e-07 4.5358446583274727e-07 4.1235891002336174e-07 4.897353275427138e-07 4.282563918017042e-07 1.0431603659649498e-06 3.6640871723449505e-07 0.0019873507226019784 3.2270894013854037e-07 3.76335229042901e-07 4.1320552018457105e-07 0.09281376404255291 4.0186192691019654e-07 0.49532780146185584 5.059429661188059e-06 0.12142739297630456 1.176573618549351e-06 0.016662878245889162 8.98852894991936e-07 0.06981769881308043 4.241533929308474e-07 6.11208069342649e-05 0.0003324584204112433 3.007804119896416e-05 0.0010996591612877648 0.047451113117505626 0.04296280634008987 0.00449457860461257 3.9320694640645654e-07 4.468671524608528e-07
26 4.3713008250810344e-07 4.5358446583274727e-07 4.1235891002336174e-07 4.897353275427138e-07 4.282563918017042e-07 1.0431603659649498e-06 3.6640871723449505e-07 0.0019873507226019784 3.2270894013854037e-07 3.76335229042901e-07 4.1320552018457105e-07 0.09281376404255291 4.0186192691019654e-07 0.49532780146185584 5.059429661188059e-06 0.12142739297630456 1.176573618549351e-06 0.016662878245889162 8.98852894991936e-07 0.06981769881308043 4.241533929308474e-07 6.11208069342649e-05 0.0003324584204112433 3.007804119896416e-05 0.0010996591612877648 0.047451113117505626 0.04296280634008987 0.00449457860461257 3.9320694640645654e-07 4.468671524608528e-07
27 4.3713008250810344e-07 4.5358446583274727e-07 4.1235891002336174e-07 4.897353275427138e-07 4.282563918017042e-07 1.0431603659649498e-06 3.6640871723449505e-07 0.0019873507226019784 3.2270894013854037e-07 3.76335229042901e-07 4.1320552018457105e-07 0.09281376404255291 4.0186192691019654e-07 0.49532780146185584 5.059429661188059e-06 0.12142739297630456 1.176573618549351e-06 0.016662878245889162 8.98852894991936e-07 0.06981769881308043 4.241533929308474e-07 6.11208069342649e-05 0.0003324584204112433 3.007804119896416e-05 0.0010996591612877648 0.047451113117505626 0.04296280634008987 0.00449457860461257 3.9320694640645654e-07 4.468671524608528e-07
28 4.3713008250810344e-07 4.5358446583274727e-07 4.1235891002336174e-07 4.897353275427138e-07 4.282563918017042e-07 1.0431603659649498e-06 3.6640871723449505e-07 0.0019873507226019784 3.2270894013854037e-07 3.76335229042901e-07 4.1320552018457105e-07 0.09281376404255291 4.0186192691019654e-07 0.49532780146185584 5.059429661188059e-06 0.12142739297630456 1.176573618549351e-06 0.016662878245889162 8.98852894991936e-07 0.06981769881308043 4.241533929308474e-07 6.11208069342649e-05 0.0003324584204112433 3.007804119896416e-05 0.0010996591612877648 0.047451113117505626 0.04296280634008987 0.00449457860461257 3.9320694640645654e-07 4.468671524608528e-07
29 4.3713008250810344e-07 4.5358446583274727e-07 4.1235891002336174e-07 4.897353275427138e-07 4.282563918017042e-07 1.0431603659649498e-06 3.6640871723449505e-07 0.0019873507226019784 3.2270894013854037e-07 3.76335229042901e-07 4.1320552018457105e-07 0.09281376404255291 4.0186192691019654e-07 0.49532780146185584 5.059429661188059e-06 0.12142739297630456 1.176573618549351e-06 0.016662878245889162 8.98852894991936e-07 0.06981769881308043 4.241533929308474e-07 6.11208069342649e-05 0.0003324584204112433 3.007804119896416e-05 0.0010996591612877648 0.047451113117505626 0.04296280634008987 0.00449457860461257 3.9320694640645654e-07 4.468671524608528e-07
30 4.3713008250810344e-07 4.5358446583274727e-07 4.1235891002336174e-07 4.897353275427138e-07 4.282563918017042e-07 1.0431603659649498e-06 3.6640871723449505e-07 0.0019873507226019784 3.2270894013854037e-07 3.76335229042901e-07 4.1320552018457105e-07 0.09281376404255291 4.0186192691019654e-07 0.49532780146185584 5.059429661188059e-06 0.12142739297630456 1.176573618549351e-06 0.016662878245889162 8.98852894991936e-07 0.06981769881308043 4.241533929308474e-07 6.11208069342649e-05 0.0003324584204112433 3.007804119896416e-05 0.0010996591612877648 0.047451113117505626 0.04296280634008987 0.00449457860461257 3.9320694640645654e-07 4.468671524608528e-07
31 4.3713008250810344e-07 4.5358446583274727e-07 4.1235891002336174e-07 4.897353275427138e-07 4.282563918017042e-07 1.0431603659649498e-06 3.6640871723449505e-07 0.0019873507226019784 3.2270894013854037e-07 3.76335229042901e-07 4.1320552018457105e-07 0.09281376404255291 4.0186192691019654e-07 0.49532780146185584 5.059429661188059e-06 0.12142739297630456 1.176573618549351e-06 0.016662878245889162 8.98852894991936e-07 0.06981769881308043 4.241533929308474e-07 6.11208069342649e-05 0.0003324584204112433 3.007804119896416e-05 0.0010996591612877648 0.047451113117505626 0.04296280634008987 0.00449457860461257 3.9320694640645654e-07 4.468671524608528e-07
32 1.0575155132288088e-07 1.4433126192394147e-07 1.4020124836477328e-07 5.1792431485193594e-08 1.5257692073075092e-07 2.9231449633768604e-06 1.7250649013914983e-07 0.7424969381792567 1.5640189133244807e-07 5.044098799742919e-07 1.5764163718800125e-07 0.013345756711345004 1.089703174546753e-07 0.07686598564653764 1.5349468091914173e-05 2.288955030283193e-05 7.746232678505923e-06 0.005212035902112707 6.086559233655935e-06 0.002186334827061828 1.1895656954109216e-07 1.0007029401513582e-05 9.881827855799074e-06 1.2736024167883394e-05 0.00012210818761900763 0.0066454705796945325 0.006847502325460624 0.0017503473710152012 1.3691281245341418e-07 1.4359436384484827e-07
33 1.0575155132288088e-07 1.4433126192394147e-07 1.4020124836477328e-07 5.1792431485193594e-08 1.5257692073075092e-07 2.9231449633768604e-06 1.7250649013914983e-07 0.7424969381792567 1.5640189133244807e-07 5.044098799742919e-07 1.5764163718800125e-07 0.013345756711345004 1.089703174546753e-07 0.07686598564653764 1.5349468091914173e-05 2.288955030283193e-05 7.746232678505923e-06 0.005212035902112707 6.086559233655935e-06 0.002186334827061828 1.1895656954109216e-07 1.0007029401513582e-05 9.881827855799074e-06 1.2736024167883394e-05 0.00012210818761900763 0.0066454705796945325 0.006847502325460624 0.0017503473710152012 1.3691281245341418e-07 1.4359436384484827e-07
34 1.0575155132288088e-07 1.4433126192394147e-07 1.4020124836477328e-07 5.1792431485193594e-08 1.5257692073075092e-07 2.9231449633768604e-06 1.7250649013914983e-07 0.7424969381792567 1.5640189133244807e-07 5.044098799742919e-07 1.5764163718800125e-07 0.013345756711345004 1.089703174546753e-07 0.07686598564653764 1.5349468091914173e-05 2.288955030283193e-05 7.746232678505923e-06 0.005212035902112707 6.086559233655935e-06 0.002186334827061828 1.1895656954109216e-07 1.0007029401513582e-05 9.881827855799074e-06 1.2736024167883394e-05 0.00012210818761900763 0.0066454705796945325 0.006847502325460624 0.0017503473710152012 1.3691281245341418e-07 1.4359436384484827e-07
35 1.0575155132288088e-07 1.4433126192394147e-07 1.4020124836477328e-07 5.1792431485193594e-08 1.5257692073075092e-07 2.9231449633768604e-06 1.7250649013914983e-07 0.7424969381792567 1.5640189133244807e-07 5.044098799742919e-07 1.5764163718800125e-07 0.013345756711345004 1.089703174546753e-07 0.07686598564653764 1.5349468091914173e-05 2.288955030283193e-05 7.746232678505923e-06 0.005212035902112707 6.086559233655935e-06 0.002186334827061828 1.1895656954109216e-07 1.0007029401513582e-05 9.881827855799074e-06 1.2736024167883394e-05 0.00012210818761900763 0.0066454705796945325 0.006847502325460624 0.0017503473710152012 1.3691281245341418e-07 1.4359436384484827e-07
36 1.0575155132288088e-07 1.4433126192394147e-07 1.4020124836477328e-07 5.1792431485193594e-08 1.5257692073075092e-07 2.9231449633768604e-06 1.7250649013914983e-07 0.7424969381792567 1.5640189133244807e-07 5.044098799742919e-07 1.5764163718800125e-07 0.013345756711345004 1.089703174546753e-07 0.07686598564653764 1.5349468091914173e-05 2.288955030283193e-05 7.746232678505923e-06 0.005212035902112707 6.086559233655935e-06 0.002186334827061828 1.1895656954109216e-07 1.0007029401513582e-05 9.881827855799074e-06 1.2736024167883394e-05 0.00012210818761900763 0.0066454705796945325 0.006847502325460624 0.0017503473710152012 1.3691281245341418e-07 1.4359436384484827e-07
37 1.0575155132288088e-07 1.4433126192394147e-07 1.4020124836477328e-07 5.1792431485193594e-08 1.5257692073075092e-07 2.9231449633768604e-06 1.7250649013914983e-07 0.7424969381792567 1.5640189133244807e-07 5.044098799742919e-07 1.5764163718800125e-07 0.013345756711345004 1.089703174546753e-07 0.07686598564653764 1.5349468091914173e-05 2.288955030283193e-05 7.746232678505923e-06 0.005212035902112707 6.086559233655935e-06 0.002186334827061828 1.1895656954109216e-07 1.0007029401513582e-05 9.881827855799074e-06 1.2736024167883394e-05 0.00012210818761900763 0.0066454705796945325 0.006847502325460624 0.0017503473710152012 1.3691281245341418e-07 1.4359436384484827e-07
38 1.0575155132288088e-07 1.4433126192394147e-07 1.4020124836477328e-07 5.1792431485193594e-08 1.5257692073075092e-07 2.9231449633768604e-06 1.7250649013914983e-07 0.7424969381792567 1.5640189133244807e-07 5.044098799742919e-07 1.5764163718800125e-07 0.013345756711345004 1.089703174546753e-07 0.07686598564653764 1.5349468091914173e-05 2.288955030283193e-05 7.746232678505923e-06 0.005212035902112707 6.086559233655935e-06 0.002186334827061828 1.1895656954109216e-07 1.0007029401513582e-05 9.881827855799074e-06 1.2736024167883394e-05 0.00012210818761900763 0.0066454705796945325 0.006847502325460624 0.0017503473710152012 1.3691281245341418e-07 1.4359436384484827e-07
39 1.0575155132288088e-07 1.4433126192394147e-07 1.4020124836477328e-07 5.1792431485193594e-08 1.5257692073075092e-07 2.9231449633768604e-06 1.7250649013914983e-07 0.7424969381792567 1.5640189133244807e-07 5.044098799742919e-07 1.5764163718800125e-07 0.013345756711345004 1.089703174546753e-07 0.07686598564653764 1.5349468091914173e-05 2.288955030283193e-05 7.746232678505923e-06 0.005212035902112707 6.086559233655935e-06 0.002186334827061828 1.1895656954109216e-07 1.0007029401513582e-05 9.881827855799074e-06 1.2736024167883394e-05 0.00012210818761900763 0.0066454705796945325 0.006847502325460624 0.0017503473710152012 1.3691281245341418e-07 1.4359436384484827e-07
40 1.0575155132288088e-07 1.4433126192394147e-07 1.4020124836477328e-07 5.1792431485193594e-08 1.5257692073075092e-07 2.9231449633768604e-06 1.7250649013914983e-07 0.7424969381792567 1.5640189133244807e-07 5.044098799742919e-07 1.5764163718800125e-07 0.013345756711345004 1.089703174546753e-07 0.07686598564653764 1.5349468091914173e-05 2.288955030283193e-05 7.746232678505923e-06 0.005212035902112707 6.086559233655935e-06 0.002186334827061828 1.1895656954109216e-07 1.0007029401513582e-05 9.881827855799074e-06 1.2736024167883394e-05 0.00012210818761900763 0.0066454705796945325 0.006847502325460624 0.0017503473710152012 1.3691281245341418e-07 1.4359436384484827e-07
41 1.0575155132288088e-07 1.4433126192394147e-07 1.4020124836477328e-07 5.1792431485193594e-08 1.5257692073075092e-07 2.9231449633768604e-06 1.7250649013914983e-07 0.7424969381792567 1.5640189133244807e-07 5.044098799742919e-07 1.5764163718800125e-07 0.013345756711345004 1.089703174546753e-07 0.07686598564653764 1.5349468091914173e-05 2.288955030283193e-05 7.746232678505923e-06 0.005212035902112707 6.086559233655935e-06 0.002186334827061828 1.1895656954109216e-07 1.0007029401513582e-05 9.881827855799074e-06 1.2736024167883394e-05 0.00012210818761900763 0.0066454705796945325 0.006847502325460624 0.0017503473710152012 1.3691281245341418e-07 1.4359436384484827e-07
42 1.0575155132288088e-07 1.4433126192394147e-07 1.4020124836477328e-07 5.1792431485193594e-08 1.5257692073075092e-07 2.9231449633768604e-06 1.7250649013914983e-07 0.7424969381792567 1.5640189133244807e-07 5.044098799742919e-07 1.5764163718800125e-07 0.013345756711345004 1.089703174546753e-07 0.07686598564653764 1.5349468091914173e-05 2.288955030283193e-05 7.746232678505923e-06 0.005212035902112707 6.086559233655935e-06 0.002186334827061828 1.1895656954109216e-07 1.0007029401513582e-05 9.881827855799074e-06 1.2736024167883394e-05 0.00012210818761900763 0.0066454705796945325 0.006847502325460624 0.0017503473710152012 1.3691281245341418e-07 1.4359436384484827e-07
43 1.0575155132288088e-07 1.4433126192394147e-07 1.4020124836477328e-07 5.1792431485193594e-08 1.5257692073075092e-07 2.9231449633768604e-06 1.7250649013914983e-07 0.7424969381792567 1.5640189133244807e-07 5.044098799742919e-07 1.5764163718800125e-07 0.013345756711345004 1.089703174546753e-07 0.07686598564653764 1.5349468091914173e-05 2.288955030283193e-05 7.746232678505923e-06 0.005212035902112707 6.086559233655935e-06 0.002186334827061828 1.1895656954109216e-07 1.0007029401513582e-05 9.881827855799074e-06 1.2736024167883394e-05 0.00012210818761900763 0.0066454705796945325 0.006847502325460624 0.0017503473710152012 1.3691281245341418e-07 1.4359436384484827e-07
44 1.0575155132288088e-07 1.4433126192394147e-07 1.4020124836477328e-07 5.1792431485193594e-08 1.5257692073075092e-07 2.9231449633768604e-06 1.7250649013914983e-07 0.7424969381792567 1.5640189133244807e-07 5.044098799742919e-07 1.5764163718800125e-07 0.013345756711345004 1.089703174546753e-07 0.07686598564653764 1.5349468091914173e-05 2.288955030283193e-05 7.746232678505923e-06 0.005212035902112707 6.086559233655935e-06 0.002186334827061828 1.1895656954109216e-07 1.0007029401513582e-05 9.881827855799074e-06 1.2736024167883394e-05 0.00012210818761900763 0.0066454705796945325 0.006847502325460624 0.0017503473710152012 1.3691281245341418e-07 1.4359436384484827e-07
45 2.766099692402597e-07 3.594885342933753e-07 3.13085996257522e-07 3.046146737733554e-08 2.6922489913855205e-07 0.013424716723999476 3.4452933041418226e-07 0.7027490026017722 3.3279569235442363e-07 0.013704997709271347 0.00015440270324807814 0.08027789406810965 3.0606059543220276e-07 2.844948327661642e-05 4.8851732094089246e-05 3.600360096099917e-05 6.415400842613674e-06 0.001017944933447436 2.7274223298294616e-06 0.00027419968995237354 4.3148045520522825e-07 5.003095319201789e-06 7.322916884842416e-07 2.715741540341675e-06 9.923982316889267e-06 0.0015490226015047962 0.000174377945345555 0.00042432107902903545 2.9259995936380576e-07 3.137766738859153e-07
46 2.766099692402597e-07 3.594885342933753e-07 3.13085996257522e-07 3.046146737733554e-08 2.6922489913855205e-07 0.013424716723999476 3.4452933041418226e-07 0.7027490026017722 3.3279569235442363e-07 0.013704997709271347 0.00015440270324807814 0.08027789406810965 3.0606059543220276e-07 2.844948327661642e-05 4.8851732094089246e-05 3.600360096099917e-05 6.415400842613674e-06 0.001017944933447436 2.7274223298294616e-06 0.00027419968995237354 4.3148045520522825e-07 5.003095319201789e-06 7.322916884842416e-07 2.715741540341675e-06 9.923982316889267e-06 0.0015490226015047962 0.000174377945345555 0.00042432107902903545 2.9259995936380576e-07 3.137766738859153e-07
47 2.766099692402597e-07 3.594885342933753e-07 3.13085996257522e-07 3.046146737733554e-08 2.6922489913855205e-07 0.013424716723999476 3.4452933041418226e-07 0.7027490026017722 3.3279569235442363e-07 0.013704997709271347 0.00015440270324807814 0.08027789406810965 3.0606059543220276e-07 2.844948327661642e-05 4.8851732094089246e-05 3.600360096099917e-05 6.415400842613674e-06 0.001017944933447436 2.7274223298294616e-06 0.00027419968995237354 4.3148045520522825e-07 5.003095319201789e-06 7.322916884842416e-07 2.715741540341675e-06 9.923982316889267e-06 0.0015490226015047962 0.000174377945345555 0.00042432107902903545 2.9259995936380576e-07 3.137766738859153e-07
48 2.766099692402597e-07 3.594885342933753e-07 3.13085996257522e-07 3.046146737733554e-08 2.6922489913855205e-07 0.013424716723999476 3.4452933041418226e-07 0.7027490026017722 3.3279569235442363e-07 0.013704997709271347 0.00015440270324807814 0.08027789406810965 3.0606059543220276e-07 2.844948327661642e-05 4.8851732094089246e-05 3.600360096099917e-05 6.415400842613674e-06 0.001017944933447436 2.7274223298294616e-06 0.00027419968995237354 4.3148045520522825e-07 5.003095319201789e-06 7.322916884842416e-07 2.715741540341675e-06 9.923982316889267e-06 0.0015490226015047962 0.000174377945345555 0.00042432107902903545 2.9259995936380576e-07 3.137766738859153e-07
49 2.766099692402597e-07 3.594885342933753e-07 3.13085996257522e-07 3.046146737733554e-08 2.6922489913855205e-07 0.013424716723999476 3.4452933041418226e-07 0.7027490026017722 3.3279569235442363e-07 0.013704997709271347 0.00015440270324807814 0.08027789406810965 3.0606059543220276e-07 2.844948327661642e-05 4.8851732094089246e-05 3.600360096099917e-05 6.415400842613674e-06 0.001017944933447436 2.7274223298294616e-06 0.00027419968995237354 4.3148045520522825e-07 5.003095319201789e-06 7.322916884842416e-07 2.715741540341675e-06 9.923982316889267e-06 0.0015490226015047962 0.000174377945345555 0.00042432107902903545 2.9259995936380576e-07 3.137766738859153e-07
50 2.766099692402597e-07 3.594885342933753e-07 3.13085996257522e-07 3.046146737733554e-08 2.6922489913855205e-07 0.013424716723999476 3.4452933041418226e-07 0.7027490026017722 3.3279569235442363e-07 0.013704997709271347 0.00015440270324807814 0.08027789406810965 3.0606059543220276e-07 2.844948327661642e-05 4.8851732094089246e-05 3.600360096099917e-05 6.415400842613674e-06 0.001017944933447436 2.7274223298294616e-06 0.00027419968995237354 4.3148045520522825e-07 5.003095319201789e-06 7.322916884842416e-07 2.715741540341675e-06 9.923982316889267e-06 0.0015490226015047962 0.000174377945345555 0.00042432107902903545 2.9259995936380576e-07 3.137766738859153e-07
51 2.766099692402597e-07 3.594885342933753e-07 3.13085996257522e-07 3.046146737733554e-08 2.6922489913855205e-07 0.013424716723999476 3.4452933041418226e-07 0.7027490026017722 3.3279569235442363e-07 0.013704997709271347 0.00015440270324807814 0.08027789406810965 3.0606059543220276e-07 2.844948327661642e-05 4.8851732094089246e-05 3.600360096099917e-05 6.415400842613674e-06 0.001017944933447436 2.7274223298294616e-06 0.00027419968995237354 4.3148045520522825e-07 5.003095319201789e-06 7.322916884842416e-07 2.715741540341675e-06 9.923982316889267e-06 0.0015490226015047962 0.000174377945345555 0.00042432107902903545 2.9259995936380576e-07 3.137766738859153e-07
52 2.766099692402597e-07 3.594885342933753e-07 3.13085996257522e-07 3.046146737733554e-08 2.6922489913855205e-07 0.013424716723999476 3.4452933041418226e-07 0.7027490026017722 3.3279569235442363e-07 0.013704997709271347 0.00015440270324807814 0.08027789406810965 3.0606059543220276e-07 2.844948327661642e-05 4.8851732094089246e-05 3.600360096099917e-05 6.415400842613674e-06 0.001017944933447436 2.7274223298294616e-06 0.00027419968995237354 4.3148045520522825e-07 5.003095319201789e-06 7.322916884842416e-07 2.715741540341675e-06 9.923982316889267e-06 0.0015490226015047962 0.000174377945345555 0.00042432107902903545 2.9259995936380576e-07 3.137766738859153e-07
53 2.766099692402597e-07 3.594885342933753e-07 3.13085996257522e-07 3.046146737733554e-08 2.6922489913855205e-07 0.013424716723999476 3.4452933041418226e-07 0.7027490026017722 3.3279569235442363e-07 0.013704997709271347 0.00015440270324807814 0.08027789406810965 3.0606059543220276e-07 2.844948327661642e-05 4.8851732094089246e-05 3.600360096099917e-05 6.415400842613674e-06 0.001017944933447436 2.7274223298294616e-06 0.00027419968995237354 4.3148045520522825e-07 5.003095319201789e-06 7.322916884842416e-07 2.715741540341675e-06 9.923982316889267e-06 0.0015490226015047962 0.000174377945345555 0.00042432107902903545 2.9259995936380576e-07 3.137766738859153e-07
54 2.766099692402597e-07 3.594885342933753e-07 3.13085996257522e-07 3.046146737733554e-08 2.6922489913855205e-07 0.013424716723999476 3.4452933041418226e-07 0.7027490026017722 3.3279569235442363e-07 0.013704997709271347 0.00015440270324807814 0.08027789406810965 3.0606059543220276e-07 2.844948327661642e-05 4.8851732094089246e-05 3.600360096099917e-05 6.415400842613674e-06 0.001017944933447436 2.7274223298294616e-06 0.00027419968995237354 4.3148045520522825e-07 5.003095319201789e-06 7.322916884842416e-07 2.715741540341675e-06 9.923982316889267e-06 0.0015490226015047962 0.000174377945345555 0.00042432107902903545 2.9259995936380576e-07 3.137766738859153e-07
55 2.766099692402597e-07 3.594885342933753e-07 3.13085996257522e-07 3.046146737733554e-08 2.6922489913855205e-07 0.013424716723999476 3.4452933041418226e-07 0.7027490026017722 3.3279569235442363e-07 0.013704997709271347 0.00015440270324807814 0.08027789406810965 3.0606059543220276e-07 2.844948327661642e-05 4.8851732094089246e-05 3.600360096099917e-05 6.415400842613674e-06 0.001017944933447436 2.7274223298294616e-06 0.00027419968995237354 4.3148045520522825e-07 5.003095319201789e-06 7.322916884842416e-07 2.715741540341675e-06 9.923982316889267e-06 0.0015490226015047962 0.000174377945345555 0.00042432107902903545 2.9259995936380576e-07 3.137766738859153e-07
56 2.766099692402597e-07 3.594885342933753e-07 3.13085996257522e-07 3.046146737733554e-08 2.6922489913855205e-07 0.013424716723999476 3.4452933041418226e-07 0.7027490026017722 3.3279569235442363e-07 0.013704997709271347 0.00015440270324807814 0.08027789406810965 3.0606059543220276e-07 2.844948327661642e-05 4.8851732094089246e-05 3.600360096099917e-05 6.415400842613674e-06 0.001017944933447436 2.7274223298294616e-06 0.00027419968995237354 4.3148045520522825e-07 5.003095319201789e-06 7.322916884842416e-07 2.715741540341675e-06 9.923982316889267e-06 0.0015490226015047962 0.000174377945345555 0.00042432107902903545 2.9259995936380576e-07 3.137766738859153e-07
57 2.766099692402597e-07 3.594885342933753e-07 3.13085996257522e-07 3.046146737733554e-08 2.6922489913855205e-07 0.013424716723999476 3.4452933041418226e-07 0.7027490026017722 3.3279569235442363e-07 0.013704997709271347 0.00015440270324807814 0.08027789406810965 3.0606059543220276e-07 2.844948327661642e-05 4.8851732094089246e-05 3.600360096099917e-05 6.415400842613674e-06 0.001017944933447436 2.7274223298294616e-06 0.00027419968995237354 4.3148045520522825e-07 5.003095319201789e-06 7.322916884842416e-07 2.715741540341675e-06 9.923982316889267e-06 0.0015490226015047962 0.000174377945345555 0.00042432107902903545 2.9259995936380576e-07 3.137766738859153e-07
58 2.766099692402597e-07 3.594885342933753e-07 3.13085996257522e-07 3.046146737733554e-08 2.6922489913855205e-07 0.013424716723999476 3.4452933041418226e-07 0.7027490026017722 3.3279569235442363e-07 0.013704997709271347 0.00015440270324807814 0.08027789406810965 3.0606059543220276e-07 2.844948327661642e-05 4.8851732094089246e-05 3.600360096099917e-05 6.415400842613674e-06 0.001017944933447436 2.7274223298294616e-06 0.00027419968995237354 4.3148045520522825e-07 5.003095319201789e-06 7.322916884842416e-07 2.715741540341675e-06 9.923982316889267e-06 0.0015490226015047962 0.000174377945345555 0.00042432107902903545 2.9259995936380576e-07 3.137766738859153e-07
59 2.766099692402597e-07 3.594885342933753e-07 3.13085996257522e-07 3.046146737733554e-08 2.6922489913855205e-07 0.013424716723999476 3.4452933041418226e-07 0.7027490026017722 3.3279569235442363e-07 0.013704997709271347 0.00015440270324807814 0.08027789406810965 3.0606059543220276e-07 2.844948327661642e-05 4.8851732094089246e-05 3.600360096099917e-05 6.415400842613674e-06 0.001017944933447436 2.7274223298294616e-06 0.00027419968995237354 4.3148045520522825e-07 5.003095319201789e-06 7.322916884842416e-07 2.715741540341675e-06 9.923982316889267e-06 0.0015490226015047962 0.000174377945345555 0.00042432107902903545 2.9259995936380576e-07 3.137766738859153e-07
60 2.766099692402597e-07 3.594885342933753e-07 3.13085996257522e-07 3.046146737733554e-08 2.6922489913855205e-07 0.013424716723999476 3.4452933041418226e-07 0.7027490026017722 3.3279569235442363e-07 0.013704997709271347 0.00015440270324807814 0.08027789406810965 3.0606059543220276e-07 2.844948327661642e-05 4.8851732094089246e-05 3.600360096099917e-05 6.415400842613674e-06 0.001017944933447436 2.7274223298294616e-06 0.00027419968995237354 4.3148045520522825e-07 5.003095319201789e-06 7.322916884842416e-07 2.715741540341675e-06 9.923982316889267e-06 0.0015490226015047962 0.000174377945345555 0.00042432107902903545 2.9259995936380576e-07 3.137766738859153e-07
61 2.766099692402597e-07 3.594885342933753e-07 3.13085996257522e-07 3.046146737733554e-08 2.6922489913855205e-07 0.013424716723999476 3.4452933041418226e-07 0.7027490026017722 3.3279569235442363e-07 0.013704997709271347 0.00015440270324807814 0.08027789406810965 3.0606059543220276e-07 2.844948327661642e-05 4.8851732094089246e-05 3.600360096099917e-05 6.415400842613674e-06 0.001017944933447436 2.7274223298294616e-06 0.00027419968995237354 4.3148045520522825e-07 5.003095319201789e-06 7.322916884842416e-07 2.715741540341675e-06 9.923982316889267e-06 0.0015490226015047962 0.000174377945345555 0.00042432107902903545 2.9259995936380576e-07 3.137766738859153e-07
62 2.766099692402597e-07 3.594885342933753e-07 3.13085996257522e-07 3.046146737733554e-08 2.6922489913855205e-07 0.013424716723999476 3.4452933041418226e-07 0.7027490026017722 3.3279569235442363e-07 0.013704997709271347 0.00015440270324807814 0.08027789406810965 3.0606059543220276e-07 2.844948327661642e-05 4.8851732094089246e-05 3.600360096099917e-05 6.415400842613674e-06 0.001017944933447436 2.7274223298294616e-06 0.00027419968995237354 4.3148045520522825e-07 5.003095319201789e-06 7.322916884842416e-07 2.715741540341675e-06 9.923982316889267e-06 0.0015490226015047962 0.000174377945345555 0.00042432107902903545 2.9259995936380576e-07 3.137766738859153e-07
63 2.766099692402597e-07 3.594885342933753e-07 3.13085996257522e-07 3.046146737733554e-08 2.6922489913855205e-07 0.013424716723999476 3.4452933041418226e-07 0.7027490026017722 3.3279569235442363e-07 0.013704997709271347 0.00015440270324807814 0.08027789406810965 3.0606059543220276e-07 2.844948327661642e-05 4.8851732094089246e-05 3.600360096099917e-05 6.415400842613674e-06 0.001017944933447436 2.7274223298294616e-06 0.00027419968995237354 4.3148045520522825e-07 5.003095319201789e-06 7.322916884842416e-07 2.715741540341675e-06 9.923982316889267e-06 0.0015490226015047962 0.000174377945345555 0.00042432107902903545 2.9259995936380576e-07 3.137766738859153e-07
64 2.766099692402597e-07 3.594885342933753e-07 3.13085996257522e-07 3.046146737733554e-08 2.6922489913855205e-07 0.013424716723999476 3.4452933041418226e-07 0.7027490026017722 3.3279569235442363e-07 0.013704997709271347 0.00015440270324807814 0.08027789406810965 3.0606059543220276e-07 2.844948327661642e-05 4.8851732094089246e-05 3.600360096099917e-05 6.415400842613674e-06 0.001017944933447436 2.7274223298294616e-06 0.00027419968995237354 4.3148045520522825e-07 5.003095319201789e-06 7.322916884842416e-07 2.715741540341675e-06 9.923982316889267e-06 0.0015490226015047962 0.000174377945345555 0.00042432107902903545 2.9259995936380576e-07 3.137766738859153e-07
65 2.766099692402597e-07 3.594885342933753e-07 3.13085996257522e-07 3.046146737733554e-08 2.6922489913855205e-07 0.013424716723999476 3.4452933041418226e-07 0.7027490026017722 3.3279569235442363e-07 0.013704997709271347 0.00015440270324807814 0.08027789406810965 3.0606059543220276e-07 2.844948327661642e-05 4.8851732094089246e-05 3.600360096099917e-05 6.415400842613674e-06 0.001017944933447436 2.7274223298294616e-06 0.00027419968995237354 4.3148045520522825e-07 5.003095319201789e-06 7.322916884842416e-07 2.715741540341675e-06 9.923982316889267e-06 0.0015490226015047962 0.000174377945345555 0.00042432107902903545 2.9259995936380576e-07 3.137766738859153e-07
66 2.766099692402597e-07 3.594885342933753e-07 3.13085996257522e-07 3.046146737733554e-08 2.6922489913855205e-07 0.013424716723999476 3.4452933041418226e-07 0.7027490026017722 3.3279569235442363e-07 0.013704997709271347 0.00015440270324807814 0.08027789406810965 3.0606059543220276e-07 2.844948327661642e-05 4.8851732094089246e-05 3.600360096099917e-05 6.415400842613674e-06 0.001017944933447436 2.7274223298294616e-06 0.00027419968995237354 4.3148045520522825e-07 5.003095319201789e-06 7.322916884842416e-07 2.715741540341675e-06 9.923982316889267e-06 0.0015490226015047962 0.000174377945345555 0.00042432107902903545 2.9259995936380576e-07 3.137766738859153e-07
67 2.766099692402597e-07 3.594885342933753e-07 3.13085996257522e-07 3.046146737733554e-08 2.6922489913855205e-07 0.013424716723999476 3.4452933041418226e-07 0.7027490026017722 3.3279569235442363e-07 0.013704997709271347 0.00015440270324807814 0.08027789406810965 3.0606059543220276e-07 2.844948327661642e-05 4.8851732094089246e-05 3.600360096099917e-05 6.415400842613674e-06 0.001017944933447436 2.7274223298294616e-06 0.00027419968995237354 4.3148045520522825e-07 5.003095319201789e-06 7.322916884842416e-07 2.715741540341675e-06 9.923982316889267e-06 0.0015490226015047962 0.000174377945345555 0.00042432107902903545 2.9259995936380576e-07 3.137766738859153e-07
68 4.2956650918265624e-07 3.66942557444442e-07 4.384822704253401e-07 1.0896445501491117e-07 4.329259057341762e-07 0.035172308315548156 4.104369398172227e-07 0.7268814843870343 4.0543444858938706e-07 0.025503771531010903 0.00018603919194660505 0.08873629304386163 3.973852039935321e-07 4.636208594148252e-05 5.5035453263339206e-05 5.003342518822221e-05 1.2403166173043412e-05 0.0013664662131902617 3.614555720267379e-06 0.0002542808943440039 4.2038823257688287e-07 5.849316248802463e-06 6.949327629170443e-07 4.153378662212618e-06 1.1840160297185202e-05 0.0016910653126126312 0.00027927821116069016 0.0008352790865550692 3.7207831956389394e-07 3.781452533094345e-07
69 4.2956650918265624e-07 3.66942557444442e-07 4.384822704253401e-07 1.0896445501491117e-07 4.329259057341762e-07 0.035172308315548156 4.104369398172227e-07 0.7268814843870343 4.0543444858938706e-07 0.025503771531010903 0.00018603919194660505 0.08873629304386163 3.973852039935321e-07 4.636208594148252e-05 5.5035453263339206e-05 5.003342518822221e-05 1.2403166173043412e-05 0.0013664662131902617 3.614555720267379e-06 0.0002542808943440039 4.2038823257688287e-07 5.849316248802463e-06 6.949327629170443e-07 4.153378662212618e-06 1.1840160297185202e-05 0.0016910653126126312 0.00027927821116069016 0.0008352790865550692 3.7207831956389394e-07 3.781452533094345e-07
70 4.2956650918265624e-07 3.66942557444442e-07 4.384822704253401e-07 1.0896445501491117e-07 4.329259057341762e-07 0.035172308315548156 4.104369398172227e-07 0.7268814843870343 4.0543444858938706e-07 0.025503771531010903 0.00018603919194660505 0.08873629304386163 3.973852039935321e-07 4.636208594148252e-05 5.5035453263339206e-05 5.003342518822221e-05 1.2403166173043412e-05 0.0013664662131902617 3.614555720267379e-06 0.0002542808943440039 4.2038823257688287e-07 5.849316248802463e-06 6.949327629170443e-07 4.153378662212618e-06 1.1840160297185202e-05 0.0016910653126126312 0.00027927821116069016 0.0008352790865550692 3.7207831956389394e-07 3.781452533094345e-07
71 4.2956650918265624e-07 3.66942557444442e-07 4.384822704253401e-07 1.0896445501491117e-07 4.329259057341762e-07 0.035172308315548156 4.104369398172227e-07 0.7268814843870343 4.0543444858938706e-07 0.025503771531010903 0.00018603919194660505 0.08873629304386163 3.973852039935321e-07 4.636208594148252e-05 5.5035453263339206e-05 5.003342518822221e-05 1.2403166173043412e-05 0.0013664662131902617 3.614555720267379e-06 0.0002542808943440039 4.2038823257688287e-07 5.849316248802463e-06 6.949327629170443e-07 4.153378662212618e-06 1.1840160297185202e-05 0.0016910653126126312 0.00027927821116069016 0.0008352790865550692 3.7207831956389394e-07 3.781452533094345e-07
72 4.2956650918265624e-07 3.66942557444442e-07 4.384822704253401e-07 1.0896445501491117e-07 4.329259057341762e-07 0.035172308315548156 4.104369398172227e-07 0.7268814843870343 4.0543444858938706e-07 0.025503771531010903 0.00018603919194660505 0.08873629304386163 3.973852039935321e-07 4.636208594148252e-05 5.5035453263339206e-05 5.003342518822221e-05 1.2403166173043412e-05 0.0013664662131902617 3.614555720267379e-06 0.0002542808943440039 4.2038823257688287e-07 5.849316248802463e-06 6.949327629170443e-07 4.153378662212618e-06 1.1840160297185202e-05 0.0016910653126126312 0.00027927821116069016 0.0008352790865550692 3.7207831956389394e-07 3.781452533094345e-07
73 4.2956650918265624e-07 3.66942557444442e-07 4.384822704253401e-07 1.0896445501491117e-07 4.329259057341762e-07 0.035172308315548156 4.104369398172227e-07 0.7268814843870343 4.0543444858938706e-07 0.025503771531010903 0.00018603919194660505 0.08873629304386163 3.973852039935321e-07 4.636208594148252e-05 5.5035453263339206e-05 5.003342518822221e-05 1.2403166173043412e-05 0.0013664662131902617 3.614555720267379e-06 0.0002542808943440039 4.2038823257688287e-07 5.849316248802463e-06 6.949327629170443e-07 4.153378662212618e-06 1.1840160297185202e-05 0.0016910653126126312 0.00027927821116069016 0.0008352790865550692 3.7207831956389394e-07 3.781452533094345e-07
74 4.2956650918265624e-07 3.66942557444442e-07 4.384822704253401e-07 1.0896445501491117e-07 4.329259057341762e-07 0.035172308315548156 4.104369398172227e-07 0.7268814843870343 4.0543444858938706e-07 0.025503771531010903 0.00018603919194660505 0.08873629304386163 3.973852039935321e-07 4.636208594148252e-05 5.5035453263339206e-05 5.003342518822221e-05 1.2403166173043412e-05 0.0013664662131902617 3.614555720267379e-06 0.0002542808943440039 4.2038823257688287e-07 5.849316248802463e-06 6.949327629170443e-07 4.153378662212618e-06 1.1840160297185202e-05 0.0016910653126126312 0.00027927821116069016 0.0008352790865550692 3.7207831956389394e-07 3.781452533094345e-07
75 4.2956650918265624e-07 3.66942557444442e-07 4.384822704253401e-07 1.0896445501491117e-07 4.329259057341762e-07 0.035172308315548156 4.104369398172227e-07 0.7268814843870343 4.0543444858938706e-07 0.025503771531010903 0.00018603919194660505 0.08873629304386163 3.973852039935321e-07 4.636208594148252e-05 5.5035453263339206e-05 5.003342518822221e-05 1.2403166173043412e-05 0.0013664662131902617 3.614555720267379e-06 0.0002542808943440039 4.2038823257688287e-07 5.849316248802463e-06 6.949327629170443e-07 4.153378662212618e-06 1.1840160297185202e-05 0.0016910653126126312 0.00027927821116069016 0.0008352790865550692 3.7207831956389394e-07 3.781452533094345e-07
76 4.2956650918265624e-07 3.66942557444442e-07 4.384822704253401e-07 1.0896445501491117e-07 4.329259057341762e-07 0.035172308315548156 4.104369398172227e-07 0.7268814843870343 4.0543444858938706e-07 0.025503771531010903 0.00018603919194660505 0.08873629304386163 3.973852039935321e-07 4.636208594148252e-05 5.5035453263339206e-05 5.003342518822221e-05 1.2403166173043412e-05 0.0013664662131902617 3.614555720267379e-06 0.0002542808943440039 4.2038823257688287e-07 5.849316248802463e-06 6.949327629170443e-07 4.153378662212618e-06 1.1840160297185202e-05 0.0016910653126126312 0.00027927821116069016 0.0008352790865550692 3.7207831956389394e-07 3.781452533094345e-07
77 4.2956650918265624e-07 3.66942557444442e-07 4.384822704253401e-07 1.0896445501491117e-07 4.329259057341762e-07 0.035172308315548156 4.104369398172227e-07 0.7268814843870343 4.0543444858938706e-07 0.025503771531010903 0.00018603919194660505 0.08873629304386163 3.973852039935321e-07 4.636208594148252e-05 5.5035453263339206e-05 5.003342518822221e-05 1.2403166173043412e-05 0.0013664662131902617 3.614555720267379e-06 0.0002542808943440039 4.2038823257688287e-07 5.849316248802463e-06 6.949327629170443e-07 4.153378662212618e-06 1.1840160297185202e-05 0.0016910653126126312 0.00027927821116069016 0.0008352790865550692 3.7207831956389394e-07 3.781452533094345e-07
78 4.2956650918265624e-07 3.66942557444442e-07 4.384822704253401e-07 1.0896445501491117e-07 4.329259057341762e-07 0.035172308315548156 4.104369398172227e-07 0.7268814843870343 4.0543444858938706e-07 0.025503771531010903 0.00018603919194660505 0.08873629304386163 3.973852039935321e-07 4.636208594148252e-05 5.5035453263339206e-05 5.003342518822221e-05 1.2403166173043412e-05 0.0013664662131902617 3.614555720267379e-06 0.0002542808943440039 4.2038823257688287e-07 5.849316248802463e-06 6.949327629170443e-07 4.153378662212618e-06 1.1840160297185202e-05 0.0016910653126126312 0.00027927821116069016 0.0008352790865550692 3.7207831956389394e-07 3.781452533094345e-07
79 4.2956650918265624e-07 3.66942557444442e-07 4.384822704253401e-07 1.0896445501491117e-07 4.329259057341762e-07 0.035172308315548156 4.104369398172227e-07 0.7268814843870343 4.0543444858938706e-07 0.025503771531010903 0.00018603919194660505 0.08873629304386163 3.973852039935321e-07 4.636208594148252e-05 5.5035453263339206e-05 5.003342518822221e-05 1.2403166173043412e-05 0.0013664662131902617 3.614555720267379e-06 0.0002542808943440039 4.2038823257688287e-07 5.849316248802463e-06 6.949327629170443e-07 4.153378662212618e-06 1.1840160297185202e-05 0.0016910653126126312 0.00027927821116069016 0.0008352790865550692 3.7207831956389394e-07 3.781452533094345e-07
80 4.2956650918265624e-07 3.66942557444442e-07 4.384822704253401e-07 1.0896445501491117e-07 4.329259057341762e-07 0.035172308315548156 4.104369398172227e-07 0.7268814843870343 4.0543444858938706e-07 0.025503771531010903 0.00018603919194660505 0.08873629304386163 3.973852039935321e-07 4.636208594148252e-05 5.5035453263339206e-05 5.003342518822221e-05 1.2403166173043412e-05 0.0013664662131902617 3.614555720267379e-06 0.0002542808943440039 4.2038823257688287e-07 5.849316248802463e-06 6.949327629170443e-07 4.153378662212618e-06 1.1840160297185202e-05 0.0016910653126126312 0.00027927821116069016 0.0008352790865550692 3.7207831956389394e-07 3.781452533094345e-07
81 4.2956650918265624e-07 3.66942557444442e-07 4.384822704253401e-07 1.0896445501491117e-07 4.329259057341762e-07 0.035172308315548156 4.104369398172227e-07 0.7268814843870343 4.0543444858938706e-07 0.025503771531010903 0.00018603919194660505 0.08873629304386163 3.973852039935321e-07 4.636208594148252e-05 5.5035453263339206e-05 5.003342518822221e-05 1.2403166173043412e-05 0.0013664662131902617 3.614555720267379e-06 0.0002542808943440039 4.2038823257688287e-07 5.849316248802463e-06 6.949327629170443e-07 4.153378662212618e-06 1.1840160297185202e-05 0.0016910653126126312 0.00027927821116069016 0.0008352790865550692 3.7207831956389394e-07 3.781452533094345e-07
82 4.2956650918265624e-07 3.66942557444442e-07 4.384822704253401e-07 1.0896445501491117e-07 4.329259057341762e-07 0.035172308315548156 4.104369398172227e-07 0.7268814843870343 4.0543444858938706e-07 0.025503771531010903 0.00018603919194660505 0.08873629304386163 3.973852039935321e-07 4.636208594148252e-05 5.5035453263339206e-05 5.003342518822221e-05 1.2403166173043412e-05 0.0013664662131902617 3.614555720267379e-06 0.0002542808943440039 4.2038823257688287e-07 5.849316248802463e-06 6.949327629170443e-07 4.153378662212618e-06 1.1840160297185202e-05 0.0016910653126126312 0.00027927821116069016 0.0008352790865550692 3.7207831956389394e-07 3.781452533094345e-07
83 4.2956650918265624e-07 3.66942557444442e-07 4.384822704253401e-07 1.0896445501491117e-07 4.329259057341762e-07 0.035172308315548156 4.104369398172227e-07 0.7268814843870343 4.0543444858938706e-07 0.025503771531010903 0.00018603919194660505 0.08873629304386163 3.973852039935321e-07 4.636208594148252e-05 5.5035453263339206e-05 5.003342518822221e-05 1.2403166173043412e-05 0.0013664662131902617 3.614555720267379e-06 0.0002542808943440039 4.2038823257688287e-07 5.849316248802463e-06 6.949327629170443e-07 4.153378662212618e-06 1.1840160297185202e-05 0.0016910653126126312 0.00027927821116069016 0.0008352790865550692 3.7207831956389394e-07 3.781452533094345e-07
84 4.2956650918265624e-07 3.66942557444442e-07 4.384822704253401e-07 1.0896445501491117e-07 4.329259057341762e-07 0.035172308315548156 4.104369398172227e-07 0.7268814843870343 4.0543444858938706e-07 0.025503771531010903 0.00018603919194660505 0.08873629304386163 3.973852039935321e-07 4.636208594148252e-05 5.5035453263339206e-05 5.003342518822221e-05 1.2403166173043412e-05 0.0013664662131902617 3.614555720267379e-06 0.0002542808943440039 4.2038823257688287e-07 5.849316248802463e-06 6.949327629170443e-07 4.153378662212618e-06 1.1840160297185202e-05 0.0016910653126126312 0.00027927821116069016 0.0008352790865550692 3.7207831956389394e-07 3.781452533094345e-07
85 4.2956650918265624e-07 3.66942557444442e-07 4.384822704253401e-07 1.0896445501491117e-07 4.329259057341762e-07 0.035172308315548156 4.104369398172227e-07 0.7268814843870343 4.0543444858938706e-07 0.025503771531010903 0.00018603919194660505 0.08873629304386163 3.973852039935321e-07 4.636208594148252e-05 5.5035453263339206e-05 5.003342518822221e-05 1.2403166173043412e-05 0.0013664662131902617 3.614555720267379e-06 0.0002542808943440039 4.2038823257688287e-07 5.849316248802463e-06 6.949327629170443e-07 4.153378662212618e-06 1.1840160297185202e-05 0.0016910653126126312 0.00027927821116069016 0.0008352790865550692 3.7207831956389394e-07 3.781452533094345e-07
86 4.2956650918265624e-07 3.66942557444442e-07 4.384822704253401e-07 1.0896445501491117e-07 4.329259057341762e-07 0.035172308315548156 4.104369398172227e-07 0.7268814843870343 4.0543444858938706e-07 0.025503771531010903 0.00018603919194660505 0.08873629304386163 3.973852039935321e-07 4.636208594148252e-05 5.5035453263339206e-05 5.003342518822221e-05 1.2403166173043412e-05 0.0013664662131902617 3.614555720267379e-06 0.0002542808943440039 4.2038823257688287e-07 5.849316248802463e-06 6.949327629170443e-07 4.153378662212618e-06 1.1840160297185202e-05 0.0016910653126126312 0.00027927821116069016 0.0008352790865550692 3.7207831956389394e-07 3.781452533094345e-07
87 4.2956650918265624e-07 3.66942557444442e-07 4.384822704253401e-07 1.0896445501491117e-07 4.329259057341762e-07 0.035172308315548156 4.104369398172227e-07 0.7268814843870343 4.0543444858938706e-07 0.025503771531010903 0.00018603919194660505 0.08873629304386163 3.973852039935321e-07 4.636208594148252e-05 5.5035453263339206e-05 5.003342518822221e-05 1.2403166173043412e-05 0.0013664662131902617 3.614555720267379e-06 0.0002542808943440039 4.2038823257688287e-07 5.849316248802463e-06 6.949327629170443e-07 4.153378662212618e-06 1.1840160297185202e-05 0.0016910653126126312 0.00027927821116069016 0.0008352790865550692 3.7207831956389394e-07 3.781452533094345e-07
88 4.2956650918265624e-07 3.66942557444442e-07 4.384822704253401e-07 1.0896445501491117e-07 4.329259057341762e-07 0.035172308315548156 4.104369398172227e-07 0.7268814843870343 4.0543444858938706e-07 0.025503771531010903 0.00018603919194660505 0.08873629304386163 3.973852039935321e-07 4.636208594148252e-05 5.5035453263339206e-05 5.003342518822221e-05 1.2403166173043412e-05 0.0013664662131902617 3.614555720267379e-06 0.0002542808943440039 4.2038823257688287e-07 5.849316248802463e-06 6.949327629170443e-07 4.153378662212618e-06 1.1840160297185202e-05 0.0016910653126126312 0.00027927821116069016 0.0008352790865550692 3.7207831956389394e-07 3.781452533094345e-07
89 4.2956650918265624e-07 3.66942557444442e-07 4.384822704253401e-07 1.0896445501491117e-07 4.329259057341762e-07 0.035172308315548156 4.104369398172227e-07 0.7268814843870343 4.0543444858938706e-07 0.025503771531010903 0.00018603919194660505 0.08873629304386163 3.973852039935321e-07 4.636208594148252e-05 5.5035453263339206e-05 5.003342518822221e-05 1.2403166173043412e-05 0.0013664662131902617 3.614555720267379e-06 0.0002542808943440039 4.2038823257688287e-07 5.849316248802463e-06 6.949327629170443e-07 4.153378662212618e-06 1.1840160297185202e-05 0.0016910653126126312 0.00027927821116069016 0.0008352790865550692 3.7207831956389394e-07 3.781452533094345e-07
90 4.2956650918265624e-07 3.66942557444442e-07 4.384822704253401e-07 1.0896445501491117e-07 4.329259057341762e-07 0.035172308315548156 4.104369398172227e-07 0.7268814843870343 4.0543444858938706e-07 0.025503771531010903 0.00018603919194660505 0.08873629304386163 3.973852039935321e-07 4.636208594148252e-05 5.5035453263339206e-05 5.003342518822221e-05 1.2403166173043412e-05 0.0013664662131902617 3.614555720267379e-06 0.0002542808943440039 4.2038823257688287e-07 5.849316248802463e-06 6.949327629170443e-07 4.153378662212618e-06 1.1840160297185202e-05 0.0016910653126126312 0.00027927821116069016 0.0008352790865550692 3.7207831956389394e-07 3.781452533094345e-07
91 4.2956650918265624e-07 3.66942557444442e-07 4.384822704253401e-07 1.0896445501491117e-07 4.329259057341762e-07 0.035172308315548156 4.104369398172227e-07 0.7268814843870343 4.0543444858938706e-07 0.025503771531010903 0.00018603919194660505 0.08873629304386163 3.973852039935321e-07 4.636208594148252e-05 5.5035453263339206e-05 5.003342518822221e-05 1.2403166173043412e-05 0.0013664662131902617 3.614555720267379e-06 0.0002542808943440039 4.2038823257688287e-07 5.849316248802463e-06 6.949327629170443e-07 4.153378662212618e-06 1.1840160297185202e-05 0.0016910653126126312 0.00027927821116069016 0.0008352790865550692 3.7207831956389394e-07 3.781452533094345e-07
92 4.2956650918265624e-07 3.66942557444442e-07 4.384822704253401e-07 1.0896445501491117e-07 4.329259057341762e-07 0.035172308315548156 4.104369398172227e-07 0.7268814843870343 4.0543444858938706e-07 0.025503771531010903 0.00018603919194660505 0.08873629304386163 3.973852039935321e-07 4.636208594148252e-05 5.5035453263339206e-05 5.003342518822221e-05 1.2403166173043412e-05 0.0013664662131902617 3.614555720267379e-06 0.0002542808943440039 4.2038823257688287e-07 5.849316248802463e-06 6.949327629170443e-07 4.153378662212618e-06 1.1840160297185202e-05 0.0016910653126126312 0.00027927821116069016 0.0008352790865550692 3.7207831956389394e-07 3.781452533094345e-07
93 4.2956650918265624e-07 3.66942557444442e-07 4.384822704253401e-07 1.0896445501491117e-07 4.329259057341762e-07 0.035172308315548156 4.104369398172227e-07 0.7268814843870343 4.0543444858938706e-07 0.025503771531010903 0.00018603919194660505 0.08873629304386163 3.973852039935321e-07 4.636208594148252e-05 5.5035453263339206e-05 5.003342518822221e-05 1.2403166173043412e-05 0.0013664662131902617 3.614555720267379e-06 0.0002542808943440039 4.2038823257688287e-07 5.849316248802463e-06 6.949327629170443e-07 4.153378662212618e-06 1.1840160297185202e-05 0.0016910653126126312 0.00027927821116069016 0.0008352790865550692 3.7207831956389394e-07 3.781452533094345e-07
94 4.2956650918265624e-07 3.66942557444442e-07 4.384822704253401e-07 1.0896445501491117e-07 4.329259057341762e-07 0.035172308315548156 4.104369398172227e-07 0.7268814843870343 4.0543444858938706e-07 0.025503771531010903 0.00018603919194660505 0.08873629304386163 3.973852039935321e-07 4.636208594148252e-05 5.5035453263339206e-05 5.003342518822221e-05 1.2403166173043412e-05 0.0013664662131902617 3.614555720267379e-06 0.0002542808943440039 4.2038823257688287e-07 5.849316248802463e-06 6.949327629170443e-07 4.153378662212618e-06 1.1840160297185202e-05 0.0016910653126126312 0.00027927821116069016 0.0008352790865550692 3.7207831956389394e-07 3.781452533094345e-07
95 4.2956650918265624e-07 3.66942557444442e-07 4.384822704253401e-07 1.0896445501491117e-07 4.329259057341762e-07 0.035172308315548156 4.104369398172227e-07 0.7268814843870343 4.0543444858938706e-07 0.025503771531010903 0.00018603919194660505 0.08873629304386163 3.973852039935321e-07 4.636208594148252e-05 5.5035453263339206e-05 5.003342518822221e-05 1.2403166173043412e-05 0.0013664662131902617 3.614555720267379e-06 0.0002542808943440039 4.2038823257688287e-07 5.849316248802463e-06 6.949327629170443e-07 4.153378662212618e-06 1.1840160297185202e-05 0.0016910653126126312 0.00027927821116069016 0.0008352790865550692 3.7207831956389394e-07 3.781452533094345e-07
96 4.2956650918265624e-07 3.66942557444442e-07 4.384822704253401e-07 1.0896445501491117e-07 4.329259057341762e-07 0.035172308315548156 4.104369398172227e-07 0.7268814843870343 4.0543444858938706e-07 0.025503771531010903 0.00018603919194660505 0.08873629304386163 3.973852039935321e-07 4.636208594148252e-05 5.5035453263339206e-05 5.003342518822221e-05 1.2403166173043412e-05 0.0013664662131902617 3.614555720267379e-06 0.0002542808943440039 4.2038823257688287e-07 5.849316248802463e-06 6.949327629170443e-07 4.153378662212618e-06 1.1840160297185202e-05 0.0016910653126126312 0.00027927821116069016 0.0008352790865550692 3.7207831956389394e-07 3.781452533094345e-07
97 4.2956650918265624e-07 3.66942557444442e-07 4.384822704253401e-07 1.0896445501491117e-07 4.329259057341762e-07 0.035172308315548156 4.104369398172227e-07 0.7268814843870343 4.0543444858938706e-07 0.025503771531010903 0.00018603919194660505 0.08873629304386163 3.973852039935321e-07 4.636208594148252e-05 5.5035453263339206e-05 5.003342518822221e-05 1.2403166173043412e-05 0.0013664662131902617 3.614555720267379e-06 0.0002542808943440039 4.2038823257688287e-07 5.849316248802463e-06 6.949327629170443e-07 4.153378662212618e-06 1.1840160297185202e-05 0.0016910653126126312 0.00027927821116069016 0.0008352790865550692 3.7207831956389394e-07 3.781452533094345e-07
98 4.2956650918265624e-07 3.66942557444442e-07 4.384822704253401e-07 1.0896445501491117e-07 4.329259057341762e-07 0.035172308315548156 4.104369398172227e-07 0.7268814843870343 4.0543444858938706e-07 0.025503771531010903 0.00018603919194660505 0.08873629304386163 3.973852039935321e-07 4.636208594148252e-05 5.5035453263339206e-05 5.003342518822221e-05 1.2403166173043412e-05 0.0013664662131902617 3.614555720267379e-06 0.0002542808943440039 4.2038823257688287e-07 5.849316248802463e-06 6.949327629170443e-07 4.153378662212618e-06 1.1840160297185202e-05 0.0016910653126126312 0.00027927821116069016 0.0008352790865550692 3.7207831956389394e-07 3.781452533094345e-07
99 4.2956650918265624e-07 3.66942557444442e-07 4.384822704253401e-07 1.0896445501491117e-07 4.329259057341762e-07 0.035172308315548156 4.104369398172227e-07 0.7268814843870343 4.0543444858938706e-07 0.025503771531010903 0.00018603919194660505 0.08873629304386163 3.973852039935321e-07 4.636208594148252e-05 5.5035453263339206e-05 5.003342518822221e-05 1.2403166173043412e-05 0.0013664662131902617 3.614555720267379e-06 0.0002542808943440039 4.2038823257688287e-07 5.849316248802463e-06 6.949327629170443e-07 4.153378662212618e-06 1.1840160297185202e-05 0.0016910653126126312 0.00027927821116069016 0.0008352790865550692 3.7207831956389394e-07 3.781452533094345e-07
100 4.2956650918265624e-07 3.66942557444442e-07 4.384822704253401e-07 1.0896445501491117e-07 4.329259057341762e-07 0.035172308315548156 4.104369398172227e-07 0.7268814843870343 4.0543444858938706e-07 0.025503771531010903 0.00018603919194660505 0.08873629304386163 3.973852039935321e-07 4.636208594148252e-05 5.5035453263339206e-05 5.003342518822221e-05 1.2403166173043412e-05 0.0013664662131902617 3.614555720267379e-06 0.0002542808943440039 4.2038823257688287e-07 5.849316248802463e-06 6.949327629170443e-07 4.153378662212618e-06 1.1840160297185202e-05 0.0016910653126126312 0.00027927821116069016 0.0008352790865550692 3.7207831956389394e-07 3.781452533094345e-07
101 4.2956650918265624e-07 3.66942557444442e-07 4.384822704253401e-07 1.0896445501491117e-07 4.329259057341762e-07 0.035172308315548156 4.104369398172227e-07 0.7268814843870343 4.0543444858938706e-07 0.025503771531010903 0.00018603919194660505 0.08873629304386163 3.973852039935321e-07 4.636208594148252e-05 5.5035453263339206e-05 5.003342518822221e-05 1.2403166173043412e-05 0.0013664662131902617 3.614555720267379e-06 0.0002542808943440039 4.2038823257688287e-07 5.849316248802463e-06 6.949327629170443e-07 4.153378662212618e-06 1.1840160297185202e-05 0.0016910653126126312 0.00027927821116069016 0.0008352790865550692 3.7207831956389394e-07 3.781452533094345e-07
102 4.2956650918265624e-07 3.66942557444442e-07 4.384822704253401e-07 1.0896445501491117e-07 4.329259057341762e-07 0.035172308315548156 4.104369398172227e-07 0.7268814843870343 4.0543444858938706e-07 0.025503771531010903 0.00018603919194660505 0.08873629304386163 3.973852039935321e-07 4.636208594148252e-05 5.5035453263339206e-05 5.003342518822221e-05 1.2403166173043412e-05 0.0013664662131902617 3.614555720267379e-06 0.0002542808943440039 4.2038823257688287e-07 5.849316248802463e-06 6.949327629170443e-07 4.153378662212618e-06 1.1840160297185202e-05 0.0016910653126126312 0.00027927821116069016 0.0008352790865550692 3.7207831956389394e-07 3.781452533094345e-07
103 4.2956650918265624e-07 3.66942557444442e-07 4.384822704253401e-07 1.0896445501491117e-07 4.329259057341762e-07 0.035172308315548156 4.104369398172227e-07 0.7268814843870343 4.0543444858938706e-07 0.025503771531010903 0.00018603919194660505 0.08873629304386163 3.973852039935321e-07 4.636208594148252e-05 5.5035453263339206e-05 5.003342518822221e-05 1.2403166173043412e-05 0.0013664662131902617 3.614555720267379e-06 0.0002542808943440039 4.2038823257688287e-07 5.849316248802463e-06 6.949327629170443e-07 4.153378662212618e-06 1.1840160297185202e-05 0.0016910653126126312 0.00027927821116069016 0.0008352790865550692 3.7207831956389394e-07 3.781452533094345e-07
104 4.2956650918265624e-07 3.66942557444442e-07 4.384822704253401e-07 1.0896445501491117e-07 4.329259057341762e-07 0.035172308315548156 4.104369398172227e-07 0.7268814843870343 4.0543444858938706e-07 0.025503771531010903 0.00018603919194660505 0.08873629304386163 3.973852039935321e-07 4.636208594148252e-05 5.5035453263339206e-05 5.003342518822221e-05 1.2403166173043412e-05 0.0013664662131902617 3.614555720267379e-06 0.0002542808943440039 4.2038823257688287e-07 5.849316248802463e-06 6.949327629170443e-07 4.153378662212618e-06 1.1840160297185202e-05 0.0016910653126126312 0.00027927821116069016 0.0008352790865550692 3.7207831956389394e-07 3.781452533094345e-07
105 4.2956650918265624e-07 3.66942557444442e-07 4.384822704253401e-07 1.0896445501491117e-07 4.329259057341762e-07 0.035172308315548156 4.104369398172227e-07 0.7268814843870343 4.0543444858938706e-07 0.025503771531010903 0.00018603919194660505 0.08873629304386163 3.973852039935321e-07 4.636208594148252e-05 5.5035453263339206e-05 5.003342518822221e-05 1.2403166173043412e-05 0.0013664662131902617 3.614555720267379e-06 0.0002542808943440039 4.2038823257688287e-07 5.849316248802463e-06 6.949327629170443e-07 4.153378662212618e-06 1.1840160297185202e-05 0.0016910653126126312 0.00027927821116069016 0.0008352790865550692 3.7207831956389394e-07 3.781452533094345e-07
106 4.2956650918265624e-07 3.66942557444442e-07 4.384822704253401e-07 1.0896445501491117e-07 4.329259057341762e-07 0.035172308315548156 4.104369398172227e-07 0.7268814843870343 4.0543444858938706e-07 0.025503771531010903 0.00018603919194660505 0.08873629304386163 3.973852039935321e-07 4.636208594148252e-05 5.5035453263339206e-05 5.003342518822221e-05 1.2403166173043412e-05 0.0013664662131902617 3.614555720267379e-06 0.0002542808943440039 4.2038823257688287e-07 5.849316248802463e-06 6.949327629170443e-07 4.153378662212618e-06 1.1840160297185202e-05 0.0016910653126126312 0.00027927821116069016 0.0008352790865550692 3.7207831956389394e-07 3.781452533094345e-07
107 4.2956650918265624e-07 3.66942557444442e-07 4.384822704253401e-07 1.0896445501491117e-07 4.329259057341762e-07 0.035172308315548156 4.104369398172227e-07 0.7268814843870343 4.0543444858938706e-07 0.025503771531010903 0.00018603919194660505 0.08873629304386163 3.973852039935321e-07 4.636208594148252e-05 5.5035453263339206e-05 5.003342518822221e-05 1.2403166173043412e-05 0.0013664662131902617 3.614555720267379e-06 0.0002542808943440039 4.2038823257688287e-07 5.849316248802463e-06 6.949327629170443e-07 4.153378662212618e-06 1.1840160297185202e-05 0.0016910653126126312 0.00027927821116069016 0.0008352790865550692 3.7207831956389394e-07 3.781452533094345e-07
108 4.2956650918265624e-07 3.66942557444442e-07 4.384822704253401e-07 1.0896445501491117e-07 4.329259057341762e-07 0.035172308315548156 4.104369398172227e-07 0.7268814843870343 4.0543444858938706e-07 0.025503771531010903 0.00018603919194660505 0.08873629304386163 3.973852039935321e-07 4.636208594148252e-05 5.5035453263339206e-05 5.003342518822221e-05 1.2403166173043412e-05 0.0013664662131902617 3.614555720267379e-06 0.0002542808943440039 4.2038823257688287e-07 5.849316248802463e-06 6.949327629170443e-07 4.153378662212618e-06 1.1840160297185202e-05 0.0016910653126126312 0.00027927821116069016 0.0008352790865550692 3.7207831956389394e-07 3.781452533094345e-07
