# index Z=1 - Z=30
0 5.839742014895503e-07 0.009797157116453205 5.645256922830462e-07 6.056780309434248e-07 5.60122359236999e-07 1.4184700904836725e-06 5.89702841811465e-07 0.003303155390201299 5.986750540896154e-07 6.324634084478e-07 5.988361191872133e-07 6.654169987157573e-05 5.970261408423613e-07 0.017952625825765543 1.6484411244943285e-06 6.401771419865984e-05 7.829275590605962e-07 0.0062632349867519305 8.830985243989816e-07 0.01171123139317644 5.749880429207903e-07 0.00010703134300368795 0.00024895537196113207 1.697272547980968e-05 0.00508971716475776 0.19953705391993923 0.13711925077620268 0.32022035703849305 5.600202800505131e-07 5.985403186238436e-07
1 5.839742014895503e-07 0.009797157116453205 5.645256922830462e-07 6.056780309434248e-07 5.60122359236999e-07 1.4184700904836725e-06 5.89702841811465e-07 0.003303155390201299 5.986750540896154e-07 6.324634084478e-07 5.988361191872133e-07 6.654169987157573e-05 5.970261408423613e-07 0.017952625825765543 1.6484411244943285e-06 6.401771419865984e-05 7.829275590605962e-07 0.0062632349867519305 8.830985243989816e-07 0.01171123139317644 5.749880429207903e-07 0.00010703134300368795 0.00024895537196113207 1.697272547980968e-05 0.00508971716475776 0.19953705391993923 0.13711925077620268 0.32022035703849305 5.600202800505131e-07 5.985403186238436e-07
2 5.839742014895503e-07 0.009797157116453205 5.645256922830462e-07 6.056780309434248e-07 5.60122359236999e-07 1.4184700904836725e-06 5.89702841811465e-07 0.003303155390201299 5.986750540896154e-07 6.324634084478e-07 5.988361191872133e-07 6.654169987157573e-05 5.970261408423613e-07 0.017952625825765543 1.6484411244943285e-06 6.401771419865984e-05 7.829275590605962e-07 0.0062632349867519305 8.830985243989816e-07 0.01171123139317644 5.749880429207903e-07 0.00010703134300368795 0.00024895537196113207 1.697272547980968e-05 0.00508971716475776 0.19953705391993923 0.13711925077620268 0.32022035703849305 5.600202800505131e-07 5.985403186238436e-07
3 5.839742014895503e-07 0.009797157116453205 5.645256922830462e-07 6.056780309434248e-07 5.60122359236999e-07 1.4184700904836725e-06 5.89702841811465e-07 0.003303155390201299 5.986750540896154e-07 6.324634084478e-07 5.988361191872133e-07 6.654169987157573e-05 5.970261408423613e-07 0.017952625825765543 1.6484411244943285e-06 6.401771419865984e-05 7.829275590605962e-07 0.0062632349867519305 8.830985243989816e-07 0.01171123139317644 5.749880429207903e-07 0.00010703134300368795 0.00024895537196113207 1.697272547980968e-05 0.00508971716475776 0.19953705391993923 0.13711925077620268 0.32022035703849305 5.600202800505131e-07 5.985403186238436e-07
4 5.839742014895503e-07 0.009797157116453205 5.645256922830462e-07 6.056780309434248e-07 5.60122359236999e-07 1.4184700904836725e-06 5.89702841811465e-07 0.003303155390201299 5.986750540896154e-07 6.324634084478e-07 5.988361191872133e-07 6.654169987157573e-05 5.970261408423613e-07 0.017952625825765543 1.6484411244943285e-06 6.401771419865984e-05 7.829275590605962e-07 0.0062632349867519305 8.830985243989816e-07 0.01171123139317644 5.749880429207903e-07 0.00010703134300368795 0.00024895537196113207 1.697272547980968e-05 0.00508971716475776 0.19953705391993923 0.13711925077620268 0.32022035703849305 5.600202800505131e-07 5.985403186238436e-07
5 5.839742014895503e-07 0.009797157116453205 5.645256922830462e-07 6.056780309434248e-07 5.60122359236999e-07 1.4184700904836725e-06 5.89702841811465e-07 0.003303155390201299 5.986750540896154e-07 6.324634084478e-07 5.988361191872133e-07 6.654169987157573e-05 5.970261408423613e-07 0.017952625825765543 1.6484411244943285e-06 6.401771419865984e-05 7.829275590605962e-07 0.0062632349867519305 8.830985243989816e-07 0.01171123139317644 5.749880429207903e-07 0.00010703134300368795 0.00024895537196113207 1.697272547980968e-05 0.00508971716475776 0.19953705391993923 0.13711925077620268 0.32022035703849305 5.600202800505131e-07 5.985403186238436e-07
6 5.839742014895503e-07 0.009797157116453205 5.645256922830462e-07 6.056780309434248e-07 5.60122359236999e-07 1.4184700904836725e-06 5.89702841811465e-07 0.003303155390201299 5.986750540896154e-07 6.324634084478e-07 5.988361191872133e-07 6.654169987157573e-05 5.970261408423613e-07 0.017952625825765543 1.6484411244943285e-06 6.401771419865984e-05 7.829275590605962e-07 0.0062632349867519305 8.830985243989816e-07 0.01171123139317644 5.749880429207903e-07 0.00010703134300368795 0.00024895537196113207 1.697272547980968e-05 0.00508971716475776 0.19953705391993923 0.13711925077620268 0.32022035703849305 5.600202800505131e-07 5.985403186238436e-07
7 5.839742014895503e-07 0.009797157116453205 5.645256922830462e-07 6.056780309434248e-07 5.60122359236999e-07 1.4184700904836725e-06 5.89702841811465e-07 0.003303155390201299 5.986750540896154e-07 6.324634084478e-07 5.988361191872133e-07 6.654169987157573e-05 5.970261408423613e-07 0.017952625825765543 1.6484411244943285e-06 6.401771419865984e-05 7.829275590605962e-07 0.0062632349867519305 8.830985243989816e-07 0.01171123139317644 5.749880429207903e-07 0.00010703134300368795 0.00024895537196113207 1.697272547980968e-05 0.00508971716475776 0.19953705391993923 0.13711925077620268 0.32022035703849305 5.600202800505131e-07 5.985403186238436e-07
8 5.839742014895503e-07 0.009797157116453205 5.645256922830462e-07 6.056780309434248e-07 5.60122359236999e-07 1.4184700904836725e-06 5.89702841811465e-07 0.003303155390201299 5.986750540896154e-07 6.324634084478e-07 5.988361191872133e-07 6.654169987157573e-05 5.970261408423613e-07 0.017952625825765543 1.6484411244943285e-06 6.401771419865984e-05 7.829275590605962e-07 0.0062632349867519305 8.830985243989816e-07 0.01171123139317644 5.749880429207903e-07 0.00010703134300368795 0.00024895537196113207 1.697272547980968e-05 0.00508971716475776 0.19953705391993923 0.13711925077620268 0.32022035703849305 5.600202800505131e-07 5.985403186238436e-07
9 5.839742014895503e-07 0.009797157116453205 5.645256922830462e-07 6.056780309434248e-07 5.60122359236999e-07 1.4184700904836725e-06 5.89702841811465e-07 0.003303155390201299 5.986750540896154e-07 6.324634084478e-07 5.988361191872133e-07 6.654169987157573e-05 5.970261408423613e-07 0.017952625825765543 1.6484411244943285e-06 6.401771419865984e-05 7.829275590605962e-07 0.0062632349867519305 8.830985243989816e-07 0.01171123139317644 5.749880429207903e-07 0.00010703134300368795 0.00024895537196113207 1.697272547980968e-05 0.00508971716475776 0.19953705391993923 0.13711925077620268 0.32022035703849305 5.600202800505131e-07 5.985403186238436e-07
10 5.839742014895503e-07 0.009797157116453205 5.645256922830462e-07 6.056780309434248e-07 5.60122359236999e-07 1.4184700904836725e-06 5.89702841811465e-07 0.003303155390201299 5.986750540896154e-07 6.324634084478e-07 5.988361191872133e-07 6.654169987157573e-05 5.970261408423613e-07 0.017952625825765543 1.6484411244943285e-06 6.401771419865984e-05 7.829275590605962e-07 0.0062632349867519305 8.830985243989816e-07 0.01171123139317644 5.749880429207903e-07 0.00010703134300368795 0.00024895537196113207 1.697272547980968e-05 0.00508971716475776 0.19953705391993923 0.13711925077620268 0.32022035703849305 5.600202800505131e-07 5.985403186238436e-07
11 5.839742014895503e-07 0.009797157116453205 5.645256922830462e-07 6.056780309434248e-07 5.60122359236999e-07 1.4184700904836725e-06 5.89702841811465e-07 0.003303155390201299 5.986750540896154e-07 6.324634084478e-07 5.988361191872133e-07 6.654169987157573e-05 5.970261408423613e-07 0.017952625825765543 1.6484411244943285e-06 6.401771419865984e-05 7.829275590605962e-07 0.0062632349867519305 8.830985243989816e-07 0.01171123139317644 5.749880429207903e-07 0.00010703134300368795 0.00024895537196113207 1.697272547980968e-05 0.00508971716475776 0.19953705391993923 0.13711925077620268 0.32022035703849305 5.600202800505131e-07 5.985403186238436e-07
12 5.240091782285102e-07 0.002565172093465066 5.694855038189345e-07 5.284458923282494e-07 4.5444785152315194e-07 9.935015315816557e-07 5.55522157052781e-07 0.0025795366361224033 4.931914913116399e-07 4.3599838677862255e-07 4.941476293015519e-07 0.0011401262721992872 5.025607466710682e-07 0.019829805686939768 3.955655972158175e-06 0.0004384459235761748 1.2525965813730588e-06 0.008604403229907461 9.045226947762843e-07 0.013303512935991862 5.94293693316155e-07 8.612489170222053e-05 0.00040799476672980666 1.5608486946187078e-05 0.022307959112715887 0.4514576137778691 0.310418581857943 0.036074430039163906 5.162630878724216e-07 4.412103492524093e-07
13 5.240091782285102e-07 0.002565172093465066 5.694855038189345e-07 5.284458923282494e-07 4.5444785152315194e-07 9.935015315816557e-07 5.55522157052781e-07 0.0025795366361224033 4.931914913116399e-07 4.3599838677862255e-07 4.941476293015519e-07 0.0011401262721992872 5.025607466710682e-07 0.019829805686939768 3.955655972158175e-06 0.0004384459235761748 1.2525965813730588e-06 0.008604403229907461 9.045226947762843e-07 0.013303512935991862 5.94293693316155e-07 8.612489170222053e-05 0.00040799476672980666 1.5608486946187078e-05 0.022307959112715887 0.4514576137778691 0.310418581857943 0.036074430039163906 5.162630878724216e-07 4.412103492524093e-07
14 5.240091782285102e-07 0.002565172093465066 5.694855038189345e-07 5.284458923282494e-07 4.5444785152315194e-07 9.935015315816557e-07 5.55522157052781e-07 0.0025795366361224033 4.931914913116399e-07 4.3599838677862255e-07 4.941476293015519e-07 0.0011401262721992872 5.025607466710682e-07 0.019829805686939768 3.955655972158175e-06 0.0004384459235761748 1.2525965813730588e-06 0.008604403229907461 9.045226947762843e-07 0.013303512935991862 5.94293693316155e-07 8.612489170222053e-05 0.00040799476672980666 1.5608486946187078e-05 0.022307959112715887 0.4514576137778691 0.310418581857943 0.036074430039163906 5.162630878724216e-07 4.412103492524093e-07
15 5.240091782285102e-07 0.002565172093465066 5.694855038189345e-07 5.284458923282494e-07 4.5444785152315194e-07 9.935015315816557e-07 5.55522157052781e-07 0.0025795366361224033 4.931914913116399e-07 4.3599838677862255e-07 4.941476293015519e-07 0.0011401262721992872 5.025607466710682e-07 0.019829805686939768 3.955655972158175e-06 0.0004384459235761748 1.2525965813730588e-06 0.008604403229907461 9.045226947762843e-07 0.013303512935991862 5.94293693316155e-07 8.612489170222053e-05 0.00040799476672980666 1.5608486946187078e-05 0.022307959112715887 0.4514576137778691 0.310418581857943 0.036074430039163906 5.162630878724216e-07 4.412103492524093e-07
16 5.240091782285102e-07 0.002565172093465066 5.694855038189345e-07 5.284458923282494e-07 4.5444785152315194e-07 9.935015315816557e-07 5.55522157052781e-07 0.0025795366361224033 4.931914913116399e-07 4.3599838677862255e-07 4.941476293015519e-07 0.0011401262721992872 5.025607466710682e-07 0.019829805686939768 3.955655972158175e-06 0.0004384459235761748 1.2525965813730588e-06 0.008604403229907461 9.045226947762843e-07 0.013303512935991862 5.94293693316155e-07 8.612489170222053e-05 0.00040799476672980666 1.5608486946187078e-05 0.022307959112715887 0.4514576137778691 0.310418581857943 0.036074430039163906 5.162630878724216e-07 4.412103492524093e-07
17 5.240091782285102e-07 0.002565172093465066 5.694855038189345e-07 5.284458923282494e-07 4.5444785152315194e-07 9.935015315816557e-07 5.55522157052781e-07 0.0025795366361224033 4.931914913116399e-07 4.3599838677862255e-07 4.941476293015519e-07 0.0011401262721992872 5.025607466710682e-07 0.019829805686939768 3.955655972158175e-06 0.0004384459235761748 1.2525965813730588e-06 0.008604403229907461 9.045226947762843e-07 0.013303512935991862 5.94293693316155e-07 8.612489170222053e-05 0.00040799476672980666 1.5608486946187078e-05 0.022307959112715887 0.4514576137778691 0.310418581857943 0.036074430039163906 5.162630878724216e-07 4.412103492524093e-07
18 5.240091782285102e-07 0.002565172093465066 5.694855038189345e-07 5.284458923282494e-07 4.5444785152315194e-07 9.935015315816557e-07 5.55522157052781e-07 0.0025795366361224033 4.931914913116399e-07 4.3599838677862255e-07 4.941476293015519e-07 0.0011401262721992872 5.025607466710682e-07 0.019829805686939768 3.955655972158175e-06 0.0004384459235761748 1.2525965813730588e-06 0.008604403229907461 9.045226947762843e-07 0.013303512935991862 5.94293693316155e-07 8.612489170222053e-05 0.00040799476672980666 1.5608486946187078e-05 0.022307959112715887 0.4514576137778691 0.310418581857943 0.036074430039163906 5.162630878724216e-07 4.412103492524093e-07
19 5.240091782285102e-07 0.002565172093465066 5.694855038189345e-07 5.284458923282494e-07 4.5444785152315194e-07 9.935015315816557e-07 5.55522157052781e-07 0.0025795366361224033 4.931914913116399e-07 4.3599838677862255e-07 4.941476293015519e-07 0.0011401262721992872 5.025607466710682e-07 0.019829805686939768 3.955655972158175e-06 0.0004384459235761748 1.2525965813730588e-06 0.008604403229907461 9.045226947762843e-07 0.013303512935991862 5.94293693316155e-07 8.612489170222053e-05 0.00040799476672980666 1.5608486946187078e-05 0.022307959112715887 0.4514576137778691 0.310418581857943 0.036074430039163906 5.162630878724216e-07 4.412103492524093e-07
20 5.240091782285102e-07 0.002565172093465066 5.694855038189345e-07 5.284458923282494e-07 4.5444785152315194e-07 9.935015315816557e-07 5.55522157052781e-07 0.0025795366361224033 4.931914913116399e-07 4.3599838677862255e-07 4.941476293015519e-07 0.0011401262721992872 5.025607466710682e-07 0.019829805686939768 3.955655972158175e-06 0.0004384459235761748 1.2525965813730588e-06 0.008604403229907461 9.045226947762843e-07 0.013303512935991862 5.94293693316155e-07 8.612489170222053e-05 0.00040799476672980666 1.5608486946187078e-05 0.022307959112715887 0.4514576137778691 0.310418581857943 0.036074430039163906 5.162630878724216e-07 4.412103492524093e-07
21 5.240091782285102e-07 0.002565172093465066 5.694855038189345e-07 5.284458923282494e-07 4.5444785152315194e-07 9.935015315816557e-07 5.55522157052781e-07 0.0025795366361224033 4.931914913116399e-07 4.3599838677862255e-07 4.941476293015519e-07 0.0011401262721992872 5.025607466710682e-07 0.019829805686939768 3.955655972158175e-06 0.0004384459235761748 1.2525965813730588e-06 0.008604403229907461 9.045226947762843e-07 0.013303512935991862 5.94293693316155e-07 8.612489170222053e-05 0.00040799476672980666 1.5608486946187078e-05 0.022307959112715887 0.4514576137778691 0.310418581857943 0.036074430039163906 5.162630878724216e-07 4.412103492524093e-07
22 7.942525366536703e-07 7.960693600504799e-07 7.947279494172077e-07 7.999859705017279e-07 7.150395481344426e-07 2.276133661338888e-06 7.802638350111467e-07 0.004062184471450881 8.273528246137163e-07 8.112334167859242e-07 7.313226752880247e-07 0.11485604088582062 8.032980430939034e-07 0.407022339817835 1.1141047390250677e-05 0.07566649678008183 2.0698367260493876e-06 0.04081227917170485 1.6422123204329892e-06 0.09137265917316702 7.712498815135963e-07 0.00012642594382900304 0.0006628196837626235 5.990847046296952e-05 0.008665906466584133 0.05538681794316974 0.1103713754701647 0.012538119030610615 7.272925147954957e-07 7.277478231916165e-07
23 7.942525366536703e-07 7.960693600504799e-07 7.947279494172077e-07 7.999859705017279e-07 7.150395481344426e-07 2.276133661338888e-06 7.802638350111467e-07 0.004062184471450881 8.273528246137163e-07 8.112334167859242e-07 7.313226752880247e-07 0.11485604088582062 8.032980430939034e-07 0.407022339817835 1.1141047390250677e-05 0.07566649678008183 2.0698367260493876e-06 0.04081227917170485 1.6422123204329892e-06 0.09137265917316702 7.712498815135963e-07 0.00012642594382900304 0.0006628196837626235 5.990847046296952e-05 0.008665906466584133 0.05538681794316974 0.1103713754701647 0.012538119030610615 7.272925147954957e-07 7.277478231916165e-07
24 7.942525366536703e-07 7.960693600504799e-07 7.947279494172077e-07 7.999859705017279e-07 7.150395481344426e-07 2.276133661338888e-06 7.802638350111467e-07 0.004062184471450881 8.273528246137163e-07 8.112334167859242e-07 7.313226752880247e-07 0.11485604088582062 8.032980430939034e-07 0.407022339817835 1.1141047390250677e-05 0.07566649678008183 2.0698367260493876e-06 0.04081227917170485 1.6422123204329892e-06 0.09137265917316702 7.712498815135963e-07 0.00012642594382900304 0.0006628196837626235 5.990847046296952e-05 0.008665906466584133 0.05538681794316974 0.1103713754701647 0.012538119030610615 7.272925147954957e-07 7.277478231916165e-07
25 7.942525366536703e-07 7.960693600504799e-07 7.947279494172077e-07 7.999859705017279e-07 7.150395481344426e-07 2.276133661338888e-06 7.802638350111467e-07 0.004062184471450881 8.273528246137163e-07 8.112334167859242e-07 7.313226752880247e-07 0.11485604088582062 8.032980430939034e-07 0.407022339817835 1.1141047390250677e-05 0.07566649678008183 2.0698367260493876e-06 0.04081227917170485 1.6422123204329892e-06 0.09137265917316702 7.712498815135963e-07 0.00012642594382900304 0.0006628196837626235 5.990847046296952e-05 0.008665906466584133 0.05538681794316974 0.1103713754701647 0.012538119030610615 7.272925147954957e-07 7.277478231916165e-07
26 7.942525366536703e-07 7.960693600504799e-07 7.947279494172077e-07 7.999859705017279e-07 7.150395481344426e-07 2.276133661338888e-06 7.802638350111467e-07 0.004062184471450881 8.273528246137163e-07 8.112334167859242e-07 7.313226752880247e-07 0.11485604088582062 8.032980430939034e-07 0.407022339817835 1.1141047390250677e-05 0.07566649678008183 2.0698367260493876e-06 0.04081227917170485 1.6422123204329892e-06 0.09137265917316702 7.712498815135963e-07 0.00012642594382900304 0.0006628196837626235 5.990847046296952e-05 0.008665906466584133 0.05538681794316974 0.1103713754701647 0.012538119030610615 7.272925147954957e-07 7.277478231916165e-07
27 7.942525366536703e-07 7.960693600504799e-07 7.947279494172077e-07 7.999859705017279e-07 7.150395481344426e-07 2.276133661338888e-06 7.802638350111467e-07 0.004062184471450881 8.273528246137163e-07 8.112334167859242e-07 7.313226752880247e-07 0.11485604088582062 8.032980430939034e-07 0.407022339817835 1.1141047390250677e-05 0.07566649678008183 2.0698367260493876e-06 0.04081227917170485 1.6422123204329892e-06 0.09137265917316702 7.712498815135963e-07 0.00012642594382900304 0.0006628196837626235 5.990847046296952e-05 0.008665906466584133 0.05538681794316974 0.1103713754701647 0.012538119030610615 7.272925147954957e-07 7.277478231916165e-07
28 7.942525366536703e-07 7.960693600504799e-07 7.947279494172077e-07 7.999859705017279e-07 7.150395481344426e-07 2.276133661338888e-06 7.802638350111467e-07 0.004062184471450881 8.273528246137163e-07 8.112334167859242e-07 7.313226752880247e-07 0.11485604088582062 8.032980430939034e-07 0.407022339817835 1.1141047390250677e-05 0.07566649678008183 2.0698367260493876e-06 0.04081227917170485 1.6422123204329892e-06 0.09137265917316702 7.712498815135963e-07 0.00012642594382900304 0.0006628196837626235 5.990847046296952e-05 0.008665906466584133 0.05538681794316974 0.1103713754701647 0.012538119030610615 7.272925147954957e-07 7.277478231916165e-07
29 7.942525366536703e-07 7.960693600504799e-07 7.947279494172077e-07 7.999859705017279e-07 7.150395481344426e-07 2.276133661338888e-06 7.802638350111467e-07 0.004062184471450881 8.273528246137163e-07 8.112334167859242e-07 7.313226752880247e-07 0.11485604088582062 8.032980430939034e-07 0.407022339817835 1.1141047390250677e-05 0.07566649678008183 2.0698367260493876e-06 0.04081227917170485 1.6422123204329892e-06 0.09137265917316702 7.712498815135963e-07 0.00012642594382900304 0.0006628196837626235 5.990847046296952e-05 0.008665906466584133 0.05538681794316974 0.1103713754701647 0.012538119030610615 7.272925147954957e-07 7.277478231916165e-07
30 7.942525366536703e-07 7.960693600504799e-07 7.947279494172077e-07 7.999859705017279e-07 7.150395481344426e-07 2.276133661338888e-06 7.802638350111467e-07 0.004062184471450881 8.273528246137163e-07 8.112334167859242e-07 7.313226752880247e-07 0.11485604088582062 8.032980430939034e-07 0.407022339817835 1.1141047390250677e-05 0.07566649678008183 2.0698367260493876e-06 0.04081227917170485 1.6422123204329892e-06 0.09137265917316702 7.712498815135963e-07 0.00012642594382900304 0.0006628196837626235 5.990847046296952e-05 0.008665906466584133 0.05538681794316974 0.1103713754701647 0.012538119030610615 7.272925147954957e-07 7.277478231916165e-07
31 7.942525366536703e-07 7.960693600504799e-07 7.947279494172077e-07 7.999859705017279e-07 7.150395481344426e-07 2.276133661338888e-06 7.802638350111467e-07 0.004062184471450881 8.273528246137163e-07 8.112334167859242e-07 7.313226752880247e-07 0.11485604088582062 8.032980430939034e-07 0.407022339817835 1.1141047390250677e-05 0.07566649678008183 2.0698367260493876e-06 0.04081227917170485 1.6422123204329892e-06 0.09137265917316702 7.712498815135963e-07 0.00012642594382900304 0.0006628196837626235 5.990847046296952e-05 0.008665906466584133 0.05538681794316974 0.1103713754701647 0.012538119030610615 7.272925147954957e-07 7.277478231916165e-07
32 2.2794523834131503e-07 2.9343192475037955e-07 3.140113754154612e-07 1.9890643528741253e-07 2.980266389518591e-07 7.178816883202737e-06 2.613215905997887e-07 0.7751171294489455 2.8608418780423923e-07 9.981132940839617e-07 2.656823227447817e-07 0.021505554498780236 2.791149753297863e-07 0.11132665232406301 3.113637240672668e-05 4.799644678178946e-05 1.684314795182954e-05 0.014000023790685025 1.787460141523161e-05 0.003130858243799113 2.639815891259886e-07 2.0615153506244755e-05 1.8246074071784013e-05 2.6734087950227913e-05 0.00023088473165019097 0.007717013580477115 0.01578065858564997 0.0025179120372502972 2.6121028928485595e-07 2.715696814152342e-07
33 2.2794523834131503e-07 2.9343192475037955e-07 3.140113754154612e-07 1.9890643528741253e-07 2.980266389518591e-07 7.178816883202737e-06 2.613215905997887e-07 0.7751171294489455 2.8608418780423923e-07 9.981132940839617e-07 2.656823227447817e-07 0.021505554498780236 2.791149753297863e-07 0.11132665232406301 3.113637240672668e-05 4.799644678178946e-05 1.684314795182954e-05 0.014000023790685025 1.787460141523161e-05 0.003130858243799113 2.639815891259886e-07 2.0615153506244755e-05 1.8246074071784013e-05 2.6734087950227913e-05 0.00023088473165019097 0.007717013580477115 0.01578065858564997 0.0025179120372502972 2.6121028928485595e-07 2.715696814152342e-07
34 2.2794523834131503e-07 2.9343192475037955e-07 3.140113754154612e-07 1.9890643528741253e-07 2.980266389518591e-07 7.178816883202737e-06 2.613215905997887e-07 0.7751171294489455 2.8608418780423923e-07 9.981132940839617e-07 2.656823227447817e-07 0.021505554498780236 2.791149753297863e-07 0.11132665232406301 3.113637240672668e-05 4.799644678178946e-05 1.684314795182954e-05 0.014000023790685025 1.787460141523161e-05 0.003130858243799113 2.639815891259886e-07 2.0615153506244755e-05 1.8246074071784013e-05 2.6734087950227913e-05 0.00023088473165019097 0.007717013580477115 0.01578065858564997 0.0025179120372502972 2.6121028928485595e-07 2.715696814152342e-07
35 2.2794523834131503e-07 2.9343192475037955e-07 3.140113754154612e-07 1.9890643528741253e-07 2.980266389518591e-07 7.178816883202737e-06 2.613215905997887e-07 0.7751171294489455 2.8608418780423923e-07 9.981132940839617e-07 2.656823227447817e-07 0.021505554498780236 2.791149753297863e-07 0.11132665232406301 3.113637240672668e-05 4.799644678178946e-05 1.684314795182954e-05 0.014000023790685025 1.787460141523161e-05 0.003130858243799113 2.639815891259886e-07 2.0615153506244755e-05 1.8246074071784013e-05 2.6734087950227913e-05 0.00023088473165019097 0.007717013580477115 0.01578065858564997 0.0025179120372502972 2.6121028928485595e-07 2.715696814152342e-07
36 2.2794523834131503e-07 2.9343192475037955e-07 3.140113754154612e-07 1.9890643528741253e-07 2.980266389518591e-07 7.178816883202737e-06 2.613215905997887e-07 0.7751171294489455 2.8608418780423923e-07 9.981132940839617e-07 2.656823227447817e-07 0.021505554498780236 2.791149753297863e-07 0.11132665232406301 3.113637240672668e-05 4.799644678178946e-05 1.684314795182954e-05 0.014000023790685025 1.787460141523161e-05 0.003130858243799113 2.639815891259886e-07 2.0615153506244755e-05 1.8246074071784013e-05 2.6734087950227913e-05 0.00023088473165019097 0.007717013580477115 0.01578065858564997 0.0025179120372502972 2.6121028928485595e-07 2.715696814152342e-07
37 2.2794523834131503e-07 2.9343192475037955e-07 3.140113754154612e-07 1.9890643528741253e-07 2.980266389518591e-07 7.178816883202737e-06 2.613215905997887e-07 0.7751171294489455 2.8608418780423923e-07 9.981132940839617e-07 2.656823227447817e-07 0.021505554498780236 2.791149753297863e-07 0.11132665232406301 3.113637240672668e-05 4.799644678178946e-05 1.684314795182954e-05 0.014000023790685025 1.787460141523161e-05 0.003130858243799113 2.639815891259886e-07 2.0615153506244755e-05 1.8246074071784013e-05 2.6734087950227913e-05 0.00023088473165019097 0.007717013580477115 0.01578065858564997 0.0025179120372502972 2.6121028928485595e-07 2.715696814152342e-07
38 2.2794523834131503e-07 2.9343192475037955e-07 3.140113754154612e-07 1.9890643528741253e-07 2.980266389518591e-07 7.178816883202737e-06 2.613215905997887e-07 0.7751171294489455 2.8608418780423923e-07 9.981132940839617e-07 2.656823227447817e-07 0.021505554498780236 2.791149753297863e-07 0.11132665232406301 3.113637240672668e-05 4.799644678178946e-05 1.684314795182954e-05 0.014000023790685025 1.787460141523161e-05 0.003130858243799113 2.639815891259886e-07 2.0615153506244755e-05 1.8246074071784013e-05 2.6734087950227913e-05 0.00023088473165019097 0.007717013580477115 0.01578065858564997 0.0025179120372502972 2.6121028928485595e-07 2.715696814152342e-07
39 2.2794523834131503e-07 2.9343192475037955e-07 3.140113754154612e-07 1.9890643528741253e-07 2.980266389518591e-07 7.178816883202737e-06 2.613215905997887e-07 0.7751171294489455 2.8608418780423923e-07 9.981132940839617e-07 2.656823227447817e-07 0.021505554498780236 2.791149753297863e-07 0.11132665232406301 3.113637240672668e-05 4.799644678178946e-05 1.684314795182954e-05 0.014000023790685025 1.787460141523161e-05 0.003130858243799113 2.639815891259886e-07 2.0615153506244755e-05 1.8246074071784013e-05 2.6734087950227913e-05 0.00023088473165019097 0.007717013580477115 0.01578065858564997 0.0025179120372502972 2.6121028928485595e-07 2.715696814152342e-07
40 2.2794523834131503e-07 2.9343192475037955e-07 3.140113754154612e-07 1.9890643528741253e-07 2.980266389518591e-07 7.178816883202737e-06 2.613215905997887e-07 0.7751171294489455 2.8608418780423923e-07 9.981132940839617e-07 2.656823227447817e-07 0.021505554498780236 2.791149753297863e-07 0.11132665232406301 3.113637240672668e-05 4.799644678178946e-05 1.684314795182954e-05 0.014000023790685025 1.787460141523161e-05 0.003130858243799113 2.639815891259886e-07 2.0615153506244755e-05 1.8246074071784013e-05 2.6734087950227913e-05 0.00023088473165019097 0.007717013580477115 0.01578065858564997 0.0025179120372502972 2.6121028928485595e-07 2.715696814152342e-07
41 2.2794523834131503e-07 2.9343192475037955e-07 3.140113754154612e-07 1.9890643528741253e-07 2.980266389518591e-07 7.178816883202737e-06 2.613215905997887e-07 0.7751171294489455 2.8608418780423923e-07 9.981132940839617e-07 2.656823227447817e-07 0.021505554498780236 2.791149753297863e-07 0.11132665232406301 3.113637240672668e-05 4.799644678178946e-05 1.684314795182954e-05 0.014000023790685025 1.787460141523161e-05 0.003130858243799113 2.639815891259886e-07 2.0615153506244755e-05 1.8246074071784013e-05 2.6734087950227913e-05 0.00023088473165019097 0.007717013580477115 0.01578065858564997 0.0025179120372502972 2.6121028928485595e-07 2.715696814152342e-07
42 2.2794523834131503e-07 2.9343192475037955e-07 3.140113754154612e-07 1.9890643528741253e-07 2.980266389518591e-07 7.178816883202737e-06 2.613215905997887e-07 0.7751171294489455 2.8608418780423923e-07 9.981132940839617e-07 2.656823227447817e-07 0.021505554498780236 2.791149753297863e-07 0.11132665232406301 3.113637240672668e-05 4.799644678178946e-05 1.684314795182954e-05 0.014000023790685025 1.787460141523161e-05 0.003130858243799113 2.639815891259886e-07 2.0615153506244755e-05 1.8246074071784013e-05 2.6734087950227913e-05 0.00023088473165019097 0.007717013580477115 0.01578065858564997 0.0025179120372502972 2.6121028928485595e-07 2.715696814152342e-07
43 2.2794523834131503e-07 2.9343192475037955e-07 3.140113754154612e-07 1.9890643528741253e-07 2.980266389518591e-07 7.178816883202737e-06 2.613215905997887e-07 0.7751171294489455 2.8608418780423923e-07 9.981132940839617e-07 2.656823227447817e-07 0.021505554498780236 2.791149753297863e-07 0.11132665232406301 3.113637240672668e-05 4.799644678178946e-05 1.684314795182954e-05 0.014000023790685025 1.787460141523161e-05 0.003130858243799113 2.639815891259886e-07 2.0615153506244755e-05 1.8246074071784013e-05 2.6734087950227913e-05 0.00023088473165019097 0.007717013580477115 0.01578065858564997 0.0025179120372502972 2.6121028928485595e-07 2.715696814152342e-07
44 2.2794523834131503e-07 2.9343192475037955e-07 3.140113754154612e-07 1.9890643528741253e-07 2.980266389518591e-07 7.178816883202737e-06 2.613215905997887e-07 0.7751171294489455 2.8608418780423923e-07 9.981132940839617e-07 2.656823227447817e-07 0.021505554498780236 2.791149753297863e-07 0.11132665232406301 3.113637240672668e-05 4.799644678178946e-05 1.684314795182954e-05 0.014000023790685025 1.787460141523161e-05 0.003130858243799113 2.639815891259886e-07 2.0615153506244755e-05 1.8246074071784013e-05 2.6734087950227913e-05 0.00023088473165019097 0.007717013580477115 0.01578065858564997 0.0025179120372502972 2.6121028928485595e-07 2.715696814152342e-07
45 8.849873933158729e-07 8.696918233692561e-07 8.934403045566779e-07 8.667290980931897e-07 8.72417508574478e-07 0.06574016670076357 8.329940496482704e-07 0.45980850834733067 8.706806913234018e-07 0.04550070357507551 0.0003657296589884589 0.1920133101638848 8.775418199243643e-07 0.00010363085980118935 0.00013255962018883378 0.00010748792337018688 2.9132092564422735e-05 0.002611722913190055 6.870826042560597e-06 0.0005475196926043671 1.0844574504234176e-06 1.3101212100646463e-05 1.5284771050185535e-06 8.715347920223185e-06 2.645343135620335e-05 0.0035746037074095116 0.0005560115444253551 0.001599570308346041 8.706386296178054e-07 8.606581102255243e-07
46 8.849873933158729e-07 8.696918233692561e-07 8.934403045566779e-07 8.667290980931897e-07 8.72417508574478e-07 0.06574016670076357 8.329940496482704e-07 0.45980850834733067 8.706806913234018e-07 0.04550070357507551 0.0003657296589884589 0.1920133101638848 8.775418199243643e-07 0.00010363085980118935 0.00013255962018883378 0.00010748792337018688 2.9132092564422735e-05 0.002611722913190055 6.870826042560597e-06 0.0005475196926043671 1.0844574504234176e-06 1.3101212100646463e-05 1.5284771050185535e-06 8.715347920223185e-06 2.645343135620335e-05 0.0035746037074095116 0.0005560115444253551 0.001599570308346041 8.706386296178054e-07 8.606581102255243e-07
47 8.849873933158729e-07 8.696918233692561e-07 8.934403045566779e-07 8.667290980931897e-07 8.72417508574478e-07 0.06574016670076357 8.329940496482704e-07 0.45980850834733067 8.706806913234018e-07 0.04550070357507551 0.0003657296589884589 0.1920133101638848 8.775418199243643e-07 0.00010363085980118935 0.00013255962018883378 0.00010748792337018688 2.9132092564422735e-05 0.002611722913190055 6.870826042560597e-06 0.0005475196926043671 1.0844574504234176e-06 1.3101212100646463e-05 1.5284771050185535e-06 8.715347920223185e-06 2.645343135620335e-05 0.0035746037074095116 0.0005560115444253551 0.001599570308346041 8.706386296178054e-07 8.606581102255243e-07
48 8.849873933158729e-07 8.696918233692561e-07 8.934403045566779e-07 8.667290980931897e-07 8.72417508574478e-07 0.06574016670076357 8.329940496482704e-07 0.45980850834733067 8.706806913234018e-07 0.04550070357507551 0.0003657296589884589 0.1920133101638848 8.775418199243643e-07 0.00010363085980118935 0.00013255962018883378 0.00010748792337018688 2.9132092564422735e-05 0.002611722913190055 6.870826042560597e-06 0.0005475196926043671 1.0844574504234176e-06 1.3101212100646463e-05 1.5284771050185535e-06 8.715347920223185e-06 2.645343135620335e-05 0.0035746037074095116 0.0005560115444253551 0.001599570308346041 8.706386296178054e-07 8.606581102255243e-07
49 8.849873933158729e-07 8.696918233692561e-07 8.934403045566779e-07 8.667290980931897e-07 8.72417508574478e-07 0.06574016670076357 8.329940496482704e-07 0.45980850834733067 8.706806913234018e-07 0.04550070357507551 0.0003657296589884589 0.1920133101638848 8.775418199243643e-07 0.00010363085980118935 0.00013255962018883378 0.00010748792337018688 2.9132092564422735e-05 0.002611722913190055 6.870826042560597e-06 0.0005475196926043671 1.0844574504234176e-06 1.3101212100646463e-05 1.5284771050185535e-06 8.715347920223185e-06 2.645343135620335e-05 0.0035746037074095116 0.0005560115444253551 0.001599570308346041 8.706386296178054e-07 8.606581102255243e-07
50 8.849873933158729e-07 8.696918233692561e-07 8.934403045566779e-07 8.667290980931897e-07 8.72417508574478e-07 0.06574016670076357 8.329940496482704e-07 0.45980850834733067 8.706806913234018e-07 0.04550070357507551 0.0003657296589884589 0.1920133101638848 8.775418199243643e-07 0.00010363085980118935 0.00013255962018883378 0.00010748792337018688 2.9132092564422735e-05 0.002611722913190055 6.870826042560597e-06 0.0005475196926043671 1.0844574504234176e-06 1.3101212100646463e-05 1.5284771050185535e-06 8.715347920223185e-06 2.645343135620335e-05 0.0035746037074095116 0.0005560115444253551 0.001599570308346041 8.706386296178054e-07 8.606581102255243e-07
51 8.849873933158729e-07 8.696918233692561e-07 8.934403045566779e-07 8.667290980931897e-07 8.72417508574478e-07 0.06574016670076357 8.329940496482704e-07 0.45980850834733067 8.706806913234018e-07 0.04550070357507551 0.0003657296589884589 0.1920133101638848 8.775418199243643e-07 0.00010363085980118935 0.00013255962018883378 0.00010748792337018688 2.9132092564422735e-05 0.002611722913190055 6.870826042560597e-06 0.0005475196926043671 1.0844574504234176e-06 1.3101212100646463e-05 1.5284771050185535e-06 8.715347920223185e-06 2.645343135620335e-05 0.0035746037074095116 0.0005560115444253551 0.001599570308346041 8.706386296178054e-07 8.606581102255243e-07
52 8.849873933158729e-07 8.696918233692561e-07 8.934403045566779e-07 8.667290980931897e-07 8.72417508574478e-07 0.06574016670076357 8.329940496482704e-07 0.45980850834733067 8.706806913234018e-07 0.04550070357507551 0.0003657296589884589 0.1920133101638848 8.775418199243643e-07 0.00010363085980118935 0.00013255962018883378 0.00010748792337018688 2.9132092564422735e-05 0.002611722913190055 6.870826042560597e-06 0.0005475196926043671 1.0844574504234176e-06 1.3101212100646463e-05 1.5284771050185535e-06 8.715347920223185e-06 2.645343135620335e-05 0.0035746037074095116 0.0005560115444253551 0.001599570308346041 8.706386296178054e-07 8.606581102255243e-07
53 8.849873933158729e-07 8.696918233692561e-07 8.934403045566779e-07 8.667290980931897e-07 8.72417508574478e-07 0.06574016670076357 8.329940496482704e-07 0.45980850834733067 8.706806913234018e-07 0.04550070357507551 0.0003657296589884589 0.1920133101638848 8.775418199243643e-07 0.00010363085980118935 0.00013255962018883378 0.00010748792337018688 2.9132092564422735e-05 0.002611722913190055 6.870826042560597e-06 0.0005475196926043671 1.0844574504234176e-06 1.3101212100646463e-05 1.5284771050185535e-06 8.715347920223185e-06 2.645343135620335e-05 0.0035746037074095116 0.0005560115444253551 0.001599570308346041 8.706386296178054e-07 8.606581102255243e-07
54 8.849873933158729e-07 8.696918233692561e-07 8.934403045566779e-07 8.667290980931897e-07 8.72417508574478e-07 0.06574016670076357 8.329940496482704e-07 0.45980850834733067 8.706806913234018e-07 0.04550070357507551 0.0003657296589884589 0.1920133101638848 8.775418199243643e-07 0.00010363085980118935 0.00013255962018883378 0.00010748792337018688 2.9132092564422735e-05 0.002611722913190055 6.870826042560597e-06 0.0005475196926043671 1.0844574504234176e-06 1.3101212100646463e-05 1.5284771050185535e-06 8.715347920223185e-06 2.645343135620335e-05 0.0035746037074095116 0.0005560115444253551 0.001599570308346041 8.706386296178054e-07 8.606581102255243e-07
55 8.849873933158729e-07 8.696918233692561e-07 8.934403045566779e-07 8.667290980931897e-07 8.72417508574478e-07 0.06574016670076357 8.329940496482704e-07 0.45980850834733067 8.706806913234018e-07 0.04550070357507551 0.0003657296589884589 0.1920133101638848 8.775418199243643e-07 0.00010363085980118935 0.00013255962018883378 0.00010748792337018688 2.9132092564422735e-05 0.002611722913190055 6.870826042560597e-06 0.0005475196926043671 1.0844574504234176e-06 1.3101212100646463e-05 1.5284771050185535e-06 8.715347920223185e-06 2.645343135620335e-05 0.0035746037074095116 0.0005560115444253551 0.001599570308346041 8.706386296178054e-07 8.606581102255243e-07
56 8.849873933158729e-07 8.696918233692561e-07 8.934403045566779e-07 8.667290980931897e-07 8.72417508574478e-07 0.06574016670076357 8.329940496482704e-07 0.45980850834733067 8.706806913234018e-07 0.04550070357507551 0.0003657296589884589 0.1920133101638848 8.775418199243643e-07 0.00010363085980118935 0.00013255962018883378 0.00010748792337018688 2.9132092564422735e-05 0.002611722913190055 6.870826042560597e-06 0.0005475196926043671 1.0844574504234176e-06 1.3101212100646463e-05 1.5284771050185535e-06 8.715347920223185e-06 2.645343135620335e-05 0.0035746037074095116 0.0005560115444253551 0.001599570308346041 8.706386296178054e-07 8.606581102255243e-07
57 8.849873933158729e-07 8.696918233692561e-07 8.934403045566779e-07 8.667290980931897e-07 8.72417508574478e-07 0.06574016670076357 8.329940496482704e-07 0.45980850834733067 8.706806913234018e-07 0.04550070357507551 0.0003657296589884589 0.1920133101638848 8.775418199243643e-07 0.00010363085980118935 0.00013255962018883378 0.00010748792337018688 2.9132092564422735e-05 0.002611722913190055 6.870826042560597e-06 0.0005475196926043671 1.0844574504234176e-06 1.3101212100646463e-05 1.5284771050185535e-06 8.715347920223185e-06 2.645343135620335e-05 0.0035746037074095116 0.0005560115444253551 0.001599570308346041 8.706386296178054e-07 8.606581102255243e-07
58 8.849873933158729e-07 8.696918233692561e-07 8.934403045566779e-07 8.667290980931897e-07 8.72417508574478e-07 0.06574016670076357 8.329940496482704e-07 0.45980850834733067 8.706806913234018e-07 0.04550070357507551 0.0003657296589884589 0.1920133101638848 8.775418199243643e-07 0.00010363085980118935 0.00013255962018883378 0.00010748792337018688 2.9132092564422735e-05 0.002611722913190055 6.870826042560597e-06 0.0005475196926043671 1.0844574504234176e-06 1.3101212100646463e-05 1.5284771050185535e-06 8.715347920223185e-06 2.645343135620335e-05 0.0035746037074095116 0.0005560115444253551 0.001599570308346041 8.706386296178054e-07 8.606581102255243e-07
59 8.849873933158729e-07 8.696918233692561e-07 8.934403045566779e-07 8.667290980931897e-07 8.72417508574478e-07 0.06574016670076357 8.329940496482704e-07 0.45980850834733067 8.706806913234018e-07 0.04550070357507551 0.0003657296589884589 0.1920133101638848 8.775418199243643e-07 0.00010363085980118935 0.00013255962018883378 0.00010748792337018688 2.9132092564422735e-05 0.002611722913190055 6.870826042560597e-06 0.0005475196926043671 1.0844574504234176e-06 1.3101212100646463e-05 1.5284771050185535e-06 8.715347920223185e-06 2.645343135620335e-05 0.0035746037074095116 0.0005560115444253551 0.001599570308346041 8.706386296178054e-07 8.606581102255243e-07
60 8.849873933158729e-07 8.696918233692561e-07 8.934403045566779e-07 8.667290980931897e-07 8.72417508574478e-07 0.06574016670076357 8.329940496482704e-07 0.45980850834733067 8.706806913234018e-07 0.04550070357507551 0.0003657296589884589 0.1920133101638848 8.775418199243643e-07 0.00010363085980118935 0.00013255962018883378 0.00010748792337018688 2.9132092564422735e-05 0.002611722913190055 6.870826042560597e-06 0.0005475196926043671 1.0844574504234176e-06 1.3101212100646463e-05 1.5284771050185535e-06 8.715347920223185e-06 2.645343135620335e-05 0.0035746037074095116 0.0005560115444253551 0.001599570308346041 8.706386296178054e-07 8.606581102255243e-07
61 8.849873933158729e-07 8.696918233692561e-07 8.934403045566779e-07 8.667290980931897e-07 8.72417508574478e-07 0.06574016670076357 8.329940496482704e-07 0.45980850834733067 8.706806913234018e-07 0.04550070357507551 0.0003657296589884589 0.1920133101638848 8.775418199243643e-07 0.00010363085980118935 0.00013255962018883378 0.00010748792337018688 2.9132092564422735e-05 0.002611722913190055 6.870826042560597e-06 0.0005475196926043671 1.0844574504234176e-06 1.3101212100646463e-05 1.5284771050185535e-06 8.715347920223185e-06 2.645343135620335e-05 0.0035746037074095116 0.0005560115444253551 0.001599570308346041 8.706386296178054e-07 8.606581102255243e-07
62 8.849873933158729e-07 8.696918233692561e-07 8.934403045566779e-07 8.667290980931897e-07 8.72417508574478e-07 0.06574016670076357 8.329940496482704e-07 0.45980850834733067 8.706806913234018e-07 0.04550070357507551 0.0003657296589884589 0.1920133101638848 8.775418199243643e-07 0.00010363085980118935 0.00013255962018883378 0.00010748792337018688 2.9132092564422735e-05 0.002611722913190055 6.870826042560597e-06 0.0005475196926043671 1.0844574504234176e-06 1.3101212100646463e-05 1.5284771050185535e-06 8.715347920223185e-06 2.645343135620335e-05 0.0035746037074095116 0.0005560115444253551 0.001599570308346041 8.706386296178054e-07 8.606581102255243e-07
63 8.849873933158729e-07 8.696918233692561e-07 8.934403045566779e-07 8.667290980931897e-07 8.72417508574478e-07 0.06574016670076357 8.329940496482704e-07 0.45980850834733067 8.706806913234018e-07 0.04550070357507551 0.0003657296589884589 0.1920133101638848 8.775418199243643e-07 0.00010363085980118935 0.00013255962018883378 0.00010748792337018688 2.9132092564422735e-05 0.002611722913190055 6.870826042560597e-06 0.0005475196926043671 1.0844574504234176e-06 1.3101212100646463e-05 1.5284771050185535e-06 8.715347920223185e-06 2.645343135620335e-05 0.0035746037074095116 0.0005560115444253551 0.001599570308346041 8.706386296178054e-07 8.606581102255243e-07
64 8.849873933158729e-07 8.696918233692561e-07 8.934403045566779e-07 8.667290980931897e-07 8.72417508574478e-07 0.06574016670076357 8.329940496482704e-07 0.45980850834733067 8.706806913234018e-07 0.04550070357507551 0.0003657296589884589 0.1920133101638848 8.775418199243643e-07 0.00010363085980118935 0.00013255962018883378 0.00010748792337018688 2.9132092564422735e-05 0.002611722913190055 6.870826042560597e-06 0.0005475196926043671 1.0844574504234176e-06 1.3101212100646463e-05 1.5284771050185535e-06 8.715347920223185e-06 2.645343135620335e-05 0.0035746037074095116 0.0005560115444253551 0.001599570308346041 8.706386296178054e-07 8.606581102255243e-07
65 8.849873933158729e-07 8.696918233692561e-07 8.934403045566779e-07 8.667290980931897e-07 8.72417508574478e-07 0.06574016670076357 8.329940496482704e-07 0.45980850834733067 8.706806913234018e-07 0.04550070357507551 0.0003657296589884589 0.1920133101638848 8.775418199243643e-07 0.00010363085980118935 0.00013255962018883378 0.00010748792337018688 2.9132092564422735e-05 0.002611722913190055 6.870826042560597e-06 0.0005475196926043671 1.0844574504234176e-06 1.3101212100646463e-05 1.5284771050185535e-06 8.715347920223185e-06 2.645343135620335e-05 0.0035746037074095116 0.0005560115444253551 0.001599570308346041 8.706386296178054e-07 8.606581102255243e-07
66 8.849873933158729e-07 8.696918233692561e-07 8.934403045566779e-07 8.667290980931897e-07 8.72417508574478e-07 0.06574016670076357 8.329940496482704e-07 0.45980850834733067 8.706806913234018e-07 0.04550070357507551 0.0003657296589884589 0.1920133101638848 8.775418199243643e-07 0.00010363085980118935 0.00013255962018883378 0.00010748792337018688 2.9132092564422735e-05 0.002611722913190055 6.870826042560597e-06 0.0005475196926043671 1.0844574504234176e-06 1.3101212100646463e-05 1.5284771050185535e-06 8.715347920223185e-06 2.645343135620335e-05 0.0035746037074095116 0.0005560115444253551 0.001599570308346041 8.706386296178054e-07 8.606581102255243e-07
67 8.849873933158729e-07 8.696918233692561e-07 8.934403045566779e-07 8.667290980931897e-07 8.72417508574478e-07 0.06574016670076357 8.329940496482704e-07 0.45980850834733067 8.706806913234018e-07 0.04550070357507551 0.0003657296589884589 0.1920133101638848 8.775418199243643e-07 0.00010363085980118935 0.00013255962018883378 0.00010748792337018688 2.9132092564422735e-05 0.002611722913190055 6.870826042560597e-06 0.0005475196926043671 1.0844574504234176e-06 1.3101212100646463e-05 1.5284771050185535e-06 8.715347920223185e-06 2.645343135620335e-05 0.0035746037074095116 0.0005560115444253551 0.001599570308346041 8.706386296178054e-07 8.606581102255243e-07
68 9.043935973435248e-07 9.034874550976686e-07 8.947999677621494e-07 9.69399178607363e-07 8.989594868189554e-07 0.06321440566629873 9.285665074045308e-07 0.46983145045283886 8.82723366893778e-07 0.048556350478160815 0.0003729535939788616 0.18217858796885789 8.634929435629532e-07 0.00010985459173759582 0.00013169948708176467 0.0001118608000845132 3.086292640769753e-05 0.002880683495767369 7.529567302074072e-06 0.0006500593291056026 1.0688243647875908e-06 1.2508237019946428e-05 1.584530587443944e-06 9.195459920555514e-06 2.6445125858917243e-05 0.0031894251587371637 0.0005466493134390944 0.0014889240444278592 9.212821613158635e-07 9.259164669296875e-07
69 9.043935973435248e-07 9.034874550976686e-07 8.947999677621494e-07 9.69399178607363e-07 8.989594868189554e-07 0.06321440566629873 9.285665074045308e-07 0.46983145045283886 8.82723366893778e-07 0.048556350478160815 0.0003729535939788616 0.18217858796885789 8.634929435629532e-07 0.00010985459173759582 0.00013169948708176467 0.0001118608000845132 3.086292640769753e-05 0.002880683495767369 7.529567302074072e-06 0.0006500593291056026 1.0688243647875908e-06 1.2508237019946428e-05 1.584530587443944e-06 9.195459920555514e-06 2.6445125858917243e-05 0.0031894251587371637 0.0005466493134390944 0.0014889240444278592 9.212821613158635e-07 9.259164669296875e-07
70 9.043935973435248e-07 9.034874550976686e-07 8.947999677621494e-07 9.69399178607363e-07 8.989594868189554e-07 0.06321440566629873 9.285665074045308e-07 0.46983145045283886 8.82723366893778e-07 0.048556350478160815 0.0003729535939788616 0.18217858796885789 8.634929435629532e-07 0.00010985459173759582 0.00013169948708176467 0.0001118608000845132 3.086292640769753e-05 0.002880683495767369 7.529567302074072e-06 0.0006500593291056026 1.0688243647875908e-06 1.2508237019946428e-05 1.584530587443944e-06 9.195459920555514e-06 2.6445125858917243e-05 0.0031894251587371637 0.0005466493134390944 0.0014889240444278592 9.212821613158635e-07 9.259164669296875e-07
71 9.043935973435248e-07 9.034874550976686e-07 8.947999677621494e-07 9.69399178607363e-07 8.989594868189554e-07 0.06321440566629873 9.285665074045308e-07 0.46983145045283886 8.82723366893778e-07 0.048556350478160815 0.0003729535939788616 0.18217858796885789 8.634929435629532e-07 0.00010985459173759582 0.00013169948708176467 0.0001118608000845132 3.086292640769753e-05 0.002880683495767369 7.529567302074072e-06 0.0006500593291056026 1.0688243647875908e-06 1.2508237019946428e-05 1.584530587443944e-06 9.195459920555514e-06 2.6445125858917243e-05 0.0031894251587371637 0.0005466493134390944 0.0014889240444278592 9.212821613158635e-07 9.259164669296875e-07
72 9.043935973435248e-07 9.034874550976686e-07 8.947999677621494e-07 9.69399178607363e-07 8.989594868189554e-07 0.06321440566629873 9.285665074045308e-07 0.46983145045283886 8.82723366893778e-07 0.048556350478160815 0.0003729535939788616 0.18217858796885789 8.634929435629532e-07 0.00010985459173759582 0.00013169948708176467 0.0001118608000845132 3.086292640769753e-05 0.002880683495767369 7.529567302074072e-06 0.0006500593291056026 1.0688243647875908e-06 1.2508237019946428e-05 1.584530587443944e-06 9.195459920555514e-06 2.6445125858917243e-05 0.0031894251587371637 0.0005466493134390944 0.0014889240444278592 9.212821613158635e-07 9.259164669296875e-07
73 9.043935973435248e-07 9.034874550976686e-07 8.947999677621494e-07 9.69399178607363e-07 8.989594868189554e-07 0.06321440566629873 9.285665074045308e-07 0.46983145045283886 8.82723366893778e-07 0.048556350478160815 0.0003729535939788616 0.18217858796885789 8.634929435629532e-07 0.00010985459173759582 0.00013169948708176467 0.0001118608000845132 3.086292640769753e-05 0.002880683495767369 7.529567302074072e-06 0.0006500593291056026 1.0688243647875908e-06 1.2508237019946428e-05 1.584530587443944e-06 9.195459920555514e-06 2.6445125858917243e-05 0.0031894251587371637 0.0005466493134390944 0.0014889240444278592 9.212821613158635e-07 9.259164669296875e-07
74 9.043935973435248e-07 9.034874550976686e-07 8.947999677621494e-07 9.69399178607363e-07 8.989594868189554e-07 0.06321440566629873 9.285665074045308e-07 0.46983145045283886 8.82723366893778e-07 0.048556350478160815 0.0003729535939788616 0.18217858796885789 8.634929435629532e-07 0.00010985459173759582 0.00013169948708176467 0.0001118608000845132 3.086292640769753e-05 0.002880683495767369 7.529567302074072e-06 0.0006500593291056026 1.0688243647875908e-06 1.2508237019946428e-05 1.584530587443944e-06 9.195459920555514e-06 2.6445125858917243e-05 0.0031894251587371637 0.0005466493134390944 0.0014889240444278592 9.212821613158635e-07 9.259164669296875e-07
75 9.043935973435248e-07 9.034874550976686e-07 8.947999677621494e-07 9.69399178607363e-07 8.989594868189554e-07 0.06321440566629873 9.285665074045308e-07 0.46983145045283886 8.82723366893778e-07 0.048556350478160815 0.0003729535939788616 0.18217858796885789 8.634929435629532e-07 0.00010985459173759582 0.00013169948708176467 0.0001118608000845132 3.086292640769753e-05 0.002880683495767369 7.529567302074072e-06 0.0006500593291056026 1.0688243647875908e-06 1.2508237019946428e-05 1.584530587443944e-06 9.195459920555514e-06 2.6445125858917243e-05 0.0031894251587371637 0.0005466493134390944 0.0014889240444278592 9.212821613158635e-07 9.259164669296875e-07
76 9.043935973435248e-07 9.034874550976686e-07 8.947999677621494e-07 9.69399178607363e-07 8.989594868189554e-07 0.06321440566629873 9.285665074045308e-07 0.46983145045283886 8.82723366893778e-07 0.048556350478160815 0.0003729535939788616 0.18217858796885789 8.634929435629532e-07 0.00010985459173759582 0.00013169948708176467 0.0001118608000845132 3.086292640769753e-05 0.002880683495767369 7.529567302074072e-06 0.0006500593291056026 1.0688243647875908e-06 1.2508237019946428e-05 1.584530587443944e-06 9.195459920555514e-06 2.6445125858917243e-05 0.0031894251587371637 0.0005466493134390944 0.0014889240444278592 9.212821613158635e-07 9.259164669296875e-07
77 9.043935973435248e-07 9.034874550976686e-07 8.947999677621494e-07 9.69399178607363e-07 8.989594868189554e-07 0.06321440566629873 9.285665074045308e-07 0.46983145045283886 8.82723366893778e-07 0.048556350478160815 0.0003729535939788616 0.18217858796885789 8.634929435629532e-07 0.00010985459173759582 0.00013169948708176467 0.0001118608000845132 3.086292640769753e-05 0.002880683495767369 7.529567302074072e-06 0.0006500593291056026 1.0688243647875908e-06 1.2508237019946428e-05 1.584530587443944e-06 9.195459920555514e-06 2.6445125858917243e-05 0.0031894251587371637 0.0005466493134390944 0.0014889240444278592 9.212821613158635e-07 9.259164669296875e-07
78 9.043935973435248e-07 9.034874550976686e-07 8.947999677621494e-07 9.69399178607363e-07 8.989594868189554e-07 0.06321440566629873 9.285665074045308e-07 0.46983145045283886 8.82723366893778e-07 0.048556350478160815 0.0003729535939788616 0.18217858796885789 8.634929435629532e-07 0.00010985459173759582 0.00013169948708176467 0.0001118608000845132 3.086292640769753e-05 0.002880683495767369 7.529567302074072e-06 0.0006500593291056026 1.0688243647875908e-06 1.2508237019946428e-05 1.584530587443944e-06 9.195459920555514e-06 2.6445125858917243e-05 0.0031894251587371637 0.0005466493134390944 0.0014889240444278592 9.212821613158635e-07 9.259164669296875e-07
79 9.043935973435248e-07 9.034874550976686e-07 8.947999677621494e-07 9.69399178607363e-07 8.989594868189554e-07 0.06321440566629873 9.285665074045308e-07 0.46983145045283886 8.82723366893778e-07 0.048556350478160815 0.0003729535939788616 0.18217858796885789 8.634929435629532e-07 0.00010985459173759582 0.00013169948708176467 0.0001118608000845132 3.086292640769753e-05 0.002880683495767369 7.529567302074072e-06 0.0006500593291056026 1.0688243647875908e-06 1.2508237019946428e-05 1.584530587443944e-06 9.195459920555514e-06 2.6445125858917243e-05 0.0031894251587371637 0.0005466493134390944 0.0014889240444278592 9.212821613158635e-07 9.259164669296875e-07
80 9.043935973435248e-07 9.034874550976686e-07 8.947999677621494e-07 9.69399178607363e-07 8.989594868189554e-07 0.06321440566629873 9.285665074045308e-07 0.46983145045283886 8.82723366893778e-07 0.048556350478160815 0.0003729535939788616 0.18217858796885789 8.634929435629532e-07 0.00010985459173759582 0.00013169948708176467 0.0001118608000845132 3.086292640769753e-05 0.002880683495767369 7.529567302074072e-06 0.0006500593291056026 1.0688243647875908e-06 1.2508237019946428e-05 1.584530587443944e-06 9.195459920555514e-06 2.6445125858917243e-05 0.0031894251587371637 0.0005466493134390944 0.0014889240444278592 9.212821613158635e-07 9.259164669296875e-07
81 9.043935973435248e-07 9.034874550976686e-07 8.947999677621494e-07 9.69399178607363e-07 8.989594868189554e-07 0.06321440566629873 9.285665074045308e-07 0.46983145045283886 8.82723366893778e-07 0.048556350478160815 0.0003729535939788616 0.18217858796885789 8.634929435629532e-07 0.00010985459173759582 0.00013169948708176467 0.0001118608000845132 3.086292640769753e-05 0.002880683495767369 7.529567302074072e-06 0.0006500593291056026 1.0688243647875908e-06 1.2508237019946428e-05 1.584530587443944e-06 9.195459920555514e-06 2.6445125858917243e-05 0.0031894251587371637 0.0005466493134390944 0.0014889240444278592 9.212821613158635e-07 9.259164669296875e-07
82 9.043935973435248e-07 9.034874550976686e-07 8.947999677621494e-07 9.69399178607363e-07 8.989594868189554e-07 0.06321440566629873 9.285665074045308e-07 0.46983145045283886 8.82723366893778e-07 0.048556350478160815 0.0003729535939788616 0.18217858796885789 8.634929435629532e-07 0.00010985459173759582 0.00013169948708176467 0.0001118608000845132 3.086292640769753e-05 0.002880683495767369 7.529567302074072e-06 0.0006500593291056026 1.0688243647875908e-06 1.2508237019946428e-05 1.584530587443944e-06 9.195459920555514e-06 2.6445125858917243e-05 0.0031894251587371637 0.0005466493134390944 0.0014889240444278592 9.212821613158635e-07 9.259164669296875e-07
83 9.043935973435248e-07 9.034874550976686e-07 8.947999677621494e-07 9.69399178607363e-07 8.989594868189554e-07 0.06321440566629873 9.285665074045308e-07 0.46983145045283886 8.82723366893778e-07 0.048556350478160815 0.0003729535939788616 0.18217858796885789 8.634929435629532e-07 0.00010985459173759582 0.00013169948708176467 0.0001118608000845132 3.086292640769753e-05 0.002880683495767369 7.529567302074072e-06 0.0006500593291056026 1.0688243647875908e-06 1.2508237019946428e-05 1.584530587443944e-06 9.195459920555514e-06 2.6445125858917243e-05 0.0031894251587371637 0.0005466493134390944 0.0014889240444278592 9.212821613158635e-07 9.259164669296875e-07
84 9.043935973435248e-07 9.034874550976686e-07 8.947999677621494e-07 9.69399178607363e-07 8.989594868189554e-07 0.06321440566629873 9.285665074045308e-07 0.46983145045283886 8.82723366893778e-07 0.048556350478160815 0.0003729535939788616 0.18217858796885789 8.634929435629532e-07 0.00010985459173759582 0.00013169948708176467 0.0001118608000845132 3.086292640769753e-05 0.002880683495767369 7.529567302074072e-06 0.0006500593291056026 1.0688243647875908e-06 1.2508237019946428e-05 1.584530587443944e-06 9.195459920555514e-06 2.6445125858917243e-05 0.0031894251587371637 0.0005466493134390944 0.0014889240444278592 9.212821613158635e-07 9.259164669296875e-07
85 9.043935973435248e-07 9.034874550976686e-07 8.947999677621494e-07 9.69399178607363e-07 8.989594868189554e-07 0.06321440566629873 9.285665074045308e-07 0.46983145045283886 8.82723366893778e-07 0.048556350478160815 0.0003729535939788616 0.18217858796885789 8.634929435629532e-07 0.00010985459173759582 0.00013169948708176467 0.0001118608000845132 3.086292640769753e-05 0.002880683495767369 7.529567302074072e-06 0.0006500593291056026 1.0688243647875908e-06 1.2508237019946428e-05 1.584530587443944e-06 9.195459920555514e-06 2.6445125858917243e-05 0.0031894251587371637 0.0005466493134390944 0.0014889240444278592 9.212821613158635e-07 9.259164669296875e-07
86 9.043935973435248e-07 9.034874550976686e-07 8.947999677621494e-07 9.69399178607363e-07 8.989594868189554e-07 0.06321440566629873 9.285665074045308e-07 0.46983145045283886 8.82723366893778e-07 0.048556350478160815 0.0003729535939788616 0.18217858796885789 8.634929435629532e-07 0.00010985459173759582 0.00013169948708176467 0.0001118608000845132 3.086292640769753e-05 0.002880683495767369 7.529567302074072e-06 0.0006500593291056026 1.0688243647875908e-06 1.2508237019946428e-05 1.584530587443944e-06 9.195459920555514e-06 2.6445125858917243e-05 0.0031894251587371637 0.0005466493134390944 0.0014889240444278592 9.212821613158635e-07 9.259164669296875e-07
87 9.043935973435248e-07 9.034874550976686e-07 8.947999677621494e-07 9.69399178607363e-07 8.989594868189554e-07 0.06321440566629873 9.285665074045308e-07 0.46983145045283886 8.82723366893778e-07 0.048556350478160815 0.0003729535939788616 0.18217858796885789 8.634929435629532e-07 0.00010985459173759582 0.00013169948708176467 0.0001118608000845132 3.086292640769753e-05 0.002880683495767369 7.529567302074072e-06 0.0006500593291056026 1.0688243647875908e-06 1.2508237019946428e-05 1.584530587443944e-06 9.195459920555514e-06 2.6445125858917243e-05 0.0031894251587371637 0.0005466493134390944 0.0014889240444278592 9.212821613158635e-07 9.259164669296875e-07
88 9.043935973435248e-07 9.034874550976686e-07 8.947999677621494e-07 9.69399178607363e-07 8.989594868189554e-07 0.06321440566629873 9.285665074045308e-07 0.46983145045283886 8.82723366893778e-07 0.048556350478160815 0.0003729535939788616 0.18217858796885789 8.634929435629532e-07 0.00010985459173759582 0.00013169948708176467 0.0001118608000845132 3.086292640769753e-05 0.002880683495767369 7.529567302074072e-06 0.0006500593291056026 1.0688243647875908e-06 1.2508237019946428e-05 1.584530587443944e-06 9.195459920555514e-06 2.6445125858917243e-05 0.0031894251587371637 0.0005466493134390944 0.0014889240444278592 9.212821613158635e-07 9.259164669296875e-07
89 9.043935973435248e-07 9.034874550976686e-07 8.947999677621494e-07 9.69399178607363e-07 8.989594868189554e-07 0.06321440566629873 9.285665074045308e-07 0.46983145045283886 8.82723366893778e-07 0.048556350478160815 0.0003729535939788616 0.18217858796885789 8.634929435629532e-07 0.00010985459173759582 0.00013169948708176467 0.0001118608000845132 3.086292640769753e-05 0.002880683495767369 7.529567302074072e-06 0.0006500593291056026 1.0688243647875908e-06 1.2508237019946428e-05 1.584530587443944e-06 9.195459920555514e-06 2.6445125858917243e-05 0.0031894251587371637 0.0005466493134390944 0.0014889240444278592 9.212821613158635e-07 9.259164669296875e-07
90 9.043935973435248e-07 9.034874550976686e-07 8.947999677621494e-07 9.69399178607363e-07 8.989594868189554e-07 0.06321440566629873 9.285665074045308e-07 0.46983145045283886 8.82723366893778e-07 0.048556350478160815 0.0003729535939788616 0.18217858796885789 8.634929435629532e-07 0.00010985459173759582 0.00013169948708176467 0.0001118608000845132 3.086292640769753e-05 0.002880683495767369 7.529567302074072e-06 0.0006500593291056026 1.0688243647875908e-06 1.2508237019946428e-05 1.584530587443944e-06 9.195459920555514e-06 2.6445125858917243e-05 0.0031894251587371637 0.0005466493134390944 0.0014889240444278592 9.212821613158635e-07 9.259164669296875e-07
91 9.043935973435248e-07 9.034874550976686e-07 8.947999677621494e-07 9.69399178607363e-07 8.989594868189554e-07 0.06321440566629873 9.285665074045308e-07 0.46983145045283886 8.82723366893778e-07 0.048556350478160815 0.0003729535939788616 0.18217858796885789 8.634929435629532e-07 0.00010985459173759582 0.00013169948708176467 0.0001118608000845132 3.086292640769753e-05 0.002880683495767369 7.529567302074072e-06 0.0006500593291056026 1.0688243647875908e-06 1.2508237019946428e-05 1.584530587443944e-06 9.195459920555514e-06 2.6445125858917243e-05 0.0031894251587371637 0.0005466493134390944 0.0014889240444278592 9.212821613158635e-07 9.259164669296875e-07
92 9.043935973435248e-07 9.034874550976686e-07 8.947999677621494e-07 9.69399178607363e-07 8.989594868189554e-07 0.06321440566629873 9.285665074045308e-07 0.46983145045283886 8.82723366893778e-07 0.048556350478160815 0.0003729535939788616 0.18217858796885789 8.634929435629532e-07 0.00010985459173759582 0.00013169948708176467 0.0001118608000845132 3.086292640769753e-05 0.002880683495767369 7.529567302074072e-06 0.0006500593291056026 1.0688243647875908e-06 1.2508237019946428e-05 1.584530587443944e-06 9.195459920555514e-06 2.6445125858917243e-05 0.0031894251587371637 0.0005466493134390944 0.0014889240444278592 9.212821613158635e-07 9.259164669296875e-07
93 9.043935973435248e-07 9.034874550976686e-07 8.947999677621494e-07 9.69399178607363e-07 8.989594868189554e-07 0.06321440566629873 9.285665074045308e-07 0.46983145045283886 8.82723366893778e-07 0.048556350478160815 0.0003729535939788616 0.18217858796885789 8.634929435629532e-07 0.00010985459173759582 0.00013169948708176467 0.0001118608000845132 3.086292640769753e-05 0.002880683495767369 7.529567302074072e-06 0.0006500593291056026 1.0688243647875908e-06 1.2508237019946428e-05 1.584530587443944e-06 9.195459920555514e-06 2.6445125858917243e-05 0.0031894251587371637 0.0005466493134390944 0.0014889240444278592 9.212821613158635e-07 9.259164669296875e-07
94 9.043935973435248e-07 9.034874550976686e-07 8.947999677621494e-07 9.69399178607363e-07 8.989594868189554e-07 0.06321440566629873 9.285665074045308e-07 0.46983145045283886 8.82723366893778e-07 0.048556350478160815 0.0003729535939788616 0.18217858796885789 8.634929435629532e-07 0.00010985459173759582 0.00013169948708176467 0.0001118608000845132 3.086292640769753e-05 0.002880683495767369 7.529567302074072e-06 0.0006500593291056026 1.0688243647875908e-06 1.2508237019946428e-05 1.584530587443944e-06 9.195459920555514e-06 2.6445125858917243e-05 0.0031894251587371637 0.0005466493134390944 0.0014889240444278592 9.212821613158635e-07 9.259164669296875e-07
95 9.043935973435248e-07 9.034874550976686e-07 8.947999677621494e-07 9.69399178607363e-07 8.989594868189554e-07 0.06321440566629873 9.285665074045308e-07 0.46983145045283886 8.82723366893778e-07 0.048556350478160815 0.0003729535939788616 0.18217858796885789 8.634929435629532e-07 0.00010985459173759582 0.00013169948708176467 0.0001118608000845132 3.086292640769753e-05 0.002880683495767369 7.529567302074072e-06 0.0006500593291056026 1.0688243647875908e-06 1.2508237019946428e-05 1.584530587443944e-06 9.195459920555514e-06 2.6445125858917243e-05 0.0031894251587371637 0.0005466493134390944 0.0014889240444278592 9.212821613158635e-07 9.259164669296875e-07
96 9.043935973435248e-07 9.034874550976686e-07 8.947999677621494e-07 9.69399178607363e-07 8.989594868189554e-07 0.06321440566629873 9.285665074045308e-07 0.46983145045283886 8.82723366893778e-07 0.048556350478160815 0.0003729535939788616 0.18217858796885789 8.634929435629532e-07 0.00010985459173759582 0.00013169948708176467 0.0001118608000845132 3.086292640769753e-05 0.002880683495767369 7.529567302074072e-06 0.0006500593291056026 1.0688243647875908e-06 1.2508237019946428e-05 1.584530587443944e-06 9.195459920555514e-06 2.6445125858917243e-05 0.0031894251587371637 0.0005466493134390944 0.0014889240444278592 9.212821613158635e-07 9.259164669296875e-07
97 9.043935973435248e-07 9.034874550976686e-07 8.947999677621494e-07 9.69399178607363e-07 8.989594868189554e-07 0.06321440566629873 9.285665074045308e-07 0.46983145045283886 8.82723366893778e-07 0.048556350478160815 0.0003729535939788616 0.18217858796885789 8.634929435629532e-07 0.00010985459173759582 0.00013169948708176467 0.0001118608000845132 3.086292640769753e-05 0.002880683495767369 7.529567302074072e-06 0.0006500593291056026 1.0688243647875908e-06 1.2508237019946428e-05 1.584530587443944e-06 9.195459920555514e-06 2.6445125858917243e-05 0.0031894251587371637 0.0005466493134390944 0.0014889240444278592 9.212821613158635e-07 9.259164669296875e-07
98 9.043935973435248e-07 9.034874550976686e-07 8.947999677621494e-07 9.69399178607363e-07 8.989594868189554e-07 0.06321440566629873 9.285665074045308e-07 0.46983145045283886 8.82723366893778e-07 0.048556350478160815 0.0003729535939788616 0.18217858796885789 8.634929435629532e-07 0.00010985459173759582 0.00013169948708176467 0.0001118608000845132 3.086292640769753e-05 0.002880683495767369 7.529567302074072e-06 0.0006500593291056026 1.0688243647875908e-06 1.2508237019946428e-05 1.584530587443944e-06 9.195459920555514e-06 2.6445125858917243e-05 0.0031894251587371637 0.0005466493134390944 0.0014889240444278592 9.212821613158635e-07 9.259164669296875e-07
99 9.043935973435248e-07 9.034874550976686e-07 8.947999677621494e-07 9.69399178607363e-07 8.989594868189554e-07 0.06321440566629873 9.285665074045308e-07 0.46983145045283886 8.82723366893778e-07 0.048556350478160815 0.0003729535939788616 0.18217858796885789 8.634929435629532e-07 0.00010985459173759582 0.00013169948708176467 0.0001118608000845132 3.086292640769753e-05 0.002880683495767369 7.529567302074072e-06 0.0006500593291056026 1.0688243647875908e-06 1.2508237019946428e-05 1.584530587443944e-06 9.195459920555514e-06 2.6445125858917243e-05 0.0031894251587371637 0.0005466493134390944 0.0014889240444278592 9.212821613158635e-07 9.259164669296875e-07
100 9.043935973435248e-07 9.034874550976686e-07 8.947999677621494e-07 9.69399178607363e-07 8.989594868189554e-07 0.06321440566629873 9.285665074045308e-07 0.46983145045283886 8.82723366893778e-07 0.048556350478160815 0.0003729535939788616 0.18217858796885789 8.634929435629532e-07 0.00010985459173759582 0.00013169948708176467 0.0001118608000845132 3.086292640769753e-05 0.002880683495767369 7.529567302074072e-06 0.0006500593291056026 1.0688243647875908e-06 1.2508237019946428e-05 1.584530587443944e-06 9.195459920555514e-06 2.6445125858917243e-05 0.0031894251587371637 0.0005466493134390944 0.0014889240444278592 9.212821613158635e-07 9.259164669296875e-07
101 9.043935973435248e-07 9.034874550976686e-07 8.947999677621494e-07 9.69399178607363e-07 8.989594868189554e-07 0.06321440566629873 9.285665074045308e-07 0.46983145045283886 8.82723366893778e-07 0.048556350478160815 0.0003729535939788616 0.18217858796885789 8.634929435629532e-07 0.00010985459173759582 0.00013169948708176467 0.0001118608000845132 3.086292640769753e-05 0.002880683495767369 7.529567302074072e-06 0.0006500593291056026 1.0688243647875908e-06 1.2508237019946428e-05 1.584530587443944e-06 9.195459920555514e-06 2.6445125858917243e-05 0.0031894251587371637 0.0005466493134390944 0.0014889240444278592 9.212821613158635e-07 9.259164669296875e-07
102 9.043935973435248e-07 9.034874550976686e-07 8.947999677621494e-07 9.69399178607363e-07 8.989594868189554e-07 0.06321440566629873 9.285665074045308e-07 0.46983145045283886 8.82723366893778e-07 0.048556350478160815 0.0003729535939788616 0.18217858796885789 8.634929435629532e-07 0.00010985459173759582 0.00013169948708176467 0.0001118608000845132 3.086292640769753e-05 0.002880683495767369 7.529567302074072e-06 0.0006500593291056026 1.0688243647875908e-06 1.2508237019946428e-05 1.584530587443944e-06 9.195459920555514e-06 2.6445125858917243e-05 0.0031894251587371637 0.0005466493134390944 0.0014889240444278592 9.212821613158635e-07 9.259164669296875e-07
103 9.043935973435248e-07 9.034874550976686e-07 8.947999677621494e-07 9.69399178607363e-07 8.989594868189554e-07 0.06321440566629873 9.285665074045308e-07 0.46983145045283886 8.82723366893778e-07 0.048556350478160815 0.0003729535939788616 0.18217858796885789 8.634929435629532e-07 0.00010985459173759582 0.00013169948708176467 0.0001118608000845132 3.086292640769753e-05 0.002880683495767369 7.529567302074072e-06 0.0006500593291056026 1.0688243647875908e-06 1.2508237019946428e-05 1.584530587443944e-06 9.195459920555514e-06 2.6445125858917243e-05 0.0031894251587371637 0.0005466493134390944 0.0014889240444278592 9.212821613158635e-07 9.259164669296875e-07
104 9.043935973435248e-07 9.034874550976686e-07 8.947999677621494e-07 9.69399178607363e-07 8.989594868189554e-07 0.06321440566629873 9.285665074045308e-07 0.46983145045283886 8.82723366893778e-07 0.048556350478160815 0.0003729535939788616 0.18217858796885789 8.634929435629532e-07 0.00010985459173759582 0.00013169948708176467 0.0001118608000845132 3.086292640769753e-05 0.002880683495767369 7.529567302074072e-06 0.0006500593291056026 1.0688243647875908e-06 1.2508237019946428e-05 1.584530587443944e-06 9.195459920555514e-06 2.6445125858917243e-05 0.0031894251587371637 0.0005466493134390944 0.0014889240444278592 9.212821613158635e-07 9.259164669296875e-07
105 9.043935973435248e-07 9.034874550976686e-07 8.947999677621494e-07 9.69399178607363e-07 8.989594868189554e-07 0.06321440566629873 9.285665074045308e-07 0.46983145045283886 8.82723366893778e-07 0.048556350478160815 0.0003729535939788616 0.18217858796885789 8.634929435629532e-07 0.00010985459173759582 0.00013169948708176467 0.0001118608000845132 3.086292640769753e-05 0.002880683495767369 7.529567302074072e-06 0.0006500593291056026 1.0688243647875908e-06 1.2508237019946428e-05 1.584530587443944e-06 9.195459920555514e-06 2.6445125858917243e-05 0.0031894251587371637 0.0005466493134390944 0.0014889240444278592 9.212821613158635e-07 9.259164669296875e-07
106 9.043935973435248e-07 9.034874550976686e-07 8.947999677621494e-07 9.69399178607363e-07 8.989594868189554e-07 0.06321440566629873 9.285665074045308e-07 0.46983145045283886 8.82723366893778e-07 0.048556350478160815 0.0003729535939788616 0.18217858796885789 8.634929435629532e-07 0.00010985459173759582 0.00013169948708176467 0.0001118608000845132 3.086292640769753e-05 0.002880683495767369 7.529567302074072e-06 0.0006500593291056026 1.0688243647875908e-06 1.2508237019946428e-05 1.584530587443944e-06 9.195459920555514e-06 2.6445125858917243e-05 0.0031894251587371637 0.0005466493134390944 0.0014889240444278592 9.212821613158635e-07 9.259164669296875e-07
107 9.043935973435248e-07 9.034874550976686e-07 8.947999677621494e-07 9.69399178607363e-07 8.989594868189554e-07 0.06321440566629873 9.285665074045308e-07 0.46983145045283886 8.82723366893778e-07 0.048556350478160815 0.0003729535939788616 0.18217858796885789 8.634929435629532e-07 0.00010985459173759582 0.00013169948708176467 0.0001118608000845132 3.086292640769753e-05 0.002880683495767369 7.529567302074072e-06 0.0006500593291056026 1.0688243647875908e-06 1.2508237019946428e-05 1.584530587443944e-06 9.195459920555514e-06 2.6445125858917243e-05 0.0031894251587371637 0.0005466493134390944 0.0014889240444278592 9.212821613158635e-07 9.259164669296875e-07
108 9.043935973435248e-07 9.034874550976686e-07 8.947999677621494e-07 9.69399178607363e-07 8.989594868189554e-07 0.06321440566629873 9.285665074045308e-07 0.46983145045283886 8.82723366893778e-07 0.048556350478160815 0.0003729535939788616 0.18217858796885789 8.634929435629532e-07 0.00010985459173759582 0.00013169948708176467 0.0001118608000845132 3.086292640769753e-05 0.002880683495767369 7.529567302074072e-06 0.0006500593291056026 1.0688243647875908e-06 1.2508237019946428e-05 1.584530587443944e-06 9.195459920555514e-06 2.6445125858917243e-05 0.0031894251587371637 0.0005466493134390944 0.0014889240444278592 9.212821613158635e-07 9.259164669296875e-07
