# index Z=1 - Z=30
0 7.076728510647532e-07 0.011744237217023746 7.245244776338085e-07 7.158612172000409e-07 7.115896049350238e-07 1.7084456438185484e-06 7.558649283001912e-07 0.004169969928797893 7.053565425984515e-07 7.474594007187747e-07 7.083740478614044e-07 8.405764843392451e-05 7.213296646148591e-07 0.023957789508814102 1.974032808128013e-06 7.866361264967915e-05 9.15876287120688e-07 0.007457035715394904 1.034729365757154e-06 0.015317362903847205 7.010906475709158e-07 0.0001339760084673404 0.0002938352438115609 2.0480287102582414e-05 0.006265714552951519 0.2564853502168231 0.15589929543151207 0.24854289841144359 6.937236867156281e-07 7.106066333344566e-07
1 7.076728510647532e-07 0.011744237217023746 7.245244776338085e-07 7.158612172000409e-07 7.115896049350238e-07 1.7084456438185484e-06 7.558649283001912e-07 0.004169969928797893 7.053565425984515e-07 7.474594007187747e-07 7.083740478614044e-07 8.405764843392451e-05 7.213296646148591e-07 0.023957789508814102 1.974032808128013e-06 7.866361264967915e-05 9.15876287120688e-07 0.007457035715394904 1.034729365757154e-06 0.015317362903847205 7.010906475709158e-07 0.0001339760084673404 0.0002938352438115609 2.0480287102582414e-05 0.006265714552951519 0.2564853502168231 0.15589929543151207 0.24854289841144359 6.937236867156281e-07 7.106066333344566e-07
2 7.076728510647532e-07 0.011744237217023746 7.245244776338085e-07 7.158612172000409e-07 7.115896049350238e-07 1.7084456438185484e-06 7.558649283001912e-07 0.004169969928797893 7.053565425984515e-07 7.474594007187747e-07 7.083740478614044e-07 8.405764843392451e-05 7.213296646148591e-07 0.023957789508814102 1.974032808128013e-06 7.866361264967915e-05 9.15876287120688e-07 0.007457035715394904 1.034729365757154e-06 0.015317362903847205 7.010906475709158e-07 0.0001339760084673404 0.0002938352438115609 2.0480287102582414e-05 0.006265714552951519 0.2564853502168231 0.15589929543151207 0.24854289841144359 6.937236867156281e-07 7.106066333344566e-07
3 7.076728510647532e-07 0.011744237217023746 7.245244776338085e-07 7.158612172000409e-07 7.115896049350238e-07 1.7084456438185484e-06 7.558649283001912e-07 0.004169969928797893 7.053565425984515e-07 7.474594007187747e-07 7.083740478614044e-07 8.405764843392451e-05 7.213296646148591e-07 0.023957789508814102 1.974032808128013e-06 7.866361264967915e-05 9.15876287120688e-07 0.007457035715394904 1.034729365757154e-06 0.015317362903847205 7.010906475709158e-07 0.0001339760084673404 0.0002938352438115609 2.0480287102582414e-05 0.006265714552951519 0.2564853502168231 0.15589929543151207 0.24854289841144359 6.937236867156281e-07 7.106066333344566e-07
4 7.076728510647532e-07 0.011744237217023746 7.245244776338085e-07 7.158612172000409e-07 7.115896049350238e-07 1.7084456438185484e-06 7.558649283001912e-07 0.004169969928797893 7.053565425984515e-07 7.474594007187747e-07 7.083740478614044e-07 8.405764843392451e-05 7.213296646148591e-07 0.023957789508814102 1.974032808128013e-06 7.866361264967915e-05 9.15876287120688e-07 0.007457035715394904 1.034729365757154e-06 0.015317362903847205 7.010906475709158e-07 0.0001339760084673404 0.0002938352438115609 2.0480287102582414e-05 0.006265714552951519 0.2564853502168231 0.15589929543151207 0.24854289841144359 6.937236867156281e-07 7.106066333344566e-07
5 7.076728510647532e-07 0.011744237217023746 7.245244776338085e-07 7.158612172000409e-07 7.115896049350238e-07 1.7084456438185484e-06 7.558649283001912e-07 0.004169969928797893 7.053565425984515e-07 7.474594007187747e-07 7.083740478614044e-07 8.405764843392451e-05 7.213296646148591e-07 0.023957789508814102 1.974032808128013e-06 7.866361264967915e-05 9.15876287120688e-07 0.007457035715394904 1.034729365757154e-06 0.015317362903847205 7.010906475709158e-07 0.0001339760084673404 0.0002938352438115609 2.0480287102582414e-05 0.006265714552951519 0.2564853502168231 0.15589929543151207 0.24854289841144359 6.937236867156281e-07 7.106066333344566e-07
6 7.076728510647532e-07 0.011744237217023746 7.245244776338085e-07 7.158612172000409e-07 7.115896049350238e-07 1.7084456438185484e-06 7.558649283001912e-07 0.004169969928797893 7.053565425984515e-07 7.474594007187747e-07 7.083740478614044e-07 8.405764843392451e-05 7.213296646148591e-07 0.023957789508814102 1.974032808128013e-06 7.866361264967915e-05 9.15876287120688e-07 0.007457035715394904 1.034729365757154e-06 0.015317362903847205 7.010906475709158e-07 0.0001339760084673404 0.0002938352438115609 2.0480287102582414e-05 0.006265714552951519 0.2564853502168231 0.15589929543151207 0.24854289841144359 6.937236867156281e-07 7.106066333344566e-07
7 7.076728510647532e-07 0.011744237217023746 7.245244776338085e-07 7.158612172000409e-07 7.115896049350238e-07 1.7084456438185484e-06 7.558649283001912e-07 0.004169969928797893 7.053565425984515e-07 7.474594007187747e-07 7.083740478614044e-07 8.405764843392451e-05 7.213296646148591e-07 0.023957789508814102 1.974032808128013e-06 7.866361264967915e-05 9.15876287120688e-07 0.007457035715394904 1.034729365757154e-06 0.015317362903847205 7.010906475709158e-07 0.0001339760084673404 0.0002938352438115609 2.0480287102582414e-05 0.006265714552951519 0.2564853502168231 0.15589929543151207 0.24854289841144359 6.937236867156281e-07 7.106066333344566e-07
8 7.076728510647532e-07 0.011744237217023746 7.245244776338085e-07 7.158612172000409e-07 7.115896049350238e-07 1.7084456438185484e-06 7.558649283001912e-07 0.004169969928797893 7.053565425984515e-07 7.474594007187747e-07 7.083740478614044e-07 8.405764843392451e-05 7.213296646148591e-07 0.023957789508814102 1.974032808128013e-06 7.866361264967915e-05 9.15876287120688e-07 0.007457035715394904 1.034729365757154e-06 0.015317362903847205 7.010906475709158e-07 0.0001339760084673404 0.0002938352438115609 2.0480287102582414e-05 0.006265714552951519 0.2564853502168231 0.15589929543151207 0.24854289841144359 6.937236867156281e-07 7.106066333344566e-07
9 7.076728510647532e-07 0.011744237217023746 7.245244776338085e-07 7.158612172000409e-07 7.115896049350238e-07 1.7084456438185484e-06 7.558649283001912e-07 0.004169969928797893 7.053565425984515e-07 7.474594007187747e-07 7.083740478614044e-07 8.405764843392451e-05 7.213296646148591e-07 0.023957789508814102 1.974032808128013e-06 7.866361264967915e-05 9.15876287120688e-07 0.007457035715394904 1.034729365757154e-06 0.015317362903847205 7.010906475709158e-07 0.0001339760084673404 0.0002938352438115609 2.0480287102582414e-05 0.006265714552951519 0.2564853502168231 0.15589929543151207 0.24854289841144359 6.937236867156281e-07 7.106066333344566e-07
10 7.076728510647532e-07 0.011744237217023746 7.245244776338085e-07 7.158612172000409e-07 7.115896049350238e-07 1.7084456438185484e-06 7.558649283001912e-07 0.004169969928797893 7.053565425984515e-07 7.474594007187747e-07 7.083740478614044e-07 8.405764843392451e-05 7.213296646148591e-07 0.023957789508814102 1.974032808128013e-06 7.866361264967915e-05 9.15876287120688e-07 0.007457035715394904 1.034729365757154e-06 0.015317362903847205 7.010906475709158e-07 0.0001339760084673404 0.0002938352438115609 2.0480287102582414e-05 0.006265714552951519 0.2564853502168231 0.15589929543151207 0.24854289841144359 6.937236867156281e-07 7.106066333344566e-07
11 7.076728510647532e-07 0.011744237217023746 7.245244776338085e-07 7.158612172000409e-07 7.115896049350238e-07 1.7084456438185484e-06 7.558649283001912e-07 0.004169969928797893 7.053565425984515e-07 7.474594007187747e-07 7.083740478614044e-07 8.405764843392451e-05 7.213296646148591e-07 0.023957789508814102 1.974032808128013e-06 7.866361264967915e-05 9.15876287120688e-07 0.007457035715394904 1.034729365757154e-06 0.015317362903847205 7.010906475709158e-07 0.0001339760084673404 0.0002938352438115609 2.0480287102582414e-05 0.006265714552951519 0.2564853502168231 0.15589929543151207 0.24854289841144359 6.937236867156281e-07 7.106066333344566e-07
12 6.051794794026604e-07 0.0027616297161927447 6.247822509913653e-07 6.470465073280706e-07 6.471218172877217e-07 1.1659475142218393e-06 6.283050734199508e-07 0.003375015162149319 5.878391398453657e-07 6.629288549915864e-07 6.257818435672525e-07 0.0016071974364915143 6.389124920262485e-07 0.014884385950330406 4.266208494593967e-06 0.000527887733771899 1.6991912083154938e-06 0.00850903171191863 1.1118391581074549e-06 0.018108529757306535 5.820813089794862e-07 8.28611004206802e-05 0.0006014755229934672 1.618748583520009e-05 0.016276707812634676 0.16353342643056853 0.1854854430006799 0.28323789502652563 6.374760359393783e-07 5.865406945456963e-07
13 6.051794794026604e-07 0.0027616297161927447 6.247822509913653e-07 6.470465073280706e-07 6.471218172877217e-07 1.1659475142218393e-06 6.283050734199508e-07 0.003375015162149319 5.878391398453657e-07 6.629288549915864e-07 6.257818435672525e-07 0.0016071974364915143 6.389124920262485e-07 0.014884385950330406 4.266208494593967e-06 0.000527887733771899 1.6991912083154938e-06 0.00850903171191863 1.1118391581074549e-06 0.018108529757306535 5.820813089794862e-07 8.28611004206802e-05 0.0006014755229934672 1.618748583520009e-05 0.016276707812634676 0.16353342643056853 0.1854854430006799 0.28323789502652563 6.374760359393783e-07 5.865406945456963e-07
14 6.051794794026604e-07 0.0027616297161927447 6.247822509913653e-07 6.470465073280706e-07 6.471218172877217e-07 1.1659475142218393e-06 6.283050734199508e-07 0.003375015162149319 5.878391398453657e-07 6.629288549915864e-07 6.257818435672525e-07 0.0016071974364915143 6.389124920262485e-07 0.014884385950330406 4.266208494593967e-06 0.000527887733771899 1.6991912083154938e-06 0.00850903171191863 1.1118391581074549e-06 0.018108529757306535 5.820813089794862e-07 8.28611004206802e-05 0.0006014755229934672 1.618748583520009e-05 0.016276707812634676 0.16353342643056853 0.1854854430006799 0.28323789502652563 6.374760359393783e-07 5.865406945456963e-07
15 6.051794794026604e-07 0.0027616297161927447 6.247822509913653e-07 6.470465073280706e-07 6.471218172877217e-07 1.1659475142218393e-06 6.283050734199508e-07 0.003375015162149319 5.878391398453657e-07 6.629288549915864e-07 6.257818435672525e-07 0.0016071974364915143 6.389124920262485e-07 0.014884385950330406 4.266208494593967e-06 0.000527887733771899 1.6991912083154938e-06 0.00850903171191863 1.1118391581074549e-06 0.018108529757306535 5.820813089794862e-07 8.28611004206802e-05 0.0006014755229934672 1.618748583520009e-05 0.016276707812634676 0.16353342643056853 0.1854854430006799 0.28323789502652563 6.374760359393783e-07 5.865406945456963e-07
16 6.051794794026604e-07 0.0027616297161927447 6.247822509913653e-07 6.470465073280706e-07 6.471218172877217e-07 1.1659475142218393e-06 6.283050734199508e-07 0.003375015162149319 5.878391398453657e-07 6.629288549915864e-07 6.257818435672525e-07 0.0016071974364915143 6.389124920262485e-07 0.014884385950330406 4.266208494593967e-06 0.000527887733771899 1.6991912083154938e-06 0.00850903171191863 1.1118391581074549e-06 0.018108529757306535 5.820813089794862e-07 8.28611004206802e-05 0.0006014755229934672 1.618748583520009e-05 0.016276707812634676 0.16353342643056853 0.1854854430006799 0.28323789502652563 6.374760359393783e-07 5.865406945456963e-07
17 6.051794794026604e-07 0.0027616297161927447 6.247822509913653e-07 6.470465073280706e-07 6.471218172877217e-07 1.1659475142218393e-06 6.283050734199508e-07 0.003375015162149319 5.878391398453657e-07 6.629288549915864e-07 6.257818435672525e-07 0.0016071974364915143 6.389124920262485e-07 0.014884385950330406 4.266208494593967e-06 0.000527887733771899 1.6991912083154938e-06 0.00850903171191863 1.1118391581074549e-06 0.018108529757306535 5.820813089794862e-07 8.28611004206802e-05 0.0006014755229934672 1.618748583520009e-05 0.016276707812634676 0.16353342643056853 0.1854854430006799 0.28323789502652563 6.374760359393783e-07 5.865406945456963e-07
18 6.051794794026604e-07 0.0027616297161927447 6.247822509913653e-07 6.470465073280706e-07 6.471218172877217e-07 1.1659475142218393e-06 6.283050734199508e-07 0.003375015162149319 5.878391398453657e-07 6.629288549915864e-07 6.257818435672525e-07 0.0016071974364915143 6.389124920262485e-07 0.014884385950330406 4.266208494593967e-06 0.000527887733771899 1.6991912083154938e-06 0.00850903171191863 1.1118391581074549e-06 0.018108529757306535 5.820813089794862e-07 8.28611004206802e-05 0.0006014755229934672 1.618748583520009e-05 0.016276707812634676 0.16353342643056853 0.1854854430006799 0.28323789502652563 6.374760359393783e-07 5.865406945456963e-07
19 6.051794794026604e-07 0.0027616297161927447 6.247822509913653e-07 6.470465073280706e-07 6.471218172877217e-07 1.1659475142218393e-06 6.283050734199508e-07 0.003375015162149319 5.878391398453657e-07 6.629288549915864e-07 6.257818435672525e-07 0.0016071974364915143 6.389124920262485e-07 0.014884385950330406 4.266208494593967e-06 0.000527887733771899 1.6991912083154938e-06 0.00850903171191863 1.1118391581074549e-06 0.018108529757306535 5.820813089794862e-07 8.28611004206802e-05 0.0006014755229934672 1.618748583520009e-05 0.016276707812634676 0.16353342643056853 0.1854854430006799 0.28323789502652563 6.374760359393783e-07 5.865406945456963e-07
20 6.051794794026604e-07 0.0027616297161927447 6.247822509913653e-07 6.470465073280706e-07 6.471218172877217e-07 1.1659475142218393e-06 6.283050734199508e-07 0.003375015162149319 5.878391398453657e-07 6.629288549915864e-07 6.257818435672525e-07 0.0016071974364915143 6.389124920262485e-07 0.014884385950330406 4.266208494593967e-06 0.000527887733771899 1.6991912083154938e-06 0.00850903171191863 1.1118391581074549e-06 0.018108529757306535 5.820813089794862e-07 8.28611004206802e-05 0.0006014755229934672 1.618748583520009e-05 0.016276707812634676 0.16353342643056853 0.1854854430006799 0.28323789502652563 6.374760359393783e-07 5.865406945456963e-07
21 6.051794794026604e-07 0.0027616297161927447 6.247822509913653e-07 6.470465073280706e-07 6.471218172877217e-07 1.1659475142218393e-06 6.283050734199508e-07 0.003375015162149319 5.878391398453657e-07 6.629288549915864e-07 6.257818435672525e-07 0.0016071974364915143 6.389124920262485e-07 0.014884385950330406 4.266208494593967e-06 0.000527887733771899 1.6991912083154938e-06 0.00850903171191863 1.1118391581074549e-06 0.018108529757306535 5.820813089794862e-07 8.28611004206802e-05 0.0006014755229934672 1.618748583520009e-05 0.016276707812634676 0.16353342643056853 0.1854854430006799 0.28323789502652563 6.374760359393783e-07 5.865406945456963e-07
22 7.6547358087779e-07 8.231892440104577e-07 7.614558469177611e-07 7.194661480152549e-07 7.733298818745107e-07 2.1857983802177717e-06 8.424548718401098e-07 0.003777887752447505 7.05354993696248e-07 7.928584718613062e-07 7.863390720236197e-07 0.2000135805635276 8.137178136722039e-07 0.3052139354017183 1.0223356061863223e-05 0.15272216950453021 1.8656970364117199e-06 0.02501205477827563 1.5628018729448971e-06 0.040784114497655684 6.51658638717185e-07 0.00012097595535334134 0.0005138523155037303 6.0812353819692606e-05 0.011589176625036808 0.08971082657202052 0.04942466552194804 0.03184033362355429 7.443031858806299e-07 8.107436794914257e-07
23 7.6547358087779e-07 8.231892440104577e-07 7.614558469177611e-07 7.194661480152549e-07 7.733298818745107e-07 2.1857983802177717e-06 8.424548718401098e-07 0.003777887752447505 7.05354993696248e-07 7.928584718613062e-07 7.863390720236197e-07 0.2000135805635276 8.137178136722039e-07 0.3052139354017183 1.0223356061863223e-05 0.15272216950453021 1.8656970364117199e-06 0.02501205477827563 1.5628018729448971e-06 0.040784114497655684 6.51658638717185e-07 0.00012097595535334134 0.0005138523155037303 6.0812353819692606e-05 0.011589176625036808 0.08971082657202052 0.04942466552194804 0.03184033362355429 7.443031858806299e-07 8.107436794914257e-07
24 7.6547358087779e-07 8.231892440104577e-07 7.614558469177611e-07 7.194661480152549e-07 7.733298818745107e-07 2.1857983802177717e-06 8.424548718401098e-07 0.003777887752447505 7.05354993696248e-07 7.928584718613062e-07 7.863390720236197e-07 0.2000135805635276 8.137178136722039e-07 0.3052139354017183 1.0223356061863223e-05 0.15272216950453021 1.8656970364117199e-06 0.02501205477827563 1.5628018729448971e-06 0.040784114497655684 6.51658638717185e-07 0.00012097595535334134 0.0005138523155037303 6.0812353819692606e-05 0.011589176625036808 0.08971082657202052 0.04942466552194804 0.03184033362355429 7.443031858806299e-07 8.107436794914257e-07
25 7.6547358087779e-07 8.231892440104577e-07 7.614558469177611e-07 7.194661480152549e-07 7.733298818745107e-07 2.1857983802177717e-06 8.424548718401098e-07 0.003777887752447505 7.05354993696248e-07 7.928584718613062e-07 7.863390720236197e-07 0.2000135805635276 8.137178136722039e-07 0.3052139354017183 1.0223356061863223e-05 0.15272216950453021 1.8656970364117199e-06 0.02501205477827563 1.5628018729448971e-06 0.040784114497655684 6.51658638717185e-07 0.00012097595535334134 0.0005138523155037303 6.0812353819692606e-05 0.011589176625036808 0.08971082657202052 0.04942466552194804 0.03184033362355429 7.443031858806299e-07 8.107436794914257e-07
26 7.6547358087779e-07 8.231892440104577e-07 7.614558469177611e-07 7.194661480152549e-07 7.733298818745107e-07 2.1857983802177717e-06 8.424548718401098e-07 0.003777887752447505 7.05354993696248e-07 7.928584718613062e-07 7.863390720236197e-07 0.2000135805635276 8.137178136722039e-07 0.3052139354017183 1.0223356061863223e-05 0.15272216950453021 1.8656970364117199e-06 0.02501205477827563 1.5628018729448971e-06 0.040784114497655684 6.51658638717185e-07 0.00012097595535334134 0.0005138523155037303 6.0812353819692606e-05 0.011589176625036808 0.08971082657202052 0.04942466552194804 0.03184033362355429 7.443031858806299e-07 8.107436794914257e-07
27 7.6547358087779e-07 8.231892440104577e-07 7.614558469177611e-07 7.194661480152549e-07 7.733298818745107e-07 2.1857983802177717e-06 8.424548718401098e-07 0.003777887752447505 7.05354993696248e-07 7.928584718613062e-07 7.863390720236197e-07 0.2000135805635276 8.137178136722039e-07 0.3052139354017183 1.0223356061863223e-05 0.15272216950453021 1.8656970364117199e-06 0.02501205477827563 1.5628018729448971e-06 0.040784114497655684 6.51658638717185e-07 0.00012097595535334134 0.0005138523155037303 6.0812353819692606e-05 0.011589176625036808 0.08971082657202052 0.04942466552194804 0.03184033362355429 7.443031858806299e-07 8.107436794914257e-07
28 7.6547358087779e-07 8.231892440104577e-07 7.614558469177611e-07 7.194661480152549e-07 7.733298818745107e-07 2.1857983802177717e-06 8.424548718401098e-07 0.003777887752447505 7.05354993696248e-07 7.928584718613062e-07 7.863390720236197e-07 0.2000135805635276 8.137178136722039e-07 0.3052139354017183 1.0223356061863223e-05 0.15272216950453021 1.8656970364117199e-06 0.02501205477827563 1.5628018729448971e-06 0.040784114497655684 6.51658638717185e-07 0.00012097595535334134 0.0005138523155037303 6.0812353819692606e-05 0.011589176625036808 0.08971082657202052 0.04942466552194804 0.03184033362355429 7.443031858806299e-07 8.107436794914257e-07
29 7.6547358087779e-07 8.231892440104577e-07 7.614558469177611e-07 7.194661480152549e-07 7.733298818745107e-07 2.1857983802177717e-06 8.424548718401098e-07 0.003777887752447505 7.05354993696248e-07 7.928584718613062e-07 7.863390720236197e-07 0.2000135805635276 8.137178136722039e-07 0.3052139354017183 1.0223356061863223e-05 0.15272216950453021 1.8656970364117199e-06 0.02501205477827563 1.5628018729448971e-06 0.040784114497655684 6.51658638717185e-07 0.00012097595535334134 0.0005138523155037303 6.0812353819692606e-05 0.011589176625036808 0.08971082657202052 0.04942466552194804 0.03184033362355429 7.443031858806299e-07 8.107436794914257e-07
30 7.6547358087779e-07 8.231892440104577e-07 7.614558469177611e-07 7.194661480152549e-07 7.733298818745107e-07 2.1857983802177717e-06 8.424548718401098e-07 0.003777887752447505 7.05354993696248e-07 7.928584718613062e-07 7.863390720236197e-07 0.2000135805635276 8.137178136722039e-07 0.3052139354017183 1.0223356061863223e-05 0.15272216950453021 1.8656970364117199e-06 0.02501205477827563 1.5628018729448971e-06 0.040784114497655684 6.51658638717185e-07 0.00012097595535334134 0.0005138523155037303 6.0812353819692606e-05 0.011589176625036808 0.08971082657202052 0.04942466552194804 0.03184033362355429 7.443031858806299e-07 8.107436794914257e-07
31 7.6547358087779e-07 8.231892440104577e-07 7.614558469177611e-07 7.194661480152549e-07 7.733298818745107e-07 2.1857983802177717e-06 8.424548718401098e-07 0.003777887752447505 7.05354993696248e-07 7.928584718613062e-07 7.863390720236197e-07 0.2000135805635276 8.137178136722039e-07 0.3052139354017183 1.0223356061863223e-05 0.15272216950453021 1.8656970364117199e-06 0.02501205477827563 1.5628018729448971e-06 0.040784114497655684 6.51658638717185e-07 0.00012097595535334134 0.0005138523155037303 6.0812353819692606e-05 0.011589176625036808 0.08971082657202052 0.04942466552194804 0.03184033362355429 7.443031858806299e-07 8.107436794914257e-07
32 4.513127431114617e-07 4.5378770218612534e-07 4.247611041463687e-07 3.282133157597814e-07 4.2349865513679523e-07 1.0539789003642723e-05 3.89328161372067e-07 0.25134246641260427 4.287913516760424e-07 1.4123005858978832e-06 4.866500347557803e-07 0.0442193261975716 4.208084699779069e-07 0.500694787068587 4.570815048393402e-05 6.543156612072528e-05 2.695706746679967e-05 0.01888258876223358 2.4896630590423916e-05 0.005658173346142174 4.4389008845315065e-07 3.0012361374301217e-05 2.5796824997424784e-05 3.678065582003349e-05 0.00030986995298275916 0.01145487827463051 0.00800718411240011 0.010285022428854018 4.2372330186989346e-07 4.616646991197284e-07
33 4.513127431114617e-07 4.5378770218612534e-07 4.247611041463687e-07 3.282133157597814e-07 4.2349865513679523e-07 1.0539789003642723e-05 3.89328161372067e-07 0.25134246641260427 4.287913516760424e-07 1.4123005858978832e-06 4.866500347557803e-07 0.0442193261975716 4.208084699779069e-07 0.500694787068587 4.570815048393402e-05 6.543156612072528e-05 2.695706746679967e-05 0.01888258876223358 2.4896630590423916e-05 0.005658173346142174 4.4389008845315065e-07 3.0012361374301217e-05 2.5796824997424784e-05 3.678065582003349e-05 0.00030986995298275916 0.01145487827463051 0.00800718411240011 0.010285022428854018 4.2372330186989346e-07 4.616646991197284e-07
34 4.513127431114617e-07 4.5378770218612534e-07 4.247611041463687e-07 3.282133157597814e-07 4.2349865513679523e-07 1.0539789003642723e-05 3.89328161372067e-07 0.25134246641260427 4.287913516760424e-07 1.4123005858978832e-06 4.866500347557803e-07 0.0442193261975716 4.208084699779069e-07 0.500694787068587 4.570815048393402e-05 6.543156612072528e-05 2.695706746679967e-05 0.01888258876223358 2.4896630590423916e-05 0.005658173346142174 4.4389008845315065e-07 3.0012361374301217e-05 2.5796824997424784e-05 3.678065582003349e-05 0.00030986995298275916 0.01145487827463051 0.00800718411240011 0.010285022428854018 4.2372330186989346e-07 4.616646991197284e-07
35 4.513127431114617e-07 4.5378770218612534e-07 4.247611041463687e-07 3.282133157597814e-07 4.2349865513679523e-07 1.0539789003642723e-05 3.89328161372067e-07 0.25134246641260427 4.287913516760424e-07 1.4123005858978832e-06 4.866500347557803e-07 0.0442193261975716 4.208084699779069e-07 0.500694787068587 4.570815048393402e-05 6.543156612072528e-05 2.695706746679967e-05 0.01888258876223358 2.4896630590423916e-05 0.005658173346142174 4.4389008845315065e-07 3.0012361374301217e-05 2.5796824997424784e-05 3.678065582003349e-05 0.00030986995298275916 0.01145487827463051 0.00800718411240011 0.010285022428854018 4.2372330186989346e-07 4.616646991197284e-07
36 4.513127431114617e-07 4.5378770218612534e-07 4.247611041463687e-07 3.282133157597814e-07 4.2349865513679523e-07 1.0539789003642723e-05 3.89328161372067e-07 0.25134246641260427 4.287913516760424e-07 1.4123005858978832e-06 4.866500347557803e-07 0.0442193261975716 4.208084699779069e-07 0.500694787068587 4.570815048393402e-05 6.543156612072528e-05 2.695706746679967e-05 0.01888258876223358 2.4896630590423916e-05 0.005658173346142174 4.4389008845315065e-07 3.0012361374301217e-05 2.5796824997424784e-05 3.678065582003349e-05 0.00030986995298275916 0.01145487827463051 0.00800718411240011 0.010285022428854018 4.2372330186989346e-07 4.616646991197284e-07
37 4.513127431114617e-07 4.5378770218612534e-07 4.247611041463687e-07 3.282133157597814e-07 4.2349865513679523e-07 1.0539789003642723e-05 3.89328161372067e-07 0.25134246641260427 4.287913516760424e-07 1.4123005858978832e-06 4.866500347557803e-07 0.0442193261975716 4.208084699779069e-07 0.500694787068587 4.570815048393402e-05 6.543156612072528e-05 2.695706746679967e-05 0.01888258876223358 2.4896630590423916e-05 0.005658173346142174 4.4389008845315065e-07 3.0012361374301217e-05 2.5796824997424784e-05 3.678065582003349e-05 0.00030986995298275916 0.01145487827463051 0.00800718411240011 0.010285022428854018 4.2372330186989346e-07 4.616646991197284e-07
38 4.513127431114617e-07 4.5378770218612534e-07 4.247611041463687e-07 3.282133157597814e-07 4.2349865513679523e-07 1.0539789003642723e-05 3.89328161372067e-07 0.25134246641260427 4.287913516760424e-07 1.4123005858978832e-06 4.866500347557803e-07 0.0442193261975716 4.208084699779069e-07 0.500694787068587 4.570815048393402e-05 6.543156612072528e-05 2.695706746679967e-05 0.01888258876223358 2.4896630590423916e-05 0.005658173346142174 4.4389008845315065e-07 3.0012361374301217e-05 2.5796824997424784e-05 3.678065582003349e-05 0.00030986995298275916 0.01145487827463051 0.00800718411240011 0.010285022428854018 4.2372330186989346e-07 4.616646991197284e-07
39 4.513127431114617e-07 4.5378770218612534e-07 4.247611041463687e-07 3.282133157597814e-07 4.2349865513679523e-07 1.0539789003642723e-05 3.89328161372067e-07 0.25134246641260427 4.287913516760424e-07 1.4123005858978832e-06 4.866500347557803e-07 0.0442193261975716 4.208084699779069e-07 0.500694787068587 4.570815048393402e-05 6.543156612072528e-05 2.695706746679967e-05 0.01888258876223358 2.4896630590423916e-05 0.005658173346142174 4.4389008845315065e-07 3.0012361374301217e-05 2.5796824997424784e-05 3.678065582003349e-05 0.00030986995298275916 0.01145487827463051 0.00800718411240011 0.010285022428854018 4.2372330186989346e-07 4.616646991197284e-07
40 4.513127431114617e-07 4.5378770218612534e-07 4.247611041463687e-07 3.282133157597814e-07 4.2349865513679523e-07 1.0539789003642723e-05 3.89328161372067e-07 0.25134246641260427 4.287913516760424e-07 1.4123005858978832e-06 4.866500347557803e-07 0.0442193261975716 4.208084699779069e-07 0.500694787068587 4.570815048393402e-05 6.543156612072528e-05 2.695706746679967e-05 0.01888258876223358 2.4896630590423916e-05 0.005658173346142174 4.4389008845315065e-07 3.0012361374301217e-05 2.5796824997424784e-05 3.678065582003349e-05 0.00030986995298275916 0.01145487827463051 0.00800718411240011 0.010285022428854018 4.2372330186989346e-07 4.616646991197284e-07
41 4.513127431114617e-07 4.5378770218612534e-07 4.247611041463687e-07 3.282133157597814e-07 4.2349865513679523e-07 1.0539789003642723e-05 3.89328161372067e-07 0.25134246641260427 4.287913516760424e-07 1.4123005858978832e-06 4.866500347557803e-07 0.0442193261975716 4.208084699779069e-07 0.500694787068587 4.570815048393402e-05 6.543156612072528e-05 2.695706746679967e-05 0.01888258876223358 2.4896630590423916e-05 0.005658173346142174 4.4389008845315065e-07 3.0012361374301217e-05 2.5796824997424784e-05 3.678065582003349e-05 0.00030986995298275916 0.01145487827463051 0.00800718411240011 0.010285022428854018 4.2372330186989346e-07 4.616646991197284e-07
42 4.513127431114617e-07 4.5378770218612534e-07 4.247611041463687e-07 3.282133157597814e-07 4.2349865513679523e-07 1.0539789003642723e-05 3.89328161372067e-07 0.25134246641260427 4.287913516760424e-07 1.4123005858978832e-06 4.866500347557803e-07 0.0442193261975716 4.208084699779069e-07 0.500694787068587 4.570815048393402e-05 6.543156612072528e-05 2.695706746679967e-05 0.01888258876223358 2.4896630590423916e-05 0.005658173346142174 4.4389008845315065e-07 3.0012361374301217e-05 2.5796824997424784e-05 3.678065582003349e-05 0.00030986995298275916 0.01145487827463051 0.00800718411240011 0.010285022428854018 4.2372330186989346e-07 4.616646991197284e-07
43 4.513127431114617e-07 4.5378770218612534e-07 4.247611041463687e-07 3.282133157597814e-07 4.2349865513679523e-07 1.0539789003642723e-05 3.89328161372067e-07 0.25134246641260427 4.287913516760424e-07 1.4123005858978832e-06 4.866500347557803e-07 0.0442193261975716 4.208084699779069e-07 0.500694787068587 4.570815048393402e-05 6.543156612072528e-05 2.695706746679967e-05 0.01888258876223358 2.4896630590423916e-05 0.005658173346142174 4.4389008845315065e-07 3.0012361374301217e-05 2.5796824997424784e-05 3.678065582003349e-05 0.00030986995298275916 0.01145487827463051 0.00800718411240011 0.010285022428854018 4.2372330186989346e-07 4.616646991197284e-07
44 4.513127431114617e-07 4.5378770218612534e-07 4.247611041463687e-07 3.282133157597814e-07 4.2349865513679523e-07 1.0539789003642723e-05 3.89328161372067e-07 0.25134246641260427 4.287913516760424e-07 1.4123005858978832e-06 4.866500347557803e-07 0.0442193261975716 4.208084699779069e-07 0.500694787068587 4.570815048393402e-05 6.543156612072528e-05 2.695706746679967e-05 0.01888258876223358 2.4896630590423916e-05 0.005658173346142174 4.4389008845315065e-07 3.0012361374301217e-05 2.5796824997424784e-05 3.678065582003349e-05 0.00030986995298275916 0.01145487827463051 0.00800718411240011 0.010285022428854018 4.2372330186989346e-07 4.616646991197284e-07
45 1.8313953065865609e-06 1.692309771959694e-06 1.7576838313936529e-06 1.4261987448248867e-06 1.6349134914426236e-06 0.10032431261228998 1.6725023527220938e-06 0.4008872808158096 1.794080298157696e-06 0.07294113182125114 0.00066700062918873 0.22376366147515836 1.789376623242427e-06 0.0001838930133589384 0.0002524162162662161 0.00022238085561274016 5.504645200770539e-05 0.005132374363094658 1.4925265381329801e-05 0.005123180436921213 1.814369109303753e-06 2.5920356832440395e-05 2.813944632427235e-06 1.7511864413138943e-05 5.108326599792193e-05 0.006014091569634537 0.0011773638369687444 0.0031648167464108728 1.6409704678423111e-06 1.6075071598605788e-06
46 1.8313953065865609e-06 1.692309771959694e-06 1.7576838313936529e-06 1.4261987448248867e-06 1.6349134914426236e-06 0.10032431261228998 1.6725023527220938e-06 0.4008872808158096 1.794080298157696e-06 0.07294113182125114 0.00066700062918873 0.22376366147515836 1.789376623242427e-06 0.0001838930133589384 0.0002524162162662161 0.00022238085561274016 5.504645200770539e-05 0.005132374363094658 1.4925265381329801e-05 0.005123180436921213 1.814369109303753e-06 2.5920356832440395e-05 2.813944632427235e-06 1.7511864413138943e-05 5.108326599792193e-05 0.006014091569634537 0.0011773638369687444 0.0031648167464108728 1.6409704678423111e-06 1.6075071598605788e-06
47 1.8313953065865609e-06 1.692309771959694e-06 1.7576838313936529e-06 1.4261987448248867e-06 1.6349134914426236e-06 0.10032431261228998 1.6725023527220938e-06 0.4008872808158096 1.794080298157696e-06 0.07294113182125114 0.00066700062918873 0.22376366147515836 1.789376623242427e-06 0.0001838930133589384 0.0002524162162662161 0.00022238085561274016 5.504645200770539e-05 0.005132374363094658 1.4925265381329801e-05 0.005123180436921213 1.814369109303753e-06 2.5920356832440395e-05 2.813944632427235e-06 1.7511864413138943e-05 5.108326599792193e-05 0.006014091569634537 0.0011773638369687444 0.0031648167464108728 1.6409704678423111e-06 1.6075071598605788e-06
48 1.8313953065865609e-06 1.692309771959694e-06 1.7576838313936529e-06 1.4261987448248867e-06 1.6349134914426236e-06 0.10032431261228998 1.6725023527220938e-06 0.4008872808158096 1.794080298157696e-06 0.07294113182125114 0.00066700062918873 0.22376366147515836 1.789376623242427e-06 0.0001838930133589384 0.0002524162162662161 0.00022238085561274016 5.504645200770539e-05 0.005132374363094658 1.4925265381329801e-05 0.005123180436921213 1.814369109303753e-06 2.5920356832440395e-05 2.813944632427235e-06 1.7511864413138943e-05 5.108326599792193e-05 0.006014091569634537 0.0011773638369687444 0.0031648167464108728 1.6409704678423111e-06 1.6075071598605788e-06
49 1.8313953065865609e-06 1.692309771959694e-06 1.7576838313936529e-06 1.4261987448248867e-06 1.6349134914426236e-06 0.10032431261228998 1.6725023527220938e-06 0.4008872808158096 1.794080298157696e-06 0.07294113182125114 0.00066700062918873 0.22376366147515836 1.789376623242427e-06 0.0001838930133589384 0.0002524162162662161 0.00022238085561274016 5.504645200770539e-05 0.005132374363094658 1.4925265381329801e-05 0.005123180436921213 1.814369109303753e-06 2.5920356832440395e-05 2.813944632427235e-06 1.7511864413138943e-05 5.108326599792193e-05 0.006014091569634537 0.0011773638369687444 0.0031648167464108728 1.6409704678423111e-06 1.6075071598605788e-06
50 1.8313953065865609e-06 1.692309771959694e-06 1.7576838313936529e-06 1.4261987448248867e-06 1.6349134914426236e-06 0.10032431261228998 1.6725023527220938e-06 0.4008872808158096 1.794080298157696e-06 0.07294113182125114 0.00066700062918873 0.22376366147515836 1.789376623242427e-06 0.0001838930133589384 0.0002524162162662161 0.00022238085561274016 5.504645200770539e-05 0.005132374363094658 1.4925265381329801e-05 0.005123180436921213 1.814369109303753e-06 2.5920356832440395e-05 2.813944632427235e-06 1.7511864413138943e-05 5.108326599792193e-05 0.006014091569634537 0.0011773638369687444 0.0031648167464108728 1.6409704678423111e-06 1.6075071598605788e-06
51 1.8313953065865609e-06 1.692309771959694e-06 1.7576838313936529e-06 1.4261987448248867e-06 1.6349134914426236e-06 0.10032431261228998 1.6725023527220938e-06 0.4008872808158096 1.794080298157696e-06 0.07294113182125114 0.00066700062918873 0.22376366147515836 1.789376623242427e-06 0.0001838930133589384 0.0002524162162662161 0.00022238085561274016 5.504645200770539e-05 0.005132374363094658 1.4925265381329801e-05 0.005123180436921213 1.814369109303753e-06 2.5920356832440395e-05 2.813944632427235e-06 1.7511864413138943e-05 5.108326599792193e-05 0.006014091569634537 0.0011773638369687444 0.0031648167464108728 1.6409704678423111e-06 1.6075071598605788e-06
52 1.8313953065865609e-06 1.692309771959694e-06 1.7576838313936529e-06 1.4261987448248867e-06 1.6349134914426236e-06 0.10032431261228998 1.6725023527220938e-06 0.4008872808158096 1.794080298157696e-06 0.07294113182125114 0.00066700062918873 0.22376366147515836 1.789376623242427e-06 0.0001838930133589384 0.0002524162162662161 0.00022238085561274016 5.504645200770539e-05 0.005132374363094658 1.4925265381329801e-05 0.005123180436921213 1.814369109303753e-06 2.5920356832440395e-05 2.813944632427235e-06 1.7511864413138943e-05 5.108326599792193e-05 0.006014091569634537 0.0011773638369687444 0.0031648167464108728 1.6409704678423111e-06 1.6075071598605788e-06
53 1.8313953065865609e-06 1.692309771959694e-06 1.7576838313936529e-06 1.4261987448248867e-06 1.6349134914426236e-06 0.10032431261228998 1.6725023527220938e-06 0.4008872808158096 1.794080298157696e-06 0.07294113182125114 0.00066700062918873 0.22376366147515836 1.789376623242427e-06 0.0001838930133589384 0.0002524162162662161 0.00022238085561274016 5.504645200770539e-05 0.005132374363094658 1.4925265381329801e-05 0.005123180436921213 1.814369109303753e-06 2.5920356832440395e-05 2.813944632427235e-06 1.7511864413138943e-05 5.108326599792193e-05 0.006014091569634537 0.0011773638369687444 0.0031648167464108728 1.6409704678423111e-06 1.6075071598605788e-06
54 1.8313953065865609e-06 1.692309771959694e-06 1.7576838313936529e-06 1.4261987448248867e-06 1.6349134914426236e-06 0.10032431261228998 1.6725023527220938e-06 0.4008872808158096 1.794080298157696e-06 0.07294113182125114 0.00066700062918873 0.22376366147515836 1.789376623242427e-06 0.0001838930133589384 0.0002524162162662161 0.00022238085561274016 5.504645200770539e-05 0.005132374363094658 1.4925265381329801e-05 0.005123180436921213 1.814369109303753e-06 2.5920356832440395e-05 2.813944632427235e-06 1.7511864413138943e-05 5.108326599792193e-05 0.006014091569634537 0.0011773638369687444 0.0031648167464108728 1.6409704678423111e-06 1.6075071598605788e-06
55 1.8313953065865609e-06 1.692309771959694e-06 1.7576838313936529e-06 1.4261987448248867e-06 1.6349134914426236e-06 0.10032431261228998 1.6725023527220938e-06 0.4008872808158096 1.794080298157696e-06 0.07294113182125114 0.00066700062918873 0.22376366147515836 1.789376623242427e-06 0.0001838930133589384 0.0002524162162662161 0.00022238085561274016 5.504645200770539e-05 0.005132374363094658 1.4925265381329801e-05 0.005123180436921213 1.814369109303753e-06 2.5920356832440395e-05 2.813944632427235e-06 1.7511864413138943e-05 5.108326599792193e-05 0.006014091569634537 0.0011773638369687444 0.0031648167464108728 1.6409704678423111e-06 1.6075071598605788e-06
56 1.8313953065865609e-06 1.692309771959694e-06 1.7576838313936529e-06 1.4261987448248867e-06 1.6349134914426236e-06 0.10032431261228998 1.6725023527220938e-06 0.4008872808158096 1.794080298157696e-06 0.07294113182125114 0.00066700062918873 0.22376366147515836 1.789376623242427e-06 0.0001838930133589384 0.0002524162162662161 0.00022238085561274016 5.504645200770539e-05 0.005132374363094658 1.4925265381329801e-05 0.005123180436921213 1.814369109303753e-06 2.5920356832440395e-05 2.813944632427235e-06 1.7511864413138943e-05 5.108326599792193e-05 0.006014091569634537 0.0011773638369687444 0.0031648167464108728 1.6409704678423111e-06 1.6075071598605788e-06
57 1.8313953065865609e-06 1.692309771959694e-06 1.7576838313936529e-06 1.4261987448248867e-06 1.6349134914426236e-06 0.10032431261228998 1.6725023527220938e-06 0.4008872808158096 1.794080298157696e-06 0.07294113182125114 0.00066700062918873 0.22376366147515836 1.789376623242427e-06 0.0001838930133589384 0.0002524162162662161 0.00022238085561274016 5.504645200770539e-05 0.005132374363094658 1.4925265381329801e-05 0.005123180436921213 1.814369109303753e-06 2.5920356832440395e-05 2.813944632427235e-06 1.7511864413138943e-05 5.108326599792193e-05 0.006014091569634537 0.0011773638369687444 0.0031648167464108728 1.6409704678423111e-06 1.6075071598605788e-06
58 1.8313953065865609e-06 1.692309771959694e-06 1.7576838313936529e-06 1.4261987448248867e-06 1.6349134914426236e-06 0.10032431261228998 1.6725023527220938e-06 0.4008872808158096 1.794080298157696e-06 0.07294113182125114 0.00066700062918873 0.22376366147515836 1.789376623242427e-06 0.0001838930133589384 0.0002524162162662161 0.00022238085561274016 5.504645200770539e-05 0.005132374363094658 1.4925265381329801e-05 0.005123180436921213 1.814369109303753e-06 2.5920356832440395e-05 2.813944632427235e-06 1.7511864413138943e-05 5.108326599792193e-05 0.006014091569634537 0.0011773638369687444 0.0031648167464108728 1.6409704678423111e-06 1.6075071598605788e-06
59 1.8313953065865609e-06 1.692309771959694e-06 1.7576838313936529e-06 1.4261987448248867e-06 1.6349134914426236e-06 0.10032431261228998 1.6725023527220938e-06 0.4008872808158096 1.794080298157696e-06 0.07294113182125114 0.00066700062918873 0.22376366147515836 1.789376623242427e-06 0.0001838930133589384 0.0002524162162662161 0.00022238085561274016 5.504645200770539e-05 0.005132374363094658 1.4925265381329801e-05 0.005123180436921213 1.814369109303753e-06 2.5920356832440395e-05 2.813944632427235e-06 1.7511864413138943e-05 5.108326599792193e-05 0.006014091569634537 0.0011773638369687444 0.0031648167464108728 1.6409704678423111e-06 1.6075071598605788e-06
60 1.8313953065865609e-06 1.692309771959694e-06 1.7576838313936529e-06 1.4261987448248867e-06 1.6349134914426236e-06 0.10032431261228998 1.6725023527220938e-06 0.4008872808158096 1.794080298157696e-06 0.07294113182125114 0.00066700062918873 0.22376366147515836 1.789376623242427e-06 0.0001838930133589384 0.0002524162162662161 0.00022238085561274016 5.504645200770539e-05 0.005132374363094658 1.4925265381329801e-05 0.005123180436921213 1.814369109303753e-06 2.5920356832440395e-05 2.813944632427235e-06 1.7511864413138943e-05 5.108326599792193e-05 0.006014091569634537 0.0011773638369687444 0.0031648167464108728 1.6409704678423111e-06 1.6075071598605788e-06
61 1.8313953065865609e-06 1.692309771959694e-06 1.7576838313936529e-06 1.4261987448248867e-06 1.6349134914426236e-06 0.10032431261228998 1.6725023527220938e-06 0.4008872808158096 1.794080298157696e-06 0.07294113182125114 0.00066700062918873 0.22376366147515836 1.789376623242427e-06 0.0001838930133589384 0.0002524162162662161 0.00022238085561274016 5.504645200770539e-05 0.005132374363094658 1.4925265381329801e-05 0.005123180436921213 1.814369109303753e-06 2.5920356832440395e-05 2.813944632427235e-06 1.7511864413138943e-05 5.108326599792193e-05 0.006014091569634537 0.0011773638369687444 0.0031648167464108728 1.6409704678423111e-06 1.6075071598605788e-06
62 1.8313953065865609e-06 1.692309771959694e-06 1.7576838313936529e-06 1.4261987448248867e-06 1.6349134914426236e-06 0.10032431261228998 1.6725023527220938e-06 0.4008872808158096 1.794080298157696e-06 0.07294113182125114 0.00066700062918873 0.22376366147515836 1.789376623242427e-06 0.0001838930133589384 0.0002524162162662161 0.00022238085561274016 5.504645200770539e-05 0.005132374363094658 1.4925265381329801e-05 0.005123180436921213 1.814369109303753e-06 2.5920356832440395e-05 2.813944632427235e-06 1.7511864413138943e-05 5.108326599792193e-05 0.006014091569634537 0.0011773638369687444 0.0031648167464108728 1.6409704678423111e-06 1.6075071598605788e-06
63 1.8313953065865609e-06 1.692309771959694e-06 1.7576838313936529e-06 1.4261987448248867e-06 1.6349134914426236e-06 0.10032431261228998 1.6725023527220938e-06 0.4008872808158096 1.794080298157696e-06 0.07294113182125114 0.00066700062918873 0.22376366147515836 1.789376623242427e-06 0.0001838930133589384 0.0002524162162662161 0.00022238085561274016 5.504645200770539e-05 0.005132374363094658 1.4925265381329801e-05 0.005123180436921213 1.814369109303753e-06 2.5920356832440395e-05 2.813944632427235e-06 1.7511864413138943e-05 5.108326599792193e-05 0.006014091569634537 0.0011773638369687444 0.0031648167464108728 1.6409704678423111e-06 1.6075071598605788e-06
64 1.8313953065865609e-06 1.692309771959694e-06 1.7576838313936529e-06 1.4261987448248867e-06 1.6349134914426236e-06 0.10032431261228998 1.6725023527220938e-06 0.4008872808158096 1.794080298157696e-06 0.07294113182125114 0.00066700062918873 0.22376366147515836 1.789376623242427e-06 0.0001838930133589384 0.0002524162162662161 0.00022238085561274016 5.504645200770539e-05 0.005132374363094658 1.4925265381329801e-05 0.005123180436921213 1.814369109303753e-06 2.5920356832440395e-05 2.813944632427235e-06 1.7511864413138943e-05 5.108326599792193e-05 0.006014091569634537 0.0011773638369687444 0.0031648167464108728 1.6409704678423111e-06 1.6075071598605788e-06
65 1.8313953065865609e-06 1.692309771959694e-06 1.7576838313936529e-06 1.4261987448248867e-06 1.6349134914426236e-06 0.10032431261228998 1.6725023527220938e-06 0.4008872808158096 1.794080298157696e-06 0.07294113182125114 0.00066700062918873 0.22376366147515836 1.789376623242427e-06 0.0001838930133589384 0.0002524162162662161 0.00022238085561274016 5.504645200770539e-05 0.005132374363094658 1.4925265381329801e-05 0.005123180436921213 1.814369109303753e-06 2.5920356832440395e-05 2.813944632427235e-06 1.7511864413138943e-05 5.108326599792193e-05 0.006014091569634537 0.0011773638369687444 0.0031648167464108728 1.6409704678423111e-06 1.6075071598605788e-06
66 1.8313953065865609e-06 1.692309771959694e-06 1.7576838313936529e-06 1.4261987448248867e-06 1.6349134914426236e-06 0.10032431261228998 1.6725023527220938e-06 0.4008872808158096 1.794080298157696e-06 0.07294113182125114 0.00066700062918873 0.22376366147515836 1.789376623242427e-06 0.0001838930133589384 0.0002524162162662161 0.00022238085561274016 5.504645200770539e-05 0.005132374363094658 1.4925265381329801e-05 0.005123180436921213 1.814369109303753e-06 2.5920356832440395e-05 2.813944632427235e-06 1.7511864413138943e-05 5.108326599792193e-05 0.006014091569634537 0.0011773638369687444 0.0031648167464108728 1.6409704678423111e-06 1.6075071598605788e-06
67 1.8313953065865609e-06 1.692309771959694e-06 1.7576838313936529e-06 1.4261987448248867e-06 1.6349134914426236e-06 0.10032431261228998 1.6725023527220938e-06 0.4008872808158096 1.794080298157696e-06 0.07294113182125114 0.00066700062918873 0.22376366147515836 1.789376623242427e-06 0.0001838930133589384 0.0002524162162662161 0.00022238085561274016 5.504645200770539e-05 0.005132374363094658 1.4925265381329801e-05 0.005123180436921213 1.814369109303753e-06 2.5920356832440395e-05 2.813944632427235e-06 1.7511864413138943e-05 5.108326599792193e-05 0.006014091569634537 0.0011773638369687444 0.0031648167464108728 1.6409704678423111e-06 1.6075071598605788e-06
68 8.5944374074585e-07 8.905462649602329e-07 8.709225855681979e-07 8.82051002941583e-07 8.382686720741386e-07 0.061112066730909 9.035955886305724e-07 0.48945902314914197 8.522364638165073e-07 0.04837503965943896 0.000372134496186569 0.17424184671718418 8.53624329634721e-07 0.0001069501702899874 0.00012844168592136796 0.00010803182007449129 2.9650828886140896e-05 0.0028292704350694115 7.425213445450087e-06 0.000618609924870669 1.0580416258698677e-06 1.192475305647321e-05 1.5550994072151949e-06 8.826952607355641e-06 2.6173795618705916e-05 0.0031600389816935745 0.0005252865493768055 0.0014345584703026118 9.003206296479732e-07 8.74074292770546e-07
69 8.5944374074585e-07 8.905462649602329e-07 8.709225855681979e-07 8.82051002941583e-07 8.382686720741386e-07 0.061112066730909 9.035955886305724e-07 0.48945902314914197 8.522364638165073e-07 0.04837503965943896 0.000372134496186569 0.17424184671718418 8.53624329634721e-07 0.0001069501702899874 0.00012844168592136796 0.00010803182007449129 2.9650828886140896e-05 0.0028292704350694115 7.425213445450087e-06 0.000618609924870669 1.0580416258698677e-06 1.192475305647321e-05 1.5550994072151949e-06 8.826952607355641e-06 2.6173795618705916e-05 0.0031600389816935745 0.0005252865493768055 0.0014345584703026118 9.003206296479732e-07 8.74074292770546e-07
70 8.5944374074585e-07 8.905462649602329e-07 8.709225855681979e-07 8.82051002941583e-07 8.382686720741386e-07 0.061112066730909 9.035955886305724e-07 0.48945902314914197 8.522364638165073e-07 0.04837503965943896 0.000372134496186569 0.17424184671718418 8.53624329634721e-07 0.0001069501702899874 0.00012844168592136796 0.00010803182007449129 2.9650828886140896e-05 0.0028292704350694115 7.425213445450087e-06 0.000618609924870669 1.0580416258698677e-06 1.192475305647321e-05 1.5550994072151949e-06 8.826952607355641e-06 2.6173795618705916e-05 0.0031600389816935745 0.0005252865493768055 0.0014345584703026118 9.003206296479732e-07 8.74074292770546e-07
71 8.5944374074585e-07 8.905462649602329e-07 8.709225855681979e-07 8.82051002941583e-07 8.382686720741386e-07 0.061112066730909 9.035955886305724e-07 0.48945902314914197 8.522364638165073e-07 0.04837503965943896 0.000372134496186569 0.17424184671718418 8.53624329634721e-07 0.0001069501702899874 0.00012844168592136796 0.00010803182007449129 2.9650828886140896e-05 0.0028292704350694115 7.425213445450087e-06 0.000618609924870669 1.0580416258698677e-06 1.192475305647321e-05 1.5550994072151949e-06 8.826952607355641e-06 2.6173795618705916e-05 0.0031600389816935745 0.0005252865493768055 0.0014345584703026118 9.003206296479732e-07 8.74074292770546e-07
72 8.5944374074585e-07 8.905462649602329e-07 8.709225855681979e-07 8.82051002941583e-07 8.382686720741386e-07 0.061112066730909 9.035955886305724e-07 0.48945902314914197 8.522364638165073e-07 0.04837503965943896 0.000372134496186569 0.17424184671718418 8.53624329634721e-07 0.0001069501702899874 0.00012844168592136796 0.00010803182007449129 2.9650828886140896e-05 0.0028292704350694115 7.425213445450087e-06 0.000618609924870669 1.0580416258698677e-06 1.192475305647321e-05 1.5550994072151949e-06 8.826952607355641e-06 2.6173795618705916e-05 0.0031600389816935745 0.0005252865493768055 0.0014345584703026118 9.003206296479732e-07 8.74074292770546e-07
73 8.5944374074585e-07 8.905462649602329e-07 8.709225855681979e-07 8.82051002941583e-07 8.382686720741386e-07 0.061112066730909 9.035955886305724e-07 0.48945902314914197 8.522364638165073e-07 0.04837503965943896 0.000372134496186569 0.17424184671718418 8.53624329634721e-07 0.0001069501702899874 0.00012844168592136796 0.00010803182007449129 2.9650828886140896e-05 0.0028292704350694115 7.425213445450087e-06 0.000618609924870669 1.0580416258698677e-06 1.192475305647321e-05 1.5550994072151949e-06 8.826952607355641e-06 2.6173795618705916e-05 0.0031600389816935745 0.0005252865493768055 0.0014345584703026118 9.003206296479732e-07 8.74074292770546e-07
74 8.5944374074585e-07 8.905462649602329e-07 8.709225855681979e-07 8.82051002941583e-07 8.382686720741386e-07 0.061112066730909 9.035955886305724e-07 0.48945902314914197 8.522364638165073e-07 0.04837503965943896 0.000372134496186569 0.17424184671718418 8.53624329634721e-07 0.0001069501702899874 0.00012844168592136796 0.00010803182007449129 2.9650828886140896e-05 0.0028292704350694115 7.425213445450087e-06 0.000618609924870669 1.0580416258698677e-06 1.192475305647321e-05 1.5550994072151949e-06 8.826952607355641e-06 2.6173795618705916e-05 0.0031600389816935745 0.0005252865493768055 0.0014345584703026118 9.003206296479732e-07 8.74074292770546e-07
75 8.5944374074585e-07 8.905462649602329e-07 8.709225855681979e-07 8.82051002941583e-07 8.382686720741386e-07 0.061112066730909 9.035955886305724e-07 0.48945902314914197 8.522364638165073e-07 0.04837503965943896 0.000372134496186569 0.17424184671718418 8.53624329634721e-07 0.0001069501702899874 0.00012844168592136796 0.00010803182007449129 2.9650828886140896e-05 0.0028292704350694115 7.425213445450087e-06 0.000618609924870669 1.0580416258698677e-06 1.192475305647321e-05 1.5550994072151949e-06 8.826952607355641e-06 2.6173795618705916e-05 0.0031600389816935745 0.0005252865493768055 0.0014345584703026118 9.003206296479732e-07 8.74074292770546e-07
76 8.5944374074585e-07 8.905462649602329e-07 8.709225855681979e-07 8.82051002941583e-07 8.382686720741386e-07 0.061112066730909 9.035955886305724e-07 0.48945902314914197 8.522364638165073e-07 0.04837503965943896 0.000372134496186569 0.17424184671718418 8.53624329634721e-07 0.0001069501702899874 0.00012844168592136796 0.00010803182007449129 2.9650828886140896e-05 0.0028292704350694115 7.425213445450087e-06 0.000618609924870669 1.0580416258698677e-06 1.192475305647321e-05 1.5550994072151949e-06 8.826952607355641e-06 2.6173795618705916e-05 0.0031600389816935745 0.0005252865493768055 0.0014345584703026118 9.003206296479732e-07 8.74074292770546e-07
77 8.5944374074585e-07 8.905462649602329e-07 8.709225855681979e-07 8.82051002941583e-07 8.382686720741386e-07 0.061112066730909 9.035955886305724e-07 0.48945902314914197 8.522364638165073e-07 0.04837503965943896 0.000372134496186569 0.17424184671718418 8.53624329634721e-07 0.0001069501702899874 0.00012844168592136796 0.00010803182007449129 2.9650828886140896e-05 0.0028292704350694115 7.425213445450087e-06 0.000618609924870669 1.0580416258698677e-06 1.192475305647321e-05 1.5550994072151949e-06 8.826952607355641e-06 2.6173795618705916e-05 0.0031600389816935745 0.0005252865493768055 0.0014345584703026118 9.003206296479732e-07 8.74074292770546e-07
78 8.5944374074585e-07 8.905462649602329e-07 8.709225855681979e-07 8.82051002941583e-07 8.382686720741386e-07 0.061112066730909 9.035955886305724e-07 0.48945902314914197 8.522364638165073e-07 0.04837503965943896 0.000372134496186569 0.17424184671718418 8.53624329634721e-07 0.0001069501702899874 0.00012844168592136796 0.00010803182007449129 2.9650828886140896e-05 0.0028292704350694115 7.425213445450087e-06 0.000618609924870669 1.0580416258698677e-06 1.192475305647321e-05 1.5550994072151949e-06 8.826952607355641e-06 2.6173795618705916e-05 0.0031600389816935745 0.0005252865493768055 0.0014345584703026118 9.003206296479732e-07 8.74074292770546e-07
79 8.5944374074585e-07 8.905462649602329e-07 8.709225855681979e-07 8.82051002941583e-07 8.382686720741386e-07 0.061112066730909 9.035955886305724e-07 0.48945902314914197 8.522364638165073e-07 0.04837503965943896 0.000372134496186569 0.17424184671718418 8.53624329634721e-07 0.0001069501702899874 0.00012844168592136796 0.00010803182007449129 2.9650828886140896e-05 0.0028292704350694115 7.425213445450087e-06 0.000618609924870669 1.0580416258698677e-06 1.192475305647321e-05 1.5550994072151949e-06 8.826952607355641e-06 2.6173795618705916e-05 0.0031600389816935745 0.0005252865493768055 0.0014345584703026118 9.003206296479732e-07 8.74074292770546e-07
80 8.5944374074585e-07 8.905462649602329e-07 8.709225855681979e-07 8.82051002941583e-07 8.382686720741386e-07 0.061112066730909 9.035955886305724e-07 0.48945902314914197 8.522364638165073e-07 0.04837503965943896 0.000372134496186569 0.17424184671718418 8.53624329634721e-07 0.0001069501702899874 0.00012844168592136796 0.00010803182007449129 2.9650828886140896e-05 0.0028292704350694115 7.425213445450087e-06 0.000618609924870669 1.0580416258698677e-06 1.192475305647321e-05 1.5550994072151949e-06 8.826952607355641e-06 2.6173795618705916e-05 0.0031600389816935745 0.0005252865493768055 0.0014345584703026118 9.003206296479732e-07 8.74074292770546e-07
81 8.5944374074585e-07 8.905462649602329e-07 8.709225855681979e-07 8.82051002941583e-07 8.382686720741386e-07 0.061112066730909 9.035955886305724e-07 0.48945902314914197 8.522364638165073e-07 0.04837503965943896 0.000372134496186569 0.17424184671718418 8.53624329634721e-07 0.0001069501702899874 0.00012844168592136796 0.00010803182007449129 2.9650828886140896e-05 0.0028292704350694115 7.425213445450087e-06 0.000618609924870669 1.0580416258698677e-06 1.192475305647321e-05 1.5550994072151949e-06 8.826952607355641e-06 2.6173795618705916e-05 0.0031600389816935745 0.0005252865493768055 0.0014345584703026118 9.003206296479732e-07 8.74074292770546e-07
82 8.5944374074585e-07 8.905462649602329e-07 8.709225855681979e-07 8.82051002941583e-07 8.382686720741386e-07 0.061112066730909 9.035955886305724e-07 0.48945902314914197 8.522364638165073e-07 0.04837503965943896 0.000372134496186569 0.17424184671718418 8.53624329634721e-07 0.0001069501702899874 0.00012844168592136796 0.00010803182007449129 2.9650828886140896e-05 0.0028292704350694115 7.425213445450087e-06 0.000618609924870669 1.0580416258698677e-06 1.192475305647321e-05 1.5550994072151949e-06 8.826952607355641e-06 2.6173795618705916e-05 0.0031600389816935745 0.0005252865493768055 0.0014345584703026118 9.003206296479732e-07 8.74074292770546e-07
83 8.5944374074585e-07 8.905462649602329e-07 8.709225855681979e-07 8.82051002941583e-07 8.382686720741386e-07 0.061112066730909 9.035955886305724e-07 0.48945902314914197 8.522364638165073e-07 0.04837503965943896 0.000372134496186569 0.17424184671718418 8.53624329634721e-07 0.0001069501702899874 0.00012844168592136796 0.00010803182007449129 2.9650828886140896e-05 0.0028292704350694115 7.425213445450087e-06 0.000618609924870669 1.0580416258698677e-06 1.192475305647321e-05 1.5550994072151949e-06 8.826952607355641e-06 2.6173795618705916e-05 0.0031600389816935745 0.0005252865493768055 0.0014345584703026118 9.003206296479732e-07 8.74074292770546e-07
84 8.5944374074585e-07 8.905462649602329e-07 8.709225855681979e-07 8.82051002941583e-07 8.382686720741386e-07 0.061112066730909 9.035955886305724e-07 0.48945902314914197 8.522364638165073e-07 0.04837503965943896 0.000372134496186569 0.17424184671718418 8.53624329634721e-07 0.0001069501702899874 0.00012844168592136796 0.00010803182007449129 2.9650828886140896e-05 0.0028292704350694115 7.425213445450087e-06 0.000618609924870669 1.0580416258698677e-06 1.192475305647321e-05 1.5550994072151949e-06 8.826952607355641e-06 2.6173795618705916e-05 0.0031600389816935745 0.0005252865493768055 0.0014345584703026118 9.003206296479732e-07 8.74074292770546e-07
85 8.5944374074585e-07 8.905462649602329e-07 8.709225855681979e-07 8.82051002941583e-07 8.382686720741386e-07 0.061112066730909 9.035955886305724e-07 0.48945902314914197 8.522364638165073e-07 0.04837503965943896 0.000372134496186569 0.17424184671718418 8.53624329634721e-07 0.0001069501702899874 0.00012844168592136796 0.00010803182007449129 2.9650828886140896e-05 0.0028292704350694115 7.425213445450087e-06 0.000618609924870669 1.0580416258698677e-06 1.192475305647321e-05 1.5550994072151949e-06 8.826952607355641e-06 2.6173795618705916e-05 0.0031600389816935745 0.0005252865493768055 0.0014345584703026118 9.003206296479732e-07 8.74074292770546e-07
86 8.5944374074585e-07 8.905462649602329e-07 8.709225855681979e-07 8.82051002941583e-07 8.382686720741386e-07 0.061112066730909 9.035955886305724e-07 0.48945902314914197 8.522364638165073e-07 0.04837503965943896 0.000372134496186569 0.17424184671718418 8.53624329634721e-07 0.0001069501702899874 0.00012844168592136796 0.00010803182007449129 2.9650828886140896e-05 0.0028292704350694115 7.425213445450087e-06 0.000618609924870669 1.0580416258698677e-06 1.192475305647321e-05 1.5550994072151949e-06 8.826952607355641e-06 2.6173795618705916e-05 0.0031600389816935745 0.0005252865493768055 0.0014345584703026118 9.003206296479732e-07 8.74074292770546e-07
87 8.5944374074585e-07 8.905462649602329e-07 8.709225855681979e-07 8.82051002941583e-07 8.382686720741386e-07 0.061112066730909 9.035955886305724e-07 0.48945902314914197 8.522364638165073e-07 0.04837503965943896 0.000372134496186569 0.17424184671718418 8.53624329634721e-07 0.0001069501702899874 0.00012844168592136796 0.00010803182007449129 2.9650828886140896e-05 0.0028292704350694115 7.425213445450087e-06 0.000618609924870669 1.0580416258698677e-06 1.192475305647321e-05 1.5550994072151949e-06 8.826952607355641e-06 2.6173795618705916e-05 0.0031600389816935745 0.0005252865493768055 0.0014345584703026118 9.003206296479732e-07 8.74074292770546e-07
88 8.5944374074585e-07 8.905462649602329e-07 8.709225855681979e-07 8.82051002941583e-07 8.382686720741386e-07 0.061112066730909 9.035955886305724e-07 0.48945902314914197 8.522364638165073e-07 0.04837503965943896 0.000372134496186569 0.17424184671718418 8.53624329634721e-07 0.0001069501702899874 0.00012844168592136796 0.00010803182007449129 2.9650828886140896e-05 0.0028292704350694115 7.425213445450087e-06 0.000618609924870669 1.0580416258698677e-06 1.192475305647321e-05 1.5550994072151949e-06 8.826952607355641e-06 2.6173795618705916e-05 0.0031600389816935745 0.0005252865493768055 0.0014345584703026118 9.003206296479732e-07 8.74074292770546e-07
89 8.5944374074585e-07 8.905462649602329e-07 8.709225855681979e-07 8.82051002941583e-07 8.382686720741386e-07 0.061112066730909 9.035955886305724e-07 0.48945902314914197 8.522364638165073e-07 0.04837503965943896 0.000372134496186569 0.17424184671718418 8.53624329634721e-07 0.0001069501702899874 0.00012844168592136796 0.00010803182007449129 2.9650828886140896e-05 0.0028292704350694115 7.425213445450087e-06 0.000618609924870669 1.0580416258698677e-06 1.192475305647321e-05 1.5550994072151949e-06 8.826952607355641e-06 2.6173795618705916e-05 0.0031600389816935745 0.0005252865493768055 0.0014345584703026118 9.003206296479732e-07 8.74074292770546e-07
90 8.5944374074585e-07 8.905462649602329e-07 8.709225855681979e-07 8.82051002941583e-07 8.382686720741386e-07 0.061112066730909 9.035955886305724e-07 0.48945902314914197 8.522364638165073e-07 0.04837503965943896 0.000372134496186569 0.17424184671718418 8.53624329634721e-07 0.0001069501702899874 0.00012844168592136796 0.00010803182007449129 2.9650828886140896e-05 0.0028292704350694115 7.425213445450087e-06 0.000618609924870669 1.0580416258698677e-06 1.192475305647321e-05 1.5550994072151949e-06 8.826952607355641e-06 2.6173795618705916e-05 0.0031600389816935745 0.0005252865493768055 0.0014345584703026118 9.003206296479732e-07 8.74074292770546e-07
91 8.5944374074585e-07 8.905462649602329e-07 8.709225855681979e-07 8.82051002941583e-07 8.382686720741386e-07 0.061112066730909 9.035955886305724e-07 0.48945902314914197 8.522364638165073e-07 0.04837503965943896 0.000372134496186569 0.17424184671718418 8.53624329634721e-07 0.0001069501702899874 0.00012844168592136796 0.00010803182007449129 2.9650828886140896e-05 0.0028292704350694115 7.425213445450087e-06 0.000618609924870669 1.0580416258698677e-06 1.192475305647321e-05 1.5550994072151949e-06 8.826952607355641e-06 2.6173795618705916e-05 0.0031600389816935745 0.0005252865493768055 0.0014345584703026118 9.003206296479732e-07 8.74074292770546e-07
92 8.5944374074585e-07 8.905462649602329e-07 8.709225855681979e-07 8.82051002941583e-07 8.382686720741386e-07 0.061112066730909 9.035955886305724e-07 0.48945902314914197 8.522364638165073e-07 0.04837503965943896 0.000372134496186569 0.17424184671718418 8.53624329634721e-07 0.0001069501702899874 0.00012844168592136796 0.00010803182007449129 2.9650828886140896e-05 0.0028292704350694115 7.425213445450087e-06 0.000618609924870669 1.0580416258698677e-06 1.192475305647321e-05 1.5550994072151949e-06 8.826952607355641e-06 2.6173795618705916e-05 0.0031600389816935745 0.0005252865493768055 0.0014345584703026118 9.003206296479732e-07 8.74074292770546e-07
93 8.5944374074585e-07 8.905462649602329e-07 8.709225855681979e-07 8.82051002941583e-07 8.382686720741386e-07 0.061112066730909 9.035955886305724e-07 0.48945902314914197 8.522364638165073e-07 0.04837503965943896 0.000372134496186569 0.17424184671718418 8.53624329634721e-07 0.0001069501702899874 0.00012844168592136796 0.00010803182007449129 2.9650828886140896e-05 0.0028292704350694115 7.425213445450087e-06 0.000618609924870669 1.0580416258698677e-06 1.192475305647321e-05 1.5550994072151949e-06 8.826952607355641e-06 2.6173795618705916e-05 0.0031600389816935745 0.0005252865493768055 0.0014345584703026118 9.003206296479732e-07 8.74074292770546e-07
94 8.5944374074585e-07 8.905462649602329e-07 8.709225855681979e-07 8.82051002941583e-07 8.382686720741386e-07 0.061112066730909 9.035955886305724e-07 0.48945902314914197 8.522364638165073e-07 0.04837503965943896 0.000372134496186569 0.17424184671718418 8.53624329634721e-07 0.0001069501702899874 0.00012844168592136796 0.00010803182007449129 2.9650828886140896e-05 0.0028292704350694115 7.425213445450087e-06 0.000618609924870669 1.0580416258698677e-06 1.192475305647321e-05 1.5550994072151949e-06 8.826952607355641e-06 2.6173795618705916e-05 0.0031600389816935745 0.0005252865493768055 0.0014345584703026118 9.003206296479732e-07 8.74074292770546e-07
95 8.5944374074585e-07 8.905462649602329e-07 8.709225855681979e-07 8.82051002941583e-07 8.382686720741386e-07 0.061112066730909 9.035955886305724e-07 0.48945902314914197 8.522364638165073e-07 0.04837503965943896 0.000372134496186569 0.17424184671718418 8.53624329634721e-07 0.0001069501702899874 0.00012844168592136796 0.00010803182007449129 2.9650828886140896e-05 0.0028292704350694115 7.425213445450087e-06 0.000618609924870669 1.0580416258698677e-06 1.192475305647321e-05 1.5550994072151949e-06 8.826952607355641e-06 2.6173795618705916e-05 0.0031600389816935745 0.0005252865493768055 0.0014345584703026118 9.003206296479732e-07 8.74074292770546e-07
96 8.5944374074585e-07 8.905462649602329e-07 8.709225855681979e-07 8.82051002941583e-07 8.382686720741386e-07 0.061112066730909 9.035955886305724e-07 0.48945902314914197 8.522364638165073e-07 0.04837503965943896 0.000372134496186569 0.17424184671718418 8.53624329634721e-07 0.0001069501702899874 0.00012844168592136796 0.00010803182007449129 2.9650828886140896e-05 0.0028292704350694115 7.425213445450087e-06 0.000618609924870669 1.0580416258698677e-06 1.192475305647321e-05 1.5550994072151949e-06 8.826952607355641e-06 2.6173795618705916e-05 0.0031600389816935745 0.0005252865493768055 0.0014345584703026118 9.003206296479732e-07 8.74074292770546e-07
97 8.5944374074585e-07 8.905462649602329e-07 8.709225855681979e-07 8.82051002941583e-07 8.382686720741386e-07 0.061112066730909 9.035955886305724e-07 0.48945902314914197 8.522364638165073e-07 0.04837503965943896 0.000372134496186569 0.17424184671718418 8.53624329634721e-07 0.0001069501702899874 0.00012844168592136796 0.00010803182007449129 2.9650828886140896e-05 0.0028292704350694115 7.425213445450087e-06 0.000618609924870669 1.0580416258698677e-06 1.192475305647321e-05 1.5550994072151949e-06 8.826952607355641e-06 2.6173795618705916e-05 0.0031600389816935745 0.0005252865493768055 0.0014345584703026118 9.003206296479732e-07 8.74074292770546e-07
98 8.5944374074585e-07 8.905462649602329e-07 8.709225855681979e-07 8.82051002941583e-07 8.382686720741386e-07 0.061112066730909 9.035955886305724e-07 0.48945902314914197 8.522364638165073e-07 0.04837503965943896 0.000372134496186569 0.17424184671718418 8.53624329634721e-07 0.0001069501702899874 0.00012844168592136796 0.00010803182007449129 2.9650828886140896e-05 0.0028292704350694115 7.425213445450087e-06 0.000618609924870669 1.0580416258698677e-06 1.192475305647321e-05 1.5550994072151949e-06 8.826952607355641e-06 2.6173795618705916e-05 0.0031600389816935745 0.0005252865493768055 0.0014345584703026118 9.003206296479732e-07 8.74074292770546e-07
99 8.5944374074585e-07 8.905462649602329e-07 8.709225855681979e-07 8.82051002941583e-07 8.382686720741386e-07 0.061112066730909 9.035955886305724e-07 0.48945902314914197 8.522364638165073e-07 0.04837503965943896 0.000372134496186569 0.17424184671718418 8.53624329634721e-07 0.0001069501702899874 0.00012844168592136796 0.00010803182007449129 2.9650828886140896e-05 0.0028292704350694115 7.425213445450087e-06 0.000618609924870669 1.0580416258698677e-06 1.192475305647321e-05 1.5550994072151949e-06 8.826952607355641e-06 2.6173795618705916e-05 0.0031600389816935745 0.0005252865493768055 0.0014345584703026118 9.003206296479732e-07 8.74074292770546e-07
100 8.5944374074585e-07 8.905462649602329e-07 8.709225855681979e-07 8.82051002941583e-07 8.382686720741386e-07 0.061112066730909 9.035955886305724e-07 0.48945902314914197 8.522364638165073e-07 0.04837503965943896 0.000372134496186569 0.17424184671718418 8.53624329634721e-07 0.0001069501702899874 0.00012844168592136796 0.00010803182007449129 2.9650828886140896e-05 0.0028292704350694115 7.425213445450087e-06 0.000618609924870669 1.0580416258698677e-06 1.192475305647321e-05 1.5550994072151949e-06 8.826952607355641e-06 2.6173795618705916e-05 0.0031600389816935745 0.0005252865493768055 0.0014345584703026118 9.003206296479732e-07 8.74074292770546e-07
101 8.5944374074585e-07 8.905462649602329e-07 8.709225855681979e-07 8.82051002941583e-07 8.382686720741386e-07 0.061112066730909 9.035955886305724e-07 0.48945902314914197 8.522364638165073e-07 0.04837503965943896 0.000372134496186569 0.17424184671718418 8.53624329634721e-07 0.0001069501702899874 0.00012844168592136796 0.00010803182007449129 2.9650828886140896e-05 0.0028292704350694115 7.425213445450087e-06 0.000618609924870669 1.0580416258698677e-06 1.192475305647321e-05 1.5550994072151949e-06 8.826952607355641e-06 2.6173795618705916e-05 0.0031600389816935745 0.0005252865493768055 0.0014345584703026118 9.003206296479732e-07 8.74074292770546e-07
102 8.5944374074585e-07 8.905462649602329e-07 8.709225855681979e-07 8.82051002941583e-07 8.382686720741386e-07 0.061112066730909 9.035955886305724e-07 0.48945902314914197 8.522364638165073e-07 0.04837503965943896 0.000372134496186569 0.17424184671718418 8.53624329634721e-07 0.0001069501702899874 0.00012844168592136796 0.00010803182007449129 2.9650828886140896e-05 0.0028292704350694115 7.425213445450087e-06 0.000618609924870669 1.0580416258698677e-06 1.192475305647321e-05 1.5550994072151949e-06 8.826952607355641e-06 2.6173795618705916e-05 0.0031600389816935745 0.0005252865493768055 0.0014345584703026118 9.003206296479732e-07 8.74074292770546e-07
103 8.5944374074585e-07 8.905462649602329e-07 8.709225855681979e-07 8.82051002941583e-07 8.382686720741386e-07 0.061112066730909 9.035955886305724e-07 0.48945902314914197 8.522364638165073e-07 0.04837503965943896 0.000372134496186569 0.17424184671718418 8.53624329634721e-07 0.0001069501702899874 0.00012844168592136796 0.00010803182007449129 2.9650828886140896e-05 0.0028292704350694115 7.425213445450087e-06 0.000618609924870669 1.0580416258698677e-06 1.192475305647321e-05 1.5550994072151949e-06 8.826952607355641e-06 2.6173795618705916e-05 0.0031600389816935745 0.0005252865493768055 0.0014345584703026118 9.003206296479732e-07 8.74074292770546e-07
104 8.5944374074585e-07 8.905462649602329e-07 8.709225855681979e-07 8.82051002941583e-07 8.382686720741386e-07 0.061112066730909 9.035955886305724e-07 0.48945902314914197 8.522364638165073e-07 0.04837503965943896 0.000372134496186569 0.17424184671718418 8.53624329634721e-07 0.0001069501702899874 0.00012844168592136796 0.00010803182007449129 2.9650828886140896e-05 0.0028292704350694115 7.425213445450087e-06 0.000618609924870669 1.0580416258698677e-06 1.192475305647321e-05 1.5550994072151949e-06 8.826952607355641e-06 2.6173795618705916e-05 0.0031600389816935745 0.0005252865493768055 0.0014345584703026118 9.003206296479732e-07 8.74074292770546e-07
105 8.5944374074585e-07 8.905462649602329e-07 8.709225855681979e-07 8.82051002941583e-07 8.382686720741386e-07 0.061112066730909 9.035955886305724e-07 0.48945902314914197 8.522364638165073e-07 0.04837503965943896 0.000372134496186569 0.17424184671718418 8.53624329634721e-07 0.0001069501702899874 0.00012844168592136796 0.00010803182007449129 2.9650828886140896e-05 0.0028292704350694115 7.425213445450087e-06 0.000618609924870669 1.0580416258698677e-06 1.192475305647321e-05 1.5550994072151949e-06 8.826952607355641e-06 2.6173795618705916e-05 0.0031600389816935745 0.0005252865493768055 0.0014345584703026118 9.003206296479732e-07 8.74074292770546e-07
106 8.5944374074585e-07 8.905462649602329e-07 8.709225855681979e-07 8.82051002941583e-07 8.382686720741386e-07 0.061112066730909 9.035955886305724e-07 0.48945902314914197 8.522364638165073e-07 0.04837503965943896 0.000372134496186569 0.17424184671718418 8.53624329634721e-07 0.0001069501702899874 0.00012844168592136796 0.00010803182007449129 2.9650828886140896e-05 0.0028292704350694115 7.425213445450087e-06 0.000618609924870669 1.0580416258698677e-06 1.192475305647321e-05 1.5550994072151949e-06 8.826952607355641e-06 2.6173795618705916e-05 0.0031600389816935745 0.0005252865493768055 0.0014345584703026118 9.003206296479732e-07 8.74074292770546e-07
107 8.5944374074585e-07 8.905462649602329e-07 8.709225855681979e-07 8.82051002941583e-07 8.382686720741386e-07 0.061112066730909 9.035955886305724e-07 0.48945902314914197 8.522364638165073e-07 0.04837503965943896 0.000372134496186569 0.17424184671718418 8.53624329634721e-07 0.0001069501702899874 0.00012844168592136796 0.00010803182007449129 2.9650828886140896e-05 0.0028292704350694115 7.425213445450087e-06 0.000618609924870669 1.0580416258698677e-06 1.192475305647321e-05 1.5550994072151949e-06 8.826952607355641e-06 2.6173795618705916e-05 0.0031600389816935745 0.0005252865493768055 0.0014345584703026118 9.003206296479732e-07 8.74074292770546e-07
108 8.5944374074585e-07 8.905462649602329e-07 8.709225855681979e-07 8.82051002941583e-07 8.382686720741386e-07 0.061112066730909 9.035955886305724e-07 0.48945902314914197 8.522364638165073e-07 0.04837503965943896 0.000372134496186569 0.17424184671718418 8.53624329634721e-07 0.0001069501702899874 0.00012844168592136796 0.00010803182007449129 2.9650828886140896e-05 0.0028292704350694115 7.425213445450087e-06 0.000618609924870669 1.0580416258698677e-06 1.192475305647321e-05 1.5550994072151949e-06 8.826952607355641e-06 2.6173795618705916e-05 0.0031600389816935745 0.0005252865493768055 0.0014345584703026118 9.003206296479732e-07 8.74074292770546e-07
