# index Z=1 - Z=30
0 5.975048547493442e-07 0.009886999153979824 5.861170974707744e-07 6.16000832119905e-07 5.851268955191234e-07 1.4149236120061297e-06 6.167364559837692e-07 0.0034160673192635805 6.073481722766014e-07 6.412774027651638e-07 6.241425549231183e-07 6.933589381278228e-05 6.13387590312562e-07 0.01838555129895117 1.6880656617071245e-06 6.553984834664895e-05 7.854537558431188e-07 0.0064674606522229245 8.867400923676786e-07 0.012408430707740007 6.143473672426567e-07 0.00010968212613284028 0.00024295518965660712 1.7139430657013356e-05 0.005179817526171746 0.20831724736827692 0.13434773016489046 0.3341478153410275 5.680579260751974e-07 6.10894084172047e-07
1 5.975048547493442e-07 0.009886999153979824 5.861170974707744e-07 6.16000832119905e-07 5.851268955191234e-07 1.4149236120061297e-06 6.167364559837692e-07 0.0034160673192635805 6.073481722766014e-07 6.412774027651638e-07 6.241425549231183e-07 6.933589381278228e-05 6.13387590312562e-07 0.01838555129895117 1.6880656617071245e-06 6.553984834664895e-05 7.854537558431188e-07 0.0064674606522229245 8.867400923676786e-07 0.012408430707740007 6.143473672426567e-07 0.00010968212613284028 0.00024295518965660712 1.7139430657013356e-05 0.005179817526171746 0.20831724736827692 0.13434773016489046 0.3341478153410275 5.680579260751974e-07 6.10894084172047e-07
2 5.975048547493442e-07 0.009886999153979824 5.861170974707744e-07 6.16000832119905e-07 5.851268955191234e-07 1.4149236120061297e-06 6.167364559837692e-07 0.0034160673192635805 6.073481722766014e-07 6.412774027651638e-07 6.241425549231183e-07 6.933589381278228e-05 6.13387590312562e-07 0.01838555129895117 1.6880656617071245e-06 6.553984834664895e-05 7.854537558431188e-07 0.0064674606522229245 8.867400923676786e-07 0.012408430707740007 6.143473672426567e-07 0.00010968212613284028 0.00024295518965660712 1.7139430657013356e-05 0.005179817526171746 0.20831724736827692 0.13434773016489046 0.3341478153410275 5.680579260751974e-07 6.10894084172047e-07
3 5.975048547493442e-07 0.009886999153979824 5.861170974707744e-07 6.16000832119905e-07 5.851268955191234e-07 1.4149236120061297e-06 6.167364559837692e-07 0.0034160673192635805 6.073481722766014e-07 6.412774027651638e-07 6.241425549231183e-07 6.933589381278228e-05 6.13387590312562e-07 0.01838555129895117 1.6880656617071245e-06 6.553984834664895e-05 7.854537558431188e-07 0.0064674606522229245 8.867400923676786e-07 0.012408430707740007 6.143473672426567e-07 0.00010968212613284028 0.00024295518965660712 1.7139430657013356e-05 0.005179817526171746 0.20831724736827692 0.13434773016489046 0.3341478153410275 5.680579260751974e-07 6.10894084172047e-07
4 5.975048547493442e-07 0.009886999153979824 5.861170974707744e-07 6.16000832119905e-07 5.851268955191234e-07 1.4149236120061297e-06 6.167364559837692e-07 0.0034160673192635805 6.073481722766014e-07 6.412774027651638e-07 6.241425549231183e-07 6.933589381278228e-05 6.13387590312562e-07 0.01838555129895117 1.6880656617071245e-06 6.553984834664895e-05 7.854537558431188e-07 0.0064674606522229245 8.867400923676786e-07 0.012408430707740007 6.143473672426567e-07 0.00010968212613284028 0.00024295518965660712 1.7139430657013356e-05 0.005179817526171746 0.20831724736827692 0.13434773016489046 0.3341478153410275 5.680579260751974e-07 6.10894084172047e-07
5 5.975048547493442e-07 0.009886999153979824 5.861170974707744e-07 6.16000832119905e-07 5.851268955191234e-07 1.4149236120061297e-06 6.167364559837692e-07 0.0034160673192635805 6.073481722766014e-07 6.412774027651638e-07 6.241425549231183e-07 6.933589381278228e-05 6.13387590312562e-07 0.01838555129895117 1.6880656617071245e-06 6.553984834664895e-05 7.854537558431188e-07 0.0064674606522229245 8.867400923676786e-07 0.012408430707740007 6.143473672426567e-07 0.00010968212613284028 0.00024295518965660712 1.7139430657013356e-05 0.005179817526171746 0.20831724736827692 0.13434773016489046 0.3341478153410275 5.680579260751974e-07 6.10894084172047e-07
6 5.975048547493442e-07 0.009886999153979824 5.861170974707744e-07 6.16000832119905e-07 5.851268955191234e-07 1.4149236120061297e-06 6.167364559837692e-07 0.0034160673192635805 6.073481722766014e-07 6.412774027651638e-07 6.241425549231183e-07 6.933589381278228e-05 6.13387590312562e-07 0.01838555129895117 1.6880656617071245e-06 6.553984834664895e-05 7.854537558431188e-07 0.0064674606522229245 8.867400923676786e-07 0.012408430707740007 6.143473672426567e-07 0.00010968212613284028 0.00024295518965660712 1.7139430657013356e-05 0.005179817526171746 0.20831724736827692 0.13434773016489046 0.3341478153410275 5.680579260751974e-07 6.10894084172047e-07
7 5.975048547493442e-07 0.009886999153979824 5.861170974707744e-07 6.16000832119905e-07 5.851268955191234e-07 1.4149236120061297e-06 6.167364559837692e-07 0.0034160673192635805 6.073481722766014e-07 6.412774027651638e-07 6.241425549231183e-07 6.933589381278228e-05 6.13387590312562e-07 0.01838555129895117 1.6880656617071245e-06 6.553984834664895e-05 7.854537558431188e-07 0.0064674606522229245 8.867400923676786e-07 0.012408430707740007 6.143473672426567e-07 0.00010968212613284028 0.00024295518965660712 1.7139430657013356e-05 0.005179817526171746 0.20831724736827692 0.13434773016489046 0.3341478153410275 5.680579260751974e-07 6.10894084172047e-07
8 5.975048547493442e-07 0.009886999153979824 5.861170974707744e-07 6.16000832119905e-07 5.851268955191234e-07 1.4149236120061297e-06 6.167364559837692e-07 0.0034160673192635805 6.073481722766014e-07 6.412774027651638e-07 6.241425549231183e-07 6.933589381278228e-05 6.13387590312562e-07 0.01838555129895117 1.6880656617071245e-06 6.553984834664895e-05 7.854537558431188e-07 0.0064674606522229245 8.867400923676786e-07 0.012408430707740007 6.143473672426567e-07 0.00010968212613284028 0.00024295518965660712 1.7139430657013356e-05 0.005179817526171746 0.20831724736827692 0.13434773016489046 0.3341478153410275 5.680579260751974e-07 6.10894084172047e-07
9 5.975048547493442e-07 0.009886999153979824 5.861170974707744e-07 6.16000832119905e-07 5.851268955191234e-07 1.4149236120061297e-06 6.167364559837692e-07 0.0034160673192635805 6.073481722766014e-07 6.412774027651638e-07 6.241425549231183e-07 6.933589381278228e-05 6.13387590312562e-07 0.01838555129895117 1.6880656617071245e-06 6.553984834664895e-05 7.854537558431188e-07 0.0064674606522229245 8.867400923676786e-07 0.012408430707740007 6.143473672426567e-07 0.00010968212613284028 0.00024295518965660712 1.7139430657013356e-05 0.005179817526171746 0.20831724736827692 0.13434773016489046 0.3341478153410275 5.680579260751974e-07 6.10894084172047e-07
10 5.975048547493442e-07 0.009886999153979824 5.861170974707744e-07 6.16000832119905e-07 5.851268955191234e-07 1.4149236120061297e-06 6.167364559837692e-07 0.0034160673192635805 6.073481722766014e-07 6.412774027651638e-07 6.241425549231183e-07 6.933589381278228e-05 6.13387590312562e-07 0.01838555129895117 1.6880656617071245e-06 6.553984834664895e-05 7.854537558431188e-07 0.0064674606522229245 8.867400923676786e-07 0.012408430707740007 6.143473672426567e-07 0.00010968212613284028 0.00024295518965660712 1.7139430657013356e-05 0.005179817526171746 0.20831724736827692 0.13434773016489046 0.3341478153410275 5.680579260751974e-07 6.10894084172047e-07
11 5.975048547493442e-07 0.009886999153979824 5.861170974707744e-07 6.16000832119905e-07 5.851268955191234e-07 1.4149236120061297e-06 6.167364559837692e-07 0.0034160673192635805 6.073481722766014e-07 6.412774027651638e-07 6.241425549231183e-07 6.933589381278228e-05 6.13387590312562e-07 0.01838555129895117 1.6880656617071245e-06 6.553984834664895e-05 7.854537558431188e-07 0.0064674606522229245 8.867400923676786e-07 0.012408430707740007 6.143473672426567e-07 0.00010968212613284028 0.00024295518965660712 1.7139430657013356e-05 0.005179817526171746 0.20831724736827692 0.13434773016489046 0.3341478153410275 5.680579260751974e-07 6.10894084172047e-07
12 8.572055312928187e-07 0.004161430713384203 8.883977393648653e-07 9.414335947963154e-07 8.916547818954688e-07 1.7211089876459914e-06 8.233329650998236e-07 0.004322716273366899 8.734037219382885e-07 8.475781276443546e-07 8.34725340902866e-07 0.00213792063494618 8.698178773512913e-07 0.05929699228531899 6.4200444139155465e-06 0.0007339828961979349 2.5325791236594857e-06 0.012211200866460298 1.676318937530435e-06 0.02406101367971853 9.233267041647015e-07 0.00013187355644465862 0.0007534636770617902 2.368487993920174e-05 0.03987985272077007 0.36110285853601537 0.3044451527026909 0.0719737347293847 8.389325316001867e-07 8.102524586002188e-07
13 8.572055312928187e-07 0.004161430713384203 8.883977393648653e-07 9.414335947963154e-07 8.916547818954688e-07 1.7211089876459914e-06 8.233329650998236e-07 0.004322716273366899 8.734037219382885e-07 8.475781276443546e-07 8.34725340902866e-07 0.00213792063494618 8.698178773512913e-07 0.05929699228531899 6.4200444139155465e-06 0.0007339828961979349 2.5325791236594857e-06 0.012211200866460298 1.676318937530435e-06 0.02406101367971853 9.233267041647015e-07 0.00013187355644465862 0.0007534636770617902 2.368487993920174e-05 0.03987985272077007 0.36110285853601537 0.3044451527026909 0.0719737347293847 8.389325316001867e-07 8.102524586002188e-07
14 8.572055312928187e-07 0.004161430713384203 8.883977393648653e-07 9.414335947963154e-07 8.916547818954688e-07 1.7211089876459914e-06 8.233329650998236e-07 0.004322716273366899 8.734037219382885e-07 8.475781276443546e-07 8.34725340902866e-07 0.00213792063494618 8.698178773512913e-07 0.05929699228531899 6.4200444139155465e-06 0.0007339828961979349 2.5325791236594857e-06 0.012211200866460298 1.676318937530435e-06 0.02406101367971853 9.233267041647015e-07 0.00013187355644465862 0.0007534636770617902 2.368487993920174e-05 0.03987985272077007 0.36110285853601537 0.3044451527026909 0.0719737347293847 8.389325316001867e-07 8.102524586002188e-07
15 8.572055312928187e-07 0.004161430713384203 8.883977393648653e-07 9.414335947963154e-07 8.916547818954688e-07 1.7211089876459914e-06 8.233329650998236e-07 0.004322716273366899 8.734037219382885e-07 8.475781276443546e-07 8.34725340902866e-07 0.00213792063494618 8.698178773512913e-07 0.05929699228531899 6.4200444139155465e-06 0.0007339828961979349 2.5325791236594857e-06 0.012211200866460298 1.676318937530435e-06 0.02406101367971853 9.233267041647015e-07 0.00013187355644465862 0.0007534636770617902 2.368487993920174e-05 0.03987985272077007 0.36110285853601537 0.3044451527026909 0.0719737347293847 8.389325316001867e-07 8.102524586002188e-07
16 8.572055312928187e-07 0.004161430713384203 8.883977393648653e-07 9.414335947963154e-07 8.916547818954688e-07 1.7211089876459914e-06 8.233329650998236e-07 0.004322716273366899 8.734037219382885e-07 8.475781276443546e-07 8.34725340902866e-07 0.00213792063494618 8.698178773512913e-07 0.05929699228531899 6.4200444139155465e-06 0.0007339828961979349 2.5325791236594857e-06 0.012211200866460298 1.676318937530435e-06 0.02406101367971853 9.233267041647015e-07 0.00013187355644465862 0.0007534636770617902 2.368487993920174e-05 0.03987985272077007 0.36110285853601537 0.3044451527026909 0.0719737347293847 8.389325316001867e-07 8.102524586002188e-07
17 8.572055312928187e-07 0.004161430713384203 8.883977393648653e-07 9.414335947963154e-07 8.916547818954688e-07 1.7211089876459914e-06 8.233329650998236e-07 0.004322716273366899 8.734037219382885e-07 8.475781276443546e-07 8.34725340902866e-07 0.00213792063494618 8.698178773512913e-07 0.05929699228531899 6.4200444139155465e-06 0.0007339828961979349 2.5325791236594857e-06 0.012211200866460298 1.676318937530435e-06 0.02406101367971853 9.233267041647015e-07 0.00013187355644465862 0.0007534636770617902 2.368487993920174e-05 0.03987985272077007 0.36110285853601537 0.3044451527026909 0.0719737347293847 8.389325316001867e-07 8.102524586002188e-07
18 8.572055312928187e-07 0.004161430713384203 8.883977393648653e-07 9.414335947963154e-07 8.916547818954688e-07 1.7211089876459914e-06 8.233329650998236e-07 0.004322716273366899 8.734037219382885e-07 8.475781276443546e-07 8.34725340902866e-07 0.00213792063494618 8.698178773512913e-07 0.05929699228531899 6.4200444139155465e-06 0.0007339828961979349 2.5325791236594857e-06 0.012211200866460298 1.676318937530435e-06 0.02406101367971853 9.233267041647015e-07 0.00013187355644465862 0.0007534636770617902 2.368487993920174e-05 0.03987985272077007 0.36110285853601537 0.3044451527026909 0.0719737347293847 8.389325316001867e-07 8.102524586002188e-07
19 8.572055312928187e-07 0.004161430713384203 8.883977393648653e-07 9.414335947963154e-07 8.916547818954688e-07 1.7211089876459914e-06 8.233329650998236e-07 0.004322716273366899 8.734037219382885e-07 8.475781276443546e-07 8.34725340902866e-07 0.00213792063494618 8.698178773512913e-07 0.05929699228531899 6.4200444139155465e-06 0.0007339828961979349 2.5325791236594857e-06 0.012211200866460298 1.676318937530435e-06 0.02406101367971853 9.233267041647015e-07 0.00013187355644465862 0.0007534636770617902 2.368487993920174e-05 0.03987985272077007 0.36110285853601537 0.3044451527026909 0.0719737347293847 8.389325316001867e-07 8.102524586002188e-07
20 8.572055312928187e-07 0.004161430713384203 8.883977393648653e-07 9.414335947963154e-07 8.916547818954688e-07 1.7211089876459914e-06 8.233329650998236e-07 0.004322716273366899 8.734037219382885e-07 8.475781276443546e-07 8.34725340902866e-07 0.00213792063494618 8.698178773512913e-07 0.05929699228531899 6.4200444139155465e-06 0.0007339828961979349 2.5325791236594857e-06 0.012211200866460298 1.676318937530435e-06 0.02406101367971853 9.233267041647015e-07 0.00013187355644465862 0.0007534636770617902 2.368487993920174e-05 0.03987985272077007 0.36110285853601537 0.3044451527026909 0.0719737347293847 8.389325316001867e-07 8.102524586002188e-07
21 8.572055312928187e-07 0.004161430713384203 8.883977393648653e-07 9.414335947963154e-07 8.916547818954688e-07 1.7211089876459914e-06 8.233329650998236e-07 0.004322716273366899 8.734037219382885e-07 8.475781276443546e-07 8.34725340902866e-07 0.00213792063494618 8.698178773512913e-07 0.05929699228531899 6.4200444139155465e-06 0.0007339828961979349 2.5325791236594857e-06 0.012211200866460298 1.676318937530435e-06 0.02406101367971853 9.233267041647015e-07 0.00013187355644465862 0.0007534636770617902 2.368487993920174e-05 0.03987985272077007 0.36110285853601537 0.3044451527026909 0.0719737347293847 8.389325316001867e-07 8.102524586002188e-07
22 5.797538952162185e-07 6.009801007359821e-07 5.784726738262244e-07 5.818896102807412e-07 5.575777893823119e-07 1.7656257383908797e-06 5.814310677183052e-07 0.0029893458433656846 6.167689600790279e-07 6.280933243412942e-07 5.609027107783443e-07 0.11184689175692901 6.148689984739466e-07 0.5032432919742095 8.4459614264659e-06 0.06923230409352021 1.5810444929436917e-06 0.02956470689067277 1.2521221932087724e-06 0.07202106599375335 5.547614731286944e-07 0.0001030116928407895 0.0004910116266534589 4.524528915622664e-05 0.005603431844880299 0.049182230824135795 0.06915534454435293 0.008838187498009716 5.253508601174709e-07 5.332684340264114e-07
23 5.797538952162185e-07 6.009801007359821e-07 5.784726738262244e-07 5.818896102807412e-07 5.575777893823119e-07 1.7656257383908797e-06 5.814310677183052e-07 0.0029893458433656846 6.167689600790279e-07 6.280933243412942e-07 5.609027107783443e-07 0.11184689175692901 6.148689984739466e-07 0.5032432919742095 8.4459614264659e-06 0.06923230409352021 1.5810444929436917e-06 0.02956470689067277 1.2521221932087724e-06 0.07202106599375335 5.547614731286944e-07 0.0001030116928407895 0.0004910116266534589 4.524528915622664e-05 0.005603431844880299 0.049182230824135795 0.06915534454435293 0.008838187498009716 5.253508601174709e-07 5.332684340264114e-07
24 5.797538952162185e-07 6.009801007359821e-07 5.784726738262244e-07 5.818896102807412e-07 5.575777893823119e-07 1.7656257383908797e-06 5.814310677183052e-07 0.0029893458433656846 6.167689600790279e-07 6.280933243412942e-07 5.609027107783443e-07 0.11184689175692901 6.148689984739466e-07 0.5032432919742095 8.4459614264659e-06 0.06923230409352021 1.5810444929436917e-06 0.02956470689067277 1.2521221932087724e-06 0.07202106599375335 5.547614731286944e-07 0.0001030116928407895 0.0004910116266534589 4.524528915622664e-05 0.005603431844880299 0.049182230824135795 0.06915534454435293 0.008838187498009716 5.253508601174709e-07 5.332684340264114e-07
25 5.797538952162185e-07 6.009801007359821e-07 5.784726738262244e-07 5.818896102807412e-07 5.575777893823119e-07 1.7656257383908797e-06 5.814310677183052e-07 0.0029893458433656846 6.167689600790279e-07 6.280933243412942e-07 5.609027107783443e-07 0.11184689175692901 6.148689984739466e-07 0.5032432919742095 8.4459614264659e-06 0.06923230409352021 1.5810444929436917e-06 0.02956470689067277 1.2521221932087724e-06 0.07202106599375335 5.547614731286944e-07 0.0001030116928407895 0.0004910116266534589 4.524528915622664e-05 0.005603431844880299 0.049182230824135795 0.06915534454435293 0.008838187498009716 5.253508601174709e-07 5.332684340264114e-07
26 5.797538952162185e-07 6.009801007359821e-07 5.784726738262244e-07 5.818896102807412e-07 5.575777893823119e-07 1.7656257383908797e-06 5.814310677183052e-07 0.0029893458433656846 6.167689600790279e-07 6.280933243412942e-07 5.609027107783443e-07 0.11184689175692901 6.148689984739466e-07 0.5032432919742095 8.4459614264659e-06 0.06923230409352021 1.5810444929436917e-06 0.02956470689067277 1.2521221932087724e-06 0.07202106599375335 5.547614731286944e-07 0.0001030116928407895 0.0004910116266534589 4.524528915622664e-05 0.005603431844880299 0.049182230824135795 0.06915534454435293 0.008838187498009716 5.253508601174709e-07 5.332684340264114e-07
27 5.797538952162185e-07 6.009801007359821e-07 5.784726738262244e-07 5.818896102807412e-07 5.575777893823119e-07 1.7656257383908797e-06 5.814310677183052e-07 0.0029893458433656846 6.167689600790279e-07 6.280933243412942e-07 5.609027107783443e-07 0.11184689175692901 6.148689984739466e-07 0.5032432919742095 8.4459614264659e-06 0.06923230409352021 1.5810444929436917e-06 0.02956470689067277 1.2521221932087724e-06 0.07202106599375335 5.547614731286944e-07 0.0001030116928407895 0.0004910116266534589 4.524528915622664e-05 0.005603431844880299 0.049182230824135795 0.06915534454435293 0.008838187498009716 5.253508601174709e-07 5.332684340264114e-07
28 5.797538952162185e-07 6.009801007359821e-07 5.784726738262244e-07 5.818896102807412e-07 5.575777893823119e-07 1.7656257383908797e-06 5.814310677183052e-07 0.0029893458433656846 6.167689600790279e-07 6.280933243412942e-07 5.609027107783443e-07 0.11184689175692901 6.148689984739466e-07 0.5032432919742095 8.4459614264659e-06 0.06923230409352021 1.5810444929436917e-06 0.02956470689067277 1.2521221932087724e-06 0.07202106599375335 5.547614731286944e-07 0.0001030116928407895 0.0004910116266534589 4.524528915622664e-05 0.005603431844880299 0.049182230824135795 0.06915534454435293 0.008838187498009716 5.253508601174709e-07 5.332684340264114e-07
29 5.797538952162185e-07 6.009801007359821e-07 5.784726738262244e-07 5.818896102807412e-07 5.575777893823119e-07 1.7656257383908797e-06 5.814310677183052e-07 0.0029893458433656846 6.167689600790279e-07 6.280933243412942e-07 5.609027107783443e-07 0.11184689175692901 6.148689984739466e-07 0.5032432919742095 8.4459614264659e-06 0.06923230409352021 1.5810444929436917e-06 0.02956470689067277 1.2521221932087724e-06 0.07202106599375335 5.547614731286944e-07 0.0001030116928407895 0.0004910116266534589 4.524528915622664e-05 0.005603431844880299 0.049182230824135795 0.06915534454435293 0.008838187498009716 5.253508601174709e-07 5.332684340264114e-07
30 5.797538952162185e-07 6.009801007359821e-07 5.784726738262244e-07 5.818896102807412e-07 5.575777893823119e-07 1.7656257383908797e-06 5.814310677183052e-07 0.0029893458433656846 6.167689600790279e-07 6.280933243412942e-07 5.609027107783443e-07 0.11184689175692901 6.148689984739466e-07 0.5032432919742095 8.4459614264659e-06 0.06923230409352021 1.5810444929436917e-06 0.02956470689067277 1.2521221932087724e-06 0.07202106599375335 5.547614731286944e-07 0.0001030116928407895 0.0004910116266534589 4.524528915622664e-05 0.005603431844880299 0.049182230824135795 0.06915534454435293 0.008838187498009716 5.253508601174709e-07 5.332684340264114e-07
31 5.797538952162185e-07 6.009801007359821e-07 5.784726738262244e-07 5.818896102807412e-07 5.575777893823119e-07 1.7656257383908797e-06 5.814310677183052e-07 0.0029893458433656846 6.167689600790279e-07 6.280933243412942e-07 5.609027107783443e-07 0.11184689175692901 6.148689984739466e-07 0.5032432919742095 8.4459614264659e-06 0.06923230409352021 1.5810444929436917e-06 0.02956470689067277 1.2521221932087724e-06 0.07202106599375335 5.547614731286944e-07 0.0001030116928407895 0.0004910116266534589 4.524528915622664e-05 0.005603431844880299 0.049182230824135795 0.06915534454435293 0.008838187498009716 5.253508601174709e-07 5.332684340264114e-07
32 1.61660123139744e-07 2.1649305729326925e-07 2.3446503493624507e-07 1.4478885387109902e-07 2.0192433247306958e-07 5.4003140182590875e-06 2.1966536634464392e-07 0.8113219627973581 2.2048353315500388e-07 7.080373556370103e-07 1.8655331670300164e-07 0.01834094272686944 1.7070918515913847e-07 0.07028907481461913 2.1188553197024614e-05 3.851419989444592e-05 1.2361998863837653e-05 0.008443198431518986 1.2376095624770461e-05 0.0020162060431282076 1.707239928928406e-07 1.6261966330851315e-05 1.4267281194472947e-05 2.0769507801094692e-05 0.00016658606877629706 0.005887867379857004 0.011208719910629363 0.0020883039078209826 1.7331657700494513e-07 1.8261225628846342e-07
33 1.61660123139744e-07 2.1649305729326925e-07 2.3446503493624507e-07 1.4478885387109902e-07 2.0192433247306958e-07 5.4003140182590875e-06 2.1966536634464392e-07 0.8113219627973581 2.2048353315500388e-07 7.080373556370103e-07 1.8655331670300164e-07 0.01834094272686944 1.7070918515913847e-07 0.07028907481461913 2.1188553197024614e-05 3.851419989444592e-05 1.2361998863837653e-05 0.008443198431518986 1.2376095624770461e-05 0.0020162060431282076 1.707239928928406e-07 1.6261966330851315e-05 1.4267281194472947e-05 2.0769507801094692e-05 0.00016658606877629706 0.005887867379857004 0.011208719910629363 0.0020883039078209826 1.7331657700494513e-07 1.8261225628846342e-07
34 1.61660123139744e-07 2.1649305729326925e-07 2.3446503493624507e-07 1.4478885387109902e-07 2.0192433247306958e-07 5.4003140182590875e-06 2.1966536634464392e-07 0.8113219627973581 2.2048353315500388e-07 7.080373556370103e-07 1.8655331670300164e-07 0.01834094272686944 1.7070918515913847e-07 0.07028907481461913 2.1188553197024614e-05 3.851419989444592e-05 1.2361998863837653e-05 0.008443198431518986 1.2376095624770461e-05 0.0020162060431282076 1.707239928928406e-07 1.6261966330851315e-05 1.4267281194472947e-05 2.0769507801094692e-05 0.00016658606877629706 0.005887867379857004 0.011208719910629363 0.0020883039078209826 1.7331657700494513e-07 1.8261225628846342e-07
35 1.61660123139744e-07 2.1649305729326925e-07 2.3446503493624507e-07 1.4478885387109902e-07 2.0192433247306958e-07 5.4003140182590875e-06 2.1966536634464392e-07 0.8113219627973581 2.2048353315500388e-07 7.080373556370103e-07 1.8655331670300164e-07 0.01834094272686944 1.7070918515913847e-07 0.07028907481461913 2.1188553197024614e-05 3.851419989444592e-05 1.2361998863837653e-05 0.008443198431518986 1.2376095624770461e-05 0.0020162060431282076 1.707239928928406e-07 1.6261966330851315e-05 1.4267281194472947e-05 2.0769507801094692e-05 0.00016658606877629706 0.005887867379857004 0.011208719910629363 0.0020883039078209826 1.7331657700494513e-07 1.8261225628846342e-07
36 1.61660123139744e-07 2.1649305729326925e-07 2.3446503493624507e-07 1.4478885387109902e-07 2.0192433247306958e-07 5.4003140182590875e-06 2.1966536634464392e-07 0.8113219627973581 2.2048353315500388e-07 7.080373556370103e-07 1.8655331670300164e-07 0.01834094272686944 1.7070918515913847e-07 0.07028907481461913 2.1188553197024614e-05 3.851419989444592e-05 1.2361998863837653e-05 0.008443198431518986 1.2376095624770461e-05 0.0020162060431282076 1.707239928928406e-07 1.6261966330851315e-05 1.4267281194472947e-05 2.0769507801094692e-05 0.00016658606877629706 0.005887867379857004 0.011208719910629363 0.0020883039078209826 1.7331657700494513e-07 1.8261225628846342e-07
37 1.61660123139744e-07 2.1649305729326925e-07 2.3446503493624507e-07 1.4478885387109902e-07 2.0192433247306958e-07 5.4003140182590875e-06 2.1966536634464392e-07 0.8113219627973581 2.2048353315500388e-07 7.080373556370103e-07 1.8655331670300164e-07 0.01834094272686944 1.7070918515913847e-07 0.07028907481461913 2.1188553197024614e-05 3.851419989444592e-05 1.2361998863837653e-05 0.008443198431518986 1.2376095624770461e-05 0.0020162060431282076 1.707239928928406e-07 1.6261966330851315e-05 1.4267281194472947e-05 2.0769507801094692e-05 0.00016658606877629706 0.005887867379857004 0.011208719910629363 0.0020883039078209826 1.7331657700494513e-07 1.8261225628846342e-07
38 1.61660123139744e-07 2.1649305729326925e-07 2.3446503493624507e-07 1.4478885387109902e-07 2.0192433247306958e-07 5.4003140182590875e-06 2.1966536634464392e-07 0.8113219627973581 2.2048353315500388e-07 7.080373556370103e-07 1.8655331670300164e-07 0.01834094272686944 1.7070918515913847e-07 0.07028907481461913 2.1188553197024614e-05 3.851419989444592e-05 1.2361998863837653e-05 0.008443198431518986 1.2376095624770461e-05 0.0020162060431282076 1.707239928928406e-07 1.6261966330851315e-05 1.4267281194472947e-05 2.0769507801094692e-05 0.00016658606877629706 0.005887867379857004 0.011208719910629363 0.0020883039078209826 1.7331657700494513e-07 1.8261225628846342e-07
39 1.61660123139744e-07 2.1649305729326925e-07 2.3446503493624507e-07 1.4478885387109902e-07 2.0192433247306958e-07 5.4003140182590875e-06 2.1966536634464392e-07 0.8113219627973581 2.2048353315500388e-07 7.080373556370103e-07 1.8655331670300164e-07 0.01834094272686944 1.7070918515913847e-07 0.07028907481461913 2.1188553197024614e-05 3.851419989444592e-05 1.2361998863837653e-05 0.008443198431518986 1.2376095624770461e-05 0.0020162060431282076 1.707239928928406e-07 1.6261966330851315e-05 1.4267281194472947e-05 2.0769507801094692e-05 0.00016658606877629706 0.005887867379857004 0.011208719910629363 0.0020883039078209826 1.7331657700494513e-07 1.8261225628846342e-07
40 1.61660123139744e-07 2.1649305729326925e-07 2.3446503493624507e-07 1.4478885387109902e-07 2.0192433247306958e-07 5.4003140182590875e-06 2.1966536634464392e-07 0.8113219627973581 2.2048353315500388e-07 7.080373556370103e-07 1.8655331670300164e-07 0.01834094272686944 1.7070918515913847e-07 0.07028907481461913 2.1188553197024614e-05 3.851419989444592e-05 1.2361998863837653e-05 0.008443198431518986 1.2376095624770461e-05 0.0020162060431282076 1.707239928928406e-07 1.6261966330851315e-05 1.4267281194472947e-05 2.0769507801094692e-05 0.00016658606877629706 0.005887867379857004 0.011208719910629363 0.0020883039078209826 1.7331657700494513e-07 1.8261225628846342e-07
41 1.61660123139744e-07 2.1649305729326925e-07 2.3446503493624507e-07 1.4478885387109902e-07 2.0192433247306958e-07 5.4003140182590875e-06 2.1966536634464392e-07 0.8113219627973581 2.2048353315500388e-07 7.080373556370103e-07 1.8655331670300164e-07 0.01834094272686944 1.7070918515913847e-07 0.07028907481461913 2.1188553197024614e-05 3.851419989444592e-05 1.2361998863837653e-05 0.008443198431518986 1.2376095624770461e-05 0.0020162060431282076 1.707239928928406e-07 1.6261966330851315e-05 1.4267281194472947e-05 2.0769507801094692e-05 0.00016658606877629706 0.005887867379857004 0.011208719910629363 0.0020883039078209826 1.7331657700494513e-07 1.8261225628846342e-07
42 1.61660123139744e-07 2.1649305729326925e-07 2.3446503493624507e-07 1.4478885387109902e-07 2.0192433247306958e-07 5.4003140182590875e-06 2.1966536634464392e-07 0.8113219627973581 2.2048353315500388e-07 7.080373556370103e-07 1.8655331670300164e-07 0.01834094272686944 1.7070918515913847e-07 0.07028907481461913 2.1188553197024614e-05 3.851419989444592e-05 1.2361998863837653e-05 0.008443198431518986 1.2376095624770461e-05 0.0020162060431282076 1.707239928928406e-07 1.6261966330851315e-05 1.4267281194472947e-05 2.0769507801094692e-05 0.00016658606877629706 0.005887867379857004 0.011208719910629363 0.0020883039078209826 1.7331657700494513e-07 1.8261225628846342e-07
43 1.61660123139744e-07 2.1649305729326925e-07 2.3446503493624507e-07 1.4478885387109902e-07 2.0192433247306958e-07 5.4003140182590875e-06 2.1966536634464392e-07 0.8113219627973581 2.2048353315500388e-07 7.080373556370103e-07 1.8655331670300164e-07 0.01834094272686944 1.7070918515913847e-07 0.07028907481461913 2.1188553197024614e-05 3.851419989444592e-05 1.2361998863837653e-05 0.008443198431518986 1.2376095624770461e-05 0.0020162060431282076 1.707239928928406e-07 1.6261966330851315e-05 1.4267281194472947e-05 2.0769507801094692e-05 0.00016658606877629706 0.005887867379857004 0.011208719910629363 0.0020883039078209826 1.7331657700494513e-07 1.8261225628846342e-07
44 1.61660123139744e-07 2.1649305729326925e-07 2.3446503493624507e-07 1.4478885387109902e-07 2.0192433247306958e-07 5.4003140182590875e-06 2.1966536634464392e-07 0.8113219627973581 2.2048353315500388e-07 7.080373556370103e-07 1.8655331670300164e-07 0.01834094272686944 1.7070918515913847e-07 0.07028907481461913 2.1188553197024614e-05 3.851419989444592e-05 1.2361998863837653e-05 0.008443198431518986 1.2376095624770461e-05 0.0020162060431282076 1.707239928928406e-07 1.6261966330851315e-05 1.4267281194472947e-05 2.0769507801094692e-05 0.00016658606877629706 0.005887867379857004 0.011208719910629363 0.0020883039078209826 1.7331657700494513e-07 1.8261225628846342e-07
45 1.0168077902560524e-06 1.000564509755677e-06 1.0586133294922389e-06 1.003170428506325e-06 9.92218462041258e-07 0.08314575809700188 9.975917883471163e-07 0.4947826209721927 9.480514635339823e-07 0.054948009946908634 0.00042668807185269344 0.16076221080034556 1.074819046594811e-06 0.00013130719288874032 0.0001540540399655141 0.0001228811895457226 3.3299050527998e-05 0.003068794464062245 8.163182620797978e-06 0.0006843556370645776 1.2392371674374448e-06 1.4639537070938715e-05 1.8370967246036557e-06 1.0331740931281012e-05 3.0122028848767654e-05 0.0035714221395383647 0.0006931709276888628 0.0021329219432698965 1.0136398913872015e-06 1.0282603290130794e-06
46 1.0168077902560524e-06 1.000564509755677e-06 1.0586133294922389e-06 1.003170428506325e-06 9.92218462041258e-07 0.08314575809700188 9.975917883471163e-07 0.4947826209721927 9.480514635339823e-07 0.054948009946908634 0.00042668807185269344 0.16076221080034556 1.074819046594811e-06 0.00013130719288874032 0.0001540540399655141 0.0001228811895457226 3.3299050527998e-05 0.003068794464062245 8.163182620797978e-06 0.0006843556370645776 1.2392371674374448e-06 1.4639537070938715e-05 1.8370967246036557e-06 1.0331740931281012e-05 3.0122028848767654e-05 0.0035714221395383647 0.0006931709276888628 0.0021329219432698965 1.0136398913872015e-06 1.0282603290130794e-06
47 1.0168077902560524e-06 1.000564509755677e-06 1.0586133294922389e-06 1.003170428506325e-06 9.92218462041258e-07 0.08314575809700188 9.975917883471163e-07 0.4947826209721927 9.480514635339823e-07 0.054948009946908634 0.00042668807185269344 0.16076221080034556 1.074819046594811e-06 0.00013130719288874032 0.0001540540399655141 0.0001228811895457226 3.3299050527998e-05 0.003068794464062245 8.163182620797978e-06 0.0006843556370645776 1.2392371674374448e-06 1.4639537070938715e-05 1.8370967246036557e-06 1.0331740931281012e-05 3.0122028848767654e-05 0.0035714221395383647 0.0006931709276888628 0.0021329219432698965 1.0136398913872015e-06 1.0282603290130794e-06
48 1.0168077902560524e-06 1.000564509755677e-06 1.0586133294922389e-06 1.003170428506325e-06 9.92218462041258e-07 0.08314575809700188 9.975917883471163e-07 0.4947826209721927 9.480514635339823e-07 0.054948009946908634 0.00042668807185269344 0.16076221080034556 1.074819046594811e-06 0.00013130719288874032 0.0001540540399655141 0.0001228811895457226 3.3299050527998e-05 0.003068794464062245 8.163182620797978e-06 0.0006843556370645776 1.2392371674374448e-06 1.4639537070938715e-05 1.8370967246036557e-06 1.0331740931281012e-05 3.0122028848767654e-05 0.0035714221395383647 0.0006931709276888628 0.0021329219432698965 1.0136398913872015e-06 1.0282603290130794e-06
49 1.0168077902560524e-06 1.000564509755677e-06 1.0586133294922389e-06 1.003170428506325e-06 9.92218462041258e-07 0.08314575809700188 9.975917883471163e-07 0.4947826209721927 9.480514635339823e-07 0.054948009946908634 0.00042668807185269344 0.16076221080034556 1.074819046594811e-06 0.00013130719288874032 0.0001540540399655141 0.0001228811895457226 3.3299050527998e-05 0.003068794464062245 8.163182620797978e-06 0.0006843556370645776 1.2392371674374448e-06 1.4639537070938715e-05 1.8370967246036557e-06 1.0331740931281012e-05 3.0122028848767654e-05 0.0035714221395383647 0.0006931709276888628 0.0021329219432698965 1.0136398913872015e-06 1.0282603290130794e-06
50 1.0168077902560524e-06 1.000564509755677e-06 1.0586133294922389e-06 1.003170428506325e-06 9.92218462041258e-07 0.08314575809700188 9.975917883471163e-07 0.4947826209721927 9.480514635339823e-07 0.054948009946908634 0.00042668807185269344 0.16076221080034556 1.074819046594811e-06 0.00013130719288874032 0.0001540540399655141 0.0001228811895457226 3.3299050527998e-05 0.003068794464062245 8.163182620797978e-06 0.0006843556370645776 1.2392371674374448e-06 1.4639537070938715e-05 1.8370967246036557e-06 1.0331740931281012e-05 3.0122028848767654e-05 0.0035714221395383647 0.0006931709276888628 0.0021329219432698965 1.0136398913872015e-06 1.0282603290130794e-06
51 1.0168077902560524e-06 1.000564509755677e-06 1.0586133294922389e-06 1.003170428506325e-06 9.92218462041258e-07 0.08314575809700188 9.975917883471163e-07 0.4947826209721927 9.480514635339823e-07 0.054948009946908634 0.00042668807185269344 0.16076221080034556 1.074819046594811e-06 0.00013130719288874032 0.0001540540399655141 0.0001228811895457226 3.3299050527998e-05 0.003068794464062245 8.163182620797978e-06 0.0006843556370645776 1.2392371674374448e-06 1.4639537070938715e-05 1.8370967246036557e-06 1.0331740931281012e-05 3.0122028848767654e-05 0.0035714221395383647 0.0006931709276888628 0.0021329219432698965 1.0136398913872015e-06 1.0282603290130794e-06
52 1.0168077902560524e-06 1.000564509755677e-06 1.0586133294922389e-06 1.003170428506325e-06 9.92218462041258e-07 0.08314575809700188 9.975917883471163e-07 0.4947826209721927 9.480514635339823e-07 0.054948009946908634 0.00042668807185269344 0.16076221080034556 1.074819046594811e-06 0.00013130719288874032 0.0001540540399655141 0.0001228811895457226 3.3299050527998e-05 0.003068794464062245 8.163182620797978e-06 0.0006843556370645776 1.2392371674374448e-06 1.4639537070938715e-05 1.8370967246036557e-06 1.0331740931281012e-05 3.0122028848767654e-05 0.0035714221395383647 0.0006931709276888628 0.0021329219432698965 1.0136398913872015e-06 1.0282603290130794e-06
53 1.0168077902560524e-06 1.000564509755677e-06 1.0586133294922389e-06 1.003170428506325e-06 9.92218462041258e-07 0.08314575809700188 9.975917883471163e-07 0.4947826209721927 9.480514635339823e-07 0.054948009946908634 0.00042668807185269344 0.16076221080034556 1.074819046594811e-06 0.00013130719288874032 0.0001540540399655141 0.0001228811895457226 3.3299050527998e-05 0.003068794464062245 8.163182620797978e-06 0.0006843556370645776 1.2392371674374448e-06 1.4639537070938715e-05 1.8370967246036557e-06 1.0331740931281012e-05 3.0122028848767654e-05 0.0035714221395383647 0.0006931709276888628 0.0021329219432698965 1.0136398913872015e-06 1.0282603290130794e-06
54 1.0168077902560524e-06 1.000564509755677e-06 1.0586133294922389e-06 1.003170428506325e-06 9.92218462041258e-07 0.08314575809700188 9.975917883471163e-07 0.4947826209721927 9.480514635339823e-07 0.054948009946908634 0.00042668807185269344 0.16076221080034556 1.074819046594811e-06 0.00013130719288874032 0.0001540540399655141 0.0001228811895457226 3.3299050527998e-05 0.003068794464062245 8.163182620797978e-06 0.0006843556370645776 1.2392371674374448e-06 1.4639537070938715e-05 1.8370967246036557e-06 1.0331740931281012e-05 3.0122028848767654e-05 0.0035714221395383647 0.0006931709276888628 0.0021329219432698965 1.0136398913872015e-06 1.0282603290130794e-06
55 1.0168077902560524e-06 1.000564509755677e-06 1.0586133294922389e-06 1.003170428506325e-06 9.92218462041258e-07 0.08314575809700188 9.975917883471163e-07 0.4947826209721927 9.480514635339823e-07 0.054948009946908634 0.00042668807185269344 0.16076221080034556 1.074819046594811e-06 0.00013130719288874032 0.0001540540399655141 0.0001228811895457226 3.3299050527998e-05 0.003068794464062245 8.163182620797978e-06 0.0006843556370645776 1.2392371674374448e-06 1.4639537070938715e-05 1.8370967246036557e-06 1.0331740931281012e-05 3.0122028848767654e-05 0.0035714221395383647 0.0006931709276888628 0.0021329219432698965 1.0136398913872015e-06 1.0282603290130794e-06
56 1.0168077902560524e-06 1.000564509755677e-06 1.0586133294922389e-06 1.003170428506325e-06 9.92218462041258e-07 0.08314575809700188 9.975917883471163e-07 0.4947826209721927 9.480514635339823e-07 0.054948009946908634 0.00042668807185269344 0.16076221080034556 1.074819046594811e-06 0.00013130719288874032 0.0001540540399655141 0.0001228811895457226 3.3299050527998e-05 0.003068794464062245 8.163182620797978e-06 0.0006843556370645776 1.2392371674374448e-06 1.4639537070938715e-05 1.8370967246036557e-06 1.0331740931281012e-05 3.0122028848767654e-05 0.0035714221395383647 0.0006931709276888628 0.0021329219432698965 1.0136398913872015e-06 1.0282603290130794e-06
57 1.0168077902560524e-06 1.000564509755677e-06 1.0586133294922389e-06 1.003170428506325e-06 9.92218462041258e-07 0.08314575809700188 9.975917883471163e-07 0.4947826209721927 9.480514635339823e-07 0.054948009946908634 0.00042668807185269344 0.16076221080034556 1.074819046594811e-06 0.00013130719288874032 0.0001540540399655141 0.0001228811895457226 3.3299050527998e-05 0.003068794464062245 8.163182620797978e-06 0.0006843556370645776 1.2392371674374448e-06 1.4639537070938715e-05 1.8370967246036557e-06 1.0331740931281012e-05 3.0122028848767654e-05 0.0035714221395383647 0.0006931709276888628 0.0021329219432698965 1.0136398913872015e-06 1.0282603290130794e-06
58 1.0168077902560524e-06 1.000564509755677e-06 1.0586133294922389e-06 1.003170428506325e-06 9.92218462041258e-07 0.08314575809700188 9.975917883471163e-07 0.4947826209721927 9.480514635339823e-07 0.054948009946908634 0.00042668807185269344 0.16076221080034556 1.074819046594811e-06 0.00013130719288874032 0.0001540540399655141 0.0001228811895457226 3.3299050527998e-05 0.003068794464062245 8.163182620797978e-06 0.0006843556370645776 1.2392371674374448e-06 1.4639537070938715e-05 1.8370967246036557e-06 1.0331740931281012e-05 3.0122028848767654e-05 0.0035714221395383647 0.0006931709276888628 0.0021329219432698965 1.0136398913872015e-06 1.0282603290130794e-06
59 1.0168077902560524e-06 1.000564509755677e-06 1.0586133294922389e-06 1.003170428506325e-06 9.92218462041258e-07 0.08314575809700188 9.975917883471163e-07 0.4947826209721927 9.480514635339823e-07 0.054948009946908634 0.00042668807185269344 0.16076221080034556 1.074819046594811e-06 0.00013130719288874032 0.0001540540399655141 0.0001228811895457226 3.3299050527998e-05 0.003068794464062245 8.163182620797978e-06 0.0006843556370645776 1.2392371674374448e-06 1.4639537070938715e-05 1.8370967246036557e-06 1.0331740931281012e-05 3.0122028848767654e-05 0.0035714221395383647 0.0006931709276888628 0.0021329219432698965 1.0136398913872015e-06 1.0282603290130794e-06
60 1.0168077902560524e-06 1.000564509755677e-06 1.0586133294922389e-06 1.003170428506325e-06 9.92218462041258e-07 0.08314575809700188 9.975917883471163e-07 0.4947826209721927 9.480514635339823e-07 0.054948009946908634 0.00042668807185269344 0.16076221080034556 1.074819046594811e-06 0.00013130719288874032 0.0001540540399655141 0.0001228811895457226 3.3299050527998e-05 0.003068794464062245 8.163182620797978e-06 0.0006843556370645776 1.2392371674374448e-06 1.4639537070938715e-05 1.8370967246036557e-06 1.0331740931281012e-05 3.0122028848767654e-05 0.0035714221395383647 0.0006931709276888628 0.0021329219432698965 1.0136398913872015e-06 1.0282603290130794e-06
61 1.0168077902560524e-06 1.000564509755677e-06 1.0586133294922389e-06 1.003170428506325e-06 9.92218462041258e-07 0.08314575809700188 9.975917883471163e-07 0.4947826209721927 9.480514635339823e-07 0.054948009946908634 0.00042668807185269344 0.16076221080034556 1.074819046594811e-06 0.00013130719288874032 0.0001540540399655141 0.0001228811895457226 3.3299050527998e-05 0.003068794464062245 8.163182620797978e-06 0.0006843556370645776 1.2392371674374448e-06 1.4639537070938715e-05 1.8370967246036557e-06 1.0331740931281012e-05 3.0122028848767654e-05 0.0035714221395383647 0.0006931709276888628 0.0021329219432698965 1.0136398913872015e-06 1.0282603290130794e-06
62 1.0168077902560524e-06 1.000564509755677e-06 1.0586133294922389e-06 1.003170428506325e-06 9.92218462041258e-07 0.08314575809700188 9.975917883471163e-07 0.4947826209721927 9.480514635339823e-07 0.054948009946908634 0.00042668807185269344 0.16076221080034556 1.074819046594811e-06 0.00013130719288874032 0.0001540540399655141 0.0001228811895457226 3.3299050527998e-05 0.003068794464062245 8.163182620797978e-06 0.0006843556370645776 1.2392371674374448e-06 1.4639537070938715e-05 1.8370967246036557e-06 1.0331740931281012e-05 3.0122028848767654e-05 0.0035714221395383647 0.0006931709276888628 0.0021329219432698965 1.0136398913872015e-06 1.0282603290130794e-06
63 1.0168077902560524e-06 1.000564509755677e-06 1.0586133294922389e-06 1.003170428506325e-06 9.92218462041258e-07 0.08314575809700188 9.975917883471163e-07 0.4947826209721927 9.480514635339823e-07 0.054948009946908634 0.00042668807185269344 0.16076221080034556 1.074819046594811e-06 0.00013130719288874032 0.0001540540399655141 0.0001228811895457226 3.3299050527998e-05 0.003068794464062245 8.163182620797978e-06 0.0006843556370645776 1.2392371674374448e-06 1.4639537070938715e-05 1.8370967246036557e-06 1.0331740931281012e-05 3.0122028848767654e-05 0.0035714221395383647 0.0006931709276888628 0.0021329219432698965 1.0136398913872015e-06 1.0282603290130794e-06
64 1.0168077902560524e-06 1.000564509755677e-06 1.0586133294922389e-06 1.003170428506325e-06 9.92218462041258e-07 0.08314575809700188 9.975917883471163e-07 0.4947826209721927 9.480514635339823e-07 0.054948009946908634 0.00042668807185269344 0.16076221080034556 1.074819046594811e-06 0.00013130719288874032 0.0001540540399655141 0.0001228811895457226 3.3299050527998e-05 0.003068794464062245 8.163182620797978e-06 0.0006843556370645776 1.2392371674374448e-06 1.4639537070938715e-05 1.8370967246036557e-06 1.0331740931281012e-05 3.0122028848767654e-05 0.0035714221395383647 0.0006931709276888628 0.0021329219432698965 1.0136398913872015e-06 1.0282603290130794e-06
65 1.0168077902560524e-06 1.000564509755677e-06 1.0586133294922389e-06 1.003170428506325e-06 9.92218462041258e-07 0.08314575809700188 9.975917883471163e-07 0.4947826209721927 9.480514635339823e-07 0.054948009946908634 0.00042668807185269344 0.16076221080034556 1.074819046594811e-06 0.00013130719288874032 0.0001540540399655141 0.0001228811895457226 3.3299050527998e-05 0.003068794464062245 8.163182620797978e-06 0.0006843556370645776 1.2392371674374448e-06 1.4639537070938715e-05 1.8370967246036557e-06 1.0331740931281012e-05 3.0122028848767654e-05 0.0035714221395383647 0.0006931709276888628 0.0021329219432698965 1.0136398913872015e-06 1.0282603290130794e-06
66 1.0168077902560524e-06 1.000564509755677e-06 1.0586133294922389e-06 1.003170428506325e-06 9.92218462041258e-07 0.08314575809700188 9.975917883471163e-07 0.4947826209721927 9.480514635339823e-07 0.054948009946908634 0.00042668807185269344 0.16076221080034556 1.074819046594811e-06 0.00013130719288874032 0.0001540540399655141 0.0001228811895457226 3.3299050527998e-05 0.003068794464062245 8.163182620797978e-06 0.0006843556370645776 1.2392371674374448e-06 1.4639537070938715e-05 1.8370967246036557e-06 1.0331740931281012e-05 3.0122028848767654e-05 0.0035714221395383647 0.0006931709276888628 0.0021329219432698965 1.0136398913872015e-06 1.0282603290130794e-06
67 1.0168077902560524e-06 1.000564509755677e-06 1.0586133294922389e-06 1.003170428506325e-06 9.92218462041258e-07 0.08314575809700188 9.975917883471163e-07 0.4947826209721927 9.480514635339823e-07 0.054948009946908634 0.00042668807185269344 0.16076221080034556 1.074819046594811e-06 0.00013130719288874032 0.0001540540399655141 0.0001228811895457226 3.3299050527998e-05 0.003068794464062245 8.163182620797978e-06 0.0006843556370645776 1.2392371674374448e-06 1.4639537070938715e-05 1.8370967246036557e-06 1.0331740931281012e-05 3.0122028848767654e-05 0.0035714221395383647 0.0006931709276888628 0.0021329219432698965 1.0136398913872015e-06 1.0282603290130794e-06
68 9.313509243130355e-07 9.232445921169075e-07 9.177606946683718e-07 9.559630219291916e-07 9.55152019635314e-07 0.06839608934931257 9.688309771086747e-07 0.4544390573551534 9.224340010406624e-07 0.049201485603063325 0.0003964528093568875 0.19147373146444008 9.066405329964812e-07 0.00011430611584380976 0.00013907506554744505 0.00011822259841778292 3.188467545104108e-05 0.0029881595719705913 7.741343824379311e-06 0.0007737311780697409 1.099738247503108e-06 1.3332681581471029e-05 1.6370204610185563e-06 9.563283550858925e-06 2.7777805290460378e-05 0.003320582285744838 0.0005790385414950203 0.0015674192799496399 9.600157254420666e-07 9.791516763251079e-07
69 9.313509243130355e-07 9.232445921169075e-07 9.177606946683718e-07 9.559630219291916e-07 9.55152019635314e-07 0.06839608934931257 9.688309771086747e-07 0.4544390573551534 9.224340010406624e-07 0.049201485603063325 0.0003964528093568875 0.19147373146444008 9.066405329964812e-07 0.00011430611584380976 0.00013907506554744505 0.00011822259841778292 3.188467545104108e-05 0.0029881595719705913 7.741343824379311e-06 0.0007737311780697409 1.099738247503108e-06 1.3332681581471029e-05 1.6370204610185563e-06 9.563283550858925e-06 2.7777805290460378e-05 0.003320582285744838 0.0005790385414950203 0.0015674192799496399 9.600157254420666e-07 9.791516763251079e-07
70 9.313509243130355e-07 9.232445921169075e-07 9.177606946683718e-07 9.559630219291916e-07 9.55152019635314e-07 0.06839608934931257 9.688309771086747e-07 0.4544390573551534 9.224340010406624e-07 0.049201485603063325 0.0003964528093568875 0.19147373146444008 9.066405329964812e-07 0.00011430611584380976 0.00013907506554744505 0.00011822259841778292 3.188467545104108e-05 0.0029881595719705913 7.741343824379311e-06 0.0007737311780697409 1.099738247503108e-06 1.3332681581471029e-05 1.6370204610185563e-06 9.563283550858925e-06 2.7777805290460378e-05 0.003320582285744838 0.0005790385414950203 0.0015674192799496399 9.600157254420666e-07 9.791516763251079e-07
71 9.313509243130355e-07 9.232445921169075e-07 9.177606946683718e-07 9.559630219291916e-07 9.55152019635314e-07 0.06839608934931257 9.688309771086747e-07 0.4544390573551534 9.224340010406624e-07 0.049201485603063325 0.0003964528093568875 0.19147373146444008 9.066405329964812e-07 0.00011430611584380976 0.00013907506554744505 0.00011822259841778292 3.188467545104108e-05 0.0029881595719705913 7.741343824379311e-06 0.0007737311780697409 1.099738247503108e-06 1.3332681581471029e-05 1.6370204610185563e-06 9.563283550858925e-06 2.7777805290460378e-05 0.003320582285744838 0.0005790385414950203 0.0015674192799496399 9.600157254420666e-07 9.791516763251079e-07
72 9.313509243130355e-07 9.232445921169075e-07 9.177606946683718e-07 9.559630219291916e-07 9.55152019635314e-07 0.06839608934931257 9.688309771086747e-07 0.4544390573551534 9.224340010406624e-07 0.049201485603063325 0.0003964528093568875 0.19147373146444008 9.066405329964812e-07 0.00011430611584380976 0.00013907506554744505 0.00011822259841778292 3.188467545104108e-05 0.0029881595719705913 7.741343824379311e-06 0.0007737311780697409 1.099738247503108e-06 1.3332681581471029e-05 1.6370204610185563e-06 9.563283550858925e-06 2.7777805290460378e-05 0.003320582285744838 0.0005790385414950203 0.0015674192799496399 9.600157254420666e-07 9.791516763251079e-07
73 9.313509243130355e-07 9.232445921169075e-07 9.177606946683718e-07 9.559630219291916e-07 9.55152019635314e-07 0.06839608934931257 9.688309771086747e-07 0.4544390573551534 9.224340010406624e-07 0.049201485603063325 0.0003964528093568875 0.19147373146444008 9.066405329964812e-07 0.00011430611584380976 0.00013907506554744505 0.00011822259841778292 3.188467545104108e-05 0.0029881595719705913 7.741343824379311e-06 0.0007737311780697409 1.099738247503108e-06 1.3332681581471029e-05 1.6370204610185563e-06 9.563283550858925e-06 2.7777805290460378e-05 0.003320582285744838 0.0005790385414950203 0.0015674192799496399 9.600157254420666e-07 9.791516763251079e-07
74 9.313509243130355e-07 9.232445921169075e-07 9.177606946683718e-07 9.559630219291916e-07 9.55152019635314e-07 0.06839608934931257 9.688309771086747e-07 0.4544390573551534 9.224340010406624e-07 0.049201485603063325 0.0003964528093568875 0.19147373146444008 9.066405329964812e-07 0.00011430611584380976 0.00013907506554744505 0.00011822259841778292 3.188467545104108e-05 0.0029881595719705913 7.741343824379311e-06 0.0007737311780697409 1.099738247503108e-06 1.3332681581471029e-05 1.6370204610185563e-06 9.563283550858925e-06 2.7777805290460378e-05 0.003320582285744838 0.0005790385414950203 0.0015674192799496399 9.600157254420666e-07 9.791516763251079e-07
75 9.313509243130355e-07 9.232445921169075e-07 9.177606946683718e-07 9.559630219291916e-07 9.55152019635314e-07 0.06839608934931257 9.688309771086747e-07 0.4544390573551534 9.224340010406624e-07 0.049201485603063325 0.0003964528093568875 0.19147373146444008 9.066405329964812e-07 0.00011430611584380976 0.00013907506554744505 0.00011822259841778292 3.188467545104108e-05 0.0029881595719705913 7.741343824379311e-06 0.0007737311780697409 1.099738247503108e-06 1.3332681581471029e-05 1.6370204610185563e-06 9.563283550858925e-06 2.7777805290460378e-05 0.003320582285744838 0.0005790385414950203 0.0015674192799496399 9.600157254420666e-07 9.791516763251079e-07
76 9.313509243130355e-07 9.232445921169075e-07 9.177606946683718e-07 9.559630219291916e-07 9.55152019635314e-07 0.06839608934931257 9.688309771086747e-07 0.4544390573551534 9.224340010406624e-07 0.049201485603063325 0.0003964528093568875 0.19147373146444008 9.066405329964812e-07 0.00011430611584380976 0.00013907506554744505 0.00011822259841778292 3.188467545104108e-05 0.0029881595719705913 7.741343824379311e-06 0.0007737311780697409 1.099738247503108e-06 1.3332681581471029e-05 1.6370204610185563e-06 9.563283550858925e-06 2.7777805290460378e-05 0.003320582285744838 0.0005790385414950203 0.0015674192799496399 9.600157254420666e-07 9.791516763251079e-07
77 9.313509243130355e-07 9.232445921169075e-07 9.177606946683718e-07 9.559630219291916e-07 9.55152019635314e-07 0.06839608934931257 9.688309771086747e-07 0.4544390573551534 9.224340010406624e-07 0.049201485603063325 0.0003964528093568875 0.19147373146444008 9.066405329964812e-07 0.00011430611584380976 0.00013907506554744505 0.00011822259841778292 3.188467545104108e-05 0.0029881595719705913 7.741343824379311e-06 0.0007737311780697409 1.099738247503108e-06 1.3332681581471029e-05 1.6370204610185563e-06 9.563283550858925e-06 2.7777805290460378e-05 0.003320582285744838 0.0005790385414950203 0.0015674192799496399 9.600157254420666e-07 9.791516763251079e-07
78 9.313509243130355e-07 9.232445921169075e-07 9.177606946683718e-07 9.559630219291916e-07 9.55152019635314e-07 0.06839608934931257 9.688309771086747e-07 0.4544390573551534 9.224340010406624e-07 0.049201485603063325 0.0003964528093568875 0.19147373146444008 9.066405329964812e-07 0.00011430611584380976 0.00013907506554744505 0.00011822259841778292 3.188467545104108e-05 0.0029881595719705913 7.741343824379311e-06 0.0007737311780697409 1.099738247503108e-06 1.3332681581471029e-05 1.6370204610185563e-06 9.563283550858925e-06 2.7777805290460378e-05 0.003320582285744838 0.0005790385414950203 0.0015674192799496399 9.600157254420666e-07 9.791516763251079e-07
79 9.313509243130355e-07 9.232445921169075e-07 9.177606946683718e-07 9.559630219291916e-07 9.55152019635314e-07 0.06839608934931257 9.688309771086747e-07 0.4544390573551534 9.224340010406624e-07 0.049201485603063325 0.0003964528093568875 0.19147373146444008 9.066405329964812e-07 0.00011430611584380976 0.00013907506554744505 0.00011822259841778292 3.188467545104108e-05 0.0029881595719705913 7.741343824379311e-06 0.0007737311780697409 1.099738247503108e-06 1.3332681581471029e-05 1.6370204610185563e-06 9.563283550858925e-06 2.7777805290460378e-05 0.003320582285744838 0.0005790385414950203 0.0015674192799496399 9.600157254420666e-07 9.791516763251079e-07
80 9.313509243130355e-07 9.232445921169075e-07 9.177606946683718e-07 9.559630219291916e-07 9.55152019635314e-07 0.06839608934931257 9.688309771086747e-07 0.4544390573551534 9.224340010406624e-07 0.049201485603063325 0.0003964528093568875 0.19147373146444008 9.066405329964812e-07 0.00011430611584380976 0.00013907506554744505 0.00011822259841778292 3.188467545104108e-05 0.0029881595719705913 7.741343824379311e-06 0.0007737311780697409 1.099738247503108e-06 1.3332681581471029e-05 1.6370204610185563e-06 9.563283550858925e-06 2.7777805290460378e-05 0.003320582285744838 0.0005790385414950203 0.0015674192799496399 9.600157254420666e-07 9.791516763251079e-07
81 9.313509243130355e-07 9.232445921169075e-07 9.177606946683718e-07 9.559630219291916e-07 9.55152019635314e-07 0.06839608934931257 9.688309771086747e-07 0.4544390573551534 9.224340010406624e-07 0.049201485603063325 0.0003964528093568875 0.19147373146444008 9.066405329964812e-07 0.00011430611584380976 0.00013907506554744505 0.00011822259841778292 3.188467545104108e-05 0.0029881595719705913 7.741343824379311e-06 0.0007737311780697409 1.099738247503108e-06 1.3332681581471029e-05 1.6370204610185563e-06 9.563283550858925e-06 2.7777805290460378e-05 0.003320582285744838 0.0005790385414950203 0.0015674192799496399 9.600157254420666e-07 9.791516763251079e-07
82 9.313509243130355e-07 9.232445921169075e-07 9.177606946683718e-07 9.559630219291916e-07 9.55152019635314e-07 0.06839608934931257 9.688309771086747e-07 0.4544390573551534 9.224340010406624e-07 0.049201485603063325 0.0003964528093568875 0.19147373146444008 9.066405329964812e-07 0.00011430611584380976 0.00013907506554744505 0.00011822259841778292 3.188467545104108e-05 0.0029881595719705913 7.741343824379311e-06 0.0007737311780697409 1.099738247503108e-06 1.3332681581471029e-05 1.6370204610185563e-06 9.563283550858925e-06 2.7777805290460378e-05 0.003320582285744838 0.0005790385414950203 0.0015674192799496399 9.600157254420666e-07 9.791516763251079e-07
83 9.313509243130355e-07 9.232445921169075e-07 9.177606946683718e-07 9.559630219291916e-07 9.55152019635314e-07 0.06839608934931257 9.688309771086747e-07 0.4544390573551534 9.224340010406624e-07 0.049201485603063325 0.0003964528093568875 0.19147373146444008 9.066405329964812e-07 0.00011430611584380976 0.00013907506554744505 0.00011822259841778292 3.188467545104108e-05 0.0029881595719705913 7.741343824379311e-06 0.0007737311780697409 1.099738247503108e-06 1.3332681581471029e-05 1.6370204610185563e-06 9.563283550858925e-06 2.7777805290460378e-05 0.003320582285744838 0.0005790385414950203 0.0015674192799496399 9.600157254420666e-07 9.791516763251079e-07
84 9.313509243130355e-07 9.232445921169075e-07 9.177606946683718e-07 9.559630219291916e-07 9.55152019635314e-07 0.06839608934931257 9.688309771086747e-07 0.4544390573551534 9.224340010406624e-07 0.049201485603063325 0.0003964528093568875 0.19147373146444008 9.066405329964812e-07 0.00011430611584380976 0.00013907506554744505 0.00011822259841778292 3.188467545104108e-05 0.0029881595719705913 7.741343824379311e-06 0.0007737311780697409 1.099738247503108e-06 1.3332681581471029e-05 1.6370204610185563e-06 9.563283550858925e-06 2.7777805290460378e-05 0.003320582285744838 0.0005790385414950203 0.0015674192799496399 9.600157254420666e-07 9.791516763251079e-07
85 9.313509243130355e-07 9.232445921169075e-07 9.177606946683718e-07 9.559630219291916e-07 9.55152019635314e-07 0.06839608934931257 9.688309771086747e-07 0.4544390573551534 9.224340010406624e-07 0.049201485603063325 0.0003964528093568875 0.19147373146444008 9.066405329964812e-07 0.00011430611584380976 0.00013907506554744505 0.00011822259841778292 3.188467545104108e-05 0.0029881595719705913 7.741343824379311e-06 0.0007737311780697409 1.099738247503108e-06 1.3332681581471029e-05 1.6370204610185563e-06 9.563283550858925e-06 2.7777805290460378e-05 0.003320582285744838 0.0005790385414950203 0.0015674192799496399 9.600157254420666e-07 9.791516763251079e-07
86 9.313509243130355e-07 9.232445921169075e-07 9.177606946683718e-07 9.559630219291916e-07 9.55152019635314e-07 0.06839608934931257 9.688309771086747e-07 0.4544390573551534 9.224340010406624e-07 0.049201485603063325 0.0003964528093568875 0.19147373146444008 9.066405329964812e-07 0.00011430611584380976 0.00013907506554744505 0.00011822259841778292 3.188467545104108e-05 0.0029881595719705913 7.741343824379311e-06 0.0007737311780697409 1.099738247503108e-06 1.3332681581471029e-05 1.6370204610185563e-06 9.563283550858925e-06 2.7777805290460378e-05 0.003320582285744838 0.0005790385414950203 0.0015674192799496399 9.600157254420666e-07 9.791516763251079e-07
87 9.313509243130355e-07 9.232445921169075e-07 9.177606946683718e-07 9.559630219291916e-07 9.55152019635314e-07 0.06839608934931257 9.688309771086747e-07 0.4544390573551534 9.224340010406624e-07 0.049201485603063325 0.0003964528093568875 0.19147373146444008 9.066405329964812e-07 0.00011430611584380976 0.00013907506554744505 0.00011822259841778292 3.188467545104108e-05 0.0029881595719705913 7.741343824379311e-06 0.0007737311780697409 1.099738247503108e-06 1.3332681581471029e-05 1.6370204610185563e-06 9.563283550858925e-06 2.7777805290460378e-05 0.003320582285744838 0.0005790385414950203 0.0015674192799496399 9.600157254420666e-07 9.791516763251079e-07
88 9.313509243130355e-07 9.232445921169075e-07 9.177606946683718e-07 9.559630219291916e-07 9.55152019635314e-07 0.06839608934931257 9.688309771086747e-07 0.4544390573551534 9.224340010406624e-07 0.049201485603063325 0.0003964528093568875 0.19147373146444008 9.066405329964812e-07 0.00011430611584380976 0.00013907506554744505 0.00011822259841778292 3.188467545104108e-05 0.0029881595719705913 7.741343824379311e-06 0.0007737311780697409 1.099738247503108e-06 1.3332681581471029e-05 1.6370204610185563e-06 9.563283550858925e-06 2.7777805290460378e-05 0.003320582285744838 0.0005790385414950203 0.0015674192799496399 9.600157254420666e-07 9.791516763251079e-07
89 9.313509243130355e-07 9.232445921169075e-07 9.177606946683718e-07 9.559630219291916e-07 9.55152019635314e-07 0.06839608934931257 9.688309771086747e-07 0.4544390573551534 9.224340010406624e-07 0.049201485603063325 0.0003964528093568875 0.19147373146444008 9.066405329964812e-07 0.00011430611584380976 0.00013907506554744505 0.00011822259841778292 3.188467545104108e-05 0.0029881595719705913 7.741343824379311e-06 0.0007737311780697409 1.099738247503108e-06 1.3332681581471029e-05 1.6370204610185563e-06 9.563283550858925e-06 2.7777805290460378e-05 0.003320582285744838 0.0005790385414950203 0.0015674192799496399 9.600157254420666e-07 9.791516763251079e-07
90 9.313509243130355e-07 9.232445921169075e-07 9.177606946683718e-07 9.559630219291916e-07 9.55152019635314e-07 0.06839608934931257 9.688309771086747e-07 0.4544390573551534 9.224340010406624e-07 0.049201485603063325 0.0003964528093568875 0.19147373146444008 9.066405329964812e-07 0.00011430611584380976 0.00013907506554744505 0.00011822259841778292 3.188467545104108e-05 0.0029881595719705913 7.741343824379311e-06 0.0007737311780697409 1.099738247503108e-06 1.3332681581471029e-05 1.6370204610185563e-06 9.563283550858925e-06 2.7777805290460378e-05 0.003320582285744838 0.0005790385414950203 0.0015674192799496399 9.600157254420666e-07 9.791516763251079e-07
91 9.313509243130355e-07 9.232445921169075e-07 9.177606946683718e-07 9.559630219291916e-07 9.55152019635314e-07 0.06839608934931257 9.688309771086747e-07 0.4544390573551534 9.224340010406624e-07 0.049201485603063325 0.0003964528093568875 0.19147373146444008 9.066405329964812e-07 0.00011430611584380976 0.00013907506554744505 0.00011822259841778292 3.188467545104108e-05 0.0029881595719705913 7.741343824379311e-06 0.0007737311780697409 1.099738247503108e-06 1.3332681581471029e-05 1.6370204610185563e-06 9.563283550858925e-06 2.7777805290460378e-05 0.003320582285744838 0.0005790385414950203 0.0015674192799496399 9.600157254420666e-07 9.791516763251079e-07
92 9.313509243130355e-07 9.232445921169075e-07 9.177606946683718e-07 9.559630219291916e-07 9.55152019635314e-07 0.06839608934931257 9.688309771086747e-07 0.4544390573551534 9.224340010406624e-07 0.049201485603063325 0.0003964528093568875 0.19147373146444008 9.066405329964812e-07 0.00011430611584380976 0.00013907506554744505 0.00011822259841778292 3.188467545104108e-05 0.0029881595719705913 7.741343824379311e-06 0.0007737311780697409 1.099738247503108e-06 1.3332681581471029e-05 1.6370204610185563e-06 9.563283550858925e-06 2.7777805290460378e-05 0.003320582285744838 0.0005790385414950203 0.0015674192799496399 9.600157254420666e-07 9.791516763251079e-07
93 9.313509243130355e-07 9.232445921169075e-07 9.177606946683718e-07 9.559630219291916e-07 9.55152019635314e-07 0.06839608934931257 9.688309771086747e-07 0.4544390573551534 9.224340010406624e-07 0.049201485603063325 0.0003964528093568875 0.19147373146444008 9.066405329964812e-07 0.00011430611584380976 0.00013907506554744505 0.00011822259841778292 3.188467545104108e-05 0.0029881595719705913 7.741343824379311e-06 0.0007737311780697409 1.099738247503108e-06 1.3332681581471029e-05 1.6370204610185563e-06 9.563283550858925e-06 2.7777805290460378e-05 0.003320582285744838 0.0005790385414950203 0.0015674192799496399 9.600157254420666e-07 9.791516763251079e-07
94 9.313509243130355e-07 9.232445921169075e-07 9.177606946683718e-07 9.559630219291916e-07 9.55152019635314e-07 0.06839608934931257 9.688309771086747e-07 0.4544390573551534 9.224340010406624e-07 0.049201485603063325 0.0003964528093568875 0.19147373146444008 9.066405329964812e-07 0.00011430611584380976 0.00013907506554744505 0.00011822259841778292 3.188467545104108e-05 0.0029881595719705913 7.741343824379311e-06 0.0007737311780697409 1.099738247503108e-06 1.3332681581471029e-05 1.6370204610185563e-06 9.563283550858925e-06 2.7777805290460378e-05 0.003320582285744838 0.0005790385414950203 0.0015674192799496399 9.600157254420666e-07 9.791516763251079e-07
95 9.313509243130355e-07 9.232445921169075e-07 9.177606946683718e-07 9.559630219291916e-07 9.55152019635314e-07 0.06839608934931257 9.688309771086747e-07 0.4544390573551534 9.224340010406624e-07 0.049201485603063325 0.0003964528093568875 0.19147373146444008 9.066405329964812e-07 0.00011430611584380976 0.00013907506554744505 0.00011822259841778292 3.188467545104108e-05 0.0029881595719705913 7.741343824379311e-06 0.0007737311780697409 1.099738247503108e-06 1.3332681581471029e-05 1.6370204610185563e-06 9.563283550858925e-06 2.7777805290460378e-05 0.003320582285744838 0.0005790385414950203 0.0015674192799496399 9.600157254420666e-07 9.791516763251079e-07
96 9.313509243130355e-07 9.232445921169075e-07 9.177606946683718e-07 9.559630219291916e-07 9.55152019635314e-07 0.06839608934931257 9.688309771086747e-07 0.4544390573551534 9.224340010406624e-07 0.049201485603063325 0.0003964528093568875 0.19147373146444008 9.066405329964812e-07 0.00011430611584380976 0.00013907506554744505 0.00011822259841778292 3.188467545104108e-05 0.0029881595719705913 7.741343824379311e-06 0.0007737311780697409 1.099738247503108e-06 1.3332681581471029e-05 1.6370204610185563e-06 9.563283550858925e-06 2.7777805290460378e-05 0.003320582285744838 0.0005790385414950203 0.0015674192799496399 9.600157254420666e-07 9.791516763251079e-07
97 9.313509243130355e-07 9.232445921169075e-07 9.177606946683718e-07 9.559630219291916e-07 9.55152019635314e-07 0.06839608934931257 9.688309771086747e-07 0.4544390573551534 9.224340010406624e-07 0.049201485603063325 0.0003964528093568875 0.19147373146444008 9.066405329964812e-07 0.00011430611584380976 0.00013907506554744505 0.00011822259841778292 3.188467545104108e-05 0.0029881595719705913 7.741343824379311e-06 0.0007737311780697409 1.099738247503108e-06 1.3332681581471029e-05 1.6370204610185563e-06 9.563283550858925e-06 2.7777805290460378e-05 0.003320582285744838 0.0005790385414950203 0.0015674192799496399 9.600157254420666e-07 9.791516763251079e-07
98 9.313509243130355e-07 9.232445921169075e-07 9.177606946683718e-07 9.559630219291916e-07 9.55152019635314e-07 0.06839608934931257 9.688309771086747e-07 0.4544390573551534 9.224340010406624e-07 0.049201485603063325 0.0003964528093568875 0.19147373146444008 9.066405329964812e-07 0.00011430611584380976 0.00013907506554744505 0.00011822259841778292 3.188467545104108e-05 0.0029881595719705913 7.741343824379311e-06 0.0007737311780697409 1.099738247503108e-06 1.3332681581471029e-05 1.6370204610185563e-06 9.563283550858925e-06 2.7777805290460378e-05 0.003320582285744838 0.0005790385414950203 0.0015674192799496399 9.600157254420666e-07 9.791516763251079e-07
99 9.313509243130355e-07 9.232445921169075e-07 9.177606946683718e-07 9.559630219291916e-07 9.55152019635314e-07 0.06839608934931257 9.688309771086747e-07 0.4544390573551534 9.224340010406624e-07 0.049201485603063325 0.0003964528093568875 0.19147373146444008 9.066405329964812e-07 0.00011430611584380976 0.00013907506554744505 0.00011822259841778292 3.188467545104108e-05 0.0029881595719705913 7.741343824379311e-06 0.0007737311780697409 1.099738247503108e-06 1.3332681581471029e-05 1.6370204610185563e-06 9.563283550858925e-06 2.7777805290460378e-05 0.003320582285744838 0.0005790385414950203 0.0015674192799496399 9.600157254420666e-07 9.791516763251079e-07
100 9.313509243130355e-07 9.232445921169075e-07 9.177606946683718e-07 9.559630219291916e-07 9.55152019635314e-07 0.06839608934931257 9.688309771086747e-07 0.4544390573551534 9.224340010406624e-07 0.049201485603063325 0.0003964528093568875 0.19147373146444008 9.066405329964812e-07 0.00011430611584380976 0.00013907506554744505 0.00011822259841778292 3.188467545104108e-05 0.0029881595719705913 7.741343824379311e-06 0.0007737311780697409 1.099738247503108e-06 1.3332681581471029e-05 1.6370204610185563e-06 9.563283550858925e-06 2.7777805290460378e-05 0.003320582285744838 0.0005790385414950203 0.0015674192799496399 9.600157254420666e-07 9.791516763251079e-07
101 9.313509243130355e-07 9.232445921169075e-07 9.177606946683718e-07 9.559630219291916e-07 9.55152019635314e-07 0.06839608934931257 9.688309771086747e-07 0.4544390573551534 9.224340010406624e-07 0.049201485603063325 0.0003964528093568875 0.19147373146444008 9.066405329964812e-07 0.00011430611584380976 0.00013907506554744505 0.00011822259841778292 3.188467545104108e-05 0.0029881595719705913 7.741343824379311e-06 0.0007737311780697409 1.099738247503108e-06 1.3332681581471029e-05 1.6370204610185563e-06 9.563283550858925e-06 2.7777805290460378e-05 0.003320582285744838 0.0005790385414950203 0.0015674192799496399 9.600157254420666e-07 9.791516763251079e-07
102 9.313509243130355e-07 9.232445921169075e-07 9.177606946683718e-07 9.559630219291916e-07 9.55152019635314e-07 0.06839608934931257 9.688309771086747e-07 0.4544390573551534 9.224340010406624e-07 0.049201485603063325 0.0003964528093568875 0.19147373146444008 9.066405329964812e-07 0.00011430611584380976 0.00013907506554744505 0.00011822259841778292 3.188467545104108e-05 0.0029881595719705913 7.741343824379311e-06 0.0007737311780697409 1.099738247503108e-06 1.3332681581471029e-05 1.6370204610185563e-06 9.563283550858925e-06 2.7777805290460378e-05 0.003320582285744838 0.0005790385414950203 0.0015674192799496399 9.600157254420666e-07 9.791516763251079e-07
103 9.313509243130355e-07 9.232445921169075e-07 9.177606946683718e-07 9.559630219291916e-07 9.55152019635314e-07 0.06839608934931257 9.688309771086747e-07 0.4544390573551534 9.224340010406624e-07 0.049201485603063325 0.0003964528093568875 0.19147373146444008 9.066405329964812e-07 0.00011430611584380976 0.00013907506554744505 0.00011822259841778292 3.188467545104108e-05 0.0029881595719705913 7.741343824379311e-06 0.0007737311780697409 1.099738247503108e-06 1.3332681581471029e-05 1.6370204610185563e-06 9.563283550858925e-06 2.7777805290460378e-05 0.003320582285744838 0.0005790385414950203 0.0015674192799496399 9.600157254420666e-07 9.791516763251079e-07
104 9.313509243130355e-07 9.232445921169075e-07 9.177606946683718e-07 9.559630219291916e-07 9.55152019635314e-07 0.06839608934931257 9.688309771086747e-07 0.4544390573551534 9.224340010406624e-07 0.049201485603063325 0.0003964528093568875 0.19147373146444008 9.066405329964812e-07 0.00011430611584380976 0.00013907506554744505 0.00011822259841778292 3.188467545104108e-05 0.0029881595719705913 7.741343824379311e-06 0.0007737311780697409 1.099738247503108e-06 1.3332681581471029e-05 1.6370204610185563e-06 9.563283550858925e-06 2.7777805290460378e-05 0.003320582285744838 0.0005790385414950203 0.0015674192799496399 9.600157254420666e-07 9.791516763251079e-07
105 9.313509243130355e-07 9.232445921169075e-07 9.177606946683718e-07 9.559630219291916e-07 9.55152019635314e-07 0.06839608934931257 9.688309771086747e-07 0.4544390573551534 9.224340010406624e-07 0.049201485603063325 0.0003964528093568875 0.19147373146444008 9.066405329964812e-07 0.00011430611584380976 0.00013907506554744505 0.00011822259841778292 3.188467545104108e-05 0.0029881595719705913 7.741343824379311e-06 0.0007737311780697409 1.099738247503108e-06 1.3332681581471029e-05 1.6370204610185563e-06 9.563283550858925e-06 2.7777805290460378e-05 0.003320582285744838 0.0005790385414950203 0.0015674192799496399 9.600157254420666e-07 9.791516763251079e-07
106 9.313509243130355e-07 9.232445921169075e-07 9.177606946683718e-07 9.559630219291916e-07 9.55152019635314e-07 0.06839608934931257 9.688309771086747e-07 0.4544390573551534 9.224340010406624e-07 0.049201485603063325 0.0003964528093568875 0.19147373146444008 9.066405329964812e-07 0.00011430611584380976 0.00013907506554744505 0.00011822259841778292 3.188467545104108e-05 0.0029881595719705913 7.741343824379311e-06 0.0007737311780697409 1.099738247503108e-06 1.3332681581471029e-05 1.6370204610185563e-06 9.563283550858925e-06 2.7777805290460378e-05 0.003320582285744838 0.0005790385414950203 0.0015674192799496399 9.600157254420666e-07 9.791516763251079e-07
107 9.313509243130355e-07 9.232445921169075e-07 9.177606946683718e-07 9.559630219291916e-07 9.55152019635314e-07 0.06839608934931257 9.688309771086747e-07 0.4544390573551534 9.224340010406624e-07 0.049201485603063325 0.0003964528093568875 0.19147373146444008 9.066405329964812e-07 0.00011430611584380976 0.00013907506554744505 0.00011822259841778292 3.188467545104108e-05 0.0029881595719705913 7.741343824379311e-06 0.0007737311780697409 1.099738247503108e-06 1.3332681581471029e-05 1.6370204610185563e-06 9.563283550858925e-06 2.7777805290460378e-05 0.003320582285744838 0.0005790385414950203 0.0015674192799496399 9.600157254420666e-07 9.791516763251079e-07
108 9.313509243130355e-07 9.232445921169075e-07 9.177606946683718e-07 9.559630219291916e-07 9.55152019635314e-07 0.06839608934931257 9.688309771086747e-07 0.4544390573551534 9.224340010406624e-07 0.049201485603063325 0.0003964528093568875 0.19147373146444008 9.066405329964812e-07 0.00011430611584380976 0.00013907506554744505 0.00011822259841778292 3.188467545104108e-05 0.0029881595719705913 7.741343824379311e-06 0.0007737311780697409 1.099738247503108e-06 1.3332681581471029e-05 1.6370204610185563e-06 9.563283550858925e-06 2.7777805290460378e-05 0.003320582285744838 0.0005790385414950203 0.0015674192799496399 9.600157254420666e-07 9.791516763251079e-07
