# index Z=1 - Z=30
0 7.223750559118851e-07 0.011943188974547827 7.34863447648847e-07 7.274921763795382e-07 7.274115065014417e-07 1.73227922521992e-06 7.604039913715093e-07 0.004225497578959806 7.172222645893552e-07 7.765034586424311e-07 7.126459185251162e-07 8.515938665918178e-05 7.171695053687382e-07 0.026401028491806817 2.0172223920157136e-06 7.992721896778331e-05 9.373759668204087e-07 0.00760719228330742 1.0625574130619655e-06 0.015505285073620674 7.115966366301082e-07 0.00013305700469180503 0.00030817349267525706 2.081018439833639e-05 0.0065943812392159785 0.2531295476626395 0.156516730116261 0.2404302975571074 7.112568508377924e-07 7.195759585699017e-07
1 7.223750559118851e-07 0.011943188974547827 7.34863447648847e-07 7.274921763795382e-07 7.274115065014417e-07 1.73227922521992e-06 7.604039913715093e-07 0.004225497578959806 7.172222645893552e-07 7.765034586424311e-07 7.126459185251162e-07 8.515938665918178e-05 7.171695053687382e-07 0.026401028491806817 2.0172223920157136e-06 7.992721896778331e-05 9.373759668204087e-07 0.00760719228330742 1.0625574130619655e-06 0.015505285073620674 7.115966366301082e-07 0.00013305700469180503 0.00030817349267525706 2.081018439833639e-05 0.0065943812392159785 0.2531295476626395 0.156516730116261 0.2404302975571074 7.112568508377924e-07 7.195759585699017e-07
2 7.223750559118851e-07 0.011943188974547827 7.34863447648847e-07 7.274921763795382e-07 7.274115065014417e-07 1.73227922521992e-06 7.604039913715093e-07 0.004225497578959806 7.172222645893552e-07 7.765034586424311e-07 7.126459185251162e-07 8.515938665918178e-05 7.171695053687382e-07 0.026401028491806817 2.0172223920157136e-06 7.992721896778331e-05 9.373759668204087e-07 0.00760719228330742 1.0625574130619655e-06 0.015505285073620674 7.115966366301082e-07 0.00013305700469180503 0.00030817349267525706 2.081018439833639e-05 0.0065943812392159785 0.2531295476626395 0.156516730116261 0.2404302975571074 7.112568508377924e-07 7.195759585699017e-07
3 7.223750559118851e-07 0.011943188974547827 7.34863447648847e-07 7.274921763795382e-07 7.274115065014417e-07 1.73227922521992e-06 7.604039913715093e-07 0.004225497578959806 7.172222645893552e-07 7.765034586424311e-07 7.126459185251162e-07 8.515938665918178e-05 7.171695053687382e-07 0.026401028491806817 2.0172223920157136e-06 7.992721896778331e-05 9.373759668204087e-07 0.00760719228330742 1.0625574130619655e-06 0.015505285073620674 7.115966366301082e-07 0.00013305700469180503 0.00030817349267525706 2.081018439833639e-05 0.0065943812392159785 0.2531295476626395 0.156516730116261 0.2404302975571074 7.112568508377924e-07 7.195759585699017e-07
4 7.223750559118851e-07 0.011943188974547827 7.34863447648847e-07 7.274921763795382e-07 7.274115065014417e-07 1.73227922521992e-06 7.604039913715093e-07 0.004225497578959806 7.172222645893552e-07 7.765034586424311e-07 7.126459185251162e-07 8.515938665918178e-05 7.171695053687382e-07 0.026401028491806817 2.0172223920157136e-06 7.992721896778331e-05 9.373759668204087e-07 0.00760719228330742 1.0625574130619655e-06 0.015505285073620674 7.115966366301082e-07 0.00013305700469180503 0.00030817349267525706 2.081018439833639e-05 0.0065943812392159785 0.2531295476626395 0.156516730116261 0.2404302975571074 7.112568508377924e-07 7.195759585699017e-07
5 7.223750559118851e-07 0.011943188974547827 7.34863447648847e-07 7.274921763795382e-07 7.274115065014417e-07 1.73227922521992e-06 7.604039913715093e-07 0.004225497578959806 7.172222645893552e-07 7.765034586424311e-07 7.126459185251162e-07 8.515938665918178e-05 7.171695053687382e-07 0.026401028491806817 2.0172223920157136e-06 7.992721896778331e-05 9.373759668204087e-07 0.00760719228330742 1.0625574130619655e-06 0.015505285073620674 7.115966366301082e-07 0.00013305700469180503 0.00030817349267525706 2.081018439833639e-05 0.0065943812392159785 0.2531295476626395 0.156516730116261 0.2404302975571074 7.112568508377924e-07 7.195759585699017e-07
6 7.223750559118851e-07 0.011943188974547827 7.34863447648847e-07 7.274921763795382e-07 7.274115065014417e-07 1.73227922521992e-06 7.604039913715093e-07 0.004225497578959806 7.172222645893552e-07 7.765034586424311e-07 7.126459185251162e-07 8.515938665918178e-05 7.171695053687382e-07 0.026401028491806817 2.0172223920157136e-06 7.992721896778331e-05 9.373759668204087e-07 0.00760719228330742 1.0625574130619655e-06 0.015505285073620674 7.115966366301082e-07 0.00013305700469180503 0.00030817349267525706 2.081018439833639e-05 0.0065943812392159785 0.2531295476626395 0.156516730116261 0.2404302975571074 7.112568508377924e-07 7.195759585699017e-07
7 7.223750559118851e-07 0.011943188974547827 7.34863447648847e-07 7.274921763795382e-07 7.274115065014417e-07 1.73227922521992e-06 7.604039913715093e-07 0.004225497578959806 7.172222645893552e-07 7.765034586424311e-07 7.126459185251162e-07 8.515938665918178e-05 7.171695053687382e-07 0.026401028491806817 2.0172223920157136e-06 7.992721896778331e-05 9.373759668204087e-07 0.00760719228330742 1.0625574130619655e-06 0.015505285073620674 7.115966366301082e-07 0.00013305700469180503 0.00030817349267525706 2.081018439833639e-05 0.0065943812392159785 0.2531295476626395 0.156516730116261 0.2404302975571074 7.112568508377924e-07 7.195759585699017e-07
8 7.223750559118851e-07 0.011943188974547827 7.34863447648847e-07 7.274921763795382e-07 7.274115065014417e-07 1.73227922521992e-06 7.604039913715093e-07 0.004225497578959806 7.172222645893552e-07 7.765034586424311e-07 7.126459185251162e-07 8.515938665918178e-05 7.171695053687382e-07 0.026401028491806817 2.0172223920157136e-06 7.992721896778331e-05 9.373759668204087e-07 0.00760719228330742 1.0625574130619655e-06 0.015505285073620674 7.115966366301082e-07 0.00013305700469180503 0.00030817349267525706 2.081018439833639e-05 0.0065943812392159785 0.2531295476626395 0.156516730116261 0.2404302975571074 7.112568508377924e-07 7.195759585699017e-07
9 7.223750559118851e-07 0.011943188974547827 7.34863447648847e-07 7.274921763795382e-07 7.274115065014417e-07 1.73227922521992e-06 7.604039913715093e-07 0.004225497578959806 7.172222645893552e-07 7.765034586424311e-07 7.126459185251162e-07 8.515938665918178e-05 7.171695053687382e-07 0.026401028491806817 2.0172223920157136e-06 7.992721896778331e-05 9.373759668204087e-07 0.00760719228330742 1.0625574130619655e-06 0.015505285073620674 7.115966366301082e-07 0.00013305700469180503 0.00030817349267525706 2.081018439833639e-05 0.0065943812392159785 0.2531295476626395 0.156516730116261 0.2404302975571074 7.112568508377924e-07 7.195759585699017e-07
10 7.223750559118851e-07 0.011943188974547827 7.34863447648847e-07 7.274921763795382e-07 7.274115065014417e-07 1.73227922521992e-06 7.604039913715093e-07 0.004225497578959806 7.172222645893552e-07 7.765034586424311e-07 7.126459185251162e-07 8.515938665918178e-05 7.171695053687382e-07 0.026401028491806817 2.0172223920157136e-06 7.992721896778331e-05 9.373759668204087e-07 0.00760719228330742 1.0625574130619655e-06 0.015505285073620674 7.115966366301082e-07 0.00013305700469180503 0.00030817349267525706 2.081018439833639e-05 0.0065943812392159785 0.2531295476626395 0.156516730116261 0.2404302975571074 7.112568508377924e-07 7.195759585699017e-07
11 7.223750559118851e-07 0.011943188974547827 7.34863447648847e-07 7.274921763795382e-07 7.274115065014417e-07 1.73227922521992e-06 7.604039913715093e-07 0.004225497578959806 7.172222645893552e-07 7.765034586424311e-07 7.126459185251162e-07 8.515938665918178e-05 7.171695053687382e-07 0.026401028491806817 2.0172223920157136e-06 7.992721896778331e-05 9.373759668204087e-07 0.00760719228330742 1.0625574130619655e-06 0.015505285073620674 7.115966366301082e-07 0.00013305700469180503 0.00030817349267525706 2.081018439833639e-05 0.0065943812392159785 0.2531295476626395 0.156516730116261 0.2404302975571074 7.112568508377924e-07 7.195759585699017e-07
12 6.407368851601584e-07 0.0029478802673409475 6.616105426268742e-07 7.025724755728152e-07 6.713914749385876e-07 1.2297087553659423e-06 6.96646296905186e-07 0.003487491293706877 6.286818458984559e-07 7.0057509254431e-07 6.597948078098713e-07 0.0017038925853912292 6.627185344729093e-07 0.01523592960882975 4.477069374009929e-06 0.000572571734058454 1.8581208781760257e-06 0.00957613378047891 1.2115374135165919e-06 0.019814413207441487 6.07498230455663e-07 9.209635846990307e-05 0.0006426409235194724 1.6719882572332552e-05 0.01681499730866111 0.1791317777742267 0.1621596794876133 0.27707411753714073 6.849021184600931e-07 6.361077591271272e-07
13 6.407368851601584e-07 0.0029478802673409475 6.616105426268742e-07 7.025724755728152e-07 6.713914749385876e-07 1.2297087553659423e-06 6.96646296905186e-07 0.003487491293706877 6.286818458984559e-07 7.0057509254431e-07 6.597948078098713e-07 0.0017038925853912292 6.627185344729093e-07 0.01523592960882975 4.477069374009929e-06 0.000572571734058454 1.8581208781760257e-06 0.00957613378047891 1.2115374135165919e-06 0.019814413207441487 6.07498230455663e-07 9.209635846990307e-05 0.0006426409235194724 1.6719882572332552e-05 0.01681499730866111 0.1791317777742267 0.1621596794876133 0.27707411753714073 6.849021184600931e-07 6.361077591271272e-07
14 6.407368851601584e-07 0.0029478802673409475 6.616105426268742e-07 7.025724755728152e-07 6.713914749385876e-07 1.2297087553659423e-06 6.96646296905186e-07 0.003487491293706877 6.286818458984559e-07 7.0057509254431e-07 6.597948078098713e-07 0.0017038925853912292 6.627185344729093e-07 0.01523592960882975 4.477069374009929e-06 0.000572571734058454 1.8581208781760257e-06 0.00957613378047891 1.2115374135165919e-06 0.019814413207441487 6.07498230455663e-07 9.209635846990307e-05 0.0006426409235194724 1.6719882572332552e-05 0.01681499730866111 0.1791317777742267 0.1621596794876133 0.27707411753714073 6.849021184600931e-07 6.361077591271272e-07
15 6.407368851601584e-07 0.0029478802673409475 6.616105426268742e-07 7.025724755728152e-07 6.713914749385876e-07 1.2297087553659423e-06 6.96646296905186e-07 0.003487491293706877 6.286818458984559e-07 7.0057509254431e-07 6.597948078098713e-07 0.0017038925853912292 6.627185344729093e-07 0.01523592960882975 4.477069374009929e-06 0.000572571734058454 1.8581208781760257e-06 0.00957613378047891 1.2115374135165919e-06 0.019814413207441487 6.07498230455663e-07 9.209635846990307e-05 0.0006426409235194724 1.6719882572332552e-05 0.01681499730866111 0.1791317777742267 0.1621596794876133 0.27707411753714073 6.849021184600931e-07 6.361077591271272e-07
16 6.407368851601584e-07 0.0029478802673409475 6.616105426268742e-07 7.025724755728152e-07 6.713914749385876e-07 1.2297087553659423e-06 6.96646296905186e-07 0.003487491293706877 6.286818458984559e-07 7.0057509254431e-07 6.597948078098713e-07 0.0017038925853912292 6.627185344729093e-07 0.01523592960882975 4.477069374009929e-06 0.000572571734058454 1.8581208781760257e-06 0.00957613378047891 1.2115374135165919e-06 0.019814413207441487 6.07498230455663e-07 9.209635846990307e-05 0.0006426409235194724 1.6719882572332552e-05 0.01681499730866111 0.1791317777742267 0.1621596794876133 0.27707411753714073 6.849021184600931e-07 6.361077591271272e-07
17 6.407368851601584e-07 0.0029478802673409475 6.616105426268742e-07 7.025724755728152e-07 6.713914749385876e-07 1.2297087553659423e-06 6.96646296905186e-07 0.003487491293706877 6.286818458984559e-07 7.0057509254431e-07 6.597948078098713e-07 0.0017038925853912292 6.627185344729093e-07 0.01523592960882975 4.477069374009929e-06 0.000572571734058454 1.8581208781760257e-06 0.00957613378047891 1.2115374135165919e-06 0.019814413207441487 6.07498230455663e-07 9.209635846990307e-05 0.0006426409235194724 1.6719882572332552e-05 0.01681499730866111 0.1791317777742267 0.1621596794876133 0.27707411753714073 6.849021184600931e-07 6.361077591271272e-07
18 6.407368851601584e-07 0.0029478802673409475 6.616105426268742e-07 7.025724755728152e-07 6.713914749385876e-07 1.2297087553659423e-06 6.96646296905186e-07 0.003487491293706877 6.286818458984559e-07 7.0057509254431e-07 6.597948078098713e-07 0.0017038925853912292 6.627185344729093e-07 0.01523592960882975 4.477069374009929e-06 0.000572571734058454 1.8581208781760257e-06 0.00957613378047891 1.2115374135165919e-06 0.019814413207441487 6.07498230455663e-07 9.209635846990307e-05 0.0006426409235194724 1.6719882572332552e-05 0.01681499730866111 0.1791317777742267 0.1621596794876133 0.27707411753714073 6.849021184600931e-07 6.361077591271272e-07
19 6.407368851601584e-07 0.0029478802673409475 6.616105426268742e-07 7.025724755728152e-07 6.713914749385876e-07 1.2297087553659423e-06 6.96646296905186e-07 0.003487491293706877 6.286818458984559e-07 7.0057509254431e-07 6.597948078098713e-07 0.0017038925853912292 6.627185344729093e-07 0.01523592960882975 4.477069374009929e-06 0.000572571734058454 1.8581208781760257e-06 0.00957613378047891 1.2115374135165919e-06 0.019814413207441487 6.07498230455663e-07 9.209635846990307e-05 0.0006426409235194724 1.6719882572332552e-05 0.01681499730866111 0.1791317777742267 0.1621596794876133 0.27707411753714073 6.849021184600931e-07 6.361077591271272e-07
20 6.407368851601584e-07 0.0029478802673409475 6.616105426268742e-07 7.025724755728152e-07 6.713914749385876e-07 1.2297087553659423e-06 6.96646296905186e-07 0.003487491293706877 6.286818458984559e-07 7.0057509254431e-07 6.597948078098713e-07 0.0017038925853912292 6.627185344729093e-07 0.01523592960882975 4.477069374009929e-06 0.000572571734058454 1.8581208781760257e-06 0.00957613378047891 1.2115374135165919e-06 0.019814413207441487 6.07498230455663e-07 9.209635846990307e-05 0.0006426409235194724 1.6719882572332552e-05 0.01681499730866111 0.1791317777742267 0.1621596794876133 0.27707411753714073 6.849021184600931e-07 6.361077591271272e-07
21 6.407368851601584e-07 0.0029478802673409475 6.616105426268742e-07 7.025724755728152e-07 6.713914749385876e-07 1.2297087553659423e-06 6.96646296905186e-07 0.003487491293706877 6.286818458984559e-07 7.0057509254431e-07 6.597948078098713e-07 0.0017038925853912292 6.627185344729093e-07 0.01523592960882975 4.477069374009929e-06 0.000572571734058454 1.8581208781760257e-06 0.00957613378047891 1.2115374135165919e-06 0.019814413207441487 6.07498230455663e-07 9.209635846990307e-05 0.0006426409235194724 1.6719882572332552e-05 0.01681499730866111 0.1791317777742267 0.1621596794876133 0.27707411753714073 6.849021184600931e-07 6.361077591271272e-07
22 5.99184036122063e-07 6.849081344373204e-07 5.828039411937634e-07 6.132387706383899e-07 6.468532992266745e-07 1.8882236316560717e-06 6.855747310183668e-07 0.0031765434044238746 5.484019946352099e-07 7.1018700089884e-07 6.30666034896135e-07 0.18951425930721813 6.046096396879033e-07 0.30645279717227714 8.766904954438468e-06 0.15325521720213894 1.5371105821724016e-06 0.02592527367157056 1.279848786168983e-06 0.04246021017749447 4.808046829504917e-07 0.00010396044132607024 0.0003667361356499535 4.583519600519881e-05 0.007669436910192737 0.06279633443897521 0.04645553725538257 0.02861634326367188 6.019495430526509e-07 6.877226231276107e-07
23 5.99184036122063e-07 6.849081344373204e-07 5.828039411937634e-07 6.132387706383899e-07 6.468532992266745e-07 1.8882236316560717e-06 6.855747310183668e-07 0.0031765434044238746 5.484019946352099e-07 7.1018700089884e-07 6.30666034896135e-07 0.18951425930721813 6.046096396879033e-07 0.30645279717227714 8.766904954438468e-06 0.15325521720213894 1.5371105821724016e-06 0.02592527367157056 1.279848786168983e-06 0.04246021017749447 4.808046829504917e-07 0.00010396044132607024 0.0003667361356499535 4.583519600519881e-05 0.007669436910192737 0.06279633443897521 0.04645553725538257 0.02861634326367188 6.019495430526509e-07 6.877226231276107e-07
24 5.99184036122063e-07 6.849081344373204e-07 5.828039411937634e-07 6.132387706383899e-07 6.468532992266745e-07 1.8882236316560717e-06 6.855747310183668e-07 0.0031765434044238746 5.484019946352099e-07 7.1018700089884e-07 6.30666034896135e-07 0.18951425930721813 6.046096396879033e-07 0.30645279717227714 8.766904954438468e-06 0.15325521720213894 1.5371105821724016e-06 0.02592527367157056 1.279848786168983e-06 0.04246021017749447 4.808046829504917e-07 0.00010396044132607024 0.0003667361356499535 4.583519600519881e-05 0.007669436910192737 0.06279633443897521 0.04645553725538257 0.02861634326367188 6.019495430526509e-07 6.877226231276107e-07
25 5.99184036122063e-07 6.849081344373204e-07 5.828039411937634e-07 6.132387706383899e-07 6.468532992266745e-07 1.8882236316560717e-06 6.855747310183668e-07 0.0031765434044238746 5.484019946352099e-07 7.1018700089884e-07 6.30666034896135e-07 0.18951425930721813 6.046096396879033e-07 0.30645279717227714 8.766904954438468e-06 0.15325521720213894 1.5371105821724016e-06 0.02592527367157056 1.279848786168983e-06 0.04246021017749447 4.808046829504917e-07 0.00010396044132607024 0.0003667361356499535 4.583519600519881e-05 0.007669436910192737 0.06279633443897521 0.04645553725538257 0.02861634326367188 6.019495430526509e-07 6.877226231276107e-07
26 5.99184036122063e-07 6.849081344373204e-07 5.828039411937634e-07 6.132387706383899e-07 6.468532992266745e-07 1.8882236316560717e-06 6.855747310183668e-07 0.0031765434044238746 5.484019946352099e-07 7.1018700089884e-07 6.30666034896135e-07 0.18951425930721813 6.046096396879033e-07 0.30645279717227714 8.766904954438468e-06 0.15325521720213894 1.5371105821724016e-06 0.02592527367157056 1.279848786168983e-06 0.04246021017749447 4.808046829504917e-07 0.00010396044132607024 0.0003667361356499535 4.583519600519881e-05 0.007669436910192737 0.06279633443897521 0.04645553725538257 0.02861634326367188 6.019495430526509e-07 6.877226231276107e-07
27 5.99184036122063e-07 6.849081344373204e-07 5.828039411937634e-07 6.132387706383899e-07 6.468532992266745e-07 1.8882236316560717e-06 6.855747310183668e-07 0.0031765434044238746 5.484019946352099e-07 7.1018700089884e-07 6.30666034896135e-07 0.18951425930721813 6.046096396879033e-07 0.30645279717227714 8.766904954438468e-06 0.15325521720213894 1.5371105821724016e-06 0.02592527367157056 1.279848786168983e-06 0.04246021017749447 4.808046829504917e-07 0.00010396044132607024 0.0003667361356499535 4.583519600519881e-05 0.007669436910192737 0.06279633443897521 0.04645553725538257 0.02861634326367188 6.019495430526509e-07 6.877226231276107e-07
28 5.99184036122063e-07 6.849081344373204e-07 5.828039411937634e-07 6.132387706383899e-07 6.468532992266745e-07 1.8882236316560717e-06 6.855747310183668e-07 0.0031765434044238746 5.484019946352099e-07 7.1018700089884e-07 6.30666034896135e-07 0.18951425930721813 6.046096396879033e-07 0.30645279717227714 8.766904954438468e-06 0.15325521720213894 1.5371105821724016e-06 0.02592527367157056 1.279848786168983e-06 0.04246021017749447 4.808046829504917e-07 0.00010396044132607024 0.0003667361356499535 4.583519600519881e-05 0.007669436910192737 0.06279633443897521 0.04645553725538257 0.02861634326367188 6.019495430526509e-07 6.877226231276107e-07
29 5.99184036122063e-07 6.849081344373204e-07 5.828039411937634e-07 6.132387706383899e-07 6.468532992266745e-07 1.8882236316560717e-06 6.855747310183668e-07 0.0031765434044238746 5.484019946352099e-07 7.1018700089884e-07 6.30666034896135e-07 0.18951425930721813 6.046096396879033e-07 0.30645279717227714 8.766904954438468e-06 0.15325521720213894 1.5371105821724016e-06 0.02592527367157056 1.279848786168983e-06 0.04246021017749447 4.808046829504917e-07 0.00010396044132607024 0.0003667361356499535 4.583519600519881e-05 0.007669436910192737 0.06279633443897521 0.04645553725538257 0.02861634326367188 6.019495430526509e-07 6.877226231276107e-07
30 5.99184036122063e-07 6.849081344373204e-07 5.828039411937634e-07 6.132387706383899e-07 6.468532992266745e-07 1.8882236316560717e-06 6.855747310183668e-07 0.0031765434044238746 5.484019946352099e-07 7.1018700089884e-07 6.30666034896135e-07 0.18951425930721813 6.046096396879033e-07 0.30645279717227714 8.766904954438468e-06 0.15325521720213894 1.5371105821724016e-06 0.02592527367157056 1.279848786168983e-06 0.04246021017749447 4.808046829504917e-07 0.00010396044132607024 0.0003667361356499535 4.583519600519881e-05 0.007669436910192737 0.06279633443897521 0.04645553725538257 0.02861634326367188 6.019495430526509e-07 6.877226231276107e-07
31 5.99184036122063e-07 6.849081344373204e-07 5.828039411937634e-07 6.132387706383899e-07 6.468532992266745e-07 1.8882236316560717e-06 6.855747310183668e-07 0.0031765434044238746 5.484019946352099e-07 7.1018700089884e-07 6.30666034896135e-07 0.18951425930721813 6.046096396879033e-07 0.30645279717227714 8.766904954438468e-06 0.15325521720213894 1.5371105821724016e-06 0.02592527367157056 1.279848786168983e-06 0.04246021017749447 4.808046829504917e-07 0.00010396044132607024 0.0003667361356499535 4.583519600519881e-05 0.007669436910192737 0.06279633443897521 0.04645553725538257 0.02861634326367188 6.019495430526509e-07 6.877226231276107e-07
32 2.7630127245136577e-07 2.516759478766032e-07 2.3260554514772572e-07 2.0877284766806205e-07 2.181961886880393e-07 6.0114640619128185e-06 2.030595345579735e-07 0.7654348813942222 2.413344833228797e-07 7.82849337395468e-07 2.372769682999573e-07 0.03447295926385545 2.0826893510750873e-07 0.16283945000419353 2.476288337696309e-05 4.0635294167554336e-05 1.3975846202331404e-05 0.010479422331296477 1.2902387758889296e-05 0.0022739317708835595 2.3468343960279977e-07 1.6726382472220543e-05 1.3100176451652048e-05 2.1732565451089754e-05 0.00018457480108459773 0.005734352200732362 0.004494136956420564 0.004047374981847928 2.1264600243009108e-07 2.2665822072587811e-07
33 2.7630127245136577e-07 2.516759478766032e-07 2.3260554514772572e-07 2.0877284766806205e-07 2.181961886880393e-07 6.0114640619128185e-06 2.030595345579735e-07 0.7654348813942222 2.413344833228797e-07 7.82849337395468e-07 2.372769682999573e-07 0.03447295926385545 2.0826893510750873e-07 0.16283945000419353 2.476288337696309e-05 4.0635294167554336e-05 1.3975846202331404e-05 0.010479422331296477 1.2902387758889296e-05 0.0022739317708835595 2.3468343960279977e-07 1.6726382472220543e-05 1.3100176451652048e-05 2.1732565451089754e-05 0.00018457480108459773 0.005734352200732362 0.004494136956420564 0.004047374981847928 2.1264600243009108e-07 2.2665822072587811e-07
34 2.7630127245136577e-07 2.516759478766032e-07 2.3260554514772572e-07 2.0877284766806205e-07 2.181961886880393e-07 6.0114640619128185e-06 2.030595345579735e-07 0.7654348813942222 2.413344833228797e-07 7.82849337395468e-07 2.372769682999573e-07 0.03447295926385545 2.0826893510750873e-07 0.16283945000419353 2.476288337696309e-05 4.0635294167554336e-05 1.3975846202331404e-05 0.010479422331296477 1.2902387758889296e-05 0.0022739317708835595 2.3468343960279977e-07 1.6726382472220543e-05 1.3100176451652048e-05 2.1732565451089754e-05 0.00018457480108459773 0.005734352200732362 0.004494136956420564 0.004047374981847928 2.1264600243009108e-07 2.2665822072587811e-07
35 2.7630127245136577e-07 2.516759478766032e-07 2.3260554514772572e-07 2.0877284766806205e-07 2.181961886880393e-07 6.0114640619128185e-06 2.030595345579735e-07 0.7654348813942222 2.413344833228797e-07 7.82849337395468e-07 2.372769682999573e-07 0.03447295926385545 2.0826893510750873e-07 0.16283945000419353 2.476288337696309e-05 4.0635294167554336e-05 1.3975846202331404e-05 0.010479422331296477 1.2902387758889296e-05 0.0022739317708835595 2.3468343960279977e-07 1.6726382472220543e-05 1.3100176451652048e-05 2.1732565451089754e-05 0.00018457480108459773 0.005734352200732362 0.004494136956420564 0.004047374981847928 2.1264600243009108e-07 2.2665822072587811e-07
36 2.7630127245136577e-07 2.516759478766032e-07 2.3260554514772572e-07 2.0877284766806205e-07 2.181961886880393e-07 6.0114640619128185e-06 2.030595345579735e-07 0.7654348813942222 2.413344833228797e-07 7.82849337395468e-07 2.372769682999573e-07 0.03447295926385545 2.0826893510750873e-07 0.16283945000419353 2.476288337696309e-05 4.0635294167554336e-05 1.3975846202331404e-05 0.010479422331296477 1.2902387758889296e-05 0.0022739317708835595 2.3468343960279977e-07 1.6726382472220543e-05 1.3100176451652048e-05 2.1732565451089754e-05 0.00018457480108459773 0.005734352200732362 0.004494136956420564 0.004047374981847928 2.1264600243009108e-07 2.2665822072587811e-07
37 2.7630127245136577e-07 2.516759478766032e-07 2.3260554514772572e-07 2.0877284766806205e-07 2.181961886880393e-07 6.0114640619128185e-06 2.030595345579735e-07 0.7654348813942222 2.413344833228797e-07 7.82849337395468e-07 2.372769682999573e-07 0.03447295926385545 2.0826893510750873e-07 0.16283945000419353 2.476288337696309e-05 4.0635294167554336e-05 1.3975846202331404e-05 0.010479422331296477 1.2902387758889296e-05 0.0022739317708835595 2.3468343960279977e-07 1.6726382472220543e-05 1.3100176451652048e-05 2.1732565451089754e-05 0.00018457480108459773 0.005734352200732362 0.004494136956420564 0.004047374981847928 2.1264600243009108e-07 2.2665822072587811e-07
38 2.7630127245136577e-07 2.516759478766032e-07 2.3260554514772572e-07 2.0877284766806205e-07 2.181961886880393e-07 6.0114640619128185e-06 2.030595345579735e-07 0.7654348813942222 2.413344833228797e-07 7.82849337395468e-07 2.372769682999573e-07 0.03447295926385545 2.0826893510750873e-07 0.16283945000419353 2.476288337696309e-05 4.0635294167554336e-05 1.3975846202331404e-05 0.010479422331296477 1.2902387758889296e-05 0.0022739317708835595 2.3468343960279977e-07 1.6726382472220543e-05 1.3100176451652048e-05 2.1732565451089754e-05 0.00018457480108459773 0.005734352200732362 0.004494136956420564 0.004047374981847928 2.1264600243009108e-07 2.2665822072587811e-07
39 2.7630127245136577e-07 2.516759478766032e-07 2.3260554514772572e-07 2.0877284766806205e-07 2.181961886880393e-07 6.0114640619128185e-06 2.030595345579735e-07 0.7654348813942222 2.413344833228797e-07 7.82849337395468e-07 2.372769682999573e-07 0.03447295926385545 2.0826893510750873e-07 0.16283945000419353 2.476288337696309e-05 4.0635294167554336e-05 1.3975846202331404e-05 0.010479422331296477 1.2902387758889296e-05 0.0022739317708835595 2.3468343960279977e-07 1.6726382472220543e-05 1.3100176451652048e-05 2.1732565451089754e-05 0.00018457480108459773 0.005734352200732362 0.004494136956420564 0.004047374981847928 2.1264600243009108e-07 2.2665822072587811e-07
40 2.7630127245136577e-07 2.516759478766032e-07 2.3260554514772572e-07 2.0877284766806205e-07 2.181961886880393e-07 6.0114640619128185e-06 2.030595345579735e-07 0.7654348813942222 2.413344833228797e-07 7.82849337395468e-07 2.372769682999573e-07 0.03447295926385545 2.0826893510750873e-07 0.16283945000419353 2.476288337696309e-05 4.0635294167554336e-05 1.3975846202331404e-05 0.010479422331296477 1.2902387758889296e-05 0.0022739317708835595 2.3468343960279977e-07 1.6726382472220543e-05 1.3100176451652048e-05 2.1732565451089754e-05 0.00018457480108459773 0.005734352200732362 0.004494136956420564 0.004047374981847928 2.1264600243009108e-07 2.2665822072587811e-07
41 2.7630127245136577e-07 2.516759478766032e-07 2.3260554514772572e-07 2.0877284766806205e-07 2.181961886880393e-07 6.0114640619128185e-06 2.030595345579735e-07 0.7654348813942222 2.413344833228797e-07 7.82849337395468e-07 2.372769682999573e-07 0.03447295926385545 2.0826893510750873e-07 0.16283945000419353 2.476288337696309e-05 4.0635294167554336e-05 1.3975846202331404e-05 0.010479422331296477 1.2902387758889296e-05 0.0022739317708835595 2.3468343960279977e-07 1.6726382472220543e-05 1.3100176451652048e-05 2.1732565451089754e-05 0.00018457480108459773 0.005734352200732362 0.004494136956420564 0.004047374981847928 2.1264600243009108e-07 2.2665822072587811e-07
42 2.7630127245136577e-07 2.516759478766032e-07 2.3260554514772572e-07 2.0877284766806205e-07 2.181961886880393e-07 6.0114640619128185e-06 2.030595345579735e-07 0.7654348813942222 2.413344833228797e-07 7.82849337395468e-07 2.372769682999573e-07 0.03447295926385545 2.0826893510750873e-07 0.16283945000419353 2.476288337696309e-05 4.0635294167554336e-05 1.3975846202331404e-05 0.010479422331296477 1.2902387758889296e-05 0.0022739317708835595 2.3468343960279977e-07 1.6726382472220543e-05 1.3100176451652048e-05 2.1732565451089754e-05 0.00018457480108459773 0.005734352200732362 0.004494136956420564 0.004047374981847928 2.1264600243009108e-07 2.2665822072587811e-07
43 2.7630127245136577e-07 2.516759478766032e-07 2.3260554514772572e-07 2.0877284766806205e-07 2.181961886880393e-07 6.0114640619128185e-06 2.030595345579735e-07 0.7654348813942222 2.413344833228797e-07 7.82849337395468e-07 2.372769682999573e-07 0.03447295926385545 2.0826893510750873e-07 0.16283945000419353 2.476288337696309e-05 4.0635294167554336e-05 1.3975846202331404e-05 0.010479422331296477 1.2902387758889296e-05 0.0022739317708835595 2.3468343960279977e-07 1.6726382472220543e-05 1.3100176451652048e-05 2.1732565451089754e-05 0.00018457480108459773 0.005734352200732362 0.004494136956420564 0.004047374981847928 2.1264600243009108e-07 2.2665822072587811e-07
44 2.7630127245136577e-07 2.516759478766032e-07 2.3260554514772572e-07 2.0877284766806205e-07 2.181961886880393e-07 6.0114640619128185e-06 2.030595345579735e-07 0.7654348813942222 2.413344833228797e-07 7.82849337395468e-07 2.372769682999573e-07 0.03447295926385545 2.0826893510750873e-07 0.16283945000419353 2.476288337696309e-05 4.0635294167554336e-05 1.3975846202331404e-05 0.010479422331296477 1.2902387758889296e-05 0.0022739317708835595 2.3468343960279977e-07 1.6726382472220543e-05 1.3100176451652048e-05 2.1732565451089754e-05 0.00018457480108459773 0.005734352200732362 0.004494136956420564 0.004047374981847928 2.1264600243009108e-07 2.2665822072587811e-07
45 1.8869013992863958e-06 1.645638135309331e-06 1.8376615869073188e-06 1.4707670378264064e-06 1.6822189859019153e-06 0.11150228531971484 1.6793511858079473e-06 0.43281290970117337 1.7271041024774007e-06 0.0766078319004759 0.0006777975380573083 0.1790121384562154 1.8794042084255241e-06 0.00020332468462637944 0.00025404299641482045 0.00023260694980329138 5.567097581155716e-05 0.005116552808196578 1.4926658368232684e-05 0.004755568734818811 1.8498421308498974e-06 2.5804331905427708e-05 2.9126335686085124e-06 1.8036000226403834e-05 5.2092240043702724e-05 0.006628669890876604 0.0012354244351974132 0.003484718199785588 1.671237594594414e-06 1.6185388735609934e-06
46 1.8869013992863958e-06 1.645638135309331e-06 1.8376615869073188e-06 1.4707670378264064e-06 1.6822189859019153e-06 0.11150228531971484 1.6793511858079473e-06 0.43281290970117337 1.7271041024774007e-06 0.0766078319004759 0.0006777975380573083 0.1790121384562154 1.8794042084255241e-06 0.00020332468462637944 0.00025404299641482045 0.00023260694980329138 5.567097581155716e-05 0.005116552808196578 1.4926658368232684e-05 0.004755568734818811 1.8498421308498974e-06 2.5804331905427708e-05 2.9126335686085124e-06 1.8036000226403834e-05 5.2092240043702724e-05 0.006628669890876604 0.0012354244351974132 0.003484718199785588 1.671237594594414e-06 1.6185388735609934e-06
47 1.8869013992863958e-06 1.645638135309331e-06 1.8376615869073188e-06 1.4707670378264064e-06 1.6822189859019153e-06 0.11150228531971484 1.6793511858079473e-06 0.43281290970117337 1.7271041024774007e-06 0.0766078319004759 0.0006777975380573083 0.1790121384562154 1.8794042084255241e-06 0.00020332468462637944 0.00025404299641482045 0.00023260694980329138 5.567097581155716e-05 0.005116552808196578 1.4926658368232684e-05 0.004755568734818811 1.8498421308498974e-06 2.5804331905427708e-05 2.9126335686085124e-06 1.8036000226403834e-05 5.2092240043702724e-05 0.006628669890876604 0.0012354244351974132 0.003484718199785588 1.671237594594414e-06 1.6185388735609934e-06
48 1.8869013992863958e-06 1.645638135309331e-06 1.8376615869073188e-06 1.4707670378264064e-06 1.6822189859019153e-06 0.11150228531971484 1.6793511858079473e-06 0.43281290970117337 1.7271041024774007e-06 0.0766078319004759 0.0006777975380573083 0.1790121384562154 1.8794042084255241e-06 0.00020332468462637944 0.00025404299641482045 0.00023260694980329138 5.567097581155716e-05 0.005116552808196578 1.4926658368232684e-05 0.004755568734818811 1.8498421308498974e-06 2.5804331905427708e-05 2.9126335686085124e-06 1.8036000226403834e-05 5.2092240043702724e-05 0.006628669890876604 0.0012354244351974132 0.003484718199785588 1.671237594594414e-06 1.6185388735609934e-06
49 1.8869013992863958e-06 1.645638135309331e-06 1.8376615869073188e-06 1.4707670378264064e-06 1.6822189859019153e-06 0.11150228531971484 1.6793511858079473e-06 0.43281290970117337 1.7271041024774007e-06 0.0766078319004759 0.0006777975380573083 0.1790121384562154 1.8794042084255241e-06 0.00020332468462637944 0.00025404299641482045 0.00023260694980329138 5.567097581155716e-05 0.005116552808196578 1.4926658368232684e-05 0.004755568734818811 1.8498421308498974e-06 2.5804331905427708e-05 2.9126335686085124e-06 1.8036000226403834e-05 5.2092240043702724e-05 0.006628669890876604 0.0012354244351974132 0.003484718199785588 1.671237594594414e-06 1.6185388735609934e-06
50 1.8869013992863958e-06 1.645638135309331e-06 1.8376615869073188e-06 1.4707670378264064e-06 1.6822189859019153e-06 0.11150228531971484 1.6793511858079473e-06 0.43281290970117337 1.7271041024774007e-06 0.0766078319004759 0.0006777975380573083 0.1790121384562154 1.8794042084255241e-06 0.00020332468462637944 0.00025404299641482045 0.00023260694980329138 5.567097581155716e-05 0.005116552808196578 1.4926658368232684e-05 0.004755568734818811 1.8498421308498974e-06 2.5804331905427708e-05 2.9126335686085124e-06 1.8036000226403834e-05 5.2092240043702724e-05 0.006628669890876604 0.0012354244351974132 0.003484718199785588 1.671237594594414e-06 1.6185388735609934e-06
51 1.8869013992863958e-06 1.645638135309331e-06 1.8376615869073188e-06 1.4707670378264064e-06 1.6822189859019153e-06 0.11150228531971484 1.6793511858079473e-06 0.43281290970117337 1.7271041024774007e-06 0.0766078319004759 0.0006777975380573083 0.1790121384562154 1.8794042084255241e-06 0.00020332468462637944 0.00025404299641482045 0.00023260694980329138 5.567097581155716e-05 0.005116552808196578 1.4926658368232684e-05 0.004755568734818811 1.8498421308498974e-06 2.5804331905427708e-05 2.9126335686085124e-06 1.8036000226403834e-05 5.2092240043702724e-05 0.006628669890876604 0.0012354244351974132 0.003484718199785588 1.671237594594414e-06 1.6185388735609934e-06
52 1.8869013992863958e-06 1.645638135309331e-06 1.8376615869073188e-06 1.4707670378264064e-06 1.6822189859019153e-06 0.11150228531971484 1.6793511858079473e-06 0.43281290970117337 1.7271041024774007e-06 0.0766078319004759 0.0006777975380573083 0.1790121384562154 1.8794042084255241e-06 0.00020332468462637944 0.00025404299641482045 0.00023260694980329138 5.567097581155716e-05 0.005116552808196578 1.4926658368232684e-05 0.004755568734818811 1.8498421308498974e-06 2.5804331905427708e-05 2.9126335686085124e-06 1.8036000226403834e-05 5.2092240043702724e-05 0.006628669890876604 0.0012354244351974132 0.003484718199785588 1.671237594594414e-06 1.6185388735609934e-06
53 1.8869013992863958e-06 1.645638135309331e-06 1.8376615869073188e-06 1.4707670378264064e-06 1.6822189859019153e-06 0.11150228531971484 1.6793511858079473e-06 0.43281290970117337 1.7271041024774007e-06 0.0766078319004759 0.0006777975380573083 0.1790121384562154 1.8794042084255241e-06 0.00020332468462637944 0.00025404299641482045 0.00023260694980329138 5.567097581155716e-05 0.005116552808196578 1.4926658368232684e-05 0.004755568734818811 1.8498421308498974e-06 2.5804331905427708e-05 2.9126335686085124e-06 1.8036000226403834e-05 5.2092240043702724e-05 0.006628669890876604 0.0012354244351974132 0.003484718199785588 1.671237594594414e-06 1.6185388735609934e-06
54 1.8869013992863958e-06 1.645638135309331e-06 1.8376615869073188e-06 1.4707670378264064e-06 1.6822189859019153e-06 0.11150228531971484 1.6793511858079473e-06 0.43281290970117337 1.7271041024774007e-06 0.0766078319004759 0.0006777975380573083 0.1790121384562154 1.8794042084255241e-06 0.00020332468462637944 0.00025404299641482045 0.00023260694980329138 5.567097581155716e-05 0.005116552808196578 1.4926658368232684e-05 0.004755568734818811 1.8498421308498974e-06 2.5804331905427708e-05 2.9126335686085124e-06 1.8036000226403834e-05 5.2092240043702724e-05 0.006628669890876604 0.0012354244351974132 0.003484718199785588 1.671237594594414e-06 1.6185388735609934e-06
55 1.8869013992863958e-06 1.645638135309331e-06 1.8376615869073188e-06 1.4707670378264064e-06 1.6822189859019153e-06 0.11150228531971484 1.6793511858079473e-06 0.43281290970117337 1.7271041024774007e-06 0.0766078319004759 0.0006777975380573083 0.1790121384562154 1.8794042084255241e-06 0.00020332468462637944 0.00025404299641482045 0.00023260694980329138 5.567097581155716e-05 0.005116552808196578 1.4926658368232684e-05 0.004755568734818811 1.8498421308498974e-06 2.5804331905427708e-05 2.9126335686085124e-06 1.8036000226403834e-05 5.2092240043702724e-05 0.006628669890876604 0.0012354244351974132 0.003484718199785588 1.671237594594414e-06 1.6185388735609934e-06
56 1.8869013992863958e-06 1.645638135309331e-06 1.8376615869073188e-06 1.4707670378264064e-06 1.6822189859019153e-06 0.11150228531971484 1.6793511858079473e-06 0.43281290970117337 1.7271041024774007e-06 0.0766078319004759 0.0006777975380573083 0.1790121384562154 1.8794042084255241e-06 0.00020332468462637944 0.00025404299641482045 0.00023260694980329138 5.567097581155716e-05 0.005116552808196578 1.4926658368232684e-05 0.004755568734818811 1.8498421308498974e-06 2.5804331905427708e-05 2.9126335686085124e-06 1.8036000226403834e-05 5.2092240043702724e-05 0.006628669890876604 0.0012354244351974132 0.003484718199785588 1.671237594594414e-06 1.6185388735609934e-06
57 1.8869013992863958e-06 1.645638135309331e-06 1.8376615869073188e-06 1.4707670378264064e-06 1.6822189859019153e-06 0.11150228531971484 1.6793511858079473e-06 0.43281290970117337 1.7271041024774007e-06 0.0766078319004759 0.0006777975380573083 0.1790121384562154 1.8794042084255241e-06 0.00020332468462637944 0.00025404299641482045 0.00023260694980329138 5.567097581155716e-05 0.005116552808196578 1.4926658368232684e-05 0.004755568734818811 1.8498421308498974e-06 2.5804331905427708e-05 2.9126335686085124e-06 1.8036000226403834e-05 5.2092240043702724e-05 0.006628669890876604 0.0012354244351974132 0.003484718199785588 1.671237594594414e-06 1.6185388735609934e-06
58 1.8869013992863958e-06 1.645638135309331e-06 1.8376615869073188e-06 1.4707670378264064e-06 1.6822189859019153e-06 0.11150228531971484 1.6793511858079473e-06 0.43281290970117337 1.7271041024774007e-06 0.0766078319004759 0.0006777975380573083 0.1790121384562154 1.8794042084255241e-06 0.00020332468462637944 0.00025404299641482045 0.00023260694980329138 5.567097581155716e-05 0.005116552808196578 1.4926658368232684e-05 0.004755568734818811 1.8498421308498974e-06 2.5804331905427708e-05 2.9126335686085124e-06 1.8036000226403834e-05 5.2092240043702724e-05 0.006628669890876604 0.0012354244351974132 0.003484718199785588 1.671237594594414e-06 1.6185388735609934e-06
59 1.8869013992863958e-06 1.645638135309331e-06 1.8376615869073188e-06 1.4707670378264064e-06 1.6822189859019153e-06 0.11150228531971484 1.6793511858079473e-06 0.43281290970117337 1.7271041024774007e-06 0.0766078319004759 0.0006777975380573083 0.1790121384562154 1.8794042084255241e-06 0.00020332468462637944 0.00025404299641482045 0.00023260694980329138 5.567097581155716e-05 0.005116552808196578 1.4926658368232684e-05 0.004755568734818811 1.8498421308498974e-06 2.5804331905427708e-05 2.9126335686085124e-06 1.8036000226403834e-05 5.2092240043702724e-05 0.006628669890876604 0.0012354244351974132 0.003484718199785588 1.671237594594414e-06 1.6185388735609934e-06
60 1.8869013992863958e-06 1.645638135309331e-06 1.8376615869073188e-06 1.4707670378264064e-06 1.6822189859019153e-06 0.11150228531971484 1.6793511858079473e-06 0.43281290970117337 1.7271041024774007e-06 0.0766078319004759 0.0006777975380573083 0.1790121384562154 1.8794042084255241e-06 0.00020332468462637944 0.00025404299641482045 0.00023260694980329138 5.567097581155716e-05 0.005116552808196578 1.4926658368232684e-05 0.004755568734818811 1.8498421308498974e-06 2.5804331905427708e-05 2.9126335686085124e-06 1.8036000226403834e-05 5.2092240043702724e-05 0.006628669890876604 0.0012354244351974132 0.003484718199785588 1.671237594594414e-06 1.6185388735609934e-06
61 1.8869013992863958e-06 1.645638135309331e-06 1.8376615869073188e-06 1.4707670378264064e-06 1.6822189859019153e-06 0.11150228531971484 1.6793511858079473e-06 0.43281290970117337 1.7271041024774007e-06 0.0766078319004759 0.0006777975380573083 0.1790121384562154 1.8794042084255241e-06 0.00020332468462637944 0.00025404299641482045 0.00023260694980329138 5.567097581155716e-05 0.005116552808196578 1.4926658368232684e-05 0.004755568734818811 1.8498421308498974e-06 2.5804331905427708e-05 2.9126335686085124e-06 1.8036000226403834e-05 5.2092240043702724e-05 0.006628669890876604 0.0012354244351974132 0.003484718199785588 1.671237594594414e-06 1.6185388735609934e-06
62 1.8869013992863958e-06 1.645638135309331e-06 1.8376615869073188e-06 1.4707670378264064e-06 1.6822189859019153e-06 0.11150228531971484 1.6793511858079473e-06 0.43281290970117337 1.7271041024774007e-06 0.0766078319004759 0.0006777975380573083 0.1790121384562154 1.8794042084255241e-06 0.00020332468462637944 0.00025404299641482045 0.00023260694980329138 5.567097581155716e-05 0.005116552808196578 1.4926658368232684e-05 0.004755568734818811 1.8498421308498974e-06 2.5804331905427708e-05 2.9126335686085124e-06 1.8036000226403834e-05 5.2092240043702724e-05 0.006628669890876604 0.0012354244351974132 0.003484718199785588 1.671237594594414e-06 1.6185388735609934e-06
63 1.8869013992863958e-06 1.645638135309331e-06 1.8376615869073188e-06 1.4707670378264064e-06 1.6822189859019153e-06 0.11150228531971484 1.6793511858079473e-06 0.43281290970117337 1.7271041024774007e-06 0.0766078319004759 0.0006777975380573083 0.1790121384562154 1.8794042084255241e-06 0.00020332468462637944 0.00025404299641482045 0.00023260694980329138 5.567097581155716e-05 0.005116552808196578 1.4926658368232684e-05 0.004755568734818811 1.8498421308498974e-06 2.5804331905427708e-05 2.9126335686085124e-06 1.8036000226403834e-05 5.2092240043702724e-05 0.006628669890876604 0.0012354244351974132 0.003484718199785588 1.671237594594414e-06 1.6185388735609934e-06
64 1.8869013992863958e-06 1.645638135309331e-06 1.8376615869073188e-06 1.4707670378264064e-06 1.6822189859019153e-06 0.11150228531971484 1.6793511858079473e-06 0.43281290970117337 1.7271041024774007e-06 0.0766078319004759 0.0006777975380573083 0.1790121384562154 1.8794042084255241e-06 0.00020332468462637944 0.00025404299641482045 0.00023260694980329138 5.567097581155716e-05 0.005116552808196578 1.4926658368232684e-05 0.004755568734818811 1.8498421308498974e-06 2.5804331905427708e-05 2.9126335686085124e-06 1.8036000226403834e-05 5.2092240043702724e-05 0.006628669890876604 0.0012354244351974132 0.003484718199785588 1.671237594594414e-06 1.6185388735609934e-06
65 1.8869013992863958e-06 1.645638135309331e-06 1.8376615869073188e-06 1.4707670378264064e-06 1.6822189859019153e-06 0.11150228531971484 1.6793511858079473e-06 0.43281290970117337 1.7271041024774007e-06 0.0766078319004759 0.0006777975380573083 0.1790121384562154 1.8794042084255241e-06 0.00020332468462637944 0.00025404299641482045 0.00023260694980329138 5.567097581155716e-05 0.005116552808196578 1.4926658368232684e-05 0.004755568734818811 1.8498421308498974e-06 2.5804331905427708e-05 2.9126335686085124e-06 1.8036000226403834e-05 5.2092240043702724e-05 0.006628669890876604 0.0012354244351974132 0.003484718199785588 1.671237594594414e-06 1.6185388735609934e-06
66 1.8869013992863958e-06 1.645638135309331e-06 1.8376615869073188e-06 1.4707670378264064e-06 1.6822189859019153e-06 0.11150228531971484 1.6793511858079473e-06 0.43281290970117337 1.7271041024774007e-06 0.0766078319004759 0.0006777975380573083 0.1790121384562154 1.8794042084255241e-06 0.00020332468462637944 0.00025404299641482045 0.00023260694980329138 5.567097581155716e-05 0.005116552808196578 1.4926658368232684e-05 0.004755568734818811 1.8498421308498974e-06 2.5804331905427708e-05 2.9126335686085124e-06 1.8036000226403834e-05 5.2092240043702724e-05 0.006628669890876604 0.0012354244351974132 0.003484718199785588 1.671237594594414e-06 1.6185388735609934e-06
67 1.8869013992863958e-06 1.645638135309331e-06 1.8376615869073188e-06 1.4707670378264064e-06 1.6822189859019153e-06 0.11150228531971484 1.6793511858079473e-06 0.43281290970117337 1.7271041024774007e-06 0.0766078319004759 0.0006777975380573083 0.1790121384562154 1.8794042084255241e-06 0.00020332468462637944 0.00025404299641482045 0.00023260694980329138 5.567097581155716e-05 0.005116552808196578 1.4926658368232684e-05 0.004755568734818811 1.8498421308498974e-06 2.5804331905427708e-05 2.9126335686085124e-06 1.8036000226403834e-05 5.2092240043702724e-05 0.006628669890876604 0.0012354244351974132 0.003484718199785588 1.671237594594414e-06 1.6185388735609934e-06
68 8.748606380942528e-07 9.023137003771359e-07 8.956757616135182e-07 8.93170581265426e-07 8.565798778321681e-07 0.0633584671581965 9.257832996123913e-07 0.486032017323788 8.60763007906916e-07 0.048010321558804206 0.0003782455344228966 0.17608545583690016 8.856133759451722e-07 0.00010941222196475922 0.00013203408320953603 0.0001107709714268127 3.0736485616113055e-05 0.002896092948470191 7.592668849832323e-06 0.0006523602001129699 1.0933680630355037e-06 1.2140528017113674e-05 1.5811799005531755e-06 9.060116247096206e-06 2.7003309141364504e-05 0.0032197155627227167 0.0005372981077154825 0.0014665068109143012 9.253371762357619e-07 8.993751182414802e-07
69 8.748606380942528e-07 9.023137003771359e-07 8.956757616135182e-07 8.93170581265426e-07 8.565798778321681e-07 0.0633584671581965 9.257832996123913e-07 0.486032017323788 8.60763007906916e-07 0.048010321558804206 0.0003782455344228966 0.17608545583690016 8.856133759451722e-07 0.00010941222196475922 0.00013203408320953603 0.0001107709714268127 3.0736485616113055e-05 0.002896092948470191 7.592668849832323e-06 0.0006523602001129699 1.0933680630355037e-06 1.2140528017113674e-05 1.5811799005531755e-06 9.060116247096206e-06 2.7003309141364504e-05 0.0032197155627227167 0.0005372981077154825 0.0014665068109143012 9.253371762357619e-07 8.993751182414802e-07
70 8.748606380942528e-07 9.023137003771359e-07 8.956757616135182e-07 8.93170581265426e-07 8.565798778321681e-07 0.0633584671581965 9.257832996123913e-07 0.486032017323788 8.60763007906916e-07 0.048010321558804206 0.0003782455344228966 0.17608545583690016 8.856133759451722e-07 0.00010941222196475922 0.00013203408320953603 0.0001107709714268127 3.0736485616113055e-05 0.002896092948470191 7.592668849832323e-06 0.0006523602001129699 1.0933680630355037e-06 1.2140528017113674e-05 1.5811799005531755e-06 9.060116247096206e-06 2.7003309141364504e-05 0.0032197155627227167 0.0005372981077154825 0.0014665068109143012 9.253371762357619e-07 8.993751182414802e-07
71 8.748606380942528e-07 9.023137003771359e-07 8.956757616135182e-07 8.93170581265426e-07 8.565798778321681e-07 0.0633584671581965 9.257832996123913e-07 0.486032017323788 8.60763007906916e-07 0.048010321558804206 0.0003782455344228966 0.17608545583690016 8.856133759451722e-07 0.00010941222196475922 0.00013203408320953603 0.0001107709714268127 3.0736485616113055e-05 0.002896092948470191 7.592668849832323e-06 0.0006523602001129699 1.0933680630355037e-06 1.2140528017113674e-05 1.5811799005531755e-06 9.060116247096206e-06 2.7003309141364504e-05 0.0032197155627227167 0.0005372981077154825 0.0014665068109143012 9.253371762357619e-07 8.993751182414802e-07
72 8.748606380942528e-07 9.023137003771359e-07 8.956757616135182e-07 8.93170581265426e-07 8.565798778321681e-07 0.0633584671581965 9.257832996123913e-07 0.486032017323788 8.60763007906916e-07 0.048010321558804206 0.0003782455344228966 0.17608545583690016 8.856133759451722e-07 0.00010941222196475922 0.00013203408320953603 0.0001107709714268127 3.0736485616113055e-05 0.002896092948470191 7.592668849832323e-06 0.0006523602001129699 1.0933680630355037e-06 1.2140528017113674e-05 1.5811799005531755e-06 9.060116247096206e-06 2.7003309141364504e-05 0.0032197155627227167 0.0005372981077154825 0.0014665068109143012 9.253371762357619e-07 8.993751182414802e-07
73 8.748606380942528e-07 9.023137003771359e-07 8.956757616135182e-07 8.93170581265426e-07 8.565798778321681e-07 0.0633584671581965 9.257832996123913e-07 0.486032017323788 8.60763007906916e-07 0.048010321558804206 0.0003782455344228966 0.17608545583690016 8.856133759451722e-07 0.00010941222196475922 0.00013203408320953603 0.0001107709714268127 3.0736485616113055e-05 0.002896092948470191 7.592668849832323e-06 0.0006523602001129699 1.0933680630355037e-06 1.2140528017113674e-05 1.5811799005531755e-06 9.060116247096206e-06 2.7003309141364504e-05 0.0032197155627227167 0.0005372981077154825 0.0014665068109143012 9.253371762357619e-07 8.993751182414802e-07
74 8.748606380942528e-07 9.023137003771359e-07 8.956757616135182e-07 8.93170581265426e-07 8.565798778321681e-07 0.0633584671581965 9.257832996123913e-07 0.486032017323788 8.60763007906916e-07 0.048010321558804206 0.0003782455344228966 0.17608545583690016 8.856133759451722e-07 0.00010941222196475922 0.00013203408320953603 0.0001107709714268127 3.0736485616113055e-05 0.002896092948470191 7.592668849832323e-06 0.0006523602001129699 1.0933680630355037e-06 1.2140528017113674e-05 1.5811799005531755e-06 9.060116247096206e-06 2.7003309141364504e-05 0.0032197155627227167 0.0005372981077154825 0.0014665068109143012 9.253371762357619e-07 8.993751182414802e-07
75 8.748606380942528e-07 9.023137003771359e-07 8.956757616135182e-07 8.93170581265426e-07 8.565798778321681e-07 0.0633584671581965 9.257832996123913e-07 0.486032017323788 8.60763007906916e-07 0.048010321558804206 0.0003782455344228966 0.17608545583690016 8.856133759451722e-07 0.00010941222196475922 0.00013203408320953603 0.0001107709714268127 3.0736485616113055e-05 0.002896092948470191 7.592668849832323e-06 0.0006523602001129699 1.0933680630355037e-06 1.2140528017113674e-05 1.5811799005531755e-06 9.060116247096206e-06 2.7003309141364504e-05 0.0032197155627227167 0.0005372981077154825 0.0014665068109143012 9.253371762357619e-07 8.993751182414802e-07
76 8.748606380942528e-07 9.023137003771359e-07 8.956757616135182e-07 8.93170581265426e-07 8.565798778321681e-07 0.0633584671581965 9.257832996123913e-07 0.486032017323788 8.60763007906916e-07 0.048010321558804206 0.0003782455344228966 0.17608545583690016 8.856133759451722e-07 0.00010941222196475922 0.00013203408320953603 0.0001107709714268127 3.0736485616113055e-05 0.002896092948470191 7.592668849832323e-06 0.0006523602001129699 1.0933680630355037e-06 1.2140528017113674e-05 1.5811799005531755e-06 9.060116247096206e-06 2.7003309141364504e-05 0.0032197155627227167 0.0005372981077154825 0.0014665068109143012 9.253371762357619e-07 8.993751182414802e-07
77 8.748606380942528e-07 9.023137003771359e-07 8.956757616135182e-07 8.93170581265426e-07 8.565798778321681e-07 0.0633584671581965 9.257832996123913e-07 0.486032017323788 8.60763007906916e-07 0.048010321558804206 0.0003782455344228966 0.17608545583690016 8.856133759451722e-07 0.00010941222196475922 0.00013203408320953603 0.0001107709714268127 3.0736485616113055e-05 0.002896092948470191 7.592668849832323e-06 0.0006523602001129699 1.0933680630355037e-06 1.2140528017113674e-05 1.5811799005531755e-06 9.060116247096206e-06 2.7003309141364504e-05 0.0032197155627227167 0.0005372981077154825 0.0014665068109143012 9.253371762357619e-07 8.993751182414802e-07
78 8.748606380942528e-07 9.023137003771359e-07 8.956757616135182e-07 8.93170581265426e-07 8.565798778321681e-07 0.0633584671581965 9.257832996123913e-07 0.486032017323788 8.60763007906916e-07 0.048010321558804206 0.0003782455344228966 0.17608545583690016 8.856133759451722e-07 0.00010941222196475922 0.00013203408320953603 0.0001107709714268127 3.0736485616113055e-05 0.002896092948470191 7.592668849832323e-06 0.0006523602001129699 1.0933680630355037e-06 1.2140528017113674e-05 1.5811799005531755e-06 9.060116247096206e-06 2.7003309141364504e-05 0.0032197155627227167 0.0005372981077154825 0.0014665068109143012 9.253371762357619e-07 8.993751182414802e-07
79 8.748606380942528e-07 9.023137003771359e-07 8.956757616135182e-07 8.93170581265426e-07 8.565798778321681e-07 0.0633584671581965 9.257832996123913e-07 0.486032017323788 8.60763007906916e-07 0.048010321558804206 0.0003782455344228966 0.17608545583690016 8.856133759451722e-07 0.00010941222196475922 0.00013203408320953603 0.0001107709714268127 3.0736485616113055e-05 0.002896092948470191 7.592668849832323e-06 0.0006523602001129699 1.0933680630355037e-06 1.2140528017113674e-05 1.5811799005531755e-06 9.060116247096206e-06 2.7003309141364504e-05 0.0032197155627227167 0.0005372981077154825 0.0014665068109143012 9.253371762357619e-07 8.993751182414802e-07
80 8.748606380942528e-07 9.023137003771359e-07 8.956757616135182e-07 8.93170581265426e-07 8.565798778321681e-07 0.0633584671581965 9.257832996123913e-07 0.486032017323788 8.60763007906916e-07 0.048010321558804206 0.0003782455344228966 0.17608545583690016 8.856133759451722e-07 0.00010941222196475922 0.00013203408320953603 0.0001107709714268127 3.0736485616113055e-05 0.002896092948470191 7.592668849832323e-06 0.0006523602001129699 1.0933680630355037e-06 1.2140528017113674e-05 1.5811799005531755e-06 9.060116247096206e-06 2.7003309141364504e-05 0.0032197155627227167 0.0005372981077154825 0.0014665068109143012 9.253371762357619e-07 8.993751182414802e-07
81 8.748606380942528e-07 9.023137003771359e-07 8.956757616135182e-07 8.93170581265426e-07 8.565798778321681e-07 0.0633584671581965 9.257832996123913e-07 0.486032017323788 8.60763007906916e-07 0.048010321558804206 0.0003782455344228966 0.17608545583690016 8.856133759451722e-07 0.00010941222196475922 0.00013203408320953603 0.0001107709714268127 3.0736485616113055e-05 0.002896092948470191 7.592668849832323e-06 0.0006523602001129699 1.0933680630355037e-06 1.2140528017113674e-05 1.5811799005531755e-06 9.060116247096206e-06 2.7003309141364504e-05 0.0032197155627227167 0.0005372981077154825 0.0014665068109143012 9.253371762357619e-07 8.993751182414802e-07
82 8.748606380942528e-07 9.023137003771359e-07 8.956757616135182e-07 8.93170581265426e-07 8.565798778321681e-07 0.0633584671581965 9.257832996123913e-07 0.486032017323788 8.60763007906916e-07 0.048010321558804206 0.0003782455344228966 0.17608545583690016 8.856133759451722e-07 0.00010941222196475922 0.00013203408320953603 0.0001107709714268127 3.0736485616113055e-05 0.002896092948470191 7.592668849832323e-06 0.0006523602001129699 1.0933680630355037e-06 1.2140528017113674e-05 1.5811799005531755e-06 9.060116247096206e-06 2.7003309141364504e-05 0.0032197155627227167 0.0005372981077154825 0.0014665068109143012 9.253371762357619e-07 8.993751182414802e-07
83 8.748606380942528e-07 9.023137003771359e-07 8.956757616135182e-07 8.93170581265426e-07 8.565798778321681e-07 0.0633584671581965 9.257832996123913e-07 0.486032017323788 8.60763007906916e-07 0.048010321558804206 0.0003782455344228966 0.17608545583690016 8.856133759451722e-07 0.00010941222196475922 0.00013203408320953603 0.0001107709714268127 3.0736485616113055e-05 0.002896092948470191 7.592668849832323e-06 0.0006523602001129699 1.0933680630355037e-06 1.2140528017113674e-05 1.5811799005531755e-06 9.060116247096206e-06 2.7003309141364504e-05 0.0032197155627227167 0.0005372981077154825 0.0014665068109143012 9.253371762357619e-07 8.993751182414802e-07
84 8.748606380942528e-07 9.023137003771359e-07 8.956757616135182e-07 8.93170581265426e-07 8.565798778321681e-07 0.0633584671581965 9.257832996123913e-07 0.486032017323788 8.60763007906916e-07 0.048010321558804206 0.0003782455344228966 0.17608545583690016 8.856133759451722e-07 0.00010941222196475922 0.00013203408320953603 0.0001107709714268127 3.0736485616113055e-05 0.002896092948470191 7.592668849832323e-06 0.0006523602001129699 1.0933680630355037e-06 1.2140528017113674e-05 1.5811799005531755e-06 9.060116247096206e-06 2.7003309141364504e-05 0.0032197155627227167 0.0005372981077154825 0.0014665068109143012 9.253371762357619e-07 8.993751182414802e-07
85 8.748606380942528e-07 9.023137003771359e-07 8.956757616135182e-07 8.93170581265426e-07 8.565798778321681e-07 0.0633584671581965 9.257832996123913e-07 0.486032017323788 8.60763007906916e-07 0.048010321558804206 0.0003782455344228966 0.17608545583690016 8.856133759451722e-07 0.00010941222196475922 0.00013203408320953603 0.0001107709714268127 3.0736485616113055e-05 0.002896092948470191 7.592668849832323e-06 0.0006523602001129699 1.0933680630355037e-06 1.2140528017113674e-05 1.5811799005531755e-06 9.060116247096206e-06 2.7003309141364504e-05 0.0032197155627227167 0.0005372981077154825 0.0014665068109143012 9.253371762357619e-07 8.993751182414802e-07
86 8.748606380942528e-07 9.023137003771359e-07 8.956757616135182e-07 8.93170581265426e-07 8.565798778321681e-07 0.0633584671581965 9.257832996123913e-07 0.486032017323788 8.60763007906916e-07 0.048010321558804206 0.0003782455344228966 0.17608545583690016 8.856133759451722e-07 0.00010941222196475922 0.00013203408320953603 0.0001107709714268127 3.0736485616113055e-05 0.002896092948470191 7.592668849832323e-06 0.0006523602001129699 1.0933680630355037e-06 1.2140528017113674e-05 1.5811799005531755e-06 9.060116247096206e-06 2.7003309141364504e-05 0.0032197155627227167 0.0005372981077154825 0.0014665068109143012 9.253371762357619e-07 8.993751182414802e-07
87 8.748606380942528e-07 9.023137003771359e-07 8.956757616135182e-07 8.93170581265426e-07 8.565798778321681e-07 0.0633584671581965 9.257832996123913e-07 0.486032017323788 8.60763007906916e-07 0.048010321558804206 0.0003782455344228966 0.17608545583690016 8.856133759451722e-07 0.00010941222196475922 0.00013203408320953603 0.0001107709714268127 3.0736485616113055e-05 0.002896092948470191 7.592668849832323e-06 0.0006523602001129699 1.0933680630355037e-06 1.2140528017113674e-05 1.5811799005531755e-06 9.060116247096206e-06 2.7003309141364504e-05 0.0032197155627227167 0.0005372981077154825 0.0014665068109143012 9.253371762357619e-07 8.993751182414802e-07
88 8.748606380942528e-07 9.023137003771359e-07 8.956757616135182e-07 8.93170581265426e-07 8.565798778321681e-07 0.0633584671581965 9.257832996123913e-07 0.486032017323788 8.60763007906916e-07 0.048010321558804206 0.0003782455344228966 0.17608545583690016 8.856133759451722e-07 0.00010941222196475922 0.00013203408320953603 0.0001107709714268127 3.0736485616113055e-05 0.002896092948470191 7.592668849832323e-06 0.0006523602001129699 1.0933680630355037e-06 1.2140528017113674e-05 1.5811799005531755e-06 9.060116247096206e-06 2.7003309141364504e-05 0.0032197155627227167 0.0005372981077154825 0.0014665068109143012 9.253371762357619e-07 8.993751182414802e-07
89 8.748606380942528e-07 9.023137003771359e-07 8.956757616135182e-07 8.93170581265426e-07 8.565798778321681e-07 0.0633584671581965 9.257832996123913e-07 0.486032017323788 8.60763007906916e-07 0.048010321558804206 0.0003782455344228966 0.17608545583690016 8.856133759451722e-07 0.00010941222196475922 0.00013203408320953603 0.0001107709714268127 3.0736485616113055e-05 0.002896092948470191 7.592668849832323e-06 0.0006523602001129699 1.0933680630355037e-06 1.2140528017113674e-05 1.5811799005531755e-06 9.060116247096206e-06 2.7003309141364504e-05 0.0032197155627227167 0.0005372981077154825 0.0014665068109143012 9.253371762357619e-07 8.993751182414802e-07
90 8.748606380942528e-07 9.023137003771359e-07 8.956757616135182e-07 8.93170581265426e-07 8.565798778321681e-07 0.0633584671581965 9.257832996123913e-07 0.486032017323788 8.60763007906916e-07 0.048010321558804206 0.0003782455344228966 0.17608545583690016 8.856133759451722e-07 0.00010941222196475922 0.00013203408320953603 0.0001107709714268127 3.0736485616113055e-05 0.002896092948470191 7.592668849832323e-06 0.0006523602001129699 1.0933680630355037e-06 1.2140528017113674e-05 1.5811799005531755e-06 9.060116247096206e-06 2.7003309141364504e-05 0.0032197155627227167 0.0005372981077154825 0.0014665068109143012 9.253371762357619e-07 8.993751182414802e-07
91 8.748606380942528e-07 9.023137003771359e-07 8.956757616135182e-07 8.93170581265426e-07 8.565798778321681e-07 0.0633584671581965 9.257832996123913e-07 0.486032017323788 8.60763007906916e-07 0.048010321558804206 0.0003782455344228966 0.17608545583690016 8.856133759451722e-07 0.00010941222196475922 0.00013203408320953603 0.0001107709714268127 3.0736485616113055e-05 0.002896092948470191 7.592668849832323e-06 0.0006523602001129699 1.0933680630355037e-06 1.2140528017113674e-05 1.5811799005531755e-06 9.060116247096206e-06 2.7003309141364504e-05 0.0032197155627227167 0.0005372981077154825 0.0014665068109143012 9.253371762357619e-07 8.993751182414802e-07
92 8.748606380942528e-07 9.023137003771359e-07 8.956757616135182e-07 8.93170581265426e-07 8.565798778321681e-07 0.0633584671581965 9.257832996123913e-07 0.486032017323788 8.60763007906916e-07 0.048010321558804206 0.0003782455344228966 0.17608545583690016 8.856133759451722e-07 0.00010941222196475922 0.00013203408320953603 0.0001107709714268127 3.0736485616113055e-05 0.002896092948470191 7.592668849832323e-06 0.0006523602001129699 1.0933680630355037e-06 1.2140528017113674e-05 1.5811799005531755e-06 9.060116247096206e-06 2.7003309141364504e-05 0.0032197155627227167 0.0005372981077154825 0.0014665068109143012 9.253371762357619e-07 8.993751182414802e-07
93 8.748606380942528e-07 9.023137003771359e-07 8.956757616135182e-07 8.93170581265426e-07 8.565798778321681e-07 0.0633584671581965 9.257832996123913e-07 0.486032017323788 8.60763007906916e-07 0.048010321558804206 0.0003782455344228966 0.17608545583690016 8.856133759451722e-07 0.00010941222196475922 0.00013203408320953603 0.0001107709714268127 3.0736485616113055e-05 0.002896092948470191 7.592668849832323e-06 0.0006523602001129699 1.0933680630355037e-06 1.2140528017113674e-05 1.5811799005531755e-06 9.060116247096206e-06 2.7003309141364504e-05 0.0032197155627227167 0.0005372981077154825 0.0014665068109143012 9.253371762357619e-07 8.993751182414802e-07
94 8.748606380942528e-07 9.023137003771359e-07 8.956757616135182e-07 8.93170581265426e-07 8.565798778321681e-07 0.0633584671581965 9.257832996123913e-07 0.486032017323788 8.60763007906916e-07 0.048010321558804206 0.0003782455344228966 0.17608545583690016 8.856133759451722e-07 0.00010941222196475922 0.00013203408320953603 0.0001107709714268127 3.0736485616113055e-05 0.002896092948470191 7.592668849832323e-06 0.0006523602001129699 1.0933680630355037e-06 1.2140528017113674e-05 1.5811799005531755e-06 9.060116247096206e-06 2.7003309141364504e-05 0.0032197155627227167 0.0005372981077154825 0.0014665068109143012 9.253371762357619e-07 8.993751182414802e-07
95 8.748606380942528e-07 9.023137003771359e-07 8.956757616135182e-07 8.93170581265426e-07 8.565798778321681e-07 0.0633584671581965 9.257832996123913e-07 0.486032017323788 8.60763007906916e-07 0.048010321558804206 0.0003782455344228966 0.17608545583690016 8.856133759451722e-07 0.00010941222196475922 0.00013203408320953603 0.0001107709714268127 3.0736485616113055e-05 0.002896092948470191 7.592668849832323e-06 0.0006523602001129699 1.0933680630355037e-06 1.2140528017113674e-05 1.5811799005531755e-06 9.060116247096206e-06 2.7003309141364504e-05 0.0032197155627227167 0.0005372981077154825 0.0014665068109143012 9.253371762357619e-07 8.993751182414802e-07
96 8.748606380942528e-07 9.023137003771359e-07 8.956757616135182e-07 8.93170581265426e-07 8.565798778321681e-07 0.0633584671581965 9.257832996123913e-07 0.486032017323788 8.60763007906916e-07 0.048010321558804206 0.0003782455344228966 0.17608545583690016 8.856133759451722e-07 0.00010941222196475922 0.00013203408320953603 0.0001107709714268127 3.0736485616113055e-05 0.002896092948470191 7.592668849832323e-06 0.0006523602001129699 1.0933680630355037e-06 1.2140528017113674e-05 1.5811799005531755e-06 9.060116247096206e-06 2.7003309141364504e-05 0.0032197155627227167 0.0005372981077154825 0.0014665068109143012 9.253371762357619e-07 8.993751182414802e-07
97 8.748606380942528e-07 9.023137003771359e-07 8.956757616135182e-07 8.93170581265426e-07 8.565798778321681e-07 0.0633584671581965 9.257832996123913e-07 0.486032017323788 8.60763007906916e-07 0.048010321558804206 0.0003782455344228966 0.17608545583690016 8.856133759451722e-07 0.00010941222196475922 0.00013203408320953603 0.0001107709714268127 3.0736485616113055e-05 0.002896092948470191 7.592668849832323e-06 0.0006523602001129699 1.0933680630355037e-06 1.2140528017113674e-05 1.5811799005531755e-06 9.060116247096206e-06 2.7003309141364504e-05 0.0032197155627227167 0.0005372981077154825 0.0014665068109143012 9.253371762357619e-07 8.993751182414802e-07
98 8.748606380942528e-07 9.023137003771359e-07 8.956757616135182e-07 8.93170581265426e-07 8.565798778321681e-07 0.0633584671581965 9.257832996123913e-07 0.486032017323788 8.60763007906916e-07 0.048010321558804206 0.0003782455344228966 0.17608545583690016 8.856133759451722e-07 0.00010941222196475922 0.00013203408320953603 0.0001107709714268127 3.0736485616113055e-05 0.002896092948470191 7.592668849832323e-06 0.0006523602001129699 1.0933680630355037e-06 1.2140528017113674e-05 1.5811799005531755e-06 9.060116247096206e-06 2.7003309141364504e-05 0.0032197155627227167 0.0005372981077154825 0.0014665068109143012 9.253371762357619e-07 8.993751182414802e-07
99 8.748606380942528e-07 9.023137003771359e-07 8.956757616135182e-07 8.93170581265426e-07 8.565798778321681e-07 0.0633584671581965 9.257832996123913e-07 0.486032017323788 8.60763007906916e-07 0.048010321558804206 0.0003782455344228966 0.17608545583690016 8.856133759451722e-07 0.00010941222196475922 0.00013203408320953603 0.0001107709714268127 3.0736485616113055e-05 0.002896092948470191 7.592668849832323e-06 0.0006523602001129699 1.0933680630355037e-06 1.2140528017113674e-05 1.5811799005531755e-06 9.060116247096206e-06 2.7003309141364504e-05 0.0032197155627227167 0.0005372981077154825 0.0014665068109143012 9.253371762357619e-07 8.993751182414802e-07
100 8.748606380942528e-07 9.023137003771359e-07 8.956757616135182e-07 8.93170581265426e-07 8.565798778321681e-07 0.0633584671581965 9.257832996123913e-07 0.486032017323788 8.60763007906916e-07 0.048010321558804206 0.0003782455344228966 0.17608545583690016 8.856133759451722e-07 0.00010941222196475922 0.00013203408320953603 0.0001107709714268127 3.0736485616113055e-05 0.002896092948470191 7.592668849832323e-06 0.0006523602001129699 1.0933680630355037e-06 1.2140528017113674e-05 1.5811799005531755e-06 9.060116247096206e-06 2.7003309141364504e-05 0.0032197155627227167 0.0005372981077154825 0.0014665068109143012 9.253371762357619e-07 8.993751182414802e-07
101 8.748606380942528e-07 9.023137003771359e-07 8.956757616135182e-07 8.93170581265426e-07 8.565798778321681e-07 0.0633584671581965 9.257832996123913e-07 0.486032017323788 8.60763007906916e-07 0.048010321558804206 0.0003782455344228966 0.17608545583690016 8.856133759451722e-07 0.00010941222196475922 0.00013203408320953603 0.0001107709714268127 3.0736485616113055e-05 0.002896092948470191 7.592668849832323e-06 0.0006523602001129699 1.0933680630355037e-06 1.2140528017113674e-05 1.5811799005531755e-06 9.060116247096206e-06 2.7003309141364504e-05 0.0032197155627227167 0.0005372981077154825 0.0014665068109143012 9.253371762357619e-07 8.993751182414802e-07
102 8.748606380942528e-07 9.023137003771359e-07 8.956757616135182e-07 8.93170581265426e-07 8.565798778321681e-07 0.0633584671581965 9.257832996123913e-07 0.486032017323788 8.60763007906916e-07 0.048010321558804206 0.0003782455344228966 0.17608545583690016 8.856133759451722e-07 0.00010941222196475922 0.00013203408320953603 0.0001107709714268127 3.0736485616113055e-05 0.002896092948470191 7.592668849832323e-06 0.0006523602001129699 1.0933680630355037e-06 1.2140528017113674e-05 1.5811799005531755e-06 9.060116247096206e-06 2.7003309141364504e-05 0.0032197155627227167 0.0005372981077154825 0.0014665068109143012 9.253371762357619e-07 8.993751182414802e-07
103 8.748606380942528e-07 9.023137003771359e-07 8.956757616135182e-07 8.93170581265426e-07 8.565798778321681e-07 0.0633584671581965 9.257832996123913e-07 0.486032017323788 8.60763007906916e-07 0.048010321558804206 0.0003782455344228966 0.17608545583690016 8.856133759451722e-07 0.00010941222196475922 0.00013203408320953603 0.0001107709714268127 3.0736485616113055e-05 0.002896092948470191 7.592668849832323e-06 0.0006523602001129699 1.0933680630355037e-06 1.2140528017113674e-05 1.5811799005531755e-06 9.060116247096206e-06 2.7003309141364504e-05 0.0032197155627227167 0.0005372981077154825 0.0014665068109143012 9.253371762357619e-07 8.993751182414802e-07
104 8.748606380942528e-07 9.023137003771359e-07 8.956757616135182e-07 8.93170581265426e-07 8.565798778321681e-07 0.0633584671581965 9.257832996123913e-07 0.486032017323788 8.60763007906916e-07 0.048010321558804206 0.0003782455344228966 0.17608545583690016 8.856133759451722e-07 0.00010941222196475922 0.00013203408320953603 0.0001107709714268127 3.0736485616113055e-05 0.002896092948470191 7.592668849832323e-06 0.0006523602001129699 1.0933680630355037e-06 1.2140528017113674e-05 1.5811799005531755e-06 9.060116247096206e-06 2.7003309141364504e-05 0.0032197155627227167 0.0005372981077154825 0.0014665068109143012 9.253371762357619e-07 8.993751182414802e-07
105 8.748606380942528e-07 9.023137003771359e-07 8.956757616135182e-07 8.93170581265426e-07 8.565798778321681e-07 0.0633584671581965 9.257832996123913e-07 0.486032017323788 8.60763007906916e-07 0.048010321558804206 0.0003782455344228966 0.17608545583690016 8.856133759451722e-07 0.00010941222196475922 0.00013203408320953603 0.0001107709714268127 3.0736485616113055e-05 0.002896092948470191 7.592668849832323e-06 0.0006523602001129699 1.0933680630355037e-06 1.2140528017113674e-05 1.5811799005531755e-06 9.060116247096206e-06 2.7003309141364504e-05 0.0032197155627227167 0.0005372981077154825 0.0014665068109143012 9.253371762357619e-07 8.993751182414802e-07
106 8.748606380942528e-07 9.023137003771359e-07 8.956757616135182e-07 8.93170581265426e-07 8.565798778321681e-07 0.0633584671581965 9.257832996123913e-07 0.486032017323788 8.60763007906916e-07 0.048010321558804206 0.0003782455344228966 0.17608545583690016 8.856133759451722e-07 0.00010941222196475922 0.00013203408320953603 0.0001107709714268127 3.0736485616113055e-05 0.002896092948470191 7.592668849832323e-06 0.0006523602001129699 1.0933680630355037e-06 1.2140528017113674e-05 1.5811799005531755e-06 9.060116247096206e-06 2.7003309141364504e-05 0.0032197155627227167 0.0005372981077154825 0.0014665068109143012 9.253371762357619e-07 8.993751182414802e-07
107 8.748606380942528e-07 9.023137003771359e-07 8.956757616135182e-07 8.93170581265426e-07 8.565798778321681e-07 0.0633584671581965 9.257832996123913e-07 0.486032017323788 8.60763007906916e-07 0.048010321558804206 0.0003782455344228966 0.17608545583690016 8.856133759451722e-07 0.00010941222196475922 0.00013203408320953603 0.0001107709714268127 3.0736485616113055e-05 0.002896092948470191 7.592668849832323e-06 0.0006523602001129699 1.0933680630355037e-06 1.2140528017113674e-05 1.5811799005531755e-06 9.060116247096206e-06 2.7003309141364504e-05 0.0032197155627227167 0.0005372981077154825 0.0014665068109143012 9.253371762357619e-07 8.993751182414802e-07
108 8.748606380942528e-07 9.023137003771359e-07 8.956757616135182e-07 8.93170581265426e-07 8.565798778321681e-07 0.0633584671581965 9.257832996123913e-07 0.486032017323788 8.60763007906916e-07 0.048010321558804206 0.0003782455344228966 0.17608545583690016 8.856133759451722e-07 0.00010941222196475922 0.00013203408320953603 0.0001107709714268127 3.0736485616113055e-05 0.002896092948470191 7.592668849832323e-06 0.0006523602001129699 1.0933680630355037e-06 1.2140528017113674e-05 1.5811799005531755e-06 9.060116247096206e-06 2.7003309141364504e-05 0.0032197155627227167 0.0005372981077154825 0.0014665068109143012 9.253371762357619e-07 8.993751182414802e-07
