3.385679200000000037e+03 5.329830139999999414e-14
3.389736820000000080e+03 4.756690040000000220e-14
3.393794429999999920e+03 4.820865999999999872e-14
3.397852049999999963e+03 5.266461910000000434e-14
3.401909670000000460e+03 5.366835990000000816e-14
3.405967290000000048e+03 3.921228919999999582e-14
3.410024899999999889e+03 3.149238000000000076e-14
3.414082279999999628e+03 3.351319060000000045e-14
3.418139889999999923e+03 4.898989880000000057e-14
3.422197509999999966e+03 4.470683940000000694e-14
3.426255129999999554e+03 5.282524019999999925e-14
3.430312739999999849e+03 4.465045070000000186e-14
3.434370360000000346e+03 5.098865940000000693e-14
3.438427979999999479e+03 5.309708019999999145e-14
3.442485599999999977e+03 5.175255089999999233e-14
3.446543210000000272e+03 4.377493040000000145e-14
3.450600829999999860e+03 5.359944870000000781e-14
3.454658449999999903e+03 5.221692149999999941e-14
3.458715820000000349e+03 4.743569160000000355e-14
3.462773439999999937e+03 6.639795049999999960e-14
3.466831049999999777e+03 6.571512679999999049e-14
3.470888670000000275e+03 6.487205109999999259e-14
3.474946289999999863e+03 6.510686220000000300e-14
3.479003910000000360e+03 5.728058949999999475e-14
3.483061520000000201e+03 5.354414080000000378e-14
3.487119139999999788e+03 6.672264199999999633e-14
3.491176760000000286e+03 6.030167820000000006e-14
3.495234379999999874e+03 6.528725990000000927e-14
3.499291989999999714e+03 6.120939260000000076e-14
3.503349610000000212e+03 5.742407009999999278e-14
3.507406979999999749e+03 5.014856869999999541e-14
3.511464599999999791e+03 6.058710800000000048e-14
3.515522220000000289e+03 7.672347190000000941e-14
3.519579829999999674e+03 7.709577329999999511e-14
3.523637450000000172e+03 7.627116309999999534e-14
3.527695070000000214e+03 6.761517750000000671e-14
3.531752689999999802e+03 7.563557660000000128e-14
3.535810300000000097e+03 7.290092740000000077e-14
3.539867920000000140e+03 5.826423190000000728e-14
3.543925539999999728e+03 6.692258239999999611e-14
3.547983150000000023e+03 8.208273740000000786e-14
3.552040770000000521e+03 6.625673989999999677e-14
3.556098140000000058e+03 6.521194169999999493e-14
3.560155760000000100e+03 7.173824250000000304e-14
3.564213379999999688e+03 6.554567269999999554e-14
3.568270999999999731e+03 6.772386879999999839e-14
3.572328610000000026e+03 7.227791770000000166e-14
3.576386229999999614e+03 7.420604249999999632e-14
3.580443850000000111e+03 7.965865790000000330e-14
3.584501459999999952e+03 7.970083330000000199e-14
3.588559079999999540e+03 6.589208210000001068e-14
3.592616700000000037e+03 5.887635209999999479e-14
3.596674320000000080e+03 7.362301280000000619e-14
3.600731929999999920e+03 7.443964740000000302e-14
3.604789310000000114e+03 6.485147839999999519e-14
3.608846920000000409e+03 6.046424749999999762e-14
3.612904539999999997e+03 6.492374730000000632e-14
3.616962160000000040e+03 6.979394949999999738e-14
3.621019779999999628e+03 7.270592680000000145e-14
3.625077389999999923e+03 7.170947730000000703e-14
3.629135009999999966e+03 7.101444950000000212e-14
3.633192629999999554e+03 6.765349730000000537e-14
3.637250239999999849e+03 5.656724889999999262e-14
3.641307860000000346e+03 6.320149209999999155e-14
3.645365479999999479e+03 6.304830789999999876e-14
3.649422849999999926e+03 6.079782939999999667e-14
3.653480470000000423e+03 6.943146690000001094e-14
3.657538090000000011e+03 5.029915079999999915e-14
3.661595699999999852e+03 4.730271080000000207e-14
3.665653320000000349e+03 5.662806920000000131e-14
3.669710939999999937e+03 5.285051909999999500e-14
3.673768549999999777e+03 4.108137919999999796e-14
3.677826170000000275e+03 4.615139990000000128e-14
3.681883789999999863e+03 4.930074970000000268e-14
3.685941410000000360e+03 5.085155860000000254e-14
3.689999020000000201e+03 4.868208019999999840e-14
3.694056639999999788e+03 4.171944910000000560e-14
3.698114010000000235e+03 4.168383979999999542e-14
3.702171629999999823e+03 4.382877120000000140e-14
3.706229249999999865e+03 4.604556139999999454e-14
3.710286870000000363e+03 4.466312910000000377e-14
3.714344479999999749e+03 4.465918870000000007e-14
3.718402099999999791e+03 4.392935129999999562e-14
3.722459720000000289e+03 4.312053980000000711e-14
3.726517329999999674e+03 4.060532970000000150e-14
3.730574950000000172e+03 3.954010109999999873e-14
3.734632570000000214e+03 4.563489950000000174e-14
3.738690189999999802e+03 4.812842900000000430e-14
3.742747800000000097e+03 4.852119139999999805e-14
3.746805179999999837e+03 5.166599099999999826e-14
3.750862789999999677e+03 5.119263169999999709e-14
3.754920410000000174e+03 4.671422959999999948e-14
3.758978029999999762e+03 4.998421039999999809e-14
3.763035640000000058e+03 4.757111860000000637e-14
3.767093260000000100e+03 4.571873889999999652e-14
3.771150879999999688e+03 5.055943049999999324e-14
3.775208500000000186e+03 5.421292080000000752e-14
3.779266110000000026e+03 4.691155099999999747e-14
3.783323729999999614e+03 4.819266120000000140e-14
3.787381350000000111e+03 5.462425009999999376e-14
3.791438959999999952e+03 5.130264089999999446e-14
3.795496339999999691e+03 5.373683070000000575e-14
3.799553960000000188e+03 5.691038190000000442e-14
3.803611570000000484e+03 5.140641940000000605e-14
3.807669190000000071e+03 5.329073909999999567e-14
3.811726810000000114e+03 5.602191889999998973e-14
3.815784420000000409e+03 6.119558260000000064e-14
3.819842039999999997e+03 6.331197909999999756e-14
3.823899660000000040e+03 6.033269990000000316e-14
3.827957279999999628e+03 6.473458110000000418e-14
3.832014889999999923e+03 6.884147789999998951e-14
3.836072509999999966e+03 7.339879300000000426e-14
3.840129879999999503e+03 8.100130670000000335e-14
3.844187500000000000e+03 8.494867679999999238e-14
3.848245120000000497e+03 8.429194840000000242e-14
3.852302729999999883e+03 8.542071130000001119e-14
3.856360349999999926e+03 8.502339189999998592e-14
3.860417970000000423e+03 8.710394199999999957e-14
3.864475590000000011e+03 9.423955760000000171e-14
3.868533199999999852e+03 9.616737739999999449e-14
3.872590820000000349e+03 9.371716190000000018e-14
3.876648439999999937e+03 9.686104320000000480e-14
3.880706049999999777e+03 9.762661869999998994e-14
3.884763670000000275e+03 9.502824009999999814e-14
3.888821039999999812e+03 9.604610269999999011e-14
3.892878660000000309e+03 1.018456019999999994e-13
3.896936279999999897e+03 1.059718990000000070e-13
3.900993899999999940e+03 1.061629019999999814e-13
3.905051510000000235e+03 1.113311980000000152e-13
3.909109129999999823e+03 1.149312040000000064e-13
3.913166749999999865e+03 1.172296039999999918e-13
3.917224370000000363e+03 1.233939980000000171e-13
3.921281979999999749e+03 1.228946960000000072e-13
3.925339599999999791e+03 1.246102020000000128e-13
3.929397220000000289e+03 1.257509989999999974e-13
3.933454829999999674e+03 1.215764959999999977e-13
3.937512210000000323e+03 1.229434039999999972e-13
3.941569820000000163e+03 1.255597050000000187e-13
3.945627439999999751e+03 1.235032040000000076e-13
3.949685060000000249e+03 1.268508949999999812e-13
3.953742679999999837e+03 1.255418019999999792e-13
3.957800289999999677e+03 1.234699059999999821e-13
3.961857910000000174e+03 1.207313059999999860e-13
3.965915529999999762e+03 1.162524940000000023e-13
3.969973140000000058e+03 1.191901939999999979e-13
3.974030760000000100e+03 1.149914040000000226e-13
3.978088379999999688e+03 1.110389990000000092e-13
3.982145999999999731e+03 1.131756969999999893e-13
3.986203370000000177e+03 1.111291979999999950e-13
3.990260989999999765e+03 1.104581990000000184e-13
3.994318600000000060e+03 1.098271999999999967e-13
3.998376220000000103e+03 1.067541980000000010e-13
4.002433839999999691e+03 1.081245009999999888e-13
4.006491460000000188e+03 1.059334980000000104e-13
4.010549070000000484e+03 1.052091970000000000e-13
4.014606690000000071e+03 1.083823990000000047e-13
4.018664310000000114e+03 1.092456000000000111e-13
4.022721920000000409e+03 1.108323980000000159e-13
4.026779539999999997e+03 1.121071009999999869e-13
4.030837160000000040e+03 1.128160000000000062e-13
4.034894529999999577e+03 1.144910990000000103e-13
4.038952150000000074e+03 1.132218030000000060e-13
4.043009770000000117e+03 1.168201010000000018e-13
4.047067379999999503e+03 1.219819059999999989e-13
4.051125000000000000e+03 1.241480059999999991e-13
4.055182620000000497e+03 1.225238039999999886e-13
4.059240229999999883e+03 1.253012040000000167e-13
4.063297849999999926e+03 1.285766059999999859e-13
4.067355470000000423e+03 1.267855040000000097e-13
4.071413090000000011e+03 1.251996010000000016e-13
4.075470699999999852e+03 1.279525940000000000e-13
4.079528079999999591e+03 1.334338050000000083e-13
4.083585689999999886e+03 1.322979000000000012e-13
4.087643309999999929e+03 1.319179010000000003e-13
4.091700929999999516e+03 1.323422979999999973e-13
4.095758539999999812e+03 1.288059009999999829e-13
4.099816410000000360e+03 1.269105940000000182e-13
4.103873539999999593e+03 1.290082950000000079e-13
4.107931150000000343e+03 1.344558010000000071e-13
4.111988769999999931e+03 1.307330980000000247e-13
4.116046389999999519e+03 1.268233019999999824e-13
4.120104000000000269e+03 1.281281940000000150e-13
4.124161619999999857e+03 1.242027039999999836e-13
4.128219239999999445e+03 1.213527030000000073e-13
4.132276859999999942e+03 1.210714059999999948e-13
4.136334470000000692e+03 1.192706960000000067e-13
4.140392090000000280e+03 1.202053999999999949e-13
4.144449709999999868e+03 1.198397930000000030e-13
4.148507320000000618e+03 1.226305029999999950e-13
4.152564940000000206e+03 1.224868050000000046e-13
4.156622559999999794e+03 1.224222950000000196e-13
4.160680179999999382e+03 1.222341050000000121e-13
4.164737790000000132e+03 1.219576059999999815e-13
4.168795409999999720e+03 1.254100990000000064e-13
4.172853029999999308e+03 1.202785019999999980e-13
4.176910640000000058e+03 1.166241040000000052e-13
4.180968260000000555e+03 1.134762989999999907e-13
4.185025880000000143e+03 1.132719000000000048e-13
4.189083499999999731e+03 1.099325030000000021e-13
4.193141110000000481e+03 1.064116990000000013e-13
4.197198730000000069e+03 1.092363980000000144e-13
4.201255860000000212e+03 1.068741989999999980e-13
4.205313479999999799e+03 1.063145000000000010e-13
4.209371089999999640e+03 1.030184980000000046e-13
4.213428710000000137e+03 1.005156990000000080e-13
4.217486329999999725e+03 9.941084279999998962e-14
4.221543950000000223e+03 1.007318010000000011e-13
4.225601560000000063e+03 9.954537189999999318e-14
4.229659179999999651e+03 1.001957980000000039e-13
4.233716800000000148e+03 9.823354149999999812e-14
4.237774409999999989e+03 9.501024230000000100e-14
4.241832029999999577e+03 9.497192939999999794e-14
4.245889650000000074e+03 9.372626240000001201e-14
4.249947270000000572e+03 9.116270699999998576e-14
4.254004879999999503e+03 8.815218250000000327e-14
4.258062500000000000e+03 9.016892050000001045e-14
4.262120120000000497e+03 8.857567189999999954e-14
4.266177729999999428e+03 8.940705839999999414e-14
4.270235349999999926e+03 8.420195960000001038e-14
4.274292970000000423e+03 8.724438679999999512e-14
4.278350590000000011e+03 8.586242199999999276e-14
4.282408199999999852e+03 8.391928779999999304e-14
4.286465820000000349e+03 8.377437059999999490e-14
4.290523439999999937e+03 8.461680930000000020e-14
4.294580570000000080e+03 8.304416049999999759e-14
4.298638179999999920e+03 8.204205269999999638e-14
4.302695800000000418e+03 8.197317200000000001e-14
4.306753420000000006e+03 8.074735269999999686e-14
4.310811039999999593e+03 7.985785969999999091e-14
4.314868650000000343e+03 8.220073929999999564e-14
4.318926269999999931e+03 8.152515260000000254e-14
4.322983889999999519e+03 8.028248070000001063e-14
4.327041500000000269e+03 8.088197000000000347e-14
4.331099119999999857e+03 8.491587289999998829e-14
4.335156739999999445e+03 8.811586170000000443e-14
4.339214359999999942e+03 8.497742170000000150e-14
4.343271970000000692e+03 8.488088699999999839e-14
4.347329590000000280e+03 8.804864800000000455e-14
4.351387209999999868e+03 8.960556230000000327e-14
4.355444820000000618e+03 9.149059010000000109e-14
4.359502440000000206e+03 9.411376979999999893e-14
4.363560059999999794e+03 9.392953669999999531e-14
4.367617679999999382e+03 9.390609090000000716e-14
4.371675290000000132e+03 9.636176810000001210e-14
4.375732909999999720e+03 9.392358039999999168e-14
4.379790529999999308e+03 9.278966759999999818e-14
4.383848140000000058e+03 9.177034810000000661e-14
4.387905760000000555e+03 9.098628699999999225e-14
4.391962889999999788e+03 8.937218100000000680e-14
4.396020510000000286e+03 8.818598930000000035e-14
4.400078120000000126e+03 8.690675269999998726e-14
4.404135739999999714e+03 8.746964329999999027e-14
4.408193360000000212e+03 8.812429139999999820e-14
4.412250979999999799e+03 8.723460189999999291e-14
4.416308589999999640e+03 8.447910199999999457e-14
4.420366210000000137e+03 8.887489810000000252e-14
4.424423829999999725e+03 8.829598160000000392e-14
4.428481450000000223e+03 8.991247960000000047e-14
4.432539060000000063e+03 9.178274869999998911e-14
4.436596679999999651e+03 9.407721859999999109e-14
4.440654300000000148e+03 9.473871749999998991e-14
4.444711909999999989e+03 9.531507930000000355e-14
4.448769529999999577e+03 9.747539280000000114e-14
4.452827150000000074e+03 9.960288890000000653e-14
4.456884770000000572e+03 9.968940820000000160e-14
4.460942379999999503e+03 1.005155019999999867e-13
4.465000000000000000e+03 1.028679980000000145e-13
4.469057620000000497e+03 1.020468030000000057e-13
4.473115229999999428e+03 1.047512030000000123e-13
4.477172849999999926e+03 1.058422009999999951e-13
4.481230470000000423e+03 1.054232989999999997e-13
4.485287599999999657e+03 1.063464030000000064e-13
4.489345210000000407e+03 1.046156979999999920e-13
4.493402829999999994e+03 1.066885019999999898e-13
4.497460449999999582e+03 1.047562980000000101e-13
4.501518070000000080e+03 1.053938019999999776e-13
4.505575679999999920e+03 1.086093020000000032e-13
4.509633300000000418e+03 1.060999969999999788e-13
4.513690920000000006e+03 1.074048010000000020e-13
4.517748539999999593e+03 1.085994019999999807e-13
4.521806150000000343e+03 1.074801999999999892e-13
4.525863769999999931e+03 1.051661000000000031e-13
4.529921389999999519e+03 1.078307030000000120e-13
4.533979000000000269e+03 1.072413980000000062e-13
4.538036619999999857e+03 1.060587980000000063e-13
4.542094239999999445e+03 1.041324010000000098e-13
4.546151859999999942e+03 1.057486009999999843e-13
4.550209470000000692e+03 1.046525000000000052e-13
4.554267090000000280e+03 1.037689020000000044e-13
4.558324709999999868e+03 1.058925019999999950e-13
4.562382320000000618e+03 1.057025019999999852e-13
4.566439940000000206e+03 1.048646030000000051e-13
4.570497559999999794e+03 1.066259980000000097e-13
4.574555179999999382e+03 1.071844029999999999e-13
4.578612790000000132e+03 1.064272030000000120e-13
4.582669920000000275e+03 1.067421980000000032e-13
4.586727539999999863e+03 1.059606979999999979e-13
4.590785160000000360e+03 1.060673969999999791e-13
4.594842770000000201e+03 1.062238000000000108e-13
4.598900389999999788e+03 1.097367030000000142e-13
4.602958010000000286e+03 1.081097019999999964e-13
4.607015620000000126e+03 1.093348030000000121e-13
4.611073239999999714e+03 1.070933980000000078e-13
4.615130860000000212e+03 1.059206030000000033e-13
4.619188479999999799e+03 1.040670029999999954e-13
4.623246089999999640e+03 1.020707969999999898e-13
4.627303710000000137e+03 9.969762099999998709e-14
4.631361329999999725e+03 9.705575919999999855e-14
4.635418950000000223e+03 9.582979749999999580e-14
4.639476560000000063e+03 9.299687210000001226e-14
4.643534179999999651e+03 9.310554310000000444e-14
4.647591800000000148e+03 9.506578060000000141e-14
4.651649409999999989e+03 9.253609300000000543e-14
4.655707029999999577e+03 9.191422850000000208e-14
4.659764650000000074e+03 9.044224789999999360e-14
4.663822270000000572e+03 9.156375339999999003e-14
4.667879879999999503e+03 8.992019099999999418e-14
4.671937500000000000e+03 9.041588820000000943e-14
4.675994630000000143e+03 9.123194689999999319e-14
4.680052249999999731e+03 9.018559689999999937e-14
4.684109860000000481e+03 9.105276210000000521e-14
4.688167480000000069e+03 9.369063279999998971e-14
4.692225099999999657e+03 9.326515800000000379e-14
4.696282710000000407e+03 9.342265190000000006e-14
4.700340329999999994e+03 9.267127269999999913e-14
4.704397949999999582e+03 9.161919679999999807e-14
4.708455570000000080e+03 8.907410670000000153e-14
4.712513179999999920e+03 8.858687300000000552e-14
4.716570800000000418e+03 8.847908980000001127e-14
4.720628420000000006e+03 8.610331140000001008e-14
4.724686039999999593e+03 8.583465970000001498e-14
4.728743650000000343e+03 8.426146880000001215e-14
4.732801269999999931e+03 8.283156199999999541e-14
4.736858889999999519e+03 8.178321980000000055e-14
4.740916500000000269e+03 8.363093069999999269e-14
4.744974119999999857e+03 8.317913690000000581e-14
4.749031739999999445e+03 8.191127079999999976e-14
4.753089359999999942e+03 8.182589670000000045e-14
4.757146970000000692e+03 8.279862929999998926e-14
4.761204590000000280e+03 8.252496320000000082e-14
4.765262209999999868e+03 8.366439190000001413e-14
4.769319820000000618e+03 8.573262269999998961e-14
4.773376949999999852e+03 8.770952310000000003e-14
4.777434570000000349e+03 8.817541830000000399e-14
4.781492189999999937e+03 8.696193180000000186e-14
4.785549799999999777e+03 8.731607289999999759e-14
4.789607420000000275e+03 8.619229730000000913e-14
4.793665039999999863e+03 8.497063189999999332e-14
4.797722660000000360e+03 8.349342000000000846e-14
4.801780270000000201e+03 8.295903699999999735e-14
4.805837889999999788e+03 8.246367190000000751e-14
4.809895510000000286e+03 8.057987739999999906e-14
4.813953120000000126e+03 7.816123240000001003e-14
4.818010739999999714e+03 7.685478229999999608e-14
4.822068360000000212e+03 7.482964849999999220e-14
4.826125979999999799e+03 7.286129300000000529e-14
4.830183589999999640e+03 7.075445780000000035e-14
4.834241210000000137e+03 6.834393080000000124e-14
4.838298829999999725e+03 6.710152320000000278e-14
4.842356450000000223e+03 6.547505730000000541e-14
4.846414060000000063e+03 6.315819179999999660e-14
4.850471679999999651e+03 6.346746719999999522e-14
4.854529300000000148e+03 6.318615739999999772e-14
4.858586909999999989e+03 6.274254929999999805e-14
4.862644529999999577e+03 6.183638670000000195e-14
4.866701659999999720e+03 6.093924329999999761e-14
4.870759279999999308e+03 6.414239660000000885e-14
4.874816890000000058e+03 6.379005800000000098e-14
4.878874510000000555e+03 6.177622700000000685e-14
4.882932130000000143e+03 6.118453049999999939e-14
4.886989749999999731e+03 6.246502750000000013e-14
4.891047360000000481e+03 6.222285059999999688e-14
4.895104980000000069e+03 6.215815080000000193e-14
4.899162599999999657e+03 6.364863059999999932e-14
4.903220210000000407e+03 6.248587119999999291e-14
4.907277829999999994e+03 6.212555700000000734e-14
4.911335449999999582e+03 6.433364309999999301e-14
4.915393070000000080e+03 6.595295330000000705e-14
4.919450679999999920e+03 6.621711909999999885e-14
4.923508300000000418e+03 6.781854670000000763e-14
4.927565920000000006e+03 6.760560259999999194e-14
4.931623539999999593e+03 6.677591020000000472e-14
4.935681150000000343e+03 6.565321880000000408e-14
4.939738769999999931e+03 6.597931290000000703e-14
4.943796389999999519e+03 6.580687059999998841e-14
4.947854000000000269e+03 6.579991809999999375e-14
4.951911619999999857e+03 6.516828230000001099e-14
4.955969239999999445e+03 6.458910829999999248e-14
4.960026859999999942e+03 6.541985110000000516e-14
4.964083979999999428e+03 6.497605319999999548e-14
4.968141599999999926e+03 6.629087200000000786e-14
4.972199220000000423e+03 6.775239679999999923e-14
4.976256840000000011e+03 6.865769210000000317e-14
4.980314449999999852e+03 6.883483719999999551e-14
4.984372070000000349e+03 6.983016870000000189e-14
4.988429689999999937e+03 6.898562260000000366e-14
4.992487299999999777e+03 6.959028889999999212e-14
4.996544920000000275e+03 7.086176670000000110e-14
5.000602539999999863e+03 7.072422209999999457e-14
5.004660160000000360e+03 7.028453069999999970e-14
5.008717770000000201e+03 7.001308709999999924e-14
5.012775389999999788e+03 7.040455189999999941e-14
5.016833010000000286e+03 7.130813269999999965e-14
5.020890620000000126e+03 7.168677679999999514e-14
5.024948239999999714e+03 7.344046030000000923e-14
5.029005860000000212e+03 7.297629300000000026e-14
5.033063479999999799e+03 7.338185909999999544e-14
5.037121089999999640e+03 7.376145860000000193e-14
5.041178710000000137e+03 7.460628929999999309e-14
5.045236329999999725e+03 7.556931829999999977e-14
5.049293950000000223e+03 7.654751939999999800e-14
5.053351560000000063e+03 7.674752760000000450e-14
5.057409179999999651e+03 7.634274749999999403e-14
5.061466309999999794e+03 7.784652910000000099e-14
5.065523929999999382e+03 7.864292310000000058e-14
5.069581540000000132e+03 7.897205299999999338e-14
5.073639159999999720e+03 8.075435259999998930e-14
5.077696779999999308e+03 8.214698990000001078e-14
5.081754390000000058e+03 8.249255910000000679e-14
5.085812010000000555e+03 8.284375250000000627e-14
5.089869630000000143e+03 8.302566129999999607e-14
5.093927249999999731e+03 8.461121210000001081e-14
5.097984860000000481e+03 8.571522800000000064e-14
5.102042480000000069e+03 8.550967009999999935e-14
5.106100099999999657e+03 8.343637739999999805e-14
5.110157710000000407e+03 8.297817320000000410e-14
5.114215329999999994e+03 8.368051259999999266e-14
5.118272949999999582e+03 8.150296710000000521e-14
5.122330570000000080e+03 8.047315799999999630e-14
5.126388179999999920e+03 8.135891730000000868e-14
5.130445800000000418e+03 8.097767790000000397e-14
5.134503420000000006e+03 8.125225889999998863e-14
5.138561039999999593e+03 8.217608719999999432e-14
5.142618650000000343e+03 8.107018749999999655e-14
5.146676269999999931e+03 8.113801790000000216e-14
5.150733889999999519e+03 8.073069670000000427e-14
5.154791020000000572e+03 8.115484330000000843e-14
5.158848629999999503e+03 8.180058740000000386e-14
5.162906250000000000e+03 8.196937730000001111e-14
5.166963870000000497e+03 8.174542180000000261e-14
5.171021479999999428e+03 8.291915200000000281e-14
5.175079099999999926e+03 8.368303339999999319e-14
5.179136720000000423e+03 8.430634119999999858e-14
5.183194340000000011e+03 8.586810730000001362e-14
5.187251949999999852e+03 8.511918789999998003e-14
5.191309570000000349e+03 8.396231710000000522e-14
5.195367189999999937e+03 8.417482070000000241e-14
5.199424799999999777e+03 8.498612240000000327e-14
5.203482420000000275e+03 8.340995000000000397e-14
5.207540039999999863e+03 8.105078699999999637e-14
5.211597660000000360e+03 7.973480270000000134e-14
5.215655270000000201e+03 7.772957759999998819e-14
5.219712889999999788e+03 7.662600210000000742e-14
5.223770510000000286e+03 7.436861190000000333e-14
5.227828120000000126e+03 7.234845179999999696e-14
5.231885739999999714e+03 7.133498709999999889e-14
5.235943360000000212e+03 6.966385210000000058e-14
5.240000979999999799e+03 6.730706759999999073e-14
5.244058589999999640e+03 6.565115879999999631e-14
5.248116210000000137e+03 6.539259019999999391e-14
5.252173340000000280e+03 6.425425920000000700e-14
5.256230959999999868e+03 6.330193670000000069e-14
5.260288570000000618e+03 6.282479279999999932e-14
5.264346190000000206e+03 6.226432810000000447e-14
5.268403809999999794e+03 6.128029259999999645e-14
5.272461429999999382e+03 6.073104260000000512e-14
5.276519040000000132e+03 6.152803960000000343e-14
5.280576659999999720e+03 6.097483219999999885e-14
5.284634279999999308e+03 6.111882780000001145e-14
5.288691890000000058e+03 6.127189009999999779e-14
5.292749510000000555e+03 6.079812759999999978e-14
5.296807130000000143e+03 6.061211919999999078e-14
5.300864749999999731e+03 6.036891229999999627e-14
5.304922360000000481e+03 6.084213269999999406e-14
5.308979980000000069e+03 6.109860750000000109e-14
5.313037599999999657e+03 6.148971309999999020e-14
5.317095210000000407e+03 6.160341200000000170e-14
5.321152829999999994e+03 6.272737730000000333e-14
5.325210449999999582e+03 6.428723249999999953e-14
5.329268070000000080e+03 6.398833829999999988e-14
5.333325679999999920e+03 6.368115669999999662e-14
5.337383300000000418e+03 6.347641190000000355e-14
5.341440920000000006e+03 6.445346099999999461e-14
5.345498050000000148e+03 6.369460759999999513e-14
5.349555659999999989e+03 6.288193710000000089e-14
5.353613279999999577e+03 6.297754340000000707e-14
5.357670900000000074e+03 6.299306100000000267e-14
5.361728520000000572e+03 6.357714779999999496e-14
5.365786129999999503e+03 6.272451769999998806e-14
5.369843750000000000e+03 6.343212900000001512e-14
5.373901370000000497e+03 6.296256110000000029e-14
5.377958979999999428e+03 6.341125810000000198e-14
5.382016599999999926e+03 6.282519940000000816e-14
5.386074220000000423e+03 6.154559690000000730e-14
5.390131840000000011e+03 6.115544000000000200e-14
5.394189449999999852e+03 5.976371740000000832e-14
5.398247070000000349e+03 5.970954799999999810e-14
5.402304689999999937e+03 5.854111679999999680e-14
5.406362299999999777e+03 5.700690299999999736e-14
5.410419920000000275e+03 5.792968099999999967e-14
5.414477539999999863e+03 5.650118029999999798e-14
5.418535160000000360e+03 5.505229990000000201e-14
5.422592770000000201e+03 5.423340879999999808e-14
5.426650389999999788e+03 5.287923009999999445e-14
5.430708010000000286e+03 5.191310099999999371e-14
5.434765620000000126e+03 5.125156150000000220e-14
5.438823239999999714e+03 5.177069099999999856e-14
5.442880369999999857e+03 5.181524829999999439e-14
5.446937989999999445e+03 5.031173099999999980e-14
5.450995609999999942e+03 5.082310849999999713e-14
5.455053220000000692e+03 5.130867860000000867e-14
5.459110840000000280e+03 5.244950999999999978e-14
5.463168459999999868e+03 5.259077139999999347e-14
5.467226070000000618e+03 5.294657940000000779e-14
5.471283690000000206e+03 5.475356160000000269e-14
5.475341309999999794e+03 5.598724129999999166e-14
5.479398929999999382e+03 5.709624799999999802e-14
5.483456540000000132e+03 5.805555689999999605e-14
5.487514159999999720e+03 5.857921299999999785e-14
5.491571779999999308e+03 5.915686910000000881e-14
5.495629390000000058e+03 6.075181180000000186e-14
5.499687010000000555e+03 6.002227249999999737e-14
5.503744630000000143e+03 6.096134750000000011e-14
5.507802249999999731e+03 6.226621869999999856e-14
5.511859860000000481e+03 6.220323329999999786e-14
5.515917480000000069e+03 6.233686799999999836e-14
5.519975099999999657e+03 6.274900030000000412e-14
5.524032710000000407e+03 6.247595759999999810e-14
5.528090329999999994e+03 6.224092290000000270e-14
5.532147949999999582e+03 6.116964300000000078e-14
5.536205079999999725e+03 6.132443319999999473e-14
5.540262700000000223e+03 6.056696890000000074e-14
5.544320310000000063e+03 6.110341859999999633e-14
5.548377929999999651e+03 6.097027179999999949e-14
5.552435550000000148e+03 6.086889210000000409e-14
5.556493159999999989e+03 6.210581770000000505e-14
5.560550779999999577e+03 6.321900199999999764e-14
5.564608400000000074e+03 6.355055779999999860e-14
5.568666020000000572e+03 6.450851820000000276e-14
5.572723629999999503e+03 6.536574940000000484e-14
5.576781250000000000e+03 6.549005319999999712e-14
5.580838870000000497e+03 6.578484770000000598e-14
5.584896479999999428e+03 6.420149920000000178e-14
5.588954099999999926e+03 6.589238030000000117e-14
5.593011720000000423e+03 6.565996120000000186e-14
5.597069340000000011e+03 6.623349739999999411e-14
5.601126949999999852e+03 6.648709230000001161e-14
5.605184570000000349e+03 6.684830779999999583e-14
5.609242189999999937e+03 6.645230289999999580e-14
5.613299799999999777e+03 6.636818239999999799e-14
5.617357420000000275e+03 6.561699289999999762e-14
5.621415039999999863e+03 6.593378320000000325e-14
5.625472660000000360e+03 6.738002079999999541e-14
5.629530270000000201e+03 6.659555989999999623e-14
5.633587400000000343e+03 6.611474329999999661e-14
5.637645019999999931e+03 6.605158860000000431e-14
5.641702639999999519e+03 6.697427849999998777e-14
5.645760250000000269e+03 6.673019750000000234e-14
5.649817869999999857e+03 6.549649740000000442e-14
5.653875489999999445e+03 6.551192019999999184e-14
5.657933109999999942e+03 6.607346230000000098e-14
5.661990720000000692e+03 6.566576170000000198e-14
5.666048340000000280e+03 6.553710749999999777e-14
5.670105959999999868e+03 6.520492830000000177e-14
5.674163570000000618e+03 6.548013269999999409e-14
5.678221190000000206e+03 6.461649789999999634e-14
5.682278809999999794e+03 6.357150320000000779e-14
5.686336429999999382e+03 6.392727740000000295e-14
5.690394040000000132e+03 6.360125780000000868e-14
5.694451659999999720e+03 6.173968259999999778e-14
5.698509279999999308e+03 6.274912229999999477e-14
5.702566890000000058e+03 6.253224799999999879e-14
5.706624510000000555e+03 6.170376850000000461e-14
5.710682130000000143e+03 6.051159329999999943e-14
5.714739749999999731e+03 5.958321809999999510e-14
5.718797360000000481e+03 5.838428700000000404e-14
5.722854980000000069e+03 5.757240929999999328e-14
5.726912110000000212e+03 5.746983700000000434e-14
5.730969729999999799e+03 5.664697160000000598e-14
5.735027339999999640e+03 5.641316000000000178e-14
5.739084960000000137e+03 5.527828150000000229e-14
5.743142579999999725e+03 5.517382879999999848e-14
5.747200200000000223e+03 5.382341099999999615e-14
5.751257810000000063e+03 5.405577919999999516e-14
5.755315429999999651e+03 5.390350980000000806e-14
5.759373050000000148e+03 5.396740999999999552e-14
5.763430659999999989e+03 5.372441989999999984e-14
5.767488279999999577e+03 5.358531000000000692e-14
5.771545900000000074e+03 5.317000980000000038e-14
5.775603520000000572e+03 5.336866950000000040e-14
5.779661129999999503e+03 5.358744120000000187e-14
5.783718750000000000e+03 5.347516860000000811e-14
5.787776370000000497e+03 5.346922919999999828e-14
5.791833979999999428e+03 5.366124139999999289e-14
5.795891599999999926e+03 5.431346019999999959e-14
5.799949220000000423e+03 5.520395949999999792e-14
5.804006840000000011e+03 5.480105980000000861e-14
5.808064449999999852e+03 5.527139009999999347e-14
5.812122070000000349e+03 5.533488029999999794e-14
5.816179689999999937e+03 5.536676940000000896e-14
5.820237299999999777e+03 5.682444870000000795e-14
5.824294429999999920e+03 5.664256019999999242e-14
5.828352050000000418e+03 5.659462160000000267e-14
5.832409670000000006e+03 5.702052329999999692e-14
5.836467289999999593e+03 5.761463219999999919e-14
5.840524900000000343e+03 5.769726199999999718e-14
5.844582519999999931e+03 5.859874219999999064e-14
5.848640139999999519e+03 5.916182940000000243e-14
5.852697750000000269e+03 5.863387709999999789e-14
5.856755369999999857e+03 5.937486830000000106e-14
5.860812989999999445e+03 5.943262240000000013e-14
5.864870609999999942e+03 5.912653179999999608e-14
5.868928220000000692e+03 5.856719190000000067e-14
5.872985840000000280e+03 5.916720289999999739e-14
5.877043459999999868e+03 5.837845260000000687e-14
5.881101070000000618e+03 5.870744019999999689e-14
5.885158690000000206e+03 5.847470940000000637e-14
5.889216309999999794e+03 5.731817739999999580e-14
5.893273929999999382e+03 5.723247129999999316e-14
5.897331540000000132e+03 5.741297059999999375e-14
5.901389159999999720e+03 5.753635280000000050e-14
5.905446779999999308e+03 5.824540070000000241e-14
5.909504390000000058e+03 5.899026790000000194e-14
5.913562010000000555e+03 5.907619769999999902e-14
5.917619139999999788e+03 5.834827790000000904e-14
5.921676760000000286e+03 5.823939690000000418e-14
5.925734379999999874e+03 5.847279850000000015e-14
5.929791989999999714e+03 5.928143719999999453e-14
5.933849610000000212e+03 5.948162830000000282e-14
5.937907229999999799e+03 5.922108779999999888e-14
5.941964839999999640e+03 5.815312150000000622e-14
5.946022460000000137e+03 5.740788159999999490e-14
5.950080079999999725e+03 5.762830669999999531e-14
5.954137700000000223e+03 5.783912299999999651e-14
5.958195310000000063e+03 5.826356790000000061e-14
5.962252929999999651e+03 5.808171999999999669e-14
5.966310550000000148e+03 5.861032280000000718e-14
5.970368159999999989e+03 5.763853210000000340e-14
5.974425779999999577e+03 5.715240290000000733e-14
5.978483400000000074e+03 5.691980770000000501e-14
5.982541020000000572e+03 5.727760790000000144e-14
5.986598629999999503e+03 5.657880920000000334e-14
5.990656250000000000e+03 5.641420019999999121e-14
5.994713870000000497e+03 5.565063049999999835e-14
5.998771479999999428e+03 5.483182059999999243e-14
6.002829099999999926e+03 5.564755060000000066e-14
6.006886720000000423e+03 5.491198049999999018e-14
6.010944340000000011e+03 5.412966079999999678e-14
6.015001460000000407e+03 5.311300110000000595e-14
6.019059079999999994e+03 5.162779990000000483e-14
6.023116699999999582e+03 5.070961960000000463e-14
6.027174320000000080e+03 5.043234169999999751e-14
6.031231929999999920e+03 4.945280910000000235e-14
6.035289550000000418e+03 4.820399110000000313e-14
6.039347170000000006e+03 4.806282120000000243e-14
6.043404789999999593e+03 4.636153860000000457e-14
6.047462400000000343e+03 4.485070970000000108e-14
6.051520019999999931e+03 4.322019160000000121e-14
6.055577639999999519e+03 4.218161059999999074e-14
6.059635250000000269e+03 4.012116910000000441e-14
6.063692869999999857e+03 3.904530169999999855e-14
6.067750489999999445e+03 3.745935109999999899e-14
6.071808109999999942e+03 3.556803830000000308e-14
6.075865720000000692e+03 3.508719130000000263e-14
6.079923340000000280e+03 3.427379910000000264e-14
6.083980959999999868e+03 3.288219849999999962e-14
6.088038570000000618e+03 3.177917860000000086e-14
6.092096190000000206e+03 3.035263959999999624e-14
6.096153809999999794e+03 2.931342169999999630e-14
6.100211429999999382e+03 2.874512020000000507e-14
6.104269040000000132e+03 2.780279939999999663e-14
6.108326170000000275e+03 2.738728060000000106e-14
6.112383789999999863e+03 2.721226999999999992e-14
6.116441410000000360e+03 2.649827039999999969e-14
6.120499020000000201e+03 2.565730049999999816e-14
6.124556639999999788e+03 2.597935939999999870e-14
6.128614260000000286e+03 2.595490049999999731e-14
6.132671879999999874e+03 2.624877009999999598e-14
6.136729489999999714e+03 2.586863020000000159e-14
6.140787110000000212e+03 2.690451080000000284e-14
6.144844729999999799e+03 2.646404009999999997e-14
6.148902339999999640e+03 2.710351950000000313e-14
6.152959960000000137e+03 2.783523059999999841e-14
6.157017579999999725e+03 2.859515129999999821e-14
6.161075200000000223e+03 3.001183080000000143e-14
6.165132810000000063e+03 3.073157170000000298e-14
6.169190429999999651e+03 3.137907079999999799e-14
6.173248050000000148e+03 3.300458120000000015e-14
6.177305659999999989e+03 3.458415870000000170e-14
6.181363279999999577e+03 3.559642069999999859e-14
6.185420900000000074e+03 3.673082140000000206e-14
6.189478520000000572e+03 3.813236960000000009e-14
6.193536129999999503e+03 3.866934100000000587e-14
6.197593750000000000e+03 3.913976960000000143e-14
6.201651370000000497e+03 3.933401790000000050e-14
6.205708499999999731e+03 4.052779910000000684e-14
6.209766110000000481e+03 4.093034299999999709e-14
6.213823730000000069e+03 4.235642800000000141e-14
6.217881349999999657e+03 4.346539739999999871e-14
6.221938960000000407e+03 4.429937250000000057e-14
6.225996579999999994e+03 4.528297429999999517e-14
6.230054199999999582e+03 4.613706130000000167e-14
6.234111820000000080e+03 4.636753900000000341e-14
6.238169429999999920e+03 4.783531159999999958e-14
6.242227050000000418e+03 4.850806580000000093e-14
6.246284670000000006e+03 4.940210909999999859e-14
6.250342289999999593e+03 4.983509870000000099e-14
6.254399900000000343e+03 5.024012279999999909e-14
6.258457519999999931e+03 5.131586480000000859e-14
6.262515139999999519e+03 5.228526690000000065e-14
6.266572750000000269e+03 5.248118220000000252e-14
6.270630369999999857e+03 5.331877249999999721e-14
6.274687989999999445e+03 5.299115709999999995e-14
6.278745609999999942e+03 5.360804440000000324e-14
6.282803220000000692e+03 5.363310980000000272e-14
6.286860840000000280e+03 5.513486529999999897e-14
6.290918459999999868e+03 5.532518010000000257e-14
6.294976070000000618e+03 5.574149679999999333e-14
6.299033690000000206e+03 5.525741070000000491e-14
6.303090820000000349e+03 5.524491860000000417e-14
6.307148439999999937e+03 5.542808780000000055e-14
6.311206049999999777e+03 5.478192700000000756e-14
6.315263670000000275e+03 5.380744950000000789e-14
6.319321289999999863e+03 5.467533639999999424e-14
6.323378910000000360e+03 5.529493760000000433e-14
6.327436520000000201e+03 5.384777839999999508e-14
6.331494139999999788e+03 5.407054469999999049e-14
6.335551760000000286e+03 5.487317619999999987e-14
6.339609379999999874e+03 5.384511539999999490e-14
6.343666989999999714e+03 5.299441980000000259e-14
6.347724610000000212e+03 5.340250679999998883e-14
6.351782229999999799e+03 5.371774530000000248e-14
6.355839839999999640e+03 5.345000159999999537e-14
6.359897460000000137e+03 5.292065340000000548e-14
6.363955079999999725e+03 5.269814800000000412e-14
6.368012700000000223e+03 5.291549669999999673e-14
6.372070310000000063e+03 5.308173199999999690e-14
6.376127929999999651e+03 5.323976460000000031e-14
6.380185550000000148e+03 5.504548300000000186e-14
6.384243159999999989e+03 5.403578589999999442e-14
6.388300779999999577e+03 5.412165809999998924e-14
6.392358400000000074e+03 5.412503259999999701e-14
6.396415529999999308e+03 5.420537540000000285e-14
6.400473140000000058e+03 5.494181629999999538e-14
6.404530760000000555e+03 5.458085829999999951e-14
6.408588380000000143e+03 5.415288990000000185e-14
6.412645999999999731e+03 5.412640139999999669e-14
6.416703610000000481e+03 5.405768000000000635e-14
6.420761230000000069e+03 5.424977010000000271e-14
6.424818849999999657e+03 5.336805960000000607e-14
6.428876460000000407e+03 5.316560860000001023e-14
6.432934079999999994e+03 5.333215900000000100e-14
6.436991699999999582e+03 5.313440049999999020e-14
6.441049320000000080e+03 5.304429989999999935e-14
6.445106929999999920e+03 5.313035169999999340e-14
6.449164550000000418e+03 5.224919009999999575e-14
6.453222170000000006e+03 5.141129150000000293e-14
6.457279789999999593e+03 5.032022839999999715e-14
6.461337400000000343e+03 5.093171839999999715e-14
6.465395019999999931e+03 5.067565019999999265e-14
6.469452639999999519e+03 5.000693120000000317e-14
6.473510250000000269e+03 4.955936919999999908e-14
6.477567869999999857e+03 4.894983069999999798e-14
6.481625489999999445e+03 4.888500900000000288e-14
6.485683109999999942e+03 4.739619949999999823e-14
6.489740720000000692e+03 4.836042120000000159e-14
6.493797849999999926e+03 4.811009920000000383e-14
6.497855470000000423e+03 4.776998839999999695e-14
6.501913090000000011e+03 4.867387080000000599e-14
6.505970699999999852e+03 4.926492019999999428e-14
6.510028320000000349e+03 4.906374990000000452e-14
6.514085939999999937e+03 4.779367139999999289e-14
6.518143549999999777e+03 4.681529080000000489e-14
6.522201170000000275e+03 4.636774910000000030e-14
6.526258789999999863e+03 4.683118110000000597e-14
6.530316410000000360e+03 4.705275139999999583e-14
6.534374020000000201e+03 4.692418870000000355e-14
6.538431639999999788e+03 4.705224990000000092e-14
6.542489260000000286e+03 4.802233980000000168e-14
6.546546879999999874e+03 4.759927059999999287e-14
6.550604489999999714e+03 4.618147970000000042e-14
6.554662110000000212e+03 4.532905969999999671e-14
6.558719729999999799e+03 4.505596950000000240e-14
6.562777339999999640e+03 4.514500959999999801e-14
6.566834960000000137e+03 4.483875969999999425e-14
6.570892579999999725e+03 4.509223940000000725e-14
6.574950200000000223e+03 4.543157099999999664e-14
6.579007810000000063e+03 4.629549039999999995e-14
6.583065429999999651e+03 4.544852860000000435e-14
6.587122559999999794e+03 4.520175059999999962e-14
6.591180179999999382e+03 4.552479879999999875e-14
6.595237790000000132e+03 4.483839040000000078e-14
6.599295409999999720e+03 4.440323909999999946e-14
6.603353029999999308e+03 4.425891150000000246e-14
6.607410640000000058e+03 4.439332880000000090e-14
6.611468260000000555e+03 4.422210959999999873e-14
6.615525880000000143e+03 4.437343030000000202e-14
6.619583499999999731e+03 4.389893940000000894e-14
6.623641110000000481e+03 4.315694870000000586e-14
6.627698730000000069e+03 4.339953890000000096e-14
6.631756349999999657e+03 4.248440110000000518e-14
6.635813960000000407e+03 4.251184160000000303e-14
6.639871579999999994e+03 4.292542070000000073e-14
6.643929199999999582e+03 4.259960099999999255e-14
6.647986820000000080e+03 4.270131950000000269e-14
6.652044429999999920e+03 4.287049909999999972e-14
6.656102050000000418e+03 4.245987110000000397e-14
6.660159670000000006e+03 4.241386019999999217e-14
6.664217289999999593e+03 4.228209919999999827e-14
6.668274900000000343e+03 4.167602000000000229e-14
6.672332519999999931e+03 4.202896849999999816e-14
6.676390139999999519e+03 4.150951030000000103e-14
6.680447750000000269e+03 4.205261089999999510e-14
6.684504879999999503e+03 4.230574160000000151e-14
6.688562500000000000e+03 4.250834849999999137e-14
6.692620120000000497e+03 4.203324089999999888e-14
6.696677729999999428e+03 4.164627899999999895e-14
6.700735349999999926e+03 4.190439700000000044e-14
6.704792970000000423e+03 4.183547229999999937e-14
6.708850590000000011e+03 3.963294270000000095e-14
6.712908199999999852e+03 3.978367389999999993e-14
6.716965820000000349e+03 3.945613299999999872e-14
6.721023440000000846e+03 3.937882600000000166e-14
6.725081049999999777e+03 3.929265559999999742e-14
6.729138670000000275e+03 3.984220720000000386e-14
6.733196290000000772e+03 3.977973010000000316e-14
6.737253909999999451e+03 3.917408800000000106e-14
6.741311520000000201e+03 3.902322120000000125e-14
6.745369140000000698e+03 3.914111470000000222e-14
6.749426759999999376e+03 3.889475680000000074e-14
6.753484379999999874e+03 3.866109089999999871e-14
6.757541990000000624e+03 3.856355000000000005e-14
6.761599609999999302e+03 3.833921839999999931e-14
6.765657229999999799e+03 3.820711179999999822e-14
6.769714840000000549e+03 3.793334390000000286e-14
6.773772459999999228e+03 3.841799589999999983e-14
6.777829590000000280e+03 3.898262459999999599e-14
6.781887209999998959e+03 3.737202879999999703e-14
6.785944820000000618e+03 3.680104049999999728e-14
6.790002440000000206e+03 3.772186009999999877e-14
6.794060059999999794e+03 3.744709959999999911e-14
6.798117679999999382e+03 3.681728659999999741e-14
6.802175290000001041e+03 3.692056700000000086e-14
6.806232909999999720e+03 3.733887930000000467e-14
6.810290529999999308e+03 3.689119859999999986e-14
6.814348140000000967e+03 3.678050839999999888e-14
6.818405759999999646e+03 3.720121270000000118e-14
6.822463380000000143e+03 3.794747919999999805e-14
6.826520999999999731e+03 3.790307439999999686e-14
6.830578609999999571e+03 3.665019740000000267e-14
6.834636230000000069e+03 3.624977450000000289e-14
6.838693849999999657e+03 3.626591209999999415e-14
6.842751459999999497e+03 3.629008650000000259e-14
6.846809079999999994e+03 3.669102779999999738e-14
6.850866699999999582e+03 3.573411100000000097e-14
6.854924320000000080e+03 3.526875790000000354e-14
6.858981929999999920e+03 3.624067059999999798e-14
6.863039550000000418e+03 3.621849189999999942e-14
6.867097170000000006e+03 3.676823659999999950e-14
6.871154790000000503e+03 3.609096600000000349e-14
6.875211909999999079e+03 3.555875139999999957e-14
6.879269529999999577e+03 3.675314920000000217e-14
6.883327150000000074e+03 3.596932529999999559e-14
6.887384770000000572e+03 3.532277819999999958e-14
6.891442379999999503e+03 3.432919499999999714e-14
6.895500000000000000e+03 3.390106729999999976e-14
6.899557620000000497e+03 3.402498480000000164e-14
6.903615229999999428e+03 3.429497490000000190e-14
6.907672849999999926e+03 3.465983939999999810e-14
6.911730470000000423e+03 3.494591629999999877e-14
6.915788090000000921e+03 3.415784700000000554e-14
6.919845699999999852e+03 3.493107630000000107e-14
6.923903320000000349e+03 3.640203029999999244e-14
6.927960940000000846e+03 3.550729249999999675e-14
6.932018549999999777e+03 3.497658909999999842e-14
6.936076170000000275e+03 3.483749949999999869e-14
6.940133790000000772e+03 3.441884839999999908e-14
6.944191409999999451e+03 3.409391299999999893e-14
6.948249020000000201e+03 3.323607530000000191e-14
6.952306640000000698e+03 3.391248529999999509e-14
6.956364259999999376e+03 3.356022800000000099e-14
6.960421879999999874e+03 3.290413320000000424e-14
6.964479490000000624e+03 3.272558549999999937e-14
6.968536619999999857e+03 3.322292260000000020e-14
6.972594240000000354e+03 3.303674809999999902e-14
6.976651859999999033e+03 3.262973179999999987e-14
6.980709470000000692e+03 3.299596519999999890e-14
6.984767090000000280e+03 3.216941689999999782e-14
6.988824709999998959e+03 3.206907729999999502e-14
6.992882320000000618e+03 3.184835750000000034e-14
6.996939940000000206e+03 3.197441970000000420e-14
7.000997559999999794e+03 3.219982870000000029e-14
7.005055179999999382e+03 3.237461229999999812e-14
7.009112790000001041e+03 3.244766720000000026e-14
7.013170409999999720e+03 3.251728310000000311e-14
7.017228029999999308e+03 3.257752069999999365e-14
7.021285640000000967e+03 3.248068789999999688e-14
7.025343259999999646e+03 3.227180620000000078e-14
7.029400880000000143e+03 3.228116080000000157e-14
7.033458499999999731e+03 3.258027870000000197e-14
7.037516109999999571e+03 3.284923529999999581e-14
7.041573730000000069e+03 3.295630369999999884e-14
7.045631349999999657e+03 3.314601879999999997e-14
7.049688959999999497e+03 3.346277180000000286e-14
7.053746579999999994e+03 3.374328199999999917e-14
7.057804199999999582e+03 3.405166640000000044e-14
7.061861820000000080e+03 3.439319350000000160e-14
7.065918950000000223e+03 3.433069599999999826e-14
7.069976559999999154e+03 3.374321430000000189e-14
7.074034179999999651e+03 3.308579809999999692e-14
7.078091800000000148e+03 3.264534439999999731e-14
7.082149409999999079e+03 3.252284980000000115e-14
7.086207029999999577e+03 3.250514009999999947e-14
7.090264650000000074e+03 3.236575230000000294e-14
7.094322270000000572e+03 3.221209719999999711e-14
7.098379879999999503e+03 3.216237970000000263e-14
7.102437500000000000e+03 3.226771330000000245e-14
7.106495120000000497e+03 3.245764520000000242e-14
7.110552729999999428e+03 3.254177930000000409e-14
7.114610349999999926e+03 3.245601550000000237e-14
7.118667970000000423e+03 3.229884349999999549e-14
7.122725590000000921e+03 3.216997589999999815e-14
7.126783199999999852e+03 3.212450379999999663e-14
7.130840820000000349e+03 3.215516299999999873e-14
7.134898440000000846e+03 3.222637140000000201e-14
7.138956049999999777e+03 3.228427789999999888e-14
7.143013670000000275e+03 3.241279990000000164e-14
7.147071290000000772e+03 3.262353830000000109e-14
7.151128909999999451e+03 3.271465200000000201e-14
7.155186520000000201e+03 3.260535759999999586e-14
7.159243650000000343e+03 3.222262749999999764e-14
7.163301269999999931e+03 3.162462220000000268e-14
7.167358890000000429e+03 3.103004910000000194e-14
7.171416500000000269e+03 3.061229930000000099e-14
7.175474119999999857e+03 3.063521659999999909e-14
7.179531740000000354e+03 3.106335450000000094e-14
7.183589359999999033e+03 3.136529799999999748e-14
7.187646970000000692e+03 3.137257910000000240e-14
7.191704590000000280e+03 3.146190720000000296e-14
7.195762209999998959e+03 3.155725940000000124e-14
7.199819820000000618e+03 3.120999279999999528e-14
7.203877440000000206e+03 3.063474900000000124e-14
7.207935059999999794e+03 3.033961899999999914e-14
7.211992679999999382e+03 3.009316289999999640e-14
7.216050290000001041e+03 2.959711669999999982e-14
7.220107909999999720e+03 2.906692830000000343e-14
7.224165529999999308e+03 2.864974090000000219e-14
7.228223140000000967e+03 2.816708290000000278e-14
7.232280759999999646e+03 2.773417450000000154e-14
7.236338380000000143e+03 2.775796419999999719e-14
7.240395999999999731e+03 2.836993029999999983e-14
7.244453609999999571e+03 2.917392889999999974e-14
7.248511230000000069e+03 2.947367009999999835e-14
7.252568849999999657e+03 2.908911040000000138e-14
7.256625979999999799e+03 2.847399509999999459e-14
7.260683590000000549e+03 2.807229990000000299e-14
7.264741209999999228e+03 2.791245289999999809e-14
7.268798829999999725e+03 2.783677730000000077e-14
7.272856450000000223e+03 2.789371820000000110e-14
7.276914059999999154e+03 2.816855160000000026e-14
7.280971679999999651e+03 2.855378220000000266e-14
7.285029300000000148e+03 2.873637880000000116e-14
7.289086909999999079e+03 2.849026149999999422e-14
7.293144529999999577e+03 2.810571189999999858e-14
7.297202150000000074e+03 2.792823139999999721e-14
7.301259770000000572e+03 2.786996910000000444e-14
7.305317379999999503e+03 2.773799799999999788e-14
7.309375000000000000e+03 2.762655390000000011e-14
7.313432620000000497e+03 2.767512950000000139e-14
7.317490229999999428e+03 2.771460119999999776e-14
7.321547849999999926e+03 2.760128180000000314e-14
7.325605470000000423e+03 2.739109730000000178e-14
7.329663090000000921e+03 2.720977470000000111e-14
7.333720699999999852e+03 2.718663040000000285e-14
7.337778320000000349e+03 2.728419839999999663e-14
7.341835940000000846e+03 2.731320079999999726e-14
7.345893549999999777e+03 2.728025799999999925e-14
7.349950679999999920e+03 2.732868290000000241e-14
7.354008300000000418e+03 2.726885020000000208e-14
7.358065920000000006e+03 2.698612069999999828e-14
7.362123540000000503e+03 2.680967699999999958e-14
7.366181150000000343e+03 2.675732019999999750e-14
7.370238769999999931e+03 2.661522359999999641e-14
7.374296390000000429e+03 2.654182309999999968e-14
7.378354000000000269e+03 2.666510370000000264e-14
7.382411619999999857e+03 2.673819930000000377e-14
7.386469240000000354e+03 2.661679740000000020e-14
7.390526859999999033e+03 2.664945049999999989e-14
7.394584470000000692e+03 2.691615580000000148e-14
7.398642090000000280e+03 2.705451360000000044e-14
7.402699709999998959e+03 2.714030779999999984e-14
7.406757320000000618e+03 2.730193019999999748e-14
7.410814940000000206e+03 2.722998490000000067e-14
7.414872559999999794e+03 2.692678270000000039e-14
7.418930179999999382e+03 2.671653049999999861e-14
7.422987790000001041e+03 2.648856169999999638e-14
7.427045409999999720e+03 2.608282620000000015e-14
7.431103029999999308e+03 2.570432440000000113e-14
7.435160640000000967e+03 2.537990230000000007e-14
7.439218259999999646e+03 2.511049669999999871e-14
7.443275880000000143e+03 2.504554450000000187e-14
7.447333009999999376e+03 2.500455149999999856e-14
7.451390620000000126e+03 2.472903199999999986e-14
7.455448240000000624e+03 2.436455379999999721e-14
7.459505859999999302e+03 2.426455809999999876e-14
7.463563479999999799e+03 2.433223439999999740e-14
7.467621090000000549e+03 2.418207740000000233e-14
7.471678709999999228e+03 2.382477519999999828e-14
7.475736329999999725e+03 2.347959569999999836e-14
7.479793950000000223e+03 2.314124170000000020e-14
7.483851559999999154e+03 2.275643290000000074e-14
7.487909179999999651e+03 2.251829470000000243e-14
7.491966800000000148e+03 2.260382640000000176e-14
7.496024409999999079e+03 2.280009740000000270e-14
7.500082029999999577e+03 2.286656580000000108e-14
7.504139650000000074e+03 2.290344729999999995e-14
7.508197270000000572e+03 2.300039020000000214e-14
7.512254879999999503e+03 2.306935059999999994e-14
7.516312500000000000e+03 2.301087990000000367e-14
7.520370120000000497e+03 2.286840220000000178e-14
7.524427729999999428e+03 2.277591799999999832e-14
7.528485349999999926e+03 2.280712779999999911e-14
7.532542970000000423e+03 2.273234839999999821e-14
7.536600590000000921e+03 2.246757599999999888e-14
7.540658199999999852e+03 2.220615629999999861e-14
7.544715329999999994e+03 2.212252189999999848e-14
7.548772949999999582e+03 2.241876319999999928e-14
7.552830570000000080e+03 2.291982730000000121e-14
7.556888179999999920e+03 2.324712080000000279e-14
7.560945800000000418e+03 2.327305520000000043e-14
7.565003420000000006e+03 2.307994189999999895e-14
7.569061040000000503e+03 2.300468639999999857e-14
7.573118650000000343e+03 2.329974019999999861e-14
7.577176269999999931e+03 2.355705180000000329e-14
7.581233890000000429e+03 2.338561910000000170e-14
7.585291500000000269e+03 2.321181640000000082e-14
7.589349119999999857e+03 2.348824400000000010e-14
7.593406740000000354e+03 2.402753799999999794e-14
7.597464359999999033e+03 2.447106639999999934e-14
7.601521970000000692e+03 2.523208829999999968e-14
7.605579590000000280e+03 2.641690779999999443e-14
7.609637209999998959e+03 2.666118359999999844e-14
7.613694820000000618e+03 2.571451589999999639e-14
7.617752440000000206e+03 2.494260120000000083e-14
7.621810059999999794e+03 2.467296520000000309e-14
7.625867679999999382e+03 2.436107580000000178e-14
7.629925290000001041e+03 2.393693589999999641e-14
7.633982909999999720e+03 2.370769660000000205e-14
7.638040040000000772e+03 2.372816100000000001e-14
7.642097659999999451e+03 2.380858840000000009e-14
7.646155270000000201e+03 2.385096720000000318e-14
7.650212890000000698e+03 2.386258340000000069e-14
7.654270509999999376e+03 2.387225140000000185e-14
7.658328120000000126e+03 2.413313420000000097e-14
7.662385740000000624e+03 2.473081930000000309e-14
7.666443359999999302e+03 2.530162460000000107e-14
7.670500979999999799e+03 2.561673779999999942e-14
7.674558590000000549e+03 2.558619890000000090e-14
7.678616209999999228e+03 2.525787029999999951e-14
7.682673829999999725e+03 2.503914770000000182e-14
7.686731450000000223e+03 2.502197500000000128e-14
7.690789059999999154e+03 2.498885259999999773e-14
7.694846679999999651e+03 2.496847810000000251e-14
7.698904300000000148e+03 2.502542580000000162e-14
7.702961909999999079e+03 2.506428770000000049e-14
7.707019529999999577e+03 2.503117379999999857e-14
7.711077150000000074e+03 2.502856490000000443e-14
7.715134770000000572e+03 2.521800209999999880e-14
7.719192379999999503e+03 2.550924250000000067e-14
7.723250000000000000e+03 2.565437149999999538e-14
7.727307620000000497e+03 2.564982970000000214e-14
7.731365229999999428e+03 2.558270229999999934e-14
7.735422359999999571e+03 2.557405410000000074e-14
7.739479980000000069e+03 2.569396520000000134e-14
7.743537599999999657e+03 2.584772370000000118e-14
7.747595209999999497e+03 2.596477179999999974e-14
7.751652829999999994e+03 2.597445510000000131e-14
7.755710449999999582e+03 2.581468770000000101e-14
7.759768070000000080e+03 2.565679059999999845e-14
7.763825679999999920e+03 2.571643870000000362e-14
7.767883300000000418e+03 2.593358910000000038e-14
7.771940920000000006e+03 2.610592980000000258e-14
7.775998540000000503e+03 2.613218950000000476e-14
7.780056150000000343e+03 2.616045500000000238e-14
7.784113769999999931e+03 2.622113990000000389e-14
7.788171390000000429e+03 2.605389830000000188e-14
7.792229000000000269e+03 2.568050240000000182e-14
7.796286619999999857e+03 2.547339950000000101e-14
7.800344240000000354e+03 2.564794929999999991e-14
7.804401859999999033e+03 2.597553419999999951e-14
7.808459470000000692e+03 2.596790240000000408e-14
7.812517090000000280e+03 2.546003329999999987e-14
7.816574709999998959e+03 2.485116059999999881e-14
7.820632320000000618e+03 2.452822930000000072e-14
7.824689940000000206e+03 2.445784259999999781e-14
7.828747070000000349e+03 2.450816480000000017e-14
7.832804690000000846e+03 2.464046120000000180e-14
7.836862299999999777e+03 2.476457689999999955e-14
7.840919920000000275e+03 2.489641930000000089e-14
7.844977540000000772e+03 2.509047120000000061e-14
7.849035159999999451e+03 2.508245479999999870e-14
7.853092770000000201e+03 2.459424200000000226e-14
7.857150390000000698e+03 2.384857009999999931e-14
7.861208009999999376e+03 2.326326689999999883e-14
7.865265620000000126e+03 2.306196279999999845e-14
7.869323240000000624e+03 2.326465440000000146e-14
7.873380859999999302e+03 2.364631559999999964e-14
7.877438479999999799e+03 2.392938379999999926e-14
7.881496090000000549e+03 2.404197649999999850e-14
7.885553709999999228e+03 2.407483459999999914e-14
7.889611329999999725e+03 2.401242520000000203e-14
7.893668950000000223e+03 2.377573710000000138e-14
7.897726559999999154e+03 2.332771430000000136e-14
7.901784179999999651e+03 2.295855870000000149e-14
7.905841800000000148e+03 2.287054690000000061e-14
7.909899409999999079e+03 2.264426540000000068e-14
7.913957029999999577e+03 2.215279999999999977e-14
7.918014650000000074e+03 2.174373890000000275e-14
7.922072270000000572e+03 2.159205569999999846e-14
7.926129390000000967e+03 2.148585639999999988e-14
7.930187009999999646e+03 2.116471740000000411e-14
7.934244630000000143e+03 2.079159260000000258e-14
7.938302249999999731e+03 2.067137149999999783e-14
7.942359859999999571e+03 2.099913430000000327e-14
7.946417480000000069e+03 2.166953549999999912e-14
7.950475099999999657e+03 2.221032369999999930e-14
7.954532709999999497e+03 2.218651530000000070e-14
7.958590329999999994e+03 2.168213419999999960e-14
7.962647949999999582e+03 2.125558879999999818e-14
7.966705570000000080e+03 2.103642750000000059e-14
7.970763179999999920e+03 2.072787030000000203e-14
7.974820800000000418e+03 2.026417739999999915e-14
7.978878420000000006e+03 1.965706479999999989e-14
7.982936040000000503e+03 1.905309639999999938e-14
7.986993650000000343e+03 1.877485460000000171e-14
7.991051269999999931e+03 1.872525229999999911e-14
7.995108890000000429e+03 1.869104739999999798e-14
7.999166500000000269e+03 1.878421090000000220e-14
8.003224119999999857e+03 1.880442449999999799e-14
8.007281740000000354e+03 1.866832319999999982e-14
8.011339359999999033e+03 1.863217870000000079e-14
8.015396970000000692e+03 1.848711580000000049e-14
8.019454099999999926e+03 1.818964460000000024e-14
8.023511720000000423e+03 1.825631629999999989e-14
8.027569340000000921e+03 1.877491220000000081e-14
8.031626949999999852e+03 1.924511370000000254e-14
8.035684570000000349e+03 1.942607049999999965e-14
8.039742190000000846e+03 1.932722339999999950e-14
8.043799799999999777e+03 1.899730580000000021e-14
8.047857420000000275e+03 1.880584240000000145e-14
8.051915040000000772e+03 1.893480830000000003e-14
8.055972659999999451e+03 1.913103190000000003e-14
8.060030270000000201e+03 1.934946820000000194e-14
8.064087890000000698e+03 1.967347349999999915e-14
8.068145509999999376e+03 1.984895500000000069e-14
8.072203120000000126e+03 1.979749780000000073e-14
8.076260740000000624e+03 1.987808959999999961e-14
8.080318359999999302e+03 2.012927719999999930e-14
8.084375979999999799e+03 2.025578999999999777e-14
8.088433590000000549e+03 2.011280240000000248e-14
8.092491209999999228e+03 1.985285479999999908e-14
8.096548829999999725e+03 1.969377179999999862e-14
8.100606450000000223e+03 1.950642340000000052e-14
8.104664059999999154e+03 1.918295840000000070e-14
8.108721679999999651e+03 1.886061159999999835e-14
8.112779300000000148e+03 1.856228660000000035e-14
8.116836429999999382e+03 1.837314579999999995e-14
8.120894040000001041e+03 1.848439170000000185e-14
8.124951659999999720e+03 1.870215039999999953e-14
8.129009279999999308e+03 1.874778169999999764e-14
8.133066890000000967e+03 1.878588300000000092e-14
8.137124509999999646e+03 1.903763470000000002e-14
8.141182130000000143e+03 1.923652820000000212e-14
8.145239749999999731e+03 1.931589010000000155e-14
8.149297359999999571e+03 1.940396969999999969e-14
8.153354980000000069e+03 1.900319429999999711e-14
8.157412599999999657e+03 1.796456080000000240e-14
8.161470209999999497e+03 1.676632260000000018e-14
8.165527829999999994e+03 1.592719419999999842e-14
8.169585449999999582e+03 1.588149849999999929e-14
8.173643070000000080e+03 1.645701500000000104e-14
8.177700679999999920e+03 1.726015810000000035e-14
8.181758300000000418e+03 1.797101019999999929e-14
8.185815920000000006e+03 1.830390769999999850e-14
8.189873540000000503e+03 1.826193720000000079e-14
8.193930659999999989e+03 1.756729050000000300e-14
8.197988279999999577e+03 1.606821330000000102e-14
8.202045899999999165e+03 1.468276219999999840e-14
8.206103520000000572e+03 1.399305539999999948e-14
8.210161130000000412e+03 1.384235389999999831e-14
8.214218750000000000e+03 1.424672830000000136e-14
8.218276369999999588e+03 1.502488389999999979e-14
8.222333979999999428e+03 1.566891860000000007e-14
8.226391600000000835e+03 1.589047189999999930e-14
8.230449220000000423e+03 1.586873370000000032e-14
8.234506840000000011e+03 1.598599690000000118e-14
8.238564449999999852e+03 1.616339100000000232e-14
8.242622069999999439e+03 1.590126139999999734e-14
8.246679690000000846e+03 1.533424569999999864e-14
8.250737300000000687e+03 1.506108780000000075e-14
8.254794920000000275e+03 1.516716169999999981e-14
8.258852539999999863e+03 1.545148189999999805e-14
8.262910159999999451e+03 1.570815820000000036e-14
8.266967770000001110e+03 1.580667830000000258e-14
8.271025390000000698e+03 1.583349879999999846e-14
8.275083010000000286e+03 1.594649129999999829e-14
8.279140620000000126e+03 1.619821249999999973e-14
8.283198239999999714e+03 1.646745549999999881e-14
8.287255859999999302e+03 1.664394499999999873e-14
8.291313479999998890e+03 1.680706150000000190e-14
8.295371090000000549e+03 1.712943889999999875e-14
8.299428710000000137e+03 1.749901800000000126e-14
8.303486329999999725e+03 1.749906199999999965e-14
8.307543949999999313e+03 1.721648679999999962e-14
8.311601559999999154e+03 1.693425029999999857e-14
8.315659180000000561e+03 1.667601709999999889e-14
8.319716800000000148e+03 1.658587919999999899e-14
8.323774409999999989e+03 1.659663310000000028e-14
8.327832029999999577e+03 1.653068479999999976e-14
8.331889649999999165e+03 1.640630989999999819e-14
8.335947270000000572e+03 1.613689919999999775e-14
8.340004880000000412e+03 1.585415790000000239e-14
8.344062500000000000e+03 1.592579659999999761e-14
8.348120119999999588e+03 1.630859279999999970e-14
8.352177729999999428e+03 1.671894300000000130e-14
8.356234379999999874e+03 1.715714870000000175e-14
8.360291989999999714e+03 1.727949919999999861e-14
8.364349609999999302e+03 1.668045209999999874e-14
8.368407229999998890e+03 1.607750530000000046e-14
8.372464840000000549e+03 1.612619440000000024e-14
8.376522460000000137e+03 1.633848460000000113e-14
8.380580079999999725e+03 1.638505449999999749e-14
8.384637699999999313e+03 1.645241389999999954e-14
8.388695309999999154e+03 1.658870660000000112e-14
8.392752930000000561e+03 1.697380499999999893e-14
8.396810550000000148e+03 1.781731090000000142e-14
8.400868159999999989e+03 1.878869679999999919e-14
8.404925779999999577e+03 1.925380770000000236e-14
8.408983399999999165e+03 1.904476839999999993e-14
8.413041020000000572e+03 1.857678779999999908e-14
8.417098630000000412e+03 1.837542090000000054e-14
8.421156250000000000e+03 1.845294140000000018e-14
8.425213869999999588e+03 1.882475670000000082e-14
8.429271479999999428e+03 1.962006639999999999e-14
8.433329100000000835e+03 2.012015299999999805e-14
8.437386720000000423e+03 2.004084189999999893e-14
8.441444340000000011e+03 2.024023679999999911e-14
8.445501949999999852e+03 2.102176189999999989e-14
8.449559569999999439e+03 2.164231520000000265e-14
8.453617190000000846e+03 2.162853400000000050e-14
8.457674800000000687e+03 2.142087880000000130e-14
8.461732420000000275e+03 2.154658189999999725e-14
8.465790039999999863e+03 2.177626669999999975e-14
8.469847659999999451e+03 2.157873350000000203e-14
8.473905270000001110e+03 2.119503440000000157e-14
8.477962890000000698e+03 2.115130890000000113e-14
8.482020510000000286e+03 2.111666520000000011e-14
8.486078120000000126e+03 2.056660029999999773e-14
8.490135739999999714e+03 1.985606159999999917e-14
8.494193359999999302e+03 1.963851139999999866e-14
8.498250979999998890e+03 1.993083940000000036e-14
8.502308590000000549e+03 2.051302550000000037e-14
8.506366210000000137e+03 2.138261660000000174e-14
8.510423829999999725e+03 2.195598509999999894e-14
8.514481449999999313e+03 2.145407569999999775e-14
8.518539059999999154e+03 2.019298929999999853e-14
8.522596680000000561e+03 1.925284209999999950e-14
8.526654300000000148e+03 1.924229479999999888e-14
8.530711909999999989e+03 1.999129719999999858e-14
8.534769529999999577e+03 2.112601810000000121e-14
8.538827149999999165e+03 2.257339419999999980e-14
8.542884770000000572e+03 2.365264120000000304e-14
8.546941409999999451e+03 2.379337060000000100e-14
8.550999020000001110e+03 2.356736529999999868e-14
8.555056640000000698e+03 2.330676040000000317e-14
8.559114260000000286e+03 2.261105490000000353e-14
8.563171879999999874e+03 2.154198419999999830e-14
8.567229489999999714e+03 2.061373260000000012e-14
8.571287109999999302e+03 1.991807290000000169e-14
8.575344729999998890e+03 1.929465670000000004e-14
8.579402340000000549e+03 1.853321130000000022e-14
8.583459960000000137e+03 1.779592509999999895e-14
8.587517579999999725e+03 1.732672469999999999e-14
8.591575199999999313e+03 1.732959949999999990e-14
8.595632809999999154e+03 1.784821409999999746e-14
8.599690430000000561e+03 1.879405510000000004e-14
8.603748050000000148e+03 1.993849660000000067e-14
8.607805659999999989e+03 2.102846870000000093e-14
8.611863279999999577e+03 2.217989649999999960e-14
8.615920899999999165e+03 2.342859930000000063e-14
8.619978520000000572e+03 2.427381620000000115e-14
8.624036130000000412e+03 2.446736999999999904e-14
8.628093750000000000e+03 2.426105479999999841e-14
8.632151369999999588e+03 2.367464540000000146e-14
8.636208979999999428e+03 2.291059290000000086e-14
8.640266600000000835e+03 2.218175830000000203e-14
8.644324220000000423e+03 2.119052310000000284e-14
8.648381840000000011e+03 1.998601849999999918e-14
8.652439449999999852e+03 1.875833410000000050e-14
8.656497069999999439e+03 1.774619240000000089e-14
8.660554690000000846e+03 1.722704420000000159e-14
8.664612300000000687e+03 1.724651920000000098e-14
8.668669920000000275e+03 1.767426399999999787e-14
8.672727539999999863e+03 1.835726899999999959e-14
8.676785159999999451e+03 1.937440139999999997e-14
8.680842770000001110e+03 2.071878160000000069e-14
8.684900390000000698e+03 2.176735250000000171e-14
8.688958010000000286e+03 2.213264399999999993e-14
8.693015620000000126e+03 2.215759079999999867e-14
8.697073239999999714e+03 2.220013379999999744e-14
8.701130859999999302e+03 2.233298250000000061e-14
8.705188479999998890e+03 2.221909549999999774e-14
8.709246090000000549e+03 2.168330990000000249e-14
8.713303710000000137e+03 2.094801249999999972e-14
8.717361329999999725e+03 2.021545090000000295e-14
8.721418949999999313e+03 1.961792850000000309e-14
8.725476559999999154e+03 1.933167030000000036e-14
8.729534180000000561e+03 1.890514860000000099e-14
8.733591800000000148e+03 1.803771399999999947e-14
8.737648440000000846e+03 1.721523820000000039e-14
8.741706050000000687e+03 1.674434889999999943e-14
