3.186402343750000000e+03 3.358119999999999276e-14
3.189431493068850159e+03 4.617411999999999702e-14
3.192460642387700318e+03 3.017459000000000109e-15
3.195489791706550477e+03 -2.823065000000000051e-15
3.198518941025399727e+03 3.420393999999999940e-14
3.201548090344249886e+03 1.934703000000000231e-14
3.204577239663100045e+03 -1.033529000000000075e-14
3.207606388981939745e+03 3.511456000000000078e-14
3.210635538300789904e+03 -1.257321999999999923e-15
3.213664687619640063e+03 -1.235005000000000038e-15
3.216693836938489767e+03 -3.604427000000000618e-15
3.219722986257339926e+03 8.532711999999998617e-15
3.222752135576189630e+03 1.219435000000000063e-14
3.225781284895039789e+03 -6.206516000000000448e-16
3.228810434213889948e+03 3.135844999999999978e-14
3.231839583532739653e+03 9.484485999999999556e-15
3.234868732851589812e+03 5.764425999999999806e-16
3.237897882170430421e+03 1.971833000000000106e-14
3.240927031489279670e+03 1.427001000000000012e-14
3.243956180808129830e+03 -2.385582999999999858e-16
3.246985330126979989e+03 -3.019104999999999979e-15
3.250014479445830148e+03 5.532859000000000711e-15
3.253043628764680307e+03 -1.063308999999999900e-15
3.256072778083530466e+03 3.737366000000000154e-15
3.259101927402380170e+03 1.438412999999999891e-15
3.262131076721229874e+03 3.286110000000000064e-15
3.265160226040070029e+03 6.088145000000000245e-15
3.268189375358919733e+03 7.062025000000000206e-15
3.271218524677769892e+03 8.388016999999999921e-15
3.274247673996620051e+03 8.686759999999999972e-15
3.277276823315469755e+03 6.731227999999999891e-15
3.280305972634319915e+03 5.562864000000000693e-15
3.283335121953170074e+03 6.504539999999999786e-15
3.286364271272019778e+03 2.777400000000000126e-15
3.289393420590859932e+03 5.250849999999999722e-15
3.292422569909710091e+03 5.894745000000000692e-15
3.295451719228560250e+03 1.238768999999999994e-15
3.298480868547410410e+03 3.683787000000000393e-15
3.301510017866260569e+03 5.609013000000000252e-15
3.304539167185109818e+03 5.579305999999999472e-15
3.307568316503959977e+03 6.535183999999999895e-15
3.310597465822810136e+03 7.412816999999999379e-15
3.313626615141660295e+03 4.945619000000000265e-15
3.316655764460510454e+03 2.703700999999999952e-15
3.319684913779350154e+03 5.389008999999999764e-15
3.322714063098199858e+03 5.351605999999999342e-15
3.325743212417050017e+03 3.979342999999999944e-15
3.328772361735900176e+03 4.947400999999999709e-15
3.331801511054749881e+03 3.998218000000000078e-15
3.334830660373600040e+03 5.276011999999999163e-15
3.337859809692449744e+03 4.732670000000000441e-15
3.340888959011299903e+03 6.255616999999999429e-15
3.343918108330150062e+03 4.951022999999999987e-15
3.346947257648989762e+03 3.483720000000000134e-15
3.349976406967839921e+03 4.314028999999999797e-15
3.353005556286690080e+03 5.508814999999999566e-15
3.356034705605539330e+03 5.640078000000000295e-15
3.359063854924389489e+03 5.469418000000000003e-15
3.362093004243239648e+03 5.492766999999999270e-15
3.365122153562089807e+03 5.071029999999999888e-15
3.368151302880939966e+03 5.048673000000000302e-15
3.371180452199790125e+03 4.453203999999999934e-15
3.374209601518640284e+03 4.789618000000000276e-15
3.377238750837479984e+03 4.234099000000000883e-15
3.380267900156330143e+03 5.186865999999999745e-15
3.383297049475179847e+03 5.193706999999999495e-15
3.386326198794030006e+03 4.623987999999999989e-15
3.389355348112880165e+03 5.212857000000000605e-15
3.392384497431730324e+03 5.463844000000000121e-15
3.395413646750580028e+03 4.805020999999999947e-15
3.398442796069429733e+03 5.107738999999999830e-15
3.401471945388269432e+03 5.574939999999999827e-15
3.404501094707119591e+03 5.744776999999999987e-15
3.407530244025969751e+03 5.611660999999999186e-15
3.410559393344819910e+03 5.943735999999999756e-15
3.413588542663670069e+03 5.491514000000000037e-15
3.416617691982520228e+03 6.010610999999999881e-15
3.419646841301369477e+03 6.349422999999999991e-15
3.422675990620219636e+03 7.066374000000000545e-15
3.425705139939069795e+03 6.077719000000000655e-15
3.428734289257919954e+03 5.918989000000000539e-15
3.431763438576760109e+03 6.896623999999999710e-15
3.434792587895610268e+03 5.868593000000000420e-15
3.437821737214460427e+03 6.712429000000000274e-15
3.440850886533310131e+03 6.342124000000000659e-15
3.443880035852159835e+03 6.892608999999999979e-15
3.446909185171009995e+03 6.178419000000000102e-15
3.449938334489860154e+03 6.508203000000000572e-15
3.452967483808710313e+03 6.161495999999999571e-15
3.455996633127560472e+03 6.257424999999999714e-15
3.459025782446400171e+03 6.345859000000000314e-15
3.462054931765250330e+03 6.040987999999999940e-15
3.465084081084099580e+03 6.076995999999999874e-15
3.468113230402949739e+03 5.397025999999999989e-15
3.471142379721799898e+03 5.802346999999999856e-15
3.474171529040650057e+03 5.759244000000000149e-15
3.477200678359500216e+03 5.987745000000000428e-15
3.480229827678350375e+03 5.500599000000000459e-15
3.483258976997199625e+03 5.735295999999999863e-15
3.486288126316049784e+03 5.728438999999999839e-15
3.489317275634889938e+03 5.689648999999999853e-15
3.492346424953739643e+03 5.586894999999999446e-15
3.495375574272589802e+03 5.502494999999999889e-15
3.498404723591439961e+03 6.013831999999998992e-15
3.501433872910290120e+03 5.397656999999999190e-15
3.504463022229139824e+03 5.312478000000000257e-15
3.507492171547989983e+03 5.276280999999999641e-15
3.510521320866839687e+03 5.299511999999999643e-15
3.513550470185679842e+03 5.534896999999999030e-15
3.516579619504530001e+03 5.621680000000000267e-15
3.519608768823379705e+03 5.740344999999999603e-15
3.522637918142229410e+03 5.516354999999999684e-15
3.525667067461079569e+03 5.860750000000000422e-15
3.528696216779929728e+03 6.231480000000000039e-15
3.531725366098779887e+03 6.328894000000000245e-15
3.534754515417629591e+03 6.236199999999999847e-15
3.537783664736479295e+03 6.606310000000000649e-15
3.540812814055320359e+03 6.641845000000000545e-15
3.543841963374170518e+03 6.720201000000000432e-15
3.546871112693020223e+03 6.735098999999999516e-15
3.549900262011869927e+03 6.437883000000000644e-15
3.552929411330720086e+03 6.798396999999999938e-15
3.555958560649570245e+03 7.181975000000000114e-15
3.558987709968420404e+03 6.634440999999999607e-15
3.562016859287270563e+03 6.713257000000000294e-15
3.565046008606120722e+03 6.705273000000001228e-15
3.568075157924960422e+03 6.638076999999999731e-15
3.571104307243810581e+03 6.607753000000001173e-15
3.574133456562659831e+03 6.097470000000000056e-15
3.577162605881509990e+03 6.451019999999999658e-15
3.580191755200360149e+03 5.863689999999999638e-15
3.583220904519210308e+03 6.166893000000000553e-15
3.586250053838060467e+03 5.953255000000000138e-15
3.589279203156910626e+03 6.040930999999999947e-15
3.592308352475759875e+03 5.378255999999999883e-15
3.595337501794610034e+03 5.424191999999999137e-15
3.598366651113449734e+03 5.494798000000000427e-15
3.601395800432299893e+03 5.409763000000000022e-15
3.604424949751150052e+03 5.287406999999999420e-15
3.607454099070000211e+03 4.945730999999999822e-15
3.610483248388849916e+03 4.853196999999999805e-15
3.613512397707700075e+03 5.123500999999999553e-15
3.616541547026550234e+03 5.384513000000000647e-15
3.619570696345399938e+03 5.366505999999999643e-15
3.622599845664240092e+03 5.450689000000000404e-15
3.625628994983089797e+03 5.418605999999999839e-15
3.628658144301939501e+03 5.179444000000000470e-15
3.631687293620789660e+03 5.147698999999999793e-15
3.634716442939639819e+03 5.454003000000000126e-15
3.637745592258489978e+03 5.183936000000000307e-15
3.640774741577340137e+03 5.059820999999999275e-15
3.643803890896189387e+03 4.974165000000000236e-15
3.646833040215039546e+03 4.853327999999999886e-15
3.649862189533889705e+03 4.907271000000000376e-15
3.652891338852729405e+03 5.168177999999999864e-15
3.655920488171579564e+03 5.438875999999999673e-15
3.658949637490429723e+03 5.171688999999999617e-15
3.661978786809279882e+03 5.267349000000000071e-15
3.665007936128130041e+03 5.232717999999999923e-15
3.668037085446980200e+03 5.187704000000000332e-15
3.671066234765829449e+03 5.330046999999999655e-15
3.674095384084679608e+03 5.386276999999999388e-15
3.677124533403529767e+03 5.491431999999999812e-15
3.680153682722370831e+03 5.442821000000000174e-15
3.683182832041220081e+03 5.521308999999999962e-15
3.686211981360070240e+03 5.461418999999999693e-15
3.689241130678920399e+03 5.620960999999999554e-15
3.692270279997770558e+03 5.733209000000000111e-15
3.695299429316620262e+03 5.746968000000000736e-15
3.698328578635470421e+03 5.836083000000001002e-15
3.701357727954320126e+03 5.736061000000000182e-15
3.704386877273170285e+03 5.834746999999999357e-15
3.707416026592020444e+03 5.824999000000000761e-15
3.710445175910860144e+03 5.765747000000000010e-15
3.713474325229710303e+03 5.783080999999999909e-15
3.716503474548560007e+03 5.684655999999999498e-15
3.719532623867410166e+03 6.039212000000000205e-15
3.722561773186260325e+03 5.927538000000000434e-15
3.725590922505110029e+03 5.731768999999999836e-15
3.728620071823959734e+03 5.855455999999999828e-15
3.731649221142809893e+03 5.980808999999999638e-15
3.734678370461649592e+03 5.999950999999999822e-15
3.737707519780499752e+03 5.802125000000000382e-15
3.740736669099349911e+03 6.167525999999999394e-15
3.743765818418200070e+03 5.967143000000000414e-15
3.746794967737050229e+03 5.766750000000000078e-15
3.749824117055900388e+03 5.720174999999999908e-15
3.752853266374749637e+03 5.638766999999999671e-15
3.755882415693599796e+03 5.393004999999999761e-15
3.758911565012449955e+03 5.495606999999999924e-15
3.761940714331289655e+03 5.427811999999999776e-15
3.764969863650139814e+03 5.173575999999999878e-15
3.767999012968989973e+03 5.182083000000000235e-15
3.771028162287840132e+03 5.054580999999999214e-15
3.774057311606689836e+03 4.991685999999999599e-15
3.777086460925539541e+03 4.937546999999999687e-15
3.780115610244389700e+03 4.893310000000000621e-15
3.783144759563239859e+03 4.721495000000000017e-15
3.786173908882090018e+03 4.507315000000000154e-15
3.789203058200939722e+03 4.685961999999999761e-15
3.792232207519779877e+03 4.495956999999999546e-15
3.795261356838629581e+03 4.598208999999999615e-15
3.798290506157479740e+03 4.411277999999999734e-15
3.801319655476329899e+03 4.177538000000000002e-15
3.804348804795179603e+03 4.180771000000000108e-15
3.807377954114029762e+03 4.242049999999999580e-15
3.810407103432879467e+03 4.187924999999999514e-15
3.813436252751729626e+03 4.102309000000000372e-15
3.816465402070570235e+03 4.211327000000000283e-15
3.819494551389419939e+03 4.090629000000000940e-15
3.822523700708270098e+03 4.249277999999999862e-15
3.825552850027120257e+03 4.042632000000000409e-15
3.828581999345970416e+03 4.181832999999999809e-15
3.831611148664820576e+03 4.283267999999999454e-15
3.834640297983669825e+03 4.405118000000000438e-15
3.837669447302519984e+03 4.205821999999999812e-15
3.840698596621370143e+03 4.340651999999999678e-15
3.843727745940220302e+03 4.468361999999999539e-15
3.846756895259060002e+03 4.445706999999999962e-15
3.849786044577910161e+03 4.576021000000000368e-15
3.852815193896760320e+03 4.590584000000000600e-15
3.855844343215610479e+03 4.827610999999999393e-15
3.858873492534460638e+03 4.826342000000000674e-15
3.861902641853309888e+03 5.070058000000000550e-15
3.864931791172160047e+03 5.019062000000000382e-15
3.867960940491010206e+03 5.148015999999999518e-15
3.870990089809860365e+03 5.438225000000000129e-15
3.874019239128700065e+03 5.457543000000000179e-15
3.877048388447550224e+03 5.325146999999999911e-15
3.880077537766399928e+03 5.507577999999999818e-15
3.883106687085250087e+03 5.551998000000000646e-15
3.886135836404099791e+03 5.422829999999999806e-15
3.889164985722949950e+03 5.455895000000000276e-15
3.892194135041800109e+03 5.424189000000000466e-15
3.895223284360649814e+03 5.426100000000000351e-15
3.898252433679499973e+03 5.287430000000000012e-15
3.901281582998339672e+03 5.171021999999999798e-15
3.904310732317189832e+03 5.238280000000000387e-15
3.907339881636039991e+03 5.265925999999999890e-15
3.910369030954890150e+03 5.264050999999999835e-15
3.913398180273739399e+03 4.967606000000000202e-15
3.916427329592589558e+03 4.958883000000000080e-15
3.919456478911439717e+03 5.050987999999999236e-15
3.922485628230289876e+03 4.940967999999999866e-15
3.925514777549129576e+03 4.786785999999999760e-15
3.928543926867979735e+03 4.821855999999999756e-15
3.931573076186829894e+03 4.780055999999999748e-15
3.934602225505680053e+03 4.659170000000000331e-15
3.937631374824529303e+03 4.712360000000000708e-15
3.940660524143379462e+03 4.918755000000000387e-15
3.943689673462229621e+03 4.874645999999999575e-15
3.946718822781079780e+03 4.914261999999999941e-15
3.949747972099929939e+03 4.868774000000000492e-15
3.952777121418780098e+03 5.028000999999999480e-15
3.955806270737620252e+03 4.932134000000000007e-15
3.958835420056470412e+03 5.020924999999999442e-15
3.961864569375320571e+03 5.081782000000000738e-15
3.964893718694170730e+03 5.195168999999999754e-15
3.967922868013019979e+03 5.185262999999999628e-15
3.970952017331870138e+03 5.336385000000000036e-15
3.973981166650720297e+03 5.358466999999999435e-15
3.977010315969570456e+03 5.399010000000000141e-15
3.980039465288420615e+03 5.537090000000000208e-15
3.983068614607260315e+03 5.517471999999999738e-15
3.986097763926110019e+03 5.624304000000000366e-15
3.989126913244960178e+03 5.399894000000000335e-15
3.992156062563810337e+03 5.410054999999999515e-15
3.995185211882660042e+03 5.670940000000000598e-15
3.998214361201510201e+03 5.796603000000000605e-15
4.001243510520359905e+03 5.725239999999999922e-15
4.004272659839210064e+03 5.837668000000000415e-15
4.007301809158060223e+03 5.849583999999999956e-15
4.010330958476910382e+03 5.649903999999999836e-15
4.013360107795750082e+03 5.395730999999999640e-15
4.016389257114600241e+03 5.363966999999999228e-15
4.019418406433449491e+03 5.392573000000000230e-15
4.022447555752299650e+03 5.667578999999999871e-15
4.025476705071149809e+03 5.829469999999999646e-15
4.028505854389999968e+03 5.985615999999999560e-15
4.031535003708850127e+03 6.109148000000000638e-15
4.034564153027700286e+03 6.240143999999999739e-15
4.037593302346550445e+03 6.098833999999999816e-15
4.040622451665390145e+03 5.833908999999999559e-15
4.043651600984240304e+03 5.941233999999999779e-15
4.046680750303089553e+03 5.849631999999999992e-15
4.049709899621939712e+03 5.702201999999999882e-15
4.052739048940789871e+03 5.720659000000000332e-15
4.055768198259640030e+03 5.803088000000000551e-15
4.058797347578490189e+03 6.012258000000000753e-15
4.061826496897339894e+03 5.988510999999999778e-15
4.064855646216179593e+03 5.918008000000000454e-15
4.067884795535029753e+03 6.072800999999999418e-15
4.070913944853879457e+03 5.956474000000000398e-15
4.073943094172729616e+03 5.861370000000000026e-15
4.076972243491579775e+03 5.793474999999999738e-15
4.080001392810429479e+03 5.773751000000000209e-15
4.083030542129279638e+03 5.690788000000000679e-15
4.086059691448129797e+03 5.446944000000000971e-15
4.089088840766979956e+03 5.374108000000000432e-15
4.092117990085829661e+03 5.256272000000000148e-15
4.095147139404670270e+03 5.161349000000000321e-15
4.098176288723520884e+03 5.210717000000000140e-15
4.101205438042370588e+03 5.125880000000000375e-15
4.104234587361220292e+03 5.134295999999999761e-15
4.107263736680069997e+03 5.044056999999999913e-15
4.110292885998920610e+03 4.987447999999999785e-15
4.113322035317770315e+03 4.912487000000000025e-15
4.116351184636620928e+03 4.951693000000000055e-15
4.119380333955470633e+03 4.875199999999999228e-15
4.122409483274310332e+03 4.853230000000000175e-15
4.125438632593160037e+03 5.030445000000000433e-15
4.128467781912009741e+03 4.980540000000000266e-15
4.131496931230860355e+03 4.957017000000000771e-15
4.134526080549710059e+03 5.013285999999999792e-15
4.137555229868559763e+03 5.071789000000000499e-15
4.140584379187410377e+03 5.234233999999999927e-15
4.143613528506260081e+03 5.275851999999999571e-15
4.146642677825109786e+03 5.278398000000000303e-15
4.149671827143960400e+03 5.290534999999999498e-15
4.152700976462800099e+03 5.293659000000000296e-15
4.155730125781649804e+03 5.451069999999999650e-15
4.158759275100499508e+03 5.585436000000000225e-15
4.161788424419350122e+03 5.567978000000000563e-15
4.164817573738199826e+03 5.585763000000000516e-15
4.167846723057050440e+03 5.677135999999999723e-15
4.170875872375900144e+03 5.535255999999999871e-15
4.173905021694739844e+03 5.542923999999999821e-15
4.176934171013590458e+03 5.727793000000000183e-15
4.179963320332439253e+03 5.545354000000000138e-15
4.182992469651289866e+03 5.623328000000000959e-15
4.186021618970139571e+03 5.499919000000000614e-15
4.189050768288990184e+03 5.616116999999999983e-15
4.192079917607839889e+03 5.656606000000000156e-15
4.195109066926690502e+03 5.575486000000000132e-15
4.198138216245539297e+03 5.515931999999999322e-15
4.201167365564389911e+03 5.569795999999999836e-15
4.204196514883229611e+03 5.555520999999999816e-15
4.207225664202079315e+03 5.623783000000000293e-15
4.210254813520929929e+03 5.637378000000000468e-15
4.213283962839779633e+03 5.463091999999999828e-15
4.216313112158629338e+03 5.494406999999999826e-15
4.219342261477479951e+03 5.471405999999999435e-15
4.222371410796329656e+03 5.480389999999999898e-15
4.225400560115179360e+03 5.281216999999999215e-15
4.228429709434029974e+03 5.293088000000000547e-15
4.231458858752879678e+03 5.308191999999999619e-15
4.234488008071720287e+03 5.156955999999999226e-15
4.237517157390569992e+03 5.039199999999999527e-15
4.240546306709420605e+03 5.051819000000000294e-15
4.243575456028270310e+03 5.002050000000000096e-15
4.246604605347120014e+03 4.923905000000000086e-15
4.249633754665970628e+03 4.782451999999999876e-15
4.252662903984820332e+03 4.725287999999999486e-15
4.255692053303670036e+03 4.863159999999999924e-15
4.258721202622519741e+03 4.761236999999999786e-15
4.261750351941359440e+03 4.647253000000000181e-15
4.264779501260210054e+03 4.739174000000000911e-15
4.267808650579059758e+03 4.713845999999999802e-15
4.270837799897910372e+03 4.717573000000000109e-15
4.273866949216760077e+03 4.705675999999999513e-15
4.276896098535610690e+03 4.716367000000000302e-15
4.279925247854460395e+03 4.800354000000000063e-15
4.282954397173310099e+03 4.812178000000000391e-15
4.285983546492150708e+03 4.859434000000000226e-15
4.289012695810999503e+03 4.902506999999999812e-15
4.292041845129850117e+03 4.837799000000000023e-15
4.295070994448699821e+03 4.840872000000000537e-15
4.298100143767550435e+03 4.887140999999999791e-15
4.301129293086400139e+03 4.956924000000000160e-15
4.304158442405249843e+03 4.869254000000000058e-15
4.307187591724099548e+03 4.808710999999999816e-15
4.310216741042950161e+03 4.909577000000000142e-15
4.313245890361799866e+03 4.834188999999999951e-15
4.316275039680639566e+03 4.841663000000000119e-15
4.319304188999490179e+03 4.697519000000000828e-15
4.322333338318339884e+03 4.659780999999999188e-15
4.325362487637189588e+03 4.709092999999999624e-15
4.328391636956040202e+03 4.655922999999999590e-15
4.331420786274889906e+03 4.498537000000000468e-15
4.334449935593739610e+03 4.429457999999999567e-15
4.337479084912589315e+03 4.371014000000000072e-15
4.340508234231439928e+03 4.339975000000000081e-15
4.343537383550279628e+03 4.350499000000000171e-15
4.346566532869129333e+03 4.256286000000000311e-15
4.349595682187979946e+03 4.083397999999999620e-15
4.352624831506829651e+03 4.038412999999999541e-15
4.355653980825680264e+03 4.035427999999999750e-15
4.358683130144529059e+03 3.930219000000000371e-15
4.361712279463379673e+03 3.938282000000000202e-15
4.364741428782229377e+03 3.818104000000000323e-15
4.367770578101070896e+03 3.864984999999999832e-15
4.370799727419919691e+03 3.836422999999999586e-15
4.373828876738770305e+03 3.780719000000000604e-15
4.376858026057620009e+03 3.634442999999999408e-15
4.379887175376470623e+03 3.713875000000000419e-15
4.382916324695320327e+03 3.688282999999999510e-15
4.385945474014170941e+03 3.665126000000000384e-15
4.388974623333019736e+03 3.638079000000000321e-15
4.392003772651870349e+03 3.619837999999999637e-15
4.395032921970710049e+03 3.742414000000000073e-15
4.398062071289559753e+03 3.715909000000000247e-15
4.401091220608410367e+03 3.660189000000000201e-15
4.404120369927260072e+03 3.608776999999999988e-15
4.407149519246109776e+03 3.640219000000000786e-15
4.410178668564960390e+03 3.666381999999999866e-15
4.413207817883810094e+03 3.541680999999999815e-15
4.416236967202659798e+03 3.598489000000000007e-15
4.419266116521510412e+03 3.589822000000000058e-15
4.422295265840360116e+03 3.448469999999999807e-15
4.425324415159199816e+03 3.358659999999999636e-15
4.428353564478049520e+03 3.450020000000000000e-15
4.431382713796900134e+03 3.425384999999999946e-15
4.434411863115749838e+03 3.343115000000000287e-15
4.437441012434600452e+03 3.434882000000000345e-15
4.440470161753450157e+03 3.362145999999999945e-15
4.443499311072299861e+03 3.429090999999999695e-15
4.446528460391149565e+03 3.520523000000000113e-15
4.449557609710000179e+03 3.458770999999999420e-15
4.452586759028849883e+03 3.555913999999999902e-15
4.455615908347689583e+03 3.595943000000000064e-15
4.458645057666540197e+03 3.584572999999999250e-15
4.461674206985389901e+03 3.697385000000000027e-15
4.464703356304240515e+03 3.747165999999999642e-15
4.467732505623089310e+03 3.918883999999999566e-15
4.470761654941939923e+03 3.883427999999999646e-15
4.473790804260789628e+03 3.911005999999999559e-15
4.476819953579640242e+03 3.979597999999999787e-15
4.479849102898479941e+03 3.888168999999999618e-15
4.482878252217329646e+03 4.047325000000000345e-15
4.485907401536180259e+03 4.179890999999999983e-15
4.488936550855029964e+03 4.204500000000000380e-15
4.491965700173879668e+03 4.331826999999999776e-15
4.494994849492729372e+03 4.407709999999999988e-15
4.498023998811579986e+03 4.342380999999999987e-15
4.501053148130429690e+03 4.385309000000000435e-15
4.504082297449279395e+03 4.445356999999999868e-15
4.507111446768130008e+03 4.464165999999999263e-15
4.510140596086970618e+03 4.469465999999999566e-15
4.513169745405820322e+03 4.540676000000000185e-15
4.516198894724670026e+03 4.531738000000000117e-15
4.519228044043520640e+03 4.495362999999999994e-15
4.522257193362370344e+03 4.462877000000000200e-15
4.525286342681220049e+03 4.424890999999999823e-15
4.528315492000069753e+03 4.442447999999999804e-15
4.531344641318920367e+03 4.345780000000000183e-15
4.534373790637770071e+03 4.211337000000000061e-15
4.537402939956609771e+03 4.162802999999999182e-15
4.540432089275460385e+03 4.106584999999999655e-15
4.543461238594310089e+03 4.074943999999999976e-15
4.546490387913160703e+03 3.997590000000000337e-15
4.549519537232009498e+03 3.783864000000000776e-15
4.552548686550860111e+03 3.792898999999999946e-15
4.555577835869709816e+03 3.810205000000000152e-15
4.558606985188560429e+03 3.746282000000000238e-15
4.561636134507410134e+03 3.676702000000000397e-15
4.564665283826249834e+03 3.673860999999999134e-15
4.567694433145100447e+03 3.686869999999999895e-15
4.570723582463950152e+03 3.688150000000000578e-15
4.573752731782799856e+03 3.623516000000000088e-15
4.576781881101649560e+03 3.594304000000000118e-15
4.579811030420500174e+03 3.645959999999999788e-15
4.582840179739349878e+03 3.746587000000000545e-15
4.585869329058200492e+03 3.800522000000000109e-15
4.588898478377040192e+03 3.888909000000000494e-15
4.591927627695889896e+03 3.951028000000000193e-15
4.594956777014739600e+03 4.039861999999999774e-15
4.597985926333590214e+03 4.139138999999999829e-15
4.601015075652439918e+03 4.314111000000000022e-15
4.604044224971289623e+03 4.254010999999999697e-15
4.607073374290139327e+03 4.237969000000000688e-15
4.610102523608989941e+03 4.322383000000000091e-15
4.613131672927839645e+03 4.313493000000000059e-15
4.616160822246690259e+03 4.370776000000000323e-15
4.619189971565529959e+03 4.502316999999999910e-15
4.622219120884379663e+03 4.521995999999999652e-15
4.625248270203230277e+03 4.534639000000000043e-15
4.628277419522079072e+03 4.660274000000000358e-15
4.631306568840929685e+03 4.552509000000000470e-15
4.634335718159779390e+03 4.482227000000000011e-15
4.637364867478630003e+03 4.504829999999999483e-15
4.640394016797479708e+03 4.462169999999999694e-15
4.643423166116330322e+03 4.293840999999999399e-15
4.646452315435179116e+03 4.294260999999999513e-15
4.649481464754020635e+03 4.323585999999999649e-15
4.652510614072870339e+03 4.270950999999999534e-15
4.655539763391720953e+03 4.266707000000000012e-15
4.658568912710569748e+03 4.215162999999999898e-15
4.661598062029420362e+03 4.175565000000000236e-15
4.664627211348270066e+03 4.093899000000000695e-15
4.667656360667120680e+03 4.098095999999999213e-15
4.670685509985970384e+03 4.128752000000000317e-15
4.673714659304810084e+03 4.058346999999999916e-15
4.676743808623660698e+03 4.014623999999999816e-15
4.679772957942510402e+03 4.078380999999999641e-15
4.682802107261360106e+03 4.040870000000000519e-15
4.685831256580209811e+03 4.094424000000000048e-15
4.688860405899060424e+03 4.169110999999999441e-15
4.691889555217910129e+03 4.183727000000000387e-15
4.694918704536759833e+03 4.057549999999999836e-15
4.697947853855610447e+03 4.045473000000000093e-15
4.700977003174460151e+03 4.221425999999999582e-15
4.704006152493309855e+03 4.137350999999999888e-15
4.707035301812150465e+03 4.087244000000000590e-15
4.710064451131000169e+03 4.132552000000000103e-15
4.713093600449849873e+03 4.227909999999999709e-15
4.716122749768699578e+03 4.143887999999999938e-15
4.719151899087550191e+03 4.143073999999999764e-15
4.722181048406399896e+03 4.185876999999999840e-15
4.725210197725250509e+03 4.225912999999999531e-15
4.728239347044090209e+03 4.218790000000000066e-15
4.731268496362939914e+03 4.205294000000000211e-15
4.734297645681789618e+03 4.138474000000000439e-15
4.737326795000639322e+03 4.129086999999999957e-15
4.740355944319489936e+03 4.199143000000000084e-15
4.743385093638339640e+03 4.284772000000000040e-15
4.746414242957190254e+03 4.212330000000000351e-15
4.749443392276039958e+03 4.200280999999999512e-15
4.752472541594890572e+03 4.273677999999999233e-15
4.755501690913739367e+03 4.169653999999999498e-15
4.758530840232589981e+03 4.102050999999999491e-15
4.761559989551429680e+03 4.125183999999999783e-15
4.764589138870279385e+03 4.083479999999999845e-15
4.767618288189129998e+03 4.024854999999999805e-15
4.770647437507979703e+03 4.053292000000000468e-15
4.773676586826829407e+03 3.979877000000000832e-15
4.776705736145680021e+03 3.945749000000000053e-15
4.779734885464529725e+03 3.937270999999999997e-15
4.782764034783379429e+03 3.925467000000000801e-15
4.785793184102230043e+03 3.899464000000000525e-15
4.788822333421070653e+03 3.825935000000000114e-15
4.791851482739920357e+03 3.723432000000000271e-15
4.794880632058770061e+03 3.653805999999999245e-15
4.797909781377620675e+03 3.687480999999999541e-15
4.800938930696470379e+03 3.642604999999999559e-15
4.803968080015320083e+03 3.719708000000000213e-15
4.806997229334170697e+03 3.625817999999999785e-15
4.810026378653020402e+03 3.481709000000000109e-15
4.813055527971860101e+03 3.556983999999999740e-15
4.816084677290710715e+03 3.537382000000000334e-15
4.819113826609559510e+03 3.463613000000000140e-15
4.822142975928410124e+03 3.486574000000000239e-15
4.825172125247259828e+03 3.402061999999999942e-15
4.828201274566110442e+03 3.438047000000000072e-15
4.831230423884960146e+03 3.419064000000000055e-15
4.834259573203810760e+03 3.357987999999999533e-15
4.837288722522659555e+03 3.425074999999999750e-15
4.840317871841500164e+03 3.474936999999999770e-15
4.843347021160349868e+03 3.491973000000000073e-15
4.846376170479199573e+03 3.453627999999999644e-15
4.849405319798050186e+03 3.535734000000000036e-15
4.852434469116899891e+03 3.429324000000000344e-15
4.855463618435750504e+03 3.434073000000000059e-15
4.858492767754600209e+03 3.502375999999999465e-15
4.861521917073449913e+03 3.488375999999999632e-15
4.864551066392299617e+03 3.496524000000000331e-15
4.867580215711150231e+03 3.525535999999999628e-15
4.870609365029989931e+03 3.458090999999999575e-15
4.873638514348839635e+03 3.435094000000000041e-15
4.876667663667690249e+03 3.477078000000000055e-15
4.879696812986539953e+03 3.524397000000000380e-15
4.882725962305389658e+03 3.445936999999999890e-15
4.885755111624240271e+03 3.397899000000000430e-15
4.888784260943089976e+03 3.369581999999999856e-15
4.891813410261939680e+03 3.408754999999999910e-15
4.894842559580779380e+03 3.321715999999999799e-15
4.897871708899629084e+03 3.349448999999999810e-15
4.900900858218479698e+03 3.405545999999999822e-15
4.903930007537329402e+03 3.390803999999999868e-15
4.906959156856180016e+03 3.385690000000000393e-15
4.909988306175029720e+03 3.377407999999999758e-15
4.913017455493879424e+03 3.334740999999999651e-15
4.916046604812729129e+03 3.333521999999999818e-15
4.919075754131579743e+03 3.342410000000000210e-15
4.922104903450429447e+03 3.417642000000000088e-15
4.925134052769270056e+03 3.454734000000000494e-15
4.928163202088119760e+03 3.373629000000000530e-15
4.931192351406970374e+03 3.360354999999999755e-15
4.934221500725820079e+03 3.369339000000000218e-15
4.937250650044670692e+03 3.344780999999999711e-15
4.940279799363520397e+03 3.365140000000000088e-15
4.943308948682371010e+03 3.306967000000000316e-15
4.946338098001219805e+03 3.283229999999999513e-15
4.949367247320060414e+03 3.223934000000000373e-15
4.952396396638920123e+03 3.217635999999999496e-15
4.955425545957759823e+03 3.258805999999999729e-15
4.958454695276610437e+03 3.220845999999999404e-15
4.961483844595460141e+03 3.178839000000000377e-15
4.964512993914310755e+03 3.215085999999999484e-15
4.967542143233160459e+03 3.139148999999999923e-15
4.970571292552010163e+03 3.138420999999999648e-15
4.973600441870859868e+03 3.087699000000000241e-15
4.976629591189699568e+03 3.101162000000000121e-15
4.979658740508550181e+03 3.059067999999999796e-15
4.982687889827399886e+03 3.040767999999999873e-15
4.985717039146249590e+03 3.009429000000000253e-15
4.988746188465100204e+03 3.001374000000000164e-15
4.991775337783949908e+03 2.977412999999999852e-15
4.994804487102800522e+03 3.011075000000000122e-15
4.997833636421650226e+03 3.012964000000000023e-15
5.000862785740499930e+03 2.928240000000000029e-15
5.003891935059349635e+03 2.927381999999999888e-15
5.006921084378189335e+03 2.925617000000000144e-15
5.009950233697039948e+03 2.879000000000000042e-15
5.012979383015889653e+03 2.884497999999999801e-15
5.016008532334740266e+03 2.881859000000000430e-15
5.019037681653589971e+03 2.820797000000000149e-15
5.022066830972439675e+03 2.890432000000000343e-15
5.025095980291289379e+03 2.964454999999999771e-15
5.028125129610139993e+03 2.870172000000000286e-15
5.031154278928989697e+03 2.875634000000000216e-15
5.034183428247840311e+03 2.932022999999999720e-15
5.037212577566680011e+03 2.944054000000000251e-15
5.040241726885529715e+03 2.948385999999999706e-15
5.043270876204380329e+03 2.923874999999999810e-15
5.046300025523230033e+03 2.859237000000000434e-15
5.049329174842079738e+03 2.953210000000000118e-15
5.052358324160929442e+03 2.969732000000000271e-15
5.055387473479780056e+03 2.966824000000000027e-15
5.058416622798629760e+03 2.999862000000000230e-15
5.061445772117479464e+03 2.969404999999999980e-15
5.064474921436320074e+03 2.992180999999999859e-15
5.067504070755170687e+03 3.030130000000000192e-15
5.070533220074020392e+03 2.999207000000000222e-15
5.073562369392870096e+03 2.975282999999999954e-15
5.076591518711720710e+03 2.967859000000000250e-15
5.079620668030570414e+03 3.012703999999999897e-15
5.082649817349420118e+03 3.025610999999999694e-15
5.085678966668269823e+03 3.047282999999999941e-15
5.088708115987120436e+03 3.075526999999999853e-15
5.091737265305970141e+03 3.043152000000000190e-15
5.094766414624809840e+03 3.021575999999999620e-15
5.097795563943660454e+03 2.967558000000000011e-15
5.100824713262510159e+03 2.960633000000000002e-15
5.103853862581359863e+03 2.988841999999999905e-15
5.106883011900209567e+03 2.980329000000000234e-15
5.109912161219060181e+03 2.956557000000000209e-15
5.112941310537909885e+03 2.978235999999999590e-15
5.115970459856760499e+03 2.977254000000000474e-15
5.118999609175610203e+03 2.952335999999999702e-15
5.122028758494449903e+03 2.921115999999999561e-15
5.125057907813300517e+03 2.954450999999999934e-15
5.128087057132150221e+03 2.936363000000000102e-15
5.131116206450999925e+03 2.890827999999999650e-15
5.134145355769849630e+03 2.884785999999999620e-15
5.137174505088700244e+03 2.867885000000000255e-15
5.140203654407549948e+03 2.884069000000000125e-15
5.143232803726400562e+03 2.900776999999999922e-15
5.146261953045240261e+03 2.864047000000000211e-15
5.149291102364089966e+03 2.879805999999999685e-15
5.152320251682939670e+03 2.872295000000000261e-15
5.155349401001789374e+03 2.901727000000000066e-15
5.158378550320639988e+03 2.875640999999999744e-15
5.161407699639489692e+03 2.812864000000000184e-15
5.164436848958339397e+03 2.870047999999999734e-15
5.167465998277190010e+03 2.846197999999999948e-15
5.170495147596039715e+03 2.844925999999999796e-15
5.173524296914879415e+03 2.902254000000000242e-15
5.176553446233730028e+03 2.971777000000000090e-15
5.179582595552579733e+03 2.920234000000000191e-15
5.182611744871429437e+03 2.948349999999999877e-15
5.185640894190279141e+03 2.958337999999999833e-15
5.188670043509129755e+03 2.999103000000000014e-15
5.191699192827979459e+03 2.975731999999999974e-15
5.194728342146830073e+03 2.999470000000000203e-15
5.197757491465669773e+03 3.025867000000000146e-15
5.200786640784520387e+03 3.012820999999999737e-15
5.203815790103370091e+03 3.072759000000000436e-15
5.206844939422220705e+03 3.053040999999999432e-15
5.209874088741070409e+03 3.138927999999999875e-15
5.212903238059920113e+03 3.118695000000000084e-15
5.215932387378769818e+03 3.075407000000000159e-15
5.218961536697620431e+03 3.110182999999999839e-15
5.221990686016470136e+03 3.091547999999999882e-15
5.225019835335320749e+03 3.104825999999999937e-15
5.228048984654160449e+03 3.094285999999999573e-15
5.231078133973010154e+03 3.063352000000000005e-15
5.234107283291860767e+03 3.035360000000000082e-15
5.237136432610710472e+03 3.051282000000000186e-15
5.240165581929560176e+03 3.101219000000000508e-15
5.243194731248409880e+03 3.119917000000000166e-15
5.246223880567260494e+03 3.110997999999999833e-15
5.249253029886110198e+03 3.161170999999999870e-15
5.252282179204959903e+03 3.224032000000000478e-15
5.255311328523810516e+03 3.275125999999999569e-15
5.258340477842650216e+03 3.267517999999999860e-15
5.261369627161499920e+03 3.252472000000000207e-15
5.264398776480349625e+03 3.270137000000000465e-15
5.267427925799200239e+03 3.285947999999999649e-15
5.270457075118049943e+03 3.314533000000000092e-15
5.273486224436899647e+03 3.310766999999999707e-15
5.276515373755750261e+03 3.250500999999999686e-15
5.279544523074599965e+03 3.270107999999999770e-15
5.282573672393449669e+03 3.318384999999999982e-15
5.285602821712290279e+03 3.249734000000000122e-15
5.288631971031139983e+03 3.176884999999999951e-15
5.291661120349989687e+03 3.172020999999999642e-15
5.294690269668839392e+03 3.189690999999999789e-15
5.297719418987690005e+03 3.190485000000000014e-15
5.300748568306539710e+03 3.142973000000000121e-15
5.303777717625390324e+03 3.152394000000000398e-15
5.306806866944240028e+03 3.138502999999999873e-15
5.309836016263089732e+03 3.137200999999999600e-15
5.312865165581939436e+03 3.160852999999999930e-15
5.315894314900779136e+03 3.105502000000000108e-15
5.318923464219629750e+03 3.074860999999999853e-15
5.321952613538479454e+03 3.041894000000000278e-15
5.324981762857330068e+03 3.061095999999999915e-15
5.328010912176179772e+03 3.105294999999999906e-15
5.331040061495029477e+03 3.102474000000000170e-15
5.334069210813879181e+03 3.060619000000000203e-15
5.337098360132720700e+03 3.021747000000000387e-15
5.340127509451579499e+03 3.069852000000000012e-15
5.343156658770420108e+03 3.071159000000000173e-15
5.346185808089269813e+03 3.062282999999999987e-15
5.349214957408120426e+03 3.056742999999999901e-15
5.352244106726970131e+03 3.050097999999999968e-15
5.355273256045820744e+03 3.061025000000000076e-15
5.358302405364670449e+03 3.027903000000000008e-15
5.361331554683520153e+03 3.017807999999999595e-15
5.364360704002370767e+03 2.979972000000000216e-15
5.367389853321210467e+03 2.989264000000000447e-15
5.370419002640060171e+03 2.944219999999999946e-15
5.373448151958909875e+03 2.905680999999999735e-15
5.376477301277759580e+03 2.914764000000000124e-15
5.379506450596610193e+03 2.864495000000000016e-15
5.382535599915459898e+03 2.811067999999999710e-15
5.385564749234310511e+03 2.834871999999999890e-15
5.388593898553160216e+03 2.809364999999999848e-15
5.391623047872009920e+03 2.772655000000000086e-15
5.394652197190850529e+03 2.732435999999999816e-15
5.397681346509699324e+03 2.714052000000000029e-15
5.400710495828549938e+03 2.743560999999999775e-15
5.403739645147399642e+03 2.659116000000000037e-15
5.406768794466250256e+03 2.618891000000000059e-15
5.409797943785099960e+03 2.553763000000000157e-15
5.412827093103950574e+03 2.532313999999999993e-15
5.415856242422800278e+03 2.557554999999999805e-15
5.418885391741649983e+03 2.481985000000000039e-15
5.421914541060489682e+03 2.467729999999999968e-15
5.424943690379339387e+03 2.414857000000000104e-15
5.427972839698190000e+03 2.454132999999999759e-15
5.431001989017039705e+03 2.455709000000000004e-15
5.434031138335890319e+03 2.446769000000000296e-15
5.437060287654740023e+03 2.448251000000000110e-15
5.440089436973589727e+03 2.425472000000000376e-15
5.443118586292439431e+03 2.407464999999999766e-15
5.446147735611290045e+03 2.409393999999999960e-15
5.449176884930129745e+03 2.409856000000000006e-15
5.452206034248979449e+03 2.358588999999999719e-15
5.455235183567829154e+03 2.377296000000000124e-15
5.458264332886679767e+03 2.434480000000000068e-15
5.461293482205529472e+03 2.418327000000000139e-15
5.464322631524380085e+03 2.460179000000000252e-15
5.467351780843229790e+03 2.444741000000000177e-15
5.470380930162079494e+03 2.419092999999999884e-15
5.473410079480929198e+03 2.413288000000000177e-15
5.476439228799779812e+03 2.448619000000000119e-15
5.479468378118620421e+03 2.455872999999999665e-15
5.482497527437470126e+03 2.458971999999999836e-15
5.485526676756319830e+03 2.475124999999999765e-15
5.488555826075170444e+03 2.451277999999999834e-15
5.491584975394020148e+03 2.439202999999999731e-15
5.494614124712870762e+03 2.521771000000000169e-15
5.497643274031719557e+03 2.579339999999999823e-15
5.500672423350570170e+03 2.549062999999999903e-15
5.503701572669419875e+03 2.561674000000000139e-15
5.506730721988270489e+03 2.625678000000000064e-15
5.509759871307110188e+03 2.652370999999999964e-15
5.512789020625960802e+03 2.590608999999999888e-15
5.515818169944809597e+03 2.558953000000000149e-15
5.518847319263659301e+03 2.596218999999999993e-15
5.521876468582509915e+03 2.620348999999999855e-15
5.524905617901359619e+03 2.647132999999999937e-15
5.527934767220210233e+03 2.636498000000000110e-15
5.530963916539059937e+03 2.602218999999999696e-15
5.533993065857900547e+03 2.631495999999999797e-15
5.537022215176750251e+03 2.661946999999999944e-15
5.540051364495600865e+03 2.625307000000000201e-15
5.543080513814449660e+03 2.620037999999999839e-15
5.546109663133299364e+03 2.590617000000000026e-15
5.549138812452149978e+03 2.599726999999999892e-15
5.552167961770999682e+03 2.663269999999999986e-15
5.555197111089850296e+03 2.589157999999999621e-15
5.558226260408700000e+03 2.581967000000000171e-15
5.561255409727540609e+03 2.578180000000000017e-15
5.564284559046390314e+03 2.537162000000000028e-15
5.567313708365239108e+03 2.511757999999999980e-15
5.570342857684089722e+03 2.479667000000000067e-15
5.573372007002939426e+03 2.522207999999999982e-15
5.576401156321789131e+03 2.519843999999999615e-15
5.579430305640639745e+03 2.500981000000000081e-15
5.582459454959489449e+03 2.459766000000000062e-15
5.585488604278340063e+03 2.490017000000000324e-15
5.588517753597179762e+03 2.475848999999999972e-15
5.591546902916030376e+03 2.382372999999999950e-15
5.594576052234879171e+03 2.333566000000000101e-15
5.597605201553728875e+03 2.313412999999999713e-15
5.600634350872579489e+03 2.246743999999999970e-15
5.603663500191429193e+03 2.284185000000000256e-15
5.606692649510279807e+03 2.246610999999999855e-15
5.609721798829129511e+03 2.244928999999999762e-15
5.612750948147970121e+03 2.248335000000000275e-15
5.615780097466829830e+03 2.234407999999999921e-15
5.618809246785670439e+03 2.189679999999999719e-15
5.621838396104520143e+03 2.214532000000000148e-15
5.624867545423370757e+03 2.271134999999999778e-15
5.627896694742220461e+03 2.226477999999999810e-15
5.630925844061070165e+03 2.254589000000000002e-15
5.633954993379920779e+03 2.256727000000000037e-15
5.636984142698770484e+03 2.241827999999999951e-15
5.640013292017621097e+03 2.242020999999999912e-15
5.643042441336459888e+03 2.241796000000000190e-15
5.646071590655310501e+03 2.254775000000000040e-15
5.649100739974160206e+03 2.282622999999999857e-15
5.652129889293009910e+03 2.306047000000000216e-15
5.655159038611860524e+03 2.246895999999999819e-15
5.658188187930710228e+03 2.261482999999999675e-15
5.661217337249560842e+03 2.331637999999999728e-15
5.664246486568410546e+03 2.377557000000000070e-15
5.667275635887261160e+03 2.413534999999999883e-15
5.670304785206099950e+03 2.357343000000000014e-15
5.673333934524949655e+03 2.330468999999999964e-15
5.676363083843800268e+03 2.381237000000000161e-15
5.679392233162649973e+03 2.352532000000000023e-15
5.682421382481500586e+03 2.378584999999999976e-15
5.685450531800350291e+03 2.339124000000000102e-15
5.688479681119199995e+03 2.406216000000000207e-15
5.691508830438050609e+03 2.456905000000000033e-15
5.694537979756899404e+03 2.460203999999999695e-15
5.697567129075749108e+03 2.411028000000000018e-15
5.700596278394589717e+03 2.475313999999999659e-15
5.703625427713440331e+03 2.486049999999999839e-15
5.706654577032290035e+03 2.477445999999999986e-15
5.709683726351139740e+03 2.407529999999999897e-15
5.712712875669990353e+03 2.438011999999999985e-15
5.715742024988840058e+03 2.397375000000000030e-15
5.718771174307690671e+03 2.399804000000000134e-15
5.721800323626539466e+03 2.365740000000000060e-15
5.724829472945389170e+03 2.344818999999999892e-15
5.727858622264229780e+03 2.399278999999999992e-15
5.730887771583079484e+03 2.317722000000000154e-15
5.733916920901930098e+03 2.335623999999999947e-15
5.736946070220779802e+03 2.405294999999999970e-15
5.739975219539630416e+03 2.394623999999999919e-15
5.743004368858480120e+03 2.315709999999999915e-15
5.746033518177328915e+03 2.329876000000000233e-15
5.749062667496179529e+03 2.323839000000000091e-15
5.752091816815029233e+03 2.294809000000000091e-15
5.755120966133879847e+03 2.366675999999999963e-15
5.758150115452719547e+03 2.372042000000000216e-15
5.761179264771570161e+03 2.343530000000000040e-15
5.764208414090419865e+03 2.357022000000000221e-15
5.767237563409269569e+03 2.391253000000000204e-15
5.770266712728120183e+03 2.430170000000000201e-15
5.773295862046969887e+03 2.454227999999999615e-15
5.776325011365820501e+03 2.395607000000000038e-15
5.779354160684660201e+03 2.418753999999999781e-15
5.782383310003510815e+03 2.427428999999999868e-15
5.785412459322359609e+03 2.416853000000000068e-15
5.788441608641209314e+03 2.437402999999999584e-15
5.791470757960059927e+03 2.454230000000000044e-15
5.794499907278909632e+03 2.461949999999999704e-15
5.797529056597760245e+03 2.430763999999999753e-15
5.800558205916609950e+03 2.474876000000000025e-15
5.803587355235460564e+03 2.483323000000000140e-15
5.806616504554310268e+03 2.473929000000000130e-15
5.809645653873149058e+03 2.488147999999999977e-15
5.812674803191999672e+03 2.485306000000000078e-15
5.815703952510849376e+03 2.477104000000000029e-15
5.818733101829699990e+03 2.462734999999999972e-15
5.821762251148549694e+03 2.492976000000000063e-15
5.824791400467400308e+03 2.433863999999999744e-15
5.827820549786250012e+03 2.444092999999999698e-15
5.830849699105099717e+03 2.480673999999999809e-15
5.833878848423950330e+03 2.455072999999999731e-15
5.836907997742789121e+03 2.407169000000000205e-15
5.839937147061639735e+03 2.385472000000000121e-15
5.842966296380489439e+03 2.401237999999999912e-15
5.845995445699340053e+03 2.388807999999999826e-15
5.849024595018189757e+03 2.387372999999999834e-15
5.852053744337039461e+03 2.433312999999999945e-15
5.855082893655890075e+03 2.399732000000000080e-15
5.858112042974739779e+03 2.319636000000000287e-15
5.861141192293590393e+03 2.336631000000000083e-15
5.864170341612429183e+03 2.374220999999999970e-15
5.867199490931278888e+03 2.353588999999999835e-15
5.870228640250129502e+03 2.331550000000000188e-15
5.873257789568979206e+03 2.351432999999999885e-15
5.876286938887829820e+03 2.312597999999999718e-15
5.879316088206679524e+03 2.291446000000000119e-15
5.882345237525530138e+03 2.251432999999999837e-15
5.885374386844379842e+03 2.210276999999999845e-15
5.888403536163229546e+03 2.240255000000000349e-15
5.891432685482070156e+03 2.179626000000000207e-15
5.894461834800920769e+03 2.190204999999999861e-15
5.897490984119770474e+03 2.236067000000000211e-15
5.900520133438620178e+03 2.294509999999999886e-15
5.903549282757470792e+03 2.297079000000000027e-15
5.906578432076320496e+03 2.294603000000000103e-15
5.909607581395171110e+03 2.242774000000000025e-15
5.912636730714019905e+03 2.219744000000000123e-15
5.915665880032869609e+03 2.258953000000000007e-15
5.918695029351720223e+03 2.232663999999999946e-15
5.921724178670559922e+03 2.214734999999999887e-15
5.924753327989410536e+03 2.242066000000000094e-15
5.927782477308260241e+03 2.213426000000000086e-15
5.930811626627110854e+03 2.203782000000000121e-15
5.933840775945960559e+03 2.238850000000000082e-15
5.936869925264809353e+03 2.250016999999999974e-15
5.939899074583659967e+03 2.240528999999999927e-15
5.942928223902509671e+03 2.205565000000000174e-15
5.945957373221360285e+03 2.191647999999999991e-15
5.948986522540199985e+03 2.216778000000000066e-15
5.952015671859050599e+03 2.238383000000000148e-15
5.955044821177900303e+03 2.194147999999999933e-15
5.958073970496750917e+03 2.194511000000000054e-15
5.961103119815600621e+03 2.236777999999999997e-15
5.964132269134449416e+03 2.280368999999999801e-15
5.967161418453299120e+03 2.199622000000000069e-15
5.970190567772149734e+03 2.216169000000000060e-15
5.973219717090990343e+03 2.237435999999999859e-15
5.976248866409850052e+03 2.235226000000000164e-15
5.979278015728689752e+03 2.239479999999999858e-15
5.982307165047540366e+03 2.213571000000000012e-15
5.985336314366390070e+03 2.191126000000000098e-15
5.988365463685238865e+03 2.214622000000000115e-15
5.991394613004089479e+03 2.256168999999999921e-15
5.994423762322939183e+03 2.253186000000000164e-15
5.997452911641789797e+03 2.244623000000000028e-15
6.000482060960629497e+03 2.255221000000000206e-15
6.003511210279490115e+03 2.283456000000000161e-15
6.006540359598329815e+03 2.243247000000000063e-15
6.009569508917180428e+03 2.154553999999999945e-15
6.012598658236030133e+03 2.115494000000000056e-15
6.015627807554878927e+03 2.085842000000000417e-15
6.018656956873729541e+03 2.075453999999999902e-15
6.021686106192579246e+03 2.117227000000000039e-15
6.024715255511429859e+03 2.185993999999999919e-15
6.027744404830279564e+03 2.235360000000000099e-15
6.030773554149120173e+03 2.194629999999999928e-15
6.033802703467969877e+03 2.235849000000000016e-15
6.036831852786820491e+03 2.299066000000000034e-15
6.039861002105670195e+03 2.274240999999999872e-15
6.042890151424519900e+03 2.228646000000000361e-15
6.045919300743370513e+03 2.248558999999999783e-15
6.048948450062220218e+03 2.314933999999999999e-15
6.051977599381070831e+03 2.301112999999999887e-15
6.055006748699920536e+03 2.259971000000000135e-15
6.058035898018759326e+03 2.270381000000000239e-15
6.061065047337609940e+03 2.243080999999999973e-15
6.064094196656459644e+03 2.268109000000000269e-15
6.067123345975310258e+03 2.211671999999999939e-15
6.070152495294159962e+03 2.232997999999999766e-15
6.073181644613010576e+03 2.239369000000000121e-15
6.076210793931860280e+03 2.278705999999999837e-15
6.079239943250710894e+03 2.302030000000000056e-15
6.082269092569560598e+03 2.261391000000000067e-15
6.085298241888399389e+03 2.294923999999999897e-15
6.088327391207250002e+03 2.331943000000000035e-15
6.091356540526099707e+03 2.282968000000000063e-15
6.094385689844950321e+03 2.255675000000000114e-15
6.097414839163800025e+03 2.301477000000000222e-15
6.100443988482649729e+03 2.306030000000000121e-15
6.103473137801500343e+03 2.292257999999999865e-15
6.106502287120350047e+03 2.269554000000000039e-15
6.109531436439200661e+03 2.238460000000000090e-15
6.112560585758050365e+03 2.291900999999999847e-15
6.115589735076890065e+03 2.278442999999999856e-15
6.118618884395739769e+03 2.319315999999999919e-15
6.121648033714589474e+03 2.260624000000000108e-15
6.124677183033440087e+03 2.235207999999999855e-15
6.127706332352289792e+03 2.193980000000000203e-15
6.130735481671140406e+03 2.147921000000000217e-15
6.133764630989990110e+03 2.132036999999999978e-15
6.136793780308840724e+03 2.197987999999999617e-15
6.139822929627679514e+03 2.211292000000000119e-15
6.142852078946539223e+03 2.172925999999999921e-15
6.145881228265379832e+03 2.158843999999999863e-15
6.148910377584229536e+03 2.145915999999999902e-15
6.151939526903080150e+03 2.155066999999999880e-15
6.154968676221929854e+03 2.153257999999999775e-15
6.157997825540780468e+03 2.124837999999999602e-15
6.161026974859630172e+03 2.134126999999999978e-15
6.164056124178479877e+03 2.136109000000000096e-15
6.167085273497328672e+03 2.121109999999999869e-15
6.170114422816179285e+03 2.131681000000000174e-15
6.173143572135020804e+03 2.110836999999999949e-15
6.176172721453870508e+03 2.066319000000000198e-15
6.179201870772719303e+03 2.038694999999999890e-15
6.182231020091569917e+03 2.056430999999999987e-15
6.185260169410419621e+03 2.045234999999999795e-15
6.188289318729270235e+03 2.048977000000000162e-15
6.191318468048119939e+03 2.020018999999999821e-15
6.194347617366970553e+03 2.019192000000000014e-15
6.197376766685810253e+03 1.962565999999999792e-15
6.200405916004660867e+03 1.965658999999999860e-15
6.203435065323510571e+03 1.964241000000000357e-15
6.206464214642359366e+03 1.950693999999999823e-15
6.209493363961209980e+03 1.923829999999999945e-15
6.212522513280059684e+03 1.877223000000000014e-15
6.215551662598910298e+03 1.878437999999999779e-15
6.218580811917760002e+03 1.830417999999999839e-15
6.221609961236609706e+03 1.803490000000000045e-15
6.224639110555450316e+03 1.814678000000000100e-15
6.227668259874300929e+03 1.778213999999999829e-15
6.230697409193149724e+03 1.748694000000000091e-15
6.233726558511999428e+03 1.730588999999999770e-15
6.236755707830850042e+03 1.757809999999999863e-15
6.239784857149699747e+03 1.734574999999999792e-15
6.242814006468549451e+03 1.733695000000000259e-15
6.245843155787400065e+03 1.696497000000000004e-15
6.248872305106249769e+03 1.690701000000000057e-15
6.251901454425090378e+03 1.659097999999999847e-15
6.254930603743940082e+03 1.622181000000000080e-15
6.257959753062788877e+03 1.570292999999999778e-15
6.260988902381639491e+03 1.562565999999999998e-15
6.264018051700489195e+03 1.563902000000000065e-15
6.267047201019339809e+03 1.542512000000000126e-15
6.270076350338189513e+03 1.490093999999999991e-15
6.273105499657040127e+03 1.457583999999999981e-15
6.276134648975889831e+03 1.390626000000000205e-15
6.279163798294730441e+03 1.359652000000000148e-15
6.282192947613579236e+03 1.365842999999999976e-15
6.285222096932428940e+03 1.353228999999999886e-15
6.288251246251279554e+03 1.351028999999999968e-15
6.291280395570129258e+03 1.357453999999999871e-15
6.294309544888979872e+03 1.346136000000000147e-15
6.297338694207829576e+03 1.315062000000000147e-15
6.300367843526679280e+03 1.296297999999999947e-15
6.303396992845529894e+03 1.301028999999999945e-15
6.306426142164379598e+03 1.305284999999999870e-15
6.309455291483220208e+03 1.310417999999999869e-15
6.312484440802069912e+03 1.269605000000000048e-15
6.315513590120920526e+03 1.261278999999999841e-15
6.318542739439770230e+03 1.279046000000000076e-15
6.321571888758620844e+03 1.297156999999999909e-15
6.324601038077470548e+03 1.267673000000000000e-15
6.327630187396321162e+03 1.245804999999999937e-15
6.330659336715170866e+03 1.318442000000000017e-15
6.333688486034009657e+03 1.313335999999999890e-15
6.336717635352870275e+03 1.315202999999999808e-15
6.339746784671709975e+03 1.351391000000000072e-15
6.342775933990560588e+03 1.367541000000000147e-15
6.345805083309410293e+03 1.383763999999999898e-15
6.348834232628260906e+03 1.402591000000000194e-15
6.351863381947110611e+03 1.413998999999999885e-15
6.354892531265960315e+03 1.444022999999999996e-15
6.357921680584810019e+03 1.483067999999999825e-15
6.360950829903659724e+03 1.488099999999999864e-15
6.363979979222509428e+03 1.492947999999999899e-15
6.367009128541350037e+03 1.536932000000000142e-15
6.370038277860199742e+03 1.601845000000000098e-15
6.373067427179050355e+03 1.606696000000000184e-15
6.376096576497900060e+03 1.603003999999999887e-15
6.379125725816750673e+03 1.620264999999999912e-15
6.382154875135600378e+03 1.652005000000000109e-15
6.385184024454440078e+03 1.733934000000000024e-15
6.388213173773299786e+03 1.709608000000000149e-15
6.391242323092139486e+03 1.739673999999999798e-15
6.394271472410990100e+03 1.778585000000000087e-15
6.397300621729839804e+03 1.776209999999999925e-15
6.400329771048690418e+03 1.751620000000000052e-15
6.403358920367540122e+03 1.793417999999999829e-15
6.406388069686390736e+03 1.819137000000000356e-15
6.409417219005239531e+03 1.786879999999999958e-15
6.412446368324089235e+03 1.819554000000000221e-15
6.415475517642929844e+03 1.854329999999999901e-15
6.418504666961779549e+03 1.852489000000000035e-15
6.421533816280630163e+03 1.875201000000000393e-15
6.424562965599479867e+03 1.859286000000000212e-15
6.427592114918330481e+03 1.891414000000000169e-15
6.430621264237180185e+03 1.911052999999999619e-15
6.433650413556029889e+03 1.912921999999999966e-15
6.436679562874879593e+03 1.922927999999999837e-15
6.439708712193729298e+03 1.921027999999999550e-15
6.442737861512579002e+03 1.864446000000000083e-15
6.445767010831420521e+03 1.846950000000000163e-15
6.448796160150270225e+03 1.861384999999999776e-15
6.451825309469119929e+03 1.818646000000000009e-15
6.454854458787969634e+03 1.824729000000000152e-15
6.457883608106820247e+03 1.800286000000000240e-15
6.460912757425669952e+03 1.764812999999999831e-15
6.463941906744520566e+03 1.759303999999999882e-15
6.466971056063370270e+03 1.764750999999999949e-15
6.470000205382220884e+03 1.746864000000000020e-15
6.473029354701059674e+03 1.723284999999999957e-15
6.476058504019909378e+03 1.702828999999999887e-15
6.479087653338759992e+03 1.634757999999999732e-15
6.482116802657609696e+03 1.592423000000000001e-15
6.485145951976460310e+03 1.561611000000000163e-15
6.488175101295310014e+03 1.592354000000000000e-15
6.491204250614159719e+03 1.567197999999999873e-15
6.494233399933010332e+03 1.499352000000000229e-15
6.497262549251860037e+03 1.505576000000000032e-15
6.500291698570699737e+03 1.546436000000000069e-15
6.503320847889549441e+03 1.486863999999999936e-15
6.506349997208400055e+03 1.456869999999999946e-15
6.509379146527249759e+03 1.444147000000000153e-15
6.512408295846099463e+03 1.451503999999999890e-15
6.515437445164950077e+03 1.463422000000000057e-15
6.518466594483799781e+03 1.494770000000000030e-15
6.521495743802650395e+03 1.523676000000000070e-15
6.524524893121500099e+03 1.486105999999999935e-15
6.527554042440350713e+03 1.452979999999999995e-15
6.530583191759189504e+03 1.474397999999999824e-15
6.533612341078039208e+03 1.480709999999999955e-15
6.536641490396889822e+03 1.456709999999999959e-15
6.539670639715739526e+03 1.447910000000000093e-15
6.542699789034590140e+03 1.489237000000000064e-15
6.545728938353439844e+03 1.470566000000000080e-15
6.548758087672290458e+03 1.497067000000000232e-15
6.551787236991140162e+03 1.498466000000000001e-15
6.554816386309989866e+03 1.478436000000000147e-15
6.557845535628840480e+03 1.525157000000000064e-15
6.560874684947679270e+03 1.523951000000000059e-15
6.563903834266529884e+03 1.522870000000000033e-15
6.566932983585379588e+03 1.541095000000000048e-15
6.569962132904229293e+03 1.553263999999999792e-15
6.572991282223079907e+03 1.564486000000000037e-15
6.576020431541929611e+03 1.562017999999999855e-15
6.579049580860780225e+03 1.572342999999999880e-15
6.582078730179619924e+03 1.591910000000000066e-15
6.585107879498470538e+03 1.592206000000000022e-15
6.588137028817320243e+03 1.608249000000000034e-15
6.591166178136170856e+03 1.605512999999999786e-15
6.594195327455020561e+03 1.588742999999999910e-15
6.597224476773871174e+03 1.633278999999999970e-15
6.600253626092719969e+03 1.611162000000000166e-15
6.603282775411569673e+03 1.649797000000000251e-15
6.606311924730420287e+03 1.655831000000000143e-15
6.609341074049269992e+03 1.682662000000000244e-15
6.612370223368119696e+03 1.677707999999999769e-15
6.615399372686960305e+03 1.665521000000000110e-15
6.618428522005810919e+03 1.717865999999999977e-15
6.621457671324660623e+03 1.717869000000000029e-15
6.624486820643510327e+03 1.661420999999999905e-15
6.627515969962360032e+03 1.648485000000000201e-15
6.630545119281209736e+03 1.688233999999999893e-15
6.633574268600059440e+03 1.716251000000000048e-15
6.636603417918900050e+03 1.693782000000000117e-15
6.639632567237750663e+03 1.663337999999999893e-15
6.642661716556600368e+03 1.677506999999999867e-15
6.645690865875450072e+03 1.684913999999999871e-15
6.648720015194300686e+03 1.639892999999999962e-15
6.651749164513149481e+03 1.618075999999999987e-15
6.654778313831999185e+03 1.632780999999999897e-15
6.657807463150849799e+03 1.659495999999999977e-15
6.660836612469699503e+03 1.658012000000000129e-15
6.663865761788550117e+03 1.584068999999999905e-15
6.666894911107389817e+03 1.597168999999999862e-15
6.669924060426240430e+03 1.637060999999999840e-15
6.672953209745090135e+03 1.622462000000000173e-15
6.675982359063940748e+03 1.600646000000000017e-15
6.679011508382789543e+03 1.562834999999999884e-15
6.682040657701639248e+03 1.566699999999999997e-15
6.685069807020489861e+03 1.584807000000000155e-15
6.688098956339339566e+03 1.565097999999999898e-15
6.691128105658180175e+03 1.555893999999999995e-15
6.694157254977029879e+03 1.535435000000000070e-15
6.697186404295880493e+03 1.510289999999999935e-15
6.700215553614730197e+03 1.521981999999999968e-15
6.703244702933578992e+03 1.513058999999999961e-15
6.706273852252429606e+03 1.543748999999999874e-15
6.709303001571279310e+03 1.532492999999999834e-15
6.712332150890129014e+03 1.484456000000000194e-15
6.715361300208979628e+03 1.508378999999999853e-15
6.718390449527829333e+03 1.544539000000000030e-15
6.721419598846669942e+03 1.458311000000000042e-15
6.724448748165519646e+03 1.436159999999999852e-15
6.727477897484370260e+03 1.428587000000000153e-15
6.730507046803219964e+03 1.453682999999999841e-15
6.733536196122070578e+03 1.462314999999999979e-15
6.736565345440920282e+03 1.434443999999999964e-15
6.739594494759770896e+03 1.432112999999999769e-15
6.742623644078620600e+03 1.426375000000000030e-15
6.745652793397470305e+03 1.393207999999999978e-15
6.748681942716320918e+03 1.370750000000000038e-15
6.751711092035159709e+03 1.408847000000000152e-15
6.754740241354010323e+03 1.441609999999999970e-15
6.757769390672860027e+03 1.381647999999999845e-15
6.760798539991710641e+03 1.382922000000000031e-15
6.763827689310560345e+03 1.390692999999999976e-15
6.766856838629410049e+03 1.380708999999999891e-15
6.769885987948260663e+03 1.372881000000000151e-15
6.772915137267110367e+03 1.382031000000000112e-15
6.775944286585950067e+03 1.364808999999999967e-15
6.778973435904799771e+03 1.338652999999999824e-15
6.782002585223649476e+03 1.359248999999999932e-15
6.785031734542500089e+03 1.365893999999999866e-15
6.788060883861349794e+03 1.323818999999999867e-15
6.791090033180200408e+03 1.322865000000000050e-15
6.794119182499050112e+03 1.346340000000000101e-15
6.797148331817900726e+03 1.333687000000000130e-15
6.800177481136750430e+03 1.330862999999999948e-15
6.803206630455600134e+03 1.321546000000000077e-15
6.806235779774449838e+03 1.303692000000000122e-15
6.809264929093289538e+03 1.265121000000000151e-15
6.812294078412140152e+03 1.300797000000000102e-15
6.815323227730989856e+03 1.295917000000000109e-15
6.818352377049840470e+03 1.319262999999999917e-15
6.821381526368690174e+03 1.301570000000000164e-15
6.824410675687539879e+03 1.317277999999999945e-15
6.827439825006390492e+03 1.329777999999999852e-15
6.830468974325229283e+03 1.346292999999999885e-15
6.833498123644079897e+03 1.338158000000000000e-15
6.836527272962929601e+03 1.339489999999999999e-15
6.839556422281780215e+03 1.374668999999999895e-15
6.842585571600629919e+03 1.348469999999999999e-15
6.845614720919479623e+03 1.304550000000000066e-15
6.848643870238330237e+03 1.311132000000000101e-15
6.851673019557179941e+03 1.290960999999999995e-15
6.854702168876030555e+03 1.304325999999999967e-15
6.857731318194879350e+03 1.309906999999999968e-15
6.860760467513729054e+03 1.263292999999999917e-15
6.863789616832570573e+03 1.252476999999999940e-15
6.866818766151421187e+03 1.242224999999999986e-15
6.869847915470269982e+03 1.271617999999999909e-15
6.872877064789119686e+03 1.286754999999999942e-15
6.875906214107970300e+03 1.297661000000000084e-15
6.878935363426820004e+03 1.260996000000000109e-15
6.881964512745670618e+03 1.265543999999999921e-15
6.884993662064510318e+03 1.310330999999999953e-15
6.888022811383360931e+03 1.318301000000000159e-15
6.891051960702210636e+03 1.291411000000000032e-15
6.894081110021059430e+03 1.261006000000000083e-15
6.897110259339910044e+03 1.249515000000000149e-15
6.900139408658759749e+03 1.250408000000000103e-15
6.903168557977609453e+03 1.274665999999999993e-15
6.906197707296460067e+03 1.267276000000000084e-15
6.909226856615309771e+03 1.272387999999999920e-15
6.912256005934160385e+03 1.246739000000000003e-15
6.915285155253010089e+03 1.223669000000000005e-15
6.918314304571850698e+03 1.225554999999999855e-15
6.921343453890699493e+03 1.269358999999999767e-15
6.924372603209549197e+03 1.247819999999999833e-15
6.927401752528399811e+03 1.236767000000000124e-15
6.930430901847249515e+03 1.210885999999999971e-15
6.933460051166100129e+03 1.218848000000000040e-15
6.936489200484949833e+03 1.212439000000000018e-15
6.939518349803800447e+03 1.195123000000000034e-15
6.942547499122650152e+03 1.218492000000000040e-15
6.945576648441488942e+03 1.182647999999999964e-15
6.948605797760339556e+03 1.219547000000000014e-15
6.951634947079189260e+03 1.233262999999999900e-15
6.954664096398039874e+03 1.197434999999999903e-15
6.957693245716889578e+03 1.247457999999999927e-15
6.960722395035740192e+03 1.178493000000000196e-15
6.963751544354589896e+03 1.131274000000000010e-15
6.966780693673439600e+03 1.142908000000000032e-15
6.969809842992290214e+03 1.165403000000000016e-15
6.972838992311139918e+03 1.192329999999999990e-15
6.975868141629979618e+03 1.188149999999999989e-15
6.978897290948829323e+03 1.177314000000000063e-15
6.981926440267679027e+03 1.148806999999999973e-15
6.984955589586529641e+03 1.138227000000000105e-15
6.987984738905379345e+03 1.164236999999999910e-15
6.991013888224229959e+03 1.158878999999999992e-15
6.994043037543079663e+03 1.145981999999999972e-15
6.997072186861930277e+03 1.144997000000000016e-15
7.000101336180779981e+03 1.143957999999999921e-15
7.003130485499620590e+03 1.059541999999999892e-15
7.006159634818470295e+03 1.107581999999999979e-15
7.009188784137320908e+03 1.111015999999999987e-15
7.012217933456170613e+03 1.101532000000000009e-15
7.015247082775020317e+03 1.101476000000000033e-15
7.018276232093870931e+03 1.104399999999999960e-15
7.021305381412719726e+03 1.144821999999999969e-15
7.024334530731569430e+03 1.115573999999999971e-15
7.027363680050410039e+03 1.089917999999999935e-15
7.030392829369260653e+03 1.113835000000000083e-15
7.033421978688110357e+03 1.117624999999999894e-15
7.036451128006960062e+03 1.100712000000000125e-15
7.039480277325809766e+03 1.062368000000000108e-15
7.042509426644659470e+03 1.080166000000000087e-15
7.045538575963509174e+03 1.102847000000000110e-15
7.048567725282359788e+03 1.051663999999999885e-15
7.051596874601209493e+03 1.047503000000000014e-15
7.054626023920050102e+03 1.064470999999999937e-15
7.057655173238899806e+03 1.078846000000000097e-15
7.060684322557750420e+03 1.088561999999999918e-15
7.063713471876600124e+03 1.135209999999999961e-15
7.066742621195450738e+03 1.123624999999999991e-15
7.069771770514300442e+03 1.084825000000000031e-15
7.072800919833149237e+03 1.050776000000000018e-15
7.075830069151999851e+03 1.032351999999999938e-15
7.078859218470841370e+03 1.059056000000000026e-15
7.081888367789691074e+03 1.065409000000000072e-15
7.084917517108539869e+03 1.032093000000000025e-15
7.087946666427390483e+03 1.042578999999999857e-15
7.090975815746240187e+03 1.073906000000000060e-15
7.094004965065089891e+03 1.057168000000000142e-15
7.097034114383940505e+03 1.015034999999999936e-15
7.100063263702790209e+03 1.057031999999999976e-15
7.103092413021640823e+03 1.067748000000000010e-15
7.106121562340490527e+03 1.046192999999999998e-15
7.109150711659330227e+03 1.033443000000000136e-15
7.112179860978179931e+03 1.070095000000000086e-15
7.115209010297029636e+03 1.062976000000000098e-15
7.118238159615880249e+03 1.010211999999999937e-15
7.121267308934729954e+03 1.004534999999999864e-15
7.124296458253578749e+03 1.005191999999999906e-15
7.127325607572429362e+03 9.973371999999998641e-16
7.130354756891279067e+03 1.025859000000000051e-15
7.133383906210129680e+03 1.023282999999999987e-15
7.136413055528969380e+03 1.008967000000000052e-15
7.139442204847819994e+03 9.806769000000001562e-16
7.142471354166669698e+03 9.764611000000000927e-16
7.145500503485520312e+03 1.013177999999999993e-15
7.148529652804370016e+03 9.542109000000000137e-16
7.151558802123220630e+03 9.529608000000000607e-16
7.154587951442070334e+03 9.208096000000001389e-16
7.157617100760920039e+03 9.382226999999999958e-16
7.160646250079770653e+03 9.467264999999999428e-16
7.163675399398620357e+03 9.265293999999999997e-16
7.166704548717460057e+03 8.969503999999998399e-16
7.169733698036309761e+03 8.839563999999999289e-16
7.172762847355159465e+03 9.200003999999998890e-16
7.175791996674009170e+03 9.084529000000000697e-16
7.178821145992858874e+03 9.101114000000000551e-16
7.181850295311708578e+03 9.170871999999999899e-16
7.184879444630559192e+03 9.303072000000000351e-16
7.187908593949408896e+03 9.004678000000000181e-16
7.190937743268249505e+03 9.252149000000002028e-16
7.193966892587099210e+03 9.464972000000000083e-16
7.196996041905949824e+03 9.325794999999999518e-16
7.200025191224799528e+03 9.184898999999998815e-16
7.203054340543650142e+03 9.025966999999999175e-16
7.206083489862499846e+03 9.076422000000000899e-16
7.209112639181350460e+03 9.411123000000000024e-16
7.212141788500200164e+03 9.308291999999999280e-16
7.215170937819049868e+03 9.109588999999999175e-16
7.218200087137900482e+03 9.600006000000001086e-16
7.221229236456750186e+03 9.799479000000000610e-16
7.224258385775590796e+03 9.381324000000000819e-16
7.227287535094440500e+03 8.867916000000000662e-16
7.230316684413291114e+03 8.944116000000001782e-16
7.233345833732140818e+03 9.223235999999999107e-16
7.236374983050991432e+03 9.207306999999999475e-16
7.239404132369840227e+03 9.530989000000000461e-16
7.242433281688689931e+03 9.534037999999999774e-16
7.245462431007529631e+03 9.529671999999998945e-16
7.248491580326379335e+03 9.908816999999999311e-16
7.251520729645229039e+03 1.026458000000000083e-15
7.254549878964079653e+03 1.020912999999999911e-15
7.257579028282929357e+03 9.733769999999999999e-16
7.260608177601779971e+03 9.578300000000000255e-16
7.263637326920629675e+03 9.909938000000000616e-16
7.266666476239480289e+03 9.662588000000000650e-16
7.269695625558329994e+03 9.506079000000000615e-16
7.272724774877180607e+03 9.849476999999999810e-16
7.275753924196020307e+03 1.056336000000000053e-15
7.278783073514870921e+03 9.737603000000000154e-16
7.281812222833720625e+03 9.716179999999999648e-16
7.284841372152571239e+03 1.032791999999999803e-15
7.287870521471420943e+03 1.055888000000000050e-15
7.290899670790269738e+03 1.012142999999999968e-15
7.293928820109119442e+03 1.007181999999999964e-15
7.296957969427970056e+03 9.996258000000000015e-16
7.299987118746819760e+03 9.885482000000001861e-16
7.303016268065659460e+03 1.018619999999999974e-15
7.306045417384509165e+03 9.812942999999998337e-16
7.309074566703359778e+03 1.003491999999999899e-15
7.312103716022209483e+03 1.020876999999999884e-15
7.315132865341059187e+03 9.972059000000000349e-16
7.318162014659909801e+03 1.014520000000000164e-15
7.321191163978759505e+03 1.051768999999999914e-15
7.324220313297610119e+03 1.000807999999999952e-15
7.327249462616459823e+03 9.984986999999999916e-16
7.330278611935300432e+03 1.003873999999999951e-15
7.333307761254150137e+03 9.720997999999999956e-16
7.336336910573000750e+03 9.932962000000000811e-16
7.339366059891850455e+03 1.016760999999999996e-15
7.342395209210699250e+03 9.973105999999999201e-16
7.345424358529549863e+03 1.006331000000000141e-15
7.348453507848399568e+03 9.955579999999999160e-16
7.351482657167250181e+03 9.638899999999999702e-16
7.354511806486099886e+03 9.925802999999999938e-16
7.357540955804949590e+03 9.930122999999999188e-16
7.360570105123790199e+03 1.016686999999999909e-15
7.363599254442640813e+03 9.974705999999999069e-16
7.366628403761490517e+03 1.006365999999999953e-15
7.369657553080340222e+03 1.009037000000000071e-15
7.372686702399190835e+03 9.645688000000000316e-16
7.375715851718040540e+03 9.746391000000001590e-16
7.378745001036891153e+03 9.711411000000000378e-16
7.381774150355740858e+03 9.067780000000000787e-16
7.384803299674591472e+03 9.092608999999999440e-16
7.387832448993430262e+03 9.406671000000000874e-16
7.390861598312279966e+03 9.202361000000000518e-16
7.393890747631128761e+03 9.361715999999998943e-16
7.396919896949979375e+03 9.365015000000000577e-16
7.399949046268829079e+03 9.370875999999998485e-16
7.402978195587679693e+03 9.038655000000000536e-16
7.406007344906529397e+03 9.599681000000000435e-16
7.409036494225380011e+03 9.390982000000001419e-16
7.412065643544219711e+03 9.237495999999999461e-16
7.415094792863070325e+03 9.528847000000001540e-16
7.418123942181920029e+03 9.732968000000000425e-16
7.421153091500770643e+03 9.240125999999999269e-16
7.424182240819620347e+03 8.885014000000000846e-16
7.427211390138470051e+03 9.051225999999999296e-16
7.430240539457320665e+03 8.777574000000001609e-16
7.433269688776170369e+03 8.748516000000000141e-16
7.436298838095020983e+03 8.867722000000000091e-16
7.439327987413859773e+03 8.931586999999999404e-16
7.442357136732719482e+03 9.376788000000001015e-16
7.445386286051559182e+03 9.537038999999999840e-16
7.448415435370408886e+03 9.345989000000000413e-16
7.451444584689258591e+03 9.064396000000000652e-16
7.454473734008109204e+03 9.159066000000001458e-16
7.457502883326958909e+03 9.501273000000000118e-16
7.460532032645809522e+03 9.066560000000001528e-16
7.463561181964659227e+03 8.699705000000000225e-16
7.466590331283509840e+03 8.705683999999999567e-16
7.469619480602349540e+03 8.528869000000000065e-16
7.472648629921200154e+03 8.701397000000000292e-16
7.475677779240049858e+03 8.611074999999999611e-16
7.478706928558900472e+03 9.083830000000000328e-16
7.481736077877750176e+03 8.835453999999998715e-16
7.484765227196600790e+03 8.696832999999999613e-16
7.487794376515450494e+03 8.930502000000001478e-16
7.490823525834300199e+03 8.643999000000001208e-16
7.493852675153148994e+03 8.861507000000001823e-16
7.496881824471990512e+03 8.267430000000000512e-16
7.499910973790841126e+03 8.108876999999999689e-16
7.502940123109690830e+03 8.580569000000000491e-16
7.505969272428539625e+03 8.449841000000001259e-16
7.508998421747390239e+03 8.457835000000000694e-16
7.512027571066239943e+03 8.477620000000000285e-16
7.515056720385090557e+03 8.191018000000000090e-16
7.518085869703940261e+03 8.469599999999999614e-16
7.521115019022790875e+03 8.411544000000000668e-16
7.524144168341629666e+03 8.289157000000001506e-16
7.527173317660479370e+03 8.684861999999999324e-16
7.530202466979329984e+03 8.754706000000000938e-16
7.533231616298179688e+03 8.786971000000000882e-16
7.536260765617030302e+03 9.233707000000001245e-16
7.539289914935880006e+03 8.906724999999998804e-16
7.542319064254730620e+03 8.523010000000000812e-16
7.545348213573579415e+03 8.633760000000000688e-16
7.548377362892429119e+03 8.596154999999999755e-16
7.551406512211270638e+03 8.449938000000001544e-16
7.554435661530121251e+03 8.170512999999999967e-16
7.557464810848970046e+03 8.272763000000000790e-16
7.560493960167819750e+03 8.335030999999998709e-16
7.563523109486670364e+03 8.452341999999999640e-16
7.566552258805520069e+03 8.340878999999998957e-16
7.569581408124369773e+03 8.394043000000000071e-16
7.572610557443220387e+03 8.300046999999999204e-16
7.575639706762070091e+03 8.521616000000000340e-16
7.578668856080920705e+03 8.790986999999999644e-16
7.581698005399759495e+03 8.528228000000000101e-16
7.584727154718609199e+03 8.396590000000000031e-16
7.587756304037459813e+03 8.431120000000000417e-16
7.590785453356309517e+03 8.216477000000000688e-16
7.593814602675160131e+03 8.144099999999999551e-16
7.596843751994008926e+03 7.879342999999999813e-16
7.599872901312858630e+03 7.566102000000000449e-16
7.602902050631709244e+03 6.712550999999999805e-16
7.605931199950550763e+03 7.691257000000001198e-16
7.608960349269399558e+03 7.266958000000000217e-16
7.611989498588249262e+03 7.911651999999999723e-16
7.615018647907099876e+03 8.434688000000000951e-16
7.618047797225949580e+03 8.512601000000000330e-16
7.621076946544800194e+03 7.810064999999999834e-16
7.624106095863649898e+03 7.614785000000000731e-16
7.627135245182499602e+03 7.571782000000000375e-16
7.630164394501350216e+03 6.416960999999999670e-16
7.633193543820199920e+03 6.419393000000000613e-16
7.636222693139050534e+03 6.703315999999999962e-16
7.639251842457890234e+03 7.392549000000000368e-16
7.642280991776740848e+03 6.810198000000000068e-16
7.645310141095590552e+03 7.351707000000001429e-16
7.648339290414441166e+03 7.150081999999999854e-16
7.651368439733290870e+03 6.781686999999999712e-16
7.654397589052141484e+03 6.386884999999999060e-16
7.657426738370991188e+03 6.178599000000000630e-16
7.660455887689829069e+03 6.766605000000000427e-16
7.663485037008678773e+03 6.827699000000000666e-16
7.666514186327529387e+03 6.375761999999999925e-16
7.669543335646379091e+03 6.776913000000000357e-16
7.672572484965229705e+03 6.926469999999999722e-16
7.675601634284079410e+03 6.450737999999999548e-16
7.678630783602930023e+03 5.945919999999999990e-16
7.681659932921779728e+03 6.259562000000000127e-16
7.684689082240629432e+03 6.258786999999999636e-16
7.687718231559480046e+03 5.917621999999999742e-16
7.690747380878320655e+03 5.720498000000000328e-16
7.693776530197170359e+03 6.099197999999999953e-16
7.696805679516020064e+03 6.530591000000000690e-16
7.699834828834870677e+03 6.767564000000000330e-16
7.702863978153720382e+03 6.276419000000000314e-16
7.705893127472570995e+03 5.614520000000000166e-16
7.708922276791420700e+03 5.677079999999999747e-16
7.711951426110269495e+03 5.629647000000000224e-16
7.714980575429120108e+03 5.949364000000000170e-16
7.718009724747969813e+03 5.971060999999999662e-16
7.721038874066809512e+03 6.490217999999999156e-16
7.724068023385659217e+03 7.118721000000000842e-16
7.727097172704508921e+03 6.424078000000000215e-16
7.730126322023359535e+03 6.038537999999999476e-16
7.733155471342209239e+03 6.356853000000000390e-16
7.736184620661059853e+03 6.434942999999999456e-16
7.739213769979909557e+03 6.065654000000000527e-16
7.742242919298760171e+03 6.567816999999999848e-16
7.745272068617599871e+03 7.396961999999999637e-16
7.748301217936450485e+03 7.011155000000000624e-16
7.751330367255300189e+03 6.995475999999999368e-16
7.754359516574150803e+03 7.003267999999999673e-16
7.757388665893000507e+03 6.560435000000000668e-16
7.760417815211850211e+03 6.614430999999999899e-16
7.763446964530699915e+03 6.566561999999999002e-16
7.766476113849549620e+03 6.333401000000000339e-16
7.769505263168399324e+03 6.155823000000001145e-16
7.772534412487240843e+03 6.228515999999999622e-16
7.775563561806089638e+03 6.508936000000000538e-16
7.778592711124940251e+03 6.417846999999999898e-16
7.781621860443789956e+03 6.271043999999999709e-16
7.784651009762640570e+03 6.641677000000000224e-16
7.787680159081490274e+03 6.933867999999999966e-16
7.790709308400340888e+03 7.119358999999999374e-16
7.793738457719190592e+03 7.136888999999999680e-16
7.796767607038041206e+03 6.927279000000000008e-16
7.799796756356879996e+03 6.981099999999999192e-16
7.802825905675740614e+03 6.967044000000000566e-16
7.805855054994580314e+03 6.720471000000000730e-16
7.808884204313430018e+03 6.950194000000001091e-16
7.811913353632280632e+03 7.001330999999999342e-16
7.814942502951129427e+03 6.785753999999999153e-16
7.817971652269979131e+03 7.159846999999999925e-16
7.821000801588829745e+03 7.514161999999999845e-16
7.824029950907679449e+03 7.485614000000000234e-16
7.827059100226529154e+03 7.752888000000000404e-16
7.830088249545369763e+03 7.376752000000000636e-16
7.833117398864220377e+03 7.233941999999999406e-16
7.836146548183070081e+03 7.208099999999999725e-16
7.839175697501919785e+03 7.610002999999999858e-16
7.842204846820770399e+03 7.360600999999998571e-16
7.845233996139620103e+03 7.323086000000000170e-16
7.848263145458470717e+03 7.649819000000000109e-16
7.851292294777309507e+03 7.350664999999999705e-16
7.854321444096171035e+03 7.323216000000000430e-16
7.857350593415009826e+03 7.756077000000000149e-16
7.860379742733859530e+03 7.839333999999999797e-16
7.863408892052710144e+03 7.879175000000000478e-16
7.866438041371558938e+03 7.339010000000000702e-16
7.869467190690408643e+03 7.686308999999999643e-16
7.872496340009259256e+03 7.806347999999999502e-16
7.875525489328108961e+03 7.614980999999998970e-16
7.878554638646959575e+03 7.494329000000000022e-16
7.881583787965799274e+03 7.247163000000000454e-16
7.884612937284649888e+03 7.341132000000001252e-16
7.887642086603499592e+03 7.566889999999998599e-16
7.890671235922350206e+03 7.498171000000001515e-16
7.893700385241199911e+03 7.399654999999999935e-16
7.896729534560049615e+03 7.209357000000000210e-16
7.899758683878900229e+03 6.960413000000001268e-16
7.902787833197749933e+03 7.038702000000000990e-16
7.905816982516600547e+03 6.537619999999999330e-16
7.908846131835440247e+03 6.197513000000000250e-16
7.911875281154290860e+03 6.687717999999998914e-16
7.914904430473140565e+03 7.057408000000000589e-16
7.917933579791991178e+03 7.224375000000000172e-16
7.920962729110840883e+03 7.763546000000000428e-16
7.923991878429691496e+03 7.494410000000000230e-16
7.927021027748540291e+03 6.956572999999999414e-16
7.930050177067389995e+03 7.304601000000000225e-16
7.933079326386240609e+03 7.482736999999999537e-16
7.936108475705090314e+03 7.132637999999999841e-16
7.939137625023929104e+03 7.320479999999999985e-16
7.942166774342779718e+03 7.522882000000000705e-16
7.945195923661629422e+03 7.057561999999999486e-16
7.948225072980480036e+03 6.852925999999999645e-16
7.951254222299329740e+03 6.904743999999999534e-16
7.954283371618180354e+03 7.276662000000000423e-16
7.957312520937030058e+03 7.120660000000000812e-16
7.960341670255879762e+03 6.871392000000000052e-16
7.963370819574730376e+03 7.361850999999999331e-16
7.966399968893570986e+03 7.602686999999999642e-16
7.969429118212420690e+03 7.369842999999999127e-16
7.972458267531270394e+03 7.593935000000000599e-16
7.975487416850121008e+03 7.426442000000000069e-16
7.978516566168969803e+03 7.127467999999999798e-16
7.981545715487819507e+03 7.946778999999999120e-16
7.984574864806670121e+03 8.078675999999999891e-16
7.987604014125519825e+03 7.990771999999999715e-16
7.990633163444370439e+03 8.818979999999999584e-16
7.993662312763220143e+03 8.141707000000000461e-16
7.996691462082058933e+03 7.602829999999999534e-16
7.999720611400909547e+03 7.781911999999999118e-16
8.002749760719759252e+03 7.488655000000000987e-16
8.005778910038609865e+03 7.131492999999998912e-16
8.008808059357459570e+03 7.230610000000000755e-16
8.011837208676310183e+03 7.500038000000000644e-16
8.014866357995159888e+03 7.037169000000000892e-16
8.017895507314008682e+03 7.367576000000000031e-16
8.020924656632850201e+03 7.114461000000000650e-16
8.023953805951700815e+03 7.161846999999999760e-16
8.026982955270550519e+03 7.806630000000000006e-16
8.030012104589399314e+03 8.088230000000001466e-16
8.033041253908249928e+03 7.478339999999999359e-16
8.036070403227099632e+03 7.493589000000000132e-16
8.039099552545949336e+03 7.885163999999999992e-16
8.042128701864799950e+03 7.611727000000000081e-16
8.045157851183649655e+03 7.713232000000000929e-16
8.048187000502490264e+03 8.009024000000000194e-16
8.051216149821339968e+03 7.890525000000000159e-16
8.054245299140190582e+03 7.956772999999999377e-16
8.057274448459040286e+03 8.076830000000000925e-16
8.060303597777890900e+03 8.299357000000000173e-16
8.063332747096740604e+03 7.990027999999999560e-16
8.066361896415591218e+03 7.860861999999999148e-16
8.069391045734440922e+03 7.732081000000000419e-16
8.072420195053290627e+03 7.796193999999999455e-16
8.075449344372141240e+03 7.625969999999999551e-16
8.078478493690980031e+03 7.363833000000000435e-16
8.081507643009828826e+03 7.677441999999999611e-16
8.084536792328679439e+03 7.376647999999999639e-16
8.087565941647529144e+03 7.608349000000000837e-16
8.090595090966379757e+03 7.418062999999999938e-16
8.093624240285229462e+03 8.311125000000000525e-16
8.096653389604079166e+03 8.099339999999999984e-16
8.099682538922929780e+03 7.677841999999999578e-16
8.102711688241770389e+03 7.792351999999999934e-16
8.105740837560620093e+03 7.816850999999999822e-16
8.108769986879469798e+03 7.810492999999999690e-16
8.111799136198320411e+03 7.544239000000000275e-16
8.114828285517170116e+03 6.870582000000000933e-16
8.117857434836020730e+03 6.686524999999999725e-16
8.120886584154870434e+03 6.745081000000000355e-16
8.123915733473721048e+03 6.883122999999999177e-16
8.126944882792570752e+03 7.893637999999999782e-16
8.129974032111420456e+03 6.935525000000000418e-16
8.133003181430270160e+03 7.078574000000001020e-16
8.136032330749108951e+03 7.342425000000000187e-16
8.139061480067958655e+03 7.108746000000001108e-16
8.142090629386809269e+03 7.098457000000000716e-16
8.145119778705658973e+03 7.549344000000000187e-16
8.148148928024509587e+03 7.760497999999998964e-16
8.151178077343359291e+03 7.549897000000000218e-16
8.154207226662209905e+03 7.419572000000000413e-16
8.157236375981049605e+03 6.901830999999999402e-16
8.160265525299900219e+03 7.189928999999999454e-16
8.163294674618749923e+03 7.406952999999999448e-16
8.166323823937600537e+03 7.248288999999999874e-16
8.169352973256450241e+03 7.264918999999999515e-16
8.172382122575299945e+03 7.420456000000000014e-16
8.175411271894150559e+03 7.600802999999999630e-16
8.178440421213000263e+03 7.571351999999999893e-16
8.181469570531850877e+03 7.051239999999998789e-16
8.184498719850699672e+03 7.120609000000000134e-16
8.187527869169541191e+03 7.762819999999999990e-16
8.190557018488390895e+03 7.072710000000000694e-16
8.193586167807241509e+03 6.722566000000000225e-16
8.196615317126090304e+03 7.501635000000000066e-16
8.199644466444940917e+03 7.725260999999999649e-16
8.202673615763789712e+03 7.331255000000000638e-16
8.205702765082640326e+03 7.613471000000000647e-16
8.208731914401490940e+03 7.413785000000001015e-16
8.211761063720339735e+03 6.987827999999999762e-16
8.214790213039179434e+03 7.145916000000000488e-16
8.217819362358030048e+03 7.136526999999999774e-16
8.220848511676880662e+03 6.802494999999999517e-16
8.223877660995729457e+03 6.946283000000000188e-16
8.226906810314580071e+03 7.140894999999999257e-16
8.229935959633430684e+03 6.851774000000000963e-16
8.232965108952279479e+03 6.874324999999999542e-16
8.235994258271128274e+03 6.676378999999999224e-16
8.239023407589978888e+03 6.756574000000000915e-16
8.242052556908820407e+03 6.853041000000000634e-16
8.245081706227671020e+03 6.833875000000000039e-16
8.248110855546519815e+03 6.711642999999999594e-16
8.251140004865370429e+03 6.332187000000000001e-16
8.254169154184219224e+03 6.187166000000000439e-16
8.257198303503069837e+03 6.579660000000000502e-16
8.260227452821920451e+03 6.596321000000000478e-16
8.263256602140771065e+03 6.262503000000000149e-16
8.266285751459608946e+03 6.510246999999999190e-16
8.269314900778459560e+03 6.399588999999999513e-16
8.272344050097310173e+03 6.681824000000001031e-16
8.275373199416158968e+03 7.082440999999999984e-16
8.278402348735009582e+03 7.326275999999998748e-16
8.281431498053860196e+03 7.637658000000000502e-16
8.284460647372710810e+03 7.291208000000000562e-16
8.287489796691559604e+03 6.540111000000000498e-16
8.290518946010408399e+03 6.613871000000000142e-16
8.293548095329259013e+03 6.932044999999999817e-16
8.296577244648109627e+03 6.729750000000000541e-16
8.299606393966949327e+03 6.582177999999999767e-16
8.302635543285799940e+03 6.510296000000000229e-16
8.305664692604650554e+03 7.234785000000000473e-16
8.308693841923499349e+03 7.057871999999999880e-16
8.311722991242349963e+03 6.737344999999999829e-16
8.314752140561200576e+03 7.044197999999999532e-16
8.317781289880049371e+03 7.196883000000000750e-16
8.320810439198899985e+03 6.912314999999999199e-16
8.323839588517750599e+03 6.633213000000000605e-16
8.326868737836590299e+03 6.569771999999999896e-16
8.329897887155440912e+03 6.624363000000000471e-16
8.332927036474291526e+03 6.539494000000000156e-16
8.335956185793140321e+03 6.847897999999999675e-16
8.338985335111990935e+03 7.291000999999999373e-16
8.342014484430841549e+03 7.426407000000001440e-16
8.345043633749690343e+03 6.794844999999999284e-16
8.348072783068530043e+03 7.139735999999999863e-16
8.351101932387389752e+03 8.205950999999998592e-16
8.354131081706229452e+03 7.847038000000000169e-16
8.357160231025080066e+03 7.126431999999999953e-16
8.360189380343928860e+03 7.485371999999999431e-16
8.363218529662779474e+03 7.193860000000000700e-16
8.366247678981630088e+03 6.590039999999999302e-16
8.369276828300478883e+03 6.585142999999999412e-16
8.372305977619329497e+03 6.576547999999999713e-16
8.375335126938180110e+03 6.785966999999999261e-16
8.378364276257030724e+03 7.106231000000000317e-16
8.381393425575870424e+03 7.118713000000000310e-16
8.384422574894721038e+03 6.513807000000000179e-16
8.387451724213569833e+03 6.438894000000000060e-16
8.390480873532420446e+03 6.230923999999999956e-16
8.393510022851271060e+03 5.586079000000000026e-16
8.396539172170121674e+03 6.202818999999999473e-16
8.399568321488970469e+03 6.861205000000000031e-16
8.402597470807819263e+03 8.152483999999999768e-16
8.405626620126658963e+03 8.849539000000000008e-16
8.408655769445520491e+03 7.058122000000000229e-16
8.411684918764358372e+03 6.400764999999999791e-16
8.414714068083208986e+03 5.445155000000000421e-16
8.417743217402059599e+03 5.754662000000000541e-16
8.420772366720910213e+03 6.278221000000000299e-16
8.423801516039759008e+03 6.964503999999999346e-16
8.426830665358609622e+03 7.743378999999999602e-16
8.429859814677460236e+03 6.311357000000000212e-16
8.432888963996309030e+03 5.857900999999999811e-16
8.435918113315150549e+03 5.712444999999999682e-16
8.438947262633999344e+03 6.374664000000000395e-16
8.441976411952849958e+03 6.531723000000000015e-16
8.445005561271700572e+03 6.299991000000000453e-16
8.448034710590551185e+03 6.155197000000000452e-16
8.451063859909399980e+03 5.996324999999999869e-16
8.454093009228248775e+03 6.363514000000000204e-16
8.457122158547099389e+03 6.211873000000000349e-16
8.460151307865950002e+03 5.380755000000000794e-16
8.463180457184789702e+03 5.750999000000000347e-16
8.466209606503640316e+03 6.061521999999999970e-16
8.469238755822490930e+03 5.339600000000000030e-16
8.472267905141339725e+03 6.053196999999999978e-16
8.475297054460190338e+03 6.214601999999999097e-16
8.478326203779040952e+03 6.319079000000000301e-16
8.481355353097889747e+03 6.503895999999999770e-16
8.484384502416740361e+03 6.112636000000000390e-16
8.487413651735590975e+03 5.979423000000000881e-16
8.490442801054441588e+03 6.297191000000000684e-16
8.493471950373279469e+03 6.386290999999999509e-16
8.496501099692130083e+03 6.168198999999999514e-16
8.499530249010980697e+03 5.805616000000000185e-16
8.502559398329829492e+03 5.963188000000000135e-16
8.505588547648680105e+03 6.162691999999999995e-16
8.508617696967528900e+03 6.213015000000000832e-16
8.511646846286379514e+03 5.740816999999999426e-16
8.514675995605230128e+03 6.455971000000000081e-16
8.517705144924078922e+03 5.908206999999999765e-16
8.520734294242920441e+03 5.358141000000000739e-16
8.523763443561769236e+03 5.916239000000000248e-16
8.526792592880619850e+03 6.176850999999999797e-16
8.529821742199470464e+03 6.480898999999999645e-16
8.532850891518321077e+03 6.631392000000000097e-16
8.535880040837169872e+03 6.339452999999999358e-16
8.538909190156020486e+03 6.249169999999999543e-16
8.541938339474871100e+03 5.406501999999999830e-16
8.544967488793708981e+03 5.884891999999999701e-16
8.547996638112559594e+03 5.718314000000000093e-16
8.551025787431410208e+03 5.820093999999999747e-16
8.554054936750259003e+03 5.892148000000000859e-16
8.557084086069109617e+03 5.473725000000000015e-16
8.560113235387958412e+03 5.653175000000000397e-16
8.563142384706809025e+03 6.208110999999999244e-16
8.566171534025659639e+03 6.336216000000000366e-16
8.569200683344508434e+03 6.090943000000000177e-16
8.572229832663359048e+03 6.237794999999999432e-16
8.575258981982200567e+03 6.287303000000000078e-16
8.578288131301049361e+03 6.287341999999999959e-16
8.581317280619899975e+03 6.075381000000000537e-16
8.584346429938750589e+03 5.950808999999999348e-16
8.587375579257599384e+03 6.150188999999999839e-16
8.590404728576449997e+03 5.923475999999999896e-16
8.593433877895300611e+03 5.570766000000000915e-16
8.596463027214151225e+03 5.795266000000000915e-16
8.599492176533000020e+03 5.719848999999999831e-16
8.602521325851841539e+03 5.714288999999999993e-16
8.605550475170690333e+03 5.842165000000000930e-16
8.608579624489540947e+03 5.034634999999999619e-16
8.611608773808391561e+03 5.917456000000000046e-16
8.614637923127240356e+03 6.328547000000000596e-16
8.617667072446090970e+03 6.803016000000000379e-16
8.620696221764939764e+03 7.109061999999999436e-16
8.623725371083790378e+03 7.063525000000000723e-16
8.626754520402640992e+03 6.672038000000000797e-16
8.629783669721489787e+03 5.967308999999999715e-16
8.632812819040329487e+03 6.565538999999999774e-16
8.635841968359180100e+03 6.708145000000000262e-16
8.638871117678028895e+03 6.481389999999999992e-16
8.641900266996879509e+03 6.249435000000000150e-16
8.644929416315730123e+03 5.793156000000000176e-16
8.647958565634580737e+03 5.987276999999999885e-16
8.650987714953429531e+03 6.044357000000000015e-16
8.654016864272280145e+03 6.320687999999999535e-16
8.657046013591119845e+03 6.435004000000000306e-16
8.660075162909970459e+03 5.765859999999999979e-16
8.663104312228821072e+03 5.783765999999999643e-16
8.666133461547671686e+03 6.355474999999999996e-16
8.669162610866520481e+03 6.167158000000000569e-16
8.672191760185369276e+03 6.186934999999999628e-16
8.675220909504219890e+03 6.363251999999999057e-16
8.678250058823070503e+03 6.593000999999999667e-16
8.681279208141919298e+03 6.872714000000000668e-16
8.684308357460769912e+03 7.043907000000000648e-16
8.687337506779609612e+03 6.932496000000000463e-16
8.690366656098460226e+03 6.949692999999998601e-16
8.693395805417309020e+03 6.937971000000000813e-16
8.696424954736159634e+03 6.394791000000000534e-16
8.699454104055010248e+03 6.218809999999999776e-16
8.702483253373859043e+03 6.455948000000000278e-16
8.705512402692709657e+03 6.140772000000000222e-16
8.708541552011558451e+03 5.794257000000000152e-16
8.711570701330409065e+03 6.248394999999999052e-16
8.714599850649250584e+03 6.906271000000000712e-16
8.717628999968101198e+03 6.600792999999998986e-16
8.720658149286949993e+03 5.964798999999999995e-16
8.723687298605798787e+03 6.315577999999999537e-16
8.726716447924649401e+03 6.880128000000000003e-16
8.729745597243500015e+03 6.520002000000000076e-16
8.732774746562350629e+03 6.185788000000000045e-16
8.735803895881199423e+03 6.136415000000000731e-16
8.738833045200040942e+03 6.468554000000000625e-16
8.741862194518889737e+03 6.518830999999999884e-16
8.744891343837740351e+03 6.367161000000000320e-16
8.747920493156590965e+03 6.225712999999999407e-16
8.750949642475441578e+03 6.655408000000000170e-16
8.753978791794290373e+03 6.291412999999999666e-16
8.757007941113140987e+03 5.626531000000000156e-16
8.760037090431991601e+03 5.865820999999999751e-16
8.763066239750840396e+03 5.606062000000000454e-16
8.766095389069691009e+03 5.966049999999999589e-16
8.769124538388530709e+03 6.382887999999999836e-16
8.772153687707379504e+03 6.303148000000000043e-16
8.775182837026230118e+03 6.343710999999999909e-16
8.778211986345078913e+03 6.700816000000000414e-16
8.781241135663929526e+03 6.032012999999999829e-16
8.784270284982780140e+03 5.538518999999999703e-16
8.787299434301628935e+03 5.821244999999999596e-16
8.790328583620479549e+03 6.113087999999999869e-16
8.793357732939319249e+03 6.282416000000000360e-16
8.796386882258169862e+03 6.184689999999999529e-16
8.799416031577020476e+03 6.488197000000000143e-16
8.802445180895871090e+03 6.396776999999998946e-16
8.805474330214719885e+03 6.707793999999999361e-16
8.808503479533570498e+03 6.146212999999999791e-16
8.811532628852421112e+03 5.521896999999999608e-16
8.814561778171269907e+03 5.621289000000000257e-16
8.817590927490120521e+03 4.407717000000000010e-16
8.820620076808969316e+03 3.060941000000000112e-16
8.823649226127819929e+03 4.137884999999999888e-16
8.826678375446659629e+03 5.696728000000000338e-16
8.829707524765508424e+03 5.916926999999999639e-16
8.832736674084359038e+03 5.808135000000000256e-16
8.835765823403209652e+03 6.253880999999999394e-16
8.838794972722058446e+03 4.334966999999999961e-16
8.841824122040909060e+03 4.501835000000000112e-16
8.844853271359759674e+03 5.360067000000000092e-16
8.847882420678610288e+03 5.946002999999999838e-16
8.850911569997449988e+03 6.235922000000000398e-16
8.853940719316300601e+03 5.622430999999999754e-16
8.856969868635149396e+03 5.302544999999999667e-16
8.859999017954000010e+03 6.106583999999999399e-16
8.863028167272850624e+03 6.629944000000000472e-16
8.866057316591701237e+03 6.446704000000000082e-16
8.869086465910550032e+03 6.501254999999999970e-16
8.872115615229398827e+03 6.102412000000000127e-16
8.875144764548249441e+03 5.515968999999999958e-16
8.878173913867090960e+03 3.714451000000000451e-16
8.881203063185941573e+03 3.298722000000000219e-16
8.884232212504790368e+03 4.636798999999999913e-16
8.887261361823640982e+03 5.937257999999999535e-16
8.890290511142489777e+03 6.301702000000000058e-16
8.893319660461340391e+03 4.888277999999999990e-16
8.896348809780191004e+03 4.804801999999999341e-16
8.899377959099039799e+03 5.202199000000000186e-16
8.902407108417890413e+03 6.099652999999999879e-16
8.905436257736741027e+03 5.528400000000000258e-16
8.908465407055580727e+03 5.546961000000000324e-16
8.911494556374429521e+03 7.733840000000000257e-16
8.914523705693280135e+03 8.567396000000000661e-16
8.917552855012130749e+03 7.289099000000000629e-16
8.920582004330979544e+03 6.410655000000000036e-16
8.923611153649828339e+03 6.182320000000000242e-16
8.926640302968678952e+03 6.613899000000001017e-16
8.929669452287529566e+03 6.502869000000000276e-16
8.932698601606371085e+03 5.526177999999999963e-16
8.935727750925219880e+03 4.867420000000000313e-16
8.938756900244070493e+03 4.942332000000000612e-16
8.941786049562919288e+03 5.734236999999999820e-16
8.944815198881769902e+03 6.272923999999999456e-16
8.947844348200620516e+03 5.718845000000000141e-16
8.950873497519469311e+03 4.699427999999999890e-16
8.953902646838319924e+03 4.305503999999999920e-16
8.956931796157170538e+03 4.609140999999999809e-16
8.959960945476010238e+03 4.925937999999999896e-16
8.962990094794859033e+03 4.955728999999999555e-16
8.966019244113709647e+03 5.586644000000000855e-16
8.969048393432560260e+03 5.898875000000000623e-16
8.972077542751409055e+03 6.372561000000000368e-16
8.975106692070259669e+03 6.656591999999999994e-16
8.978135841389108464e+03 6.528298000000000359e-16
8.981164990707959078e+03 5.847483999999999784e-16
8.984194140026809691e+03 5.599552999999999898e-16
8.987223289345649391e+03 6.262842000000000251e-16
8.990252438664500005e+03 5.715995999999999333e-16
8.993281587983348800e+03 5.322294999999999643e-16
8.996310737302199414e+03 6.109338000000000548e-16
8.999339886621050027e+03 5.912138000000000026e-16
9.002369035939900641e+03 6.147558000000000211e-16
9.005398185258749436e+03 6.392822999999999868e-16
9.008427334577600050e+03 5.852066000000000181e-16
9.011456483896450663e+03 6.396737000000000231e-16
9.014485633215299458e+03 6.505103000000000383e-16
9.017514782534140977e+03 5.344665000000000241e-16
9.020543931852991591e+03 5.584507000000000047e-16
9.023573081171840386e+03 4.882525000000000388e-16
9.026602230490690999e+03 5.907973999999999314e-16
9.029631379809541613e+03 6.167887000000000467e-16
9.032660529128390408e+03 6.203858000000000751e-16
9.035689678447241022e+03 6.021594000000000162e-16
9.038718827766089817e+03 5.789525000000000137e-16
9.041747977084940430e+03 6.018395000000000245e-16
9.044777126403780130e+03 6.282891000000000629e-16
9.047806275722628925e+03 6.026006999999999431e-16
9.050835425041479539e+03 5.388752999999999509e-16
9.053864574360330153e+03 4.810519000000000495e-16
9.056893723679178947e+03 5.152863999999999947e-16
9.059922872998029561e+03 6.052326999999999827e-16
9.062952022316880175e+03 5.802281000000000103e-16
9.065981171635730789e+03 4.776623000000000348e-16
9.069010320954570489e+03 5.220724999999999651e-16
9.072039470273421102e+03 6.849615999999999992e-16
9.075068619592269897e+03 6.093055999999999389e-16
9.078097768911120511e+03 4.122372000000000300e-16
9.081126918229971125e+03 3.993269000000000380e-16
9.084156067548819919e+03 4.391651999999999718e-16
9.087185216867670533e+03 4.861522000000000192e-16
9.090214366186519328e+03 3.402819999999999647e-16
9.093243515505369942e+03 4.721246000000000277e-16
9.096272664824220556e+03 5.261130000000000354e-16
9.099301814143069350e+03 4.539225000000000312e-16
9.102330963461919964e+03 4.323323999999999291e-16
9.105360112780759664e+03 4.875034999999999945e-16
9.108389262099610278e+03 5.126737999999999136e-16
9.111418411418459073e+03 4.798179000000000575e-16
9.114447560737309686e+03 4.618712000000000295e-16
9.117476710056160300e+03 4.451403999999999984e-16
9.120505859375009095e+03 4.035522000000000181e-16
