3.199999863336000089e+03 7.462929999999999963e-16
3.205364616192000085e+03 8.008410000000001285e-16
3.210729369048000081e+03 6.993889999999999938e-16
3.216094121904000076e+03 7.296950000000000173e-16
3.221458874760000072e+03 6.146679999999999529e-16
3.226823627616000067e+03 6.935610000000000892e-16
3.232188380472000063e+03 7.223230000000000229e-16
3.237553133327999603e+03 5.001700000000000002e-16
3.242917886184000054e+03 5.067850000000000101e-16
3.248282639039999594e+03 6.930850000000000002e-16
3.253647391896000045e+03 7.732149999999999829e-16
3.259012144752000040e+03 6.346609999999999604e-16
3.264376897608000036e+03 3.973450000000000008e-16
3.269741650464000031e+03 7.254380000000000745e-16
3.275106403320000027e+03 8.324580000000000859e-16
3.280471156176000022e+03 6.477859999999999518e-16
3.285835909032000018e+03 7.185039999999999109e-16
3.291200661888000013e+03 4.975789999999999745e-16
3.296565414744000009e+03 6.501720000000000068e-16
3.301930167600000004e+03 9.990349999999998737e-16
3.307294920456000000e+03 1.074119999999999988e-15
3.312659673311999995e+03 8.447660000000000484e-16
3.318024426167999991e+03 8.702189999999999515e-16
3.323389179023999986e+03 1.051389999999999913e-15
3.328753931879999982e+03 1.258039999999999829e-15
3.334118684735999977e+03 1.020649999999999930e-15
3.339483437591999973e+03 1.119259999999999969e-15
3.344848190447999968e+03 1.081569999999999942e-15
3.350212943303999964e+03 1.043270000000000089e-15
3.355577696159999959e+03 9.553900000000001279e-16
3.360942449015999955e+03 1.110359999999999962e-15
3.366307201871999951e+03 1.334510000000000064e-15
3.371671954727999946e+03 1.128040000000000084e-15
3.377036707584000396e+03 1.045459999999999834e-15
3.382401460439999937e+03 1.150730000000000064e-15
3.387766213295999933e+03 1.226150000000000015e-15
3.393130966151999928e+03 1.103650000000000095e-15
3.398495719007999924e+03 1.209859999999999902e-15
3.403860471863999919e+03 1.268810000000000002e-15
3.409225224720000369e+03 1.257150000000000125e-15
3.414589977575999910e+03 1.390390000000000097e-15
3.419954730431999906e+03 1.553250000000000144e-15
3.425319483288000356e+03 1.334469999999999969e-15
3.430684236143999897e+03 1.362809999999999952e-15
3.436048989000000347e+03 1.496279999999999930e-15
3.441413741855999888e+03 1.374269999999999945e-15
3.446778494712000338e+03 1.456150000000000006e-15
3.452143247567999879e+03 1.353090000000000062e-15
3.457508000423999874e+03 1.300719999999999963e-15
3.462872753279999415e+03 1.214230000000000011e-15
3.468237506135999865e+03 1.326179999999999986e-15
3.473602258991999861e+03 1.481910000000000053e-15
3.478967011847999856e+03 1.183799999999999830e-15
3.484331764704000307e+03 1.416699999999999927e-15
3.489696517559999847e+03 1.398729999999999952e-15
3.495061270416000298e+03 1.305150000000000116e-15
3.500426023271999838e+03 1.505649999999999922e-15
3.505790776128000289e+03 1.562020000000000087e-15
3.511155528983999830e+03 1.497310000000000067e-15
3.516520281839999825e+03 1.404960000000000055e-15
3.521885034695999821e+03 1.274510000000000075e-15
3.527249787551999816e+03 1.473930000000000070e-15
3.532614540407999812e+03 1.498620000000000082e-15
3.537979293263999807e+03 1.693189999999999810e-15
3.543344046120000257e+03 1.496219999999999886e-15
3.548708798975999798e+03 1.904159999999999766e-15
3.554073551832000248e+03 1.770619999999999966e-15
3.559438304687999789e+03 1.587900000000000224e-15
3.564803057544000239e+03 1.594349999999999963e-15
3.570167810399999780e+03 1.486499999999999996e-15
3.575532563256000230e+03 1.606419999999999980e-15
3.580897316111999771e+03 1.598569999999999862e-15
3.586262068968000222e+03 1.558240000000000053e-15
3.591626821823999762e+03 1.532029999999999968e-15
3.596991574679999758e+03 1.568440000000000101e-15
3.602356327536000208e+03 1.637330000000000122e-15
3.607721080391999749e+03 1.550699999999999935e-15
3.613085833248000199e+03 1.541789999999999954e-15
3.618450586103999740e+03 1.576409999999999913e-15
3.623815338960000190e+03 1.704639999999999829e-15
3.629180091815999731e+03 1.667259999999999998e-15
3.634544844672000181e+03 1.655999999999999890e-15
3.639909597527999722e+03 1.550369999999999986e-15
3.645274350384000172e+03 1.922640000000000019e-15
3.650639103239999713e+03 1.801680000000000120e-15
3.656003856096000163e+03 2.016149999999999836e-15
3.661368608952000159e+03 2.186120000000000111e-15
3.666733361807999700e+03 2.181009999999999916e-15
3.672098114664000150e+03 2.140640000000000011e-15
3.677462867520000145e+03 2.420619999999999879e-15
3.682827620376000141e+03 2.798340000000000029e-15
3.688192373231999682e+03 2.756419999999999931e-15
3.693557126088000132e+03 2.810500000000000211e-15
3.698921878943999673e+03 3.137779999999999881e-15
3.704286631800000123e+03 2.983360000000000026e-15
3.709651384656000118e+03 2.850360000000000034e-15
3.715016137512000114e+03 2.951279999999999710e-15
3.720380890368000109e+03 2.814359999999999843e-15
3.725745643224000105e+03 2.601279999999999939e-15
3.731110396080000100e+03 2.535970000000000067e-15
3.736475148935999641e+03 2.479170000000000012e-15
3.741839901792000092e+03 2.439560000000000143e-15
3.747204654647999632e+03 2.655979999999999822e-15
3.752569407504000083e+03 2.680730000000000076e-15
3.757934160359999623e+03 2.387549999999999915e-15
3.763298913216000074e+03 2.698969999999999757e-15
3.768663666072000069e+03 2.505040000000000174e-15
3.774028519415999654e+03 2.292509999999999854e-15
3.779393171784000060e+03 2.327149999999999959e-15
3.784757924639999601e+03 2.060740000000000034e-15
3.790122777984000095e+03 1.793959999999999671e-15
3.795487430352000047e+03 1.703020000000000012e-15
3.800852183208000042e+03 1.742229999999999913e-15
3.806217036552000081e+03 1.828440000000000184e-15
3.811581789408000077e+03 1.778510000000000179e-15
3.816946542264000072e+03 1.790159999999999885e-15
3.822311295120000068e+03 1.650519999999999849e-15
3.827676047976000063e+03 1.863429999999999989e-15
3.833040800831999604e+03 1.732580000000000042e-15
3.838405553688000055e+03 1.667659999999999966e-15
3.843770306544000050e+03 1.851630000000000074e-15
3.849135059400000046e+03 1.992190000000000133e-15
3.854499812256000041e+03 2.114219999999999870e-15
3.859864565112000037e+03 2.238919999999999707e-15
3.865229317968000032e+03 2.343240000000000187e-15
3.870594070824000028e+03 2.437910000000000205e-15
3.875958823680000023e+03 2.721140000000000273e-15
3.881323576536000019e+03 2.913060000000000047e-15
3.886688329392000014e+03 3.057309999999999975e-15
3.892053082247999555e+03 3.398900000000000463e-15
3.897417835104000005e+03 3.524110000000000382e-15
3.902782587960000001e+03 3.644429999999999939e-15
3.908147340815999996e+03 3.869069999999999582e-15
3.913512093671999992e+03 4.194919999999999936e-15
3.918876846527999987e+03 4.326309999999999888e-15
3.924241599383999983e+03 4.745610000000000213e-15
3.929606352239999524e+03 5.105649999999999650e-15
3.934971105095999974e+03 5.667929999999999786e-15
3.940335857951999969e+03 5.797110000000000043e-15
3.945700610807999965e+03 5.925580000000000334e-15
3.951065363664000415e+03 6.182149999999999689e-15
3.956430116519999956e+03 6.264670000000000091e-15
3.961794869375999951e+03 6.182309999999999281e-15
3.967159622231999947e+03 6.488169999999999877e-15
3.972524375087999942e+03 6.810859999999999604e-15
3.977889127943999938e+03 6.741809999999999794e-15
3.983253880799999934e+03 6.758300000000000186e-15
3.988618633655999929e+03 6.434520000000000277e-15
3.993983386511999925e+03 6.272030000000000274e-15
3.999348139367999920e+03 6.179059999999999869e-15
4.004712892223999916e+03 5.805850000000000260e-15
4.010077645080000366e+03 5.588530000000000113e-15
4.015442397935999907e+03 5.305080000000000605e-15
4.020807150792000357e+03 5.006399999999999467e-15
4.026171903647999898e+03 4.862469999999999513e-15
4.031536656503999893e+03 4.640699999999999855e-15
4.036901409359999889e+03 4.436549999999999881e-15
4.042266162215999884e+03 4.306730000000000465e-15
4.047630915071999880e+03 4.307050000000000439e-15
4.052995667927999875e+03 4.507789999999999831e-15
4.058360420783999871e+03 4.279339999999999837e-15
4.063725173639999866e+03 4.250579999999999740e-15
4.069089926496000317e+03 4.202239999999999432e-15
4.074454679351999857e+03 4.326160000000000073e-15
4.079819432208000308e+03 4.285949999999999366e-15
4.085184185063999848e+03 4.256750000000000391e-15
4.090548937920000299e+03 4.212890000000000502e-15
4.095913690775999839e+03 4.302350000000000185e-15
4.101278443631999835e+03 3.142379999999999995e-15
4.106643196488000285e+03 1.825369999999999919e-15
4.112007949343999826e+03 2.573440000000000260e-15
4.117372702199999367e+03 3.091619999999999935e-15
4.122737455055999817e+03 3.455519999999999794e-15
4.128102207912000267e+03 3.536790000000000028e-15
4.133466960768000718e+03 3.685669999999999796e-15
4.138831713623999349e+03 3.491360000000000392e-15
4.144196466479999799e+03 3.073140000000000077e-15
4.149561219336000249e+03 2.978880000000000000e-15
4.154925972192000700e+03 2.855869999999999999e-15
4.160290725047999331e+03 2.759480000000000025e-15
4.165655477903999781e+03 2.897810000000000046e-15
4.171020230760000231e+03 2.901620000000000003e-15
4.176384983615999772e+03 2.884840000000000153e-15
4.181749736472000222e+03 2.874660000000000054e-15
4.187114489327999763e+03 2.963370000000000267e-15
4.192479242184000213e+03 3.045830000000000033e-15
4.197843995039999754e+03 3.256940000000000026e-15
4.203208747896000204e+03 3.406800000000000454e-15
4.208573500751999745e+03 3.508469999999999993e-15
4.213938253608000196e+03 3.691049999999999896e-15
4.219303006463999736e+03 3.724069999999999789e-15
4.224667759320000187e+03 3.681169999999999822e-15
4.230032512175999727e+03 3.515110000000000038e-15
4.235397265032000178e+03 3.375090000000000181e-15
4.240762017887999718e+03 3.303660000000000123e-15
4.246126770744000169e+03 3.077909999999999955e-15
4.251491523600000619e+03 3.079159999999999729e-15
4.256856276455999250e+03 3.148959999999999798e-15
4.262221029311999700e+03 3.062730000000000367e-15
4.267585782168000151e+03 3.089299999999999929e-15
4.272950535024000601e+03 3.032570000000000287e-15
4.278315287879999232e+03 3.127939999999999705e-15
4.283680040735999683e+03 3.166870000000000122e-15
4.289044793592000133e+03 3.187170000000000078e-15
4.294409546448000583e+03 3.077609999999999930e-15
4.299774299304000124e+03 3.186420000000000213e-15
4.305139052159999665e+03 3.202740000000000053e-15
4.310503805016000115e+03 3.147490000000000190e-15
4.315868557871999656e+03 3.157430000000000111e-15
4.321233310728000106e+03 2.925149999999999816e-15
4.326598063583999647e+03 2.921619999999999934e-15
4.331962816440000097e+03 3.022840000000000028e-15
4.337327569295999638e+03 3.071730000000000316e-15
4.342692322152000088e+03 2.905599999999999725e-15
4.348057075008000538e+03 2.817099999999999963e-15
4.353421827864000079e+03 2.924900000000000255e-15
4.358786580720000529e+03 2.830879999999999962e-15
4.364151333576000070e+03 2.912510000000000068e-15
4.369516086432000520e+03 2.897180000000000270e-15
4.374880839288000061e+03 2.858709999999999864e-15
4.380245592143999602e+03 2.704639999999999709e-15
4.385610345000000052e+03 2.722679999999999900e-15
4.390975097856000502e+03 2.755219999999999833e-15
4.396339850711999134e+03 2.772090000000000046e-15
4.401704603567999584e+03 2.764410000000000284e-15
4.407069356424000034e+03 2.760129999999999749e-15
4.412434109279999575e+03 2.798929999999999906e-15
4.417798862136000025e+03 2.834969999999999995e-15
4.423163614991999566e+03 2.831199999999999936e-15
4.428528367848000016e+03 2.851719999999999725e-15
4.433893120704000467e+03 2.995149999999999770e-15
4.439257873560000007e+03 3.154569999999999903e-15
4.444622626415999548e+03 3.239510000000000056e-15
4.449987379271999998e+03 3.496029999999999736e-15
4.455352132128000449e+03 3.775759999999999649e-15
4.460716884983999989e+03 3.928300000000000349e-15
4.466081637840000440e+03 4.133939999999999486e-15
4.471446390695999980e+03 4.469760000000000276e-15
4.476811143551999521e+03 4.791989999999999992e-15
4.482175896407999971e+03 4.927830000000000243e-15
4.487540649264000422e+03 5.187539999999999882e-15
4.492905402119999962e+03 5.393029999999999993e-15
4.498270154975999503e+03 5.542440000000000186e-15
4.503634907831999953e+03 5.619129999999999466e-15
4.508999660688000404e+03 5.978459999999999726e-15
4.514364413543999945e+03 6.247120000000000427e-15
4.519729166399999485e+03 6.415489999999999651e-15
4.525093919255999936e+03 6.635179999999999874e-15
4.530458672112000386e+03 6.850769999999999892e-15
4.535823424967999927e+03 7.020300000000000105e-15
4.541188177823999467e+03 7.077440000000000083e-15
4.546552930679999918e+03 7.246659999999999310e-15
4.551917683536000368e+03 7.375999999999999948e-15
4.557282436391999909e+03 7.482050000000000163e-15
4.562647189247999449e+03 7.799200000000000988e-15
4.568011942103999900e+03 8.207930000000000827e-15
4.573376694960000350e+03 8.496959999999999925e-15
4.578741447815999891e+03 8.576360000000000387e-15
4.584106301159999930e+03 8.814050000000000508e-15
4.589470953527999882e+03 8.637119999999999426e-15
4.594835706384000332e+03 8.361470000000000557e-15
4.600200559728000371e+03 8.269220000000000685e-15
4.605565212096000323e+03 8.027410000000000805e-15
4.610930065439999453e+03 7.670710000000000353e-15
4.616294818295999903e+03 7.412250000000000488e-15
4.621659470663999855e+03 7.250279999999999160e-15
4.627024324007999894e+03 7.112649999999998539e-15
4.632389076863999435e+03 6.951090000000000702e-15
4.637753729231999387e+03 6.848899999999998937e-15
4.643118582576000335e+03 6.798050000000000881e-15
4.648483335432000786e+03 6.891759999999999006e-15
4.653848088287999417e+03 6.897679999999999702e-15
4.659212841143999867e+03 6.745849999999999757e-15
4.664577594000000317e+03 6.472559999999999610e-15
4.669942346856000768e+03 6.323619999999999994e-15
4.675307099711999399e+03 6.081399999999998988e-15
4.680671852567999849e+03 5.854490000000000198e-15
4.686036605424000300e+03 5.740000000000000186e-15
4.691401358279999840e+03 5.561390000000000228e-15
4.696766111135999381e+03 5.355460000000000449e-15
4.702130863991999831e+03 5.311730000000000032e-15
4.707495616848000282e+03 5.012489999999999532e-15
4.712860369703999822e+03 4.838689999999999745e-15
4.718225122560000273e+03 4.835510000000000352e-15
4.723589875415999813e+03 4.857650000000000353e-15
4.728954628272000264e+03 4.883819999999999751e-15
4.734319381127999804e+03 4.957700000000000076e-15
4.739684133984000255e+03 5.062029999999999939e-15
4.745048886839999795e+03 5.136980000000000102e-15
4.750413639695999336e+03 5.180850000000000556e-15
4.755778392551999787e+03 5.359519999999999967e-15
4.761143145408000237e+03 5.474280000000000278e-15
4.766507898264000687e+03 5.608970000000000106e-15
4.771872651120000228e+03 5.629260000000000283e-15
4.777237403975999769e+03 5.490229999999999285e-15
4.782602156832000219e+03 5.330990000000000271e-15
4.787966909688000669e+03 5.476709999999999806e-15
4.793331662543999300e+03 5.502069999999999887e-15
4.798696415399999751e+03 5.478070000000000286e-15
4.804061168256000201e+03 5.591190000000000042e-15
4.809425921112000651e+03 5.724590000000000198e-15
4.814790673967999282e+03 5.892920000000000312e-15
4.820155426823999733e+03 6.004100000000000671e-15
4.825520179679999274e+03 6.009309999999999823e-15
4.830884932535999724e+03 6.053759999999999983e-15
4.836249685392000174e+03 6.086209999999999948e-15
4.841614438247999715e+03 5.966300000000000727e-15
4.846979191104000165e+03 5.848909999999999820e-15
4.852343943959999706e+03 5.935419999999999721e-15
4.857708696816000156e+03 6.173649999999999649e-15
4.863073449671999697e+03 6.003429999999999814e-15
4.868438202528000147e+03 5.919500000000000046e-15
4.873802955383999688e+03 5.654990000000000013e-15
4.879167708240000138e+03 5.355069999999999668e-15
4.884532461096000588e+03 5.157600000000000031e-15
4.889897213952000129e+03 5.023270000000000074e-15
4.895261966807999670e+03 4.978740000000000118e-15
4.900626719664000120e+03 4.924779999999999533e-15
4.905991472520000571e+03 4.693939999999999908e-15
4.911356225375999202e+03 4.766440000000000198e-15
4.916720978231999652e+03 4.777140000000000155e-15
4.922085731088000102e+03 4.761889999999999760e-15
4.927450483944000553e+03 4.870000000000000643e-15
4.932815236800000093e+03 4.899530000000000158e-15
4.938179989655999634e+03 5.025560000000000354e-15
4.943544742512000084e+03 5.106769999999999952e-15
4.948909495368000535e+03 5.133019999999999935e-15
4.954274248224000075e+03 5.174000000000000060e-15
4.959639001079999616e+03 5.182570000000000119e-15
4.965003753936000066e+03 5.114330000000000414e-15
4.970368506791999607e+03 5.001739999999999900e-15
4.975733259648000057e+03 4.974649999999999691e-15
4.981098012503999598e+03 4.882250000000000004e-15
4.986462765360000049e+03 4.848129999999999362e-15
4.991827518215999589e+03 4.600029999999999926e-15
4.997192271072000040e+03 4.440519999999999825e-15
5.002557023928000490e+03 4.368280000000000055e-15
5.007921776784000031e+03 4.186229999999999395e-15
5.013286529639999571e+03 4.051709999999999725e-15
5.018651282496000022e+03 3.889459999999999899e-15
5.024016035352000472e+03 3.939240000000000483e-15
5.029380788208000013e+03 3.789820000000000512e-15
5.034745541063999553e+03 3.734349999999999633e-15
5.040110293920000004e+03 3.748630000000000330e-15
5.045475046776000454e+03 3.886809999999999748e-15
5.050839799631999995e+03 3.894259999999999504e-15
5.056204552487999536e+03 3.830549999999999894e-15
5.061569305343999986e+03 3.933660000000000105e-15
5.066934058200000436e+03 4.067280000000000095e-15
5.072298811055999977e+03 4.244600000000000381e-15
5.077663563911999518e+03 4.280749999999999992e-15
5.083028316767999968e+03 4.260879999999999927e-15
5.088393069624000418e+03 4.319140000000000207e-15
5.093757822479999959e+03 4.294590000000000232e-15
5.099122575335999500e+03 4.411370000000000525e-15
5.104487328191999950e+03 4.530560000000000002e-15
5.109852081047999491e+03 4.501489999999999709e-15
5.115216833903999941e+03 4.709470000000000379e-15
5.120581586760000391e+03 4.708310000000000179e-15
5.125946339615999932e+03 4.722789999999999578e-15
5.131311092471999473e+03 4.769749999999999852e-15
5.136675845327999923e+03 4.828080000000000151e-15
5.142040598184000373e+03 4.844099999999999965e-15
5.147405351039999005e+03 4.895950000000000206e-15
5.152770103895999455e+03 4.943490000000000186e-15
5.158134856751999905e+03 4.924710000000000303e-15
5.163499609608000355e+03 4.890360000000000051e-15
5.168864362464000806e+03 4.948919999999999961e-15
5.174229115319999437e+03 5.013819999999999891e-15
5.179593868175999887e+03 4.935550000000000298e-15
5.184958621032000337e+03 5.070759999999999590e-15
5.190323373887999878e+03 5.266490000000000110e-15
5.195688126743999419e+03 5.408129999999999785e-15
5.201052879599999869e+03 5.255820000000000274e-15
5.206417632456000320e+03 5.229159999999999955e-15
5.211782385311999860e+03 5.429180000000000393e-15
5.217147138168000311e+03 5.550879999999999984e-15
5.222511891023999851e+03 5.629610000000000378e-15
5.227876643880000302e+03 5.646580000000000336e-15
5.233241396735999842e+03 5.808900000000000181e-15
5.238606149592000293e+03 6.006399999999999150e-15
5.243970902447999833e+03 5.992360000000000208e-15
5.249335655304000284e+03 6.162829999999999998e-15
5.254700408159999824e+03 6.154760000000000638e-15
5.260065161016000275e+03 5.990039999999999807e-15
5.265429913871999815e+03 6.122429999999999578e-15
5.270794666727999356e+03 6.237539999999999983e-15
5.276159419583999806e+03 6.439919999999999142e-15
5.281524172440000257e+03 6.474259999999999617e-15
5.286888925296000707e+03 6.479160000000000151e-15
5.292253678151999338e+03 6.503770000000000367e-15
5.297618431007999789e+03 6.381329999999999900e-15
5.302983183864000239e+03 6.303949999999999420e-15
5.308347936720000689e+03 6.271220000000000168e-15
5.313712689575999320e+03 6.181810000000000161e-15
5.319077442431999771e+03 6.076880000000000248e-15
5.324442195288000221e+03 6.013730000000000001e-15
5.329806948143999762e+03 5.885280000000000054e-15
5.335171701000000212e+03 5.859660000000000241e-15
5.340536453855999753e+03 5.879849999999999490e-15
5.345901206712000203e+03 5.721599999999999729e-15
5.351265959567999744e+03 5.673779999999999674e-15
5.356630712424000194e+03 5.661829999999999943e-15
5.361995465279999735e+03 5.602109999999999832e-15
5.367360218136000185e+03 5.692019999999999749e-15
5.372724970991999726e+03 5.864450000000000068e-15
5.378089723848000176e+03 5.819969999999999787e-15
5.383454476704000626e+03 5.841689999999999675e-15
5.388819229560000167e+03 5.852290000000000281e-15
5.394183982415999708e+03 5.852519999999999892e-15
5.399548735272000158e+03 6.010680000000000080e-15
5.404913588615999288e+03 6.104229999999999401e-15
5.410278240983999240e+03 6.122540000000000284e-15
5.415642993840000599e+03 6.220929999999999897e-15
5.421007847184000639e+03 6.129819999999999882e-15
5.426372499552000590e+03 6.079580000000000075e-15
5.431737352895999720e+03 5.990739999999999996e-15
5.437102105752000170e+03 6.007240000000000166e-15
5.442466758120000122e+03 6.045879999999999547e-15
5.447831611463999252e+03 5.814610000000000031e-15
5.453196364319999702e+03 5.753000000000000200e-15
5.458561117176000153e+03 5.822110000000000252e-15
5.463925870032000603e+03 5.632810000000000114e-15
5.469290622888000144e+03 5.618139999999999424e-15
5.474655375743999684e+03 5.699040000000000404e-15
5.480020128600000135e+03 5.629919999999999785e-15
5.485384881455999675e+03 5.527000000000000077e-15
5.490749634312000126e+03 5.313399999999999131e-15
5.496114387167999666e+03 5.141139999999999759e-15
5.501479140024000117e+03 5.047460000000000178e-15
5.506843892879999657e+03 4.939380000000000204e-15
5.512208645736000108e+03 4.713009999999999644e-15
5.517573398592000558e+03 4.575619999999999989e-15
5.522938151448000099e+03 4.697409999999999943e-15
5.528302904303999640e+03 4.753430000000000407e-15
5.533667657160000090e+03 4.683879999999999898e-15
5.539032410016000540e+03 4.651249999999999997e-15
5.544397162871999171e+03 4.646509999999999845e-15
5.549761915727999622e+03 4.844050000000000290e-15
5.555126668584000072e+03 4.984190000000000236e-15
5.560491421440000522e+03 4.992479999999999430e-15
5.565856174295999153e+03 5.008129999999999596e-15
5.571220927151999604e+03 5.019860000000000281e-15
5.576585680008000054e+03 5.342860000000000205e-15
5.581950432864000504e+03 5.473559999999999745e-15
5.587315185720000045e+03 5.300180000000000072e-15
5.592679938575999586e+03 5.447089999999999929e-15
5.598044691432000036e+03 5.560990000000000458e-15
5.603409444288000486e+03 5.700619999999999928e-15
5.608774197144000027e+03 5.864190000000000336e-15
5.614138949999999568e+03 5.813739999999999684e-15
5.619503702856000018e+03 5.969169999999999924e-15
5.624868455711999559e+03 5.914110000000000169e-15
5.630233208568000009e+03 5.772370000000000355e-15
5.635597961424000459e+03 5.872069999999999983e-15
5.640962714280000000e+03 5.967990000000000169e-15
5.646327467135999541e+03 5.937939999999999612e-15
5.651692219991999991e+03 5.771029999999999430e-15
5.657056972848000441e+03 5.808620000000000106e-15
5.662421725703999982e+03 5.767300000000000452e-15
5.667786478559999523e+03 5.518170000000000287e-15
5.673151231415999973e+03 5.359429999999999605e-15
5.678515984272000424e+03 5.224300000000000109e-15
5.683880737128000874e+03 5.136719999999999581e-15
5.689245489983999505e+03 5.129330000000000066e-15
5.694610242839999955e+03 5.253849999999999968e-15
5.699974995696000406e+03 5.123410000000000159e-15
5.705339748551999946e+03 4.857690000000000251e-15
5.710704501407999487e+03 4.768829999999999829e-15
5.716069254263999937e+03 4.908049999999999752e-15
5.721434007120000388e+03 5.044010000000000486e-15
5.726798759975999928e+03 4.922310000000000106e-15
5.732163512831999469e+03 4.914340000000000097e-15
5.737528265687999919e+03 4.993449999999999917e-15
5.742893018544000370e+03 5.029540000000000076e-15
5.748257771399999910e+03 5.009030000000000064e-15
5.753622524256000361e+03 4.957020000000000230e-15
5.758987277111999902e+03 4.823050000000000146e-15
5.764352029967999442e+03 4.591729999999999377e-15
5.769716782823999893e+03 4.616170000000000224e-15
5.775081535680000343e+03 4.485759999999999748e-15
5.780446288535999884e+03 4.276250000000000017e-15
5.785811041391999424e+03 4.029160000000000177e-15
5.791175794247999875e+03 3.837310000000000028e-15
5.796540547104000325e+03 3.590910000000000599e-15
5.801905299960000775e+03 3.477890000000000195e-15
5.807270052815999406e+03 3.416910000000000139e-15
5.812634805671999857e+03 3.313770000000000202e-15
5.817999558528000307e+03 3.446530000000000016e-15
5.823364311384000757e+03 3.527010000000000094e-15
5.828729064240000298e+03 3.482549999999999762e-15
5.834093817095999839e+03 3.625680000000000176e-15
5.839458569952000289e+03 3.725519999999999842e-15
5.844823322807999830e+03 3.746820000000000405e-15
5.850188075663999371e+03 3.909869999999999771e-15
5.855552828519999821e+03 4.118169999999999626e-15
5.860917581376000271e+03 4.147900000000000209e-15
5.866282334231999812e+03 4.204679999999999527e-15
5.871647087088000262e+03 4.398039999999999971e-15
5.877011839943999803e+03 4.462769999999999743e-15
5.882376592800000253e+03 4.546779999999999307e-15
5.887741345655999794e+03 4.699020000000000377e-15
5.893106098512000244e+03 4.776489999999999642e-15
5.898470851367999785e+03 4.884709999999999653e-15
5.903835604223999326e+03 5.002150000000000236e-15
5.909200357079999776e+03 5.133690000000000003e-15
5.914565109936000226e+03 5.317259999999999947e-15
5.919929862792000677e+03 5.324899999999999416e-15
5.925294615647999308e+03 5.345399999999999651e-15
5.930659368503999758e+03 5.450989999999999854e-15
5.936024121359999299e+03 5.698940000000000264e-15
5.941388874216000659e+03 5.540590000000000363e-15
5.946753627071999290e+03 5.537910000000000091e-15
5.952118379927999740e+03 5.527929999999999877e-15
5.957483132784000190e+03 5.501039999999999947e-15
5.962847885640000641e+03 5.399339999999999892e-15
5.968212638496000181e+03 5.245499999999999743e-15
5.973577391351999722e+03 5.339750000000000042e-15
5.978942144208000173e+03 5.411109999999999687e-15
5.984306897063999713e+03 5.592269999999999657e-15
5.989671649920000164e+03 5.522820000000000076e-15
5.995036402775999704e+03 5.245259999999999566e-15
6.000401155632000155e+03 5.374309999999999562e-15
6.005765908487999695e+03 5.355729999999999959e-15
6.011130661344000146e+03 5.370990000000000132e-15
6.016495414199999686e+03 5.290659999999999870e-15
6.021860167056000137e+03 5.345590000000000153e-15
6.027224919911999677e+03 5.314050000000000433e-15
6.032589672768000128e+03 5.335810000000000219e-15
6.037954425624000578e+03 5.496159999999999758e-15
6.043319178479999209e+03 5.332009999999999644e-15
6.048683931335999659e+03 5.292199999999999496e-15
6.054048684192000110e+03 5.263009999999999509e-15
6.059413437048000560e+03 5.063000000000000426e-15
6.064778189903999191e+03 5.066369999999999532e-15
6.070142942759999642e+03 4.852230000000000356e-15
6.075507695616000092e+03 4.777119999999999812e-15
6.080872448472000542e+03 4.794929999999999997e-15
6.086237201328000083e+03 4.914009999999999557e-15
6.091601954183999624e+03 4.741140000000000359e-15
6.096966707040000074e+03 4.594210000000000159e-15
6.102331459896000524e+03 4.714529999999999716e-15
6.107696212752000065e+03 4.522679999999999566e-15
6.113060965607999606e+03 4.296260000000000120e-15
6.118425718464000056e+03 4.073669999999999790e-15
6.123790471319999597e+03 3.703080000000000211e-15
6.129155224176000047e+03 3.379079999999999680e-15
6.134519977031999588e+03 3.024769999999999648e-15
6.139884729888000038e+03 2.825750000000000212e-15
6.145249482743999579e+03 2.703430000000000228e-15
6.150614235600000029e+03 2.548999999999999807e-15
6.155978988456000479e+03 2.363520000000000193e-15
6.161343741312000020e+03 2.323819999999999962e-15
6.166708494167999561e+03 2.293029999999999712e-15
6.172073247024000011e+03 2.191969999999999999e-15
6.177437999880000461e+03 2.083500000000000033e-15
6.182802752736000002e+03 2.052230000000000217e-15
6.188167505591999543e+03 2.141030000000000004e-15
6.193532258447999993e+03 2.074309999999999976e-15
6.198897011304000443e+03 2.173920000000000031e-15
6.204261764159999984e+03 2.209750000000000063e-15
6.209626517015999525e+03 2.316660000000000059e-15
6.214991269871999975e+03 2.391199999999999886e-15
6.220356022728000426e+03 2.626640000000000020e-15
6.225720876071999555e+03 2.767139999999999837e-15
6.231085628928000006e+03 2.779520000000000248e-15
6.236450281295999957e+03 2.793959999999999749e-15
6.241815134640000906e+03 3.005829999999999778e-15
6.247179887495999537e+03 3.087440000000000329e-15
6.252544539864000399e+03 3.292320000000000218e-15
6.257909393208000438e+03 3.295550000000000076e-15
6.263274146063999979e+03 3.322209999999999606e-15
6.268638898920000429e+03 3.397809999999999887e-15
6.274003651775999970e+03 3.469100000000000302e-15
6.279368404631999510e+03 3.513499999999999604e-15
6.284733157487999961e+03 3.732279999999999976e-15
6.290097910344000411e+03 3.838989999999999692e-15
6.295462663199999952e+03 3.891060000000000556e-15
6.300827416055999493e+03 4.141740000000000125e-15
6.306192168911999943e+03 4.298899999999999705e-15
6.311556921768000393e+03 4.342849999999999956e-15
6.316921674623999934e+03 4.394289999999999861e-15
6.322286427479999475e+03 4.518510000000000132e-15
6.327651180335999925e+03 4.475299999999999968e-15
6.333015933192000375e+03 4.474699999999999919e-15
6.338380686047999916e+03 4.671710000000000333e-15
6.343745438903999457e+03 4.760499999999999948e-15
6.349110191759998997e+03 4.650360000000000095e-15
6.354474944616000357e+03 4.797559999999999805e-15
6.359839697471999898e+03 4.912079999999999938e-15
6.365204450327999439e+03 4.999909999999999632e-15
6.370569203183999889e+03 5.032950000000000658e-15
6.375933956040000339e+03 5.175540000000000476e-15
6.381298708895999880e+03 5.102909999999999925e-15
6.386663461752000330e+03 5.176020000000000042e-15
6.392028214607999871e+03 5.232130000000000080e-15
6.397392967464000321e+03 5.126640000000000017e-15
6.402757720320000772e+03 5.186150000000000071e-15
6.408122473176000312e+03 5.232899999999999499e-15
6.413487226031999853e+03 5.205639999999999920e-15
6.418851978887999394e+03 5.191259999999999872e-15
6.424216731743999844e+03 5.148380000000000248e-15
6.429581484600000294e+03 5.167720000000000282e-15
6.434946237455999835e+03 5.013950000000000152e-15
6.440310990311999376e+03 5.096609999999999803e-15
6.445675743167999826e+03 5.141010000000000288e-15
6.451040496024000277e+03 5.060960000000000101e-15
6.456405248879999817e+03 5.021719999999999882e-15
6.461770001735999358e+03 4.984499999999999644e-15
6.467134754591999808e+03 4.875999999999999557e-15
6.472499507448000259e+03 4.918229999999999456e-15
6.477864260304000709e+03 5.082739999999999441e-15
6.483229013159999340e+03 5.058130000000000014e-15
6.488593766015999790e+03 4.961999999999999771e-15
6.493958518872000241e+03 4.876809999999999663e-15
6.499323271727999781e+03 4.785430000000000138e-15
6.504688024584000232e+03 4.624810000000000301e-15
6.510052777439999772e+03 4.736659999999999939e-15
6.515417530296000223e+03 4.864269999999999660e-15
6.520782283151999764e+03 4.747429999999999915e-15
6.526147036008000214e+03 4.711229999999999840e-15
6.531511788863999755e+03 4.549419999999999681e-15
6.536876541720000205e+03 4.639949999999999991e-15
6.542241294575999746e+03 4.513009999999999549e-15
6.547606047432000196e+03 4.630689999999999521e-15
6.552970800288000646e+03 4.670109999999999676e-15
6.558335553143999277e+03 4.715119999999999988e-15
6.563700305999999728e+03 4.586819999999999855e-15
6.569065058856000178e+03 4.566579999999999353e-15
6.574429811712000628e+03 4.437910000000000360e-15
6.579794564567999259e+03 4.402129999999999609e-15
6.585159317423999710e+03 4.407770000000000230e-15
6.590524070280000160e+03 4.520899999999999762e-15
6.595888823136000610e+03 4.390389999999999935e-15
6.601253575991999242e+03 4.340939999999999891e-15
6.606618328847999692e+03 4.383669999999999700e-15
6.611983081704000142e+03 4.245750000000000015e-15
6.617347834559999683e+03 4.198819999999999861e-15
6.622712587416000133e+03 4.060129999999999969e-15
6.628077340271999674e+03 4.143460000000000477e-15
6.633442093128000124e+03 4.192130000000000536e-15
6.638806845983999665e+03 4.106530000000000091e-15
6.644171598840000115e+03 4.091120000000000103e-15
6.649536351695999656e+03 4.041600000000000040e-15
6.654901104552000106e+03 4.001990000000000172e-15
6.660265857407999647e+03 4.013229999999999936e-15
6.665630610264000097e+03 4.034360000000000341e-15
6.670995363120000547e+03 4.057220000000000085e-15
6.676360115976000088e+03 4.108589999999999971e-15
6.681724868831999629e+03 4.064209999999999830e-15
6.687089621688000079e+03 3.970430000000000108e-15
6.692454374544000530e+03 3.956519999999999849e-15
6.697819127399999161e+03 3.844210000000000199e-15
6.703183880255999611e+03 3.869069999999999582e-15
6.708548633112000061e+03 3.783440000000000594e-15
6.713913385968000512e+03 3.669740000000000344e-15
6.719278138824000052e+03 3.617329999999999952e-15
6.724642891679999593e+03 3.707480000000000046e-15
6.730007644536000043e+03 3.859239999999999972e-15
6.735372397392000494e+03 3.687879999999999491e-15
6.740737150248000034e+03 3.530180000000000104e-15
6.746101903103999575e+03 3.518930000000000167e-15
6.751466655960000026e+03 3.525610000000000505e-15
6.756831408816000476e+03 3.489479999999999659e-15
6.762196161672000017e+03 3.487339999999999589e-15
6.767560914527999557e+03 3.574810000000000200e-15
6.772925667384000008e+03 3.657410000000000398e-15
6.778290420240000458e+03 3.519629999999999962e-15
6.783655173095999999e+03 3.463369999999999714e-15
6.789019925952000449e+03 3.401039999999999745e-15
6.794384678807999990e+03 3.424800000000000352e-15
6.799749431663999530e+03 3.440630000000000059e-15
6.805114184519999981e+03 3.471050000000000265e-15
6.810478937376000431e+03 3.498300000000000461e-15
6.815843690231999972e+03 3.476400000000000243e-15
6.821208443087999512e+03 3.318659999999999775e-15
6.826573195943999963e+03 3.350260000000000130e-15
6.831937948800000413e+03 3.201839999999999979e-15
6.837302701655999954e+03 3.100209999999999943e-15
6.842667454511999495e+03 3.122849999999999853e-15
6.848032207367999945e+03 3.083189999999999914e-15
6.853396960224000395e+03 3.119070000000000016e-15
6.858761713079999936e+03 3.149199999999999581e-15
6.864126465935999477e+03 2.917010000000000042e-15
6.869491218791999927e+03 2.808449999999999714e-15
6.874855971648000377e+03 2.926709999999999786e-15
6.880220724503999918e+03 3.070670000000000255e-15
6.885585477359999459e+03 3.108569999999999944e-15
6.890950230215999909e+03 3.082090000000000350e-15
6.896314983072000359e+03 3.207150000000000059e-15
6.901679735927999900e+03 3.224459999999999940e-15
6.907044488784000350e+03 3.104339999999999874e-15
6.912409241639999891e+03 3.135360000000000129e-15
6.917773994495999432e+03 3.271350000000000195e-15
6.923138747351999882e+03 3.303439999999999894e-15
6.928503500208000332e+03 3.209660000000000173e-15
6.933868253063999873e+03 3.203450000000000019e-15
6.939233005920000323e+03 3.203399999999999949e-15
6.944597758775999864e+03 3.154140000000000012e-15
6.949962511632000314e+03 3.210459999999999713e-15
6.955327264488000765e+03 3.167760000000000025e-15
6.960692017343999396e+03 3.194010000000000007e-15
6.966056770199999846e+03 3.240789999999999951e-15
6.971421523056000296e+03 3.122360000000000115e-15
6.976786275912000747e+03 3.093749999999999834e-15
6.982151028767999378e+03 3.050910000000000108e-15
6.987515781623999828e+03 2.992289999999999956e-15
6.992880534479999369e+03 3.007570000000000078e-15
6.998245287335999819e+03 3.026709999999999833e-15
7.003610040192000270e+03 3.010850000000000005e-15
7.008974793047999810e+03 2.969380000000000142e-15
7.014339545904000261e+03 3.066829999999999783e-15
7.019704399248000300e+03 3.082159999999999975e-15
7.025069051616000252e+03 3.069939999999999946e-15
7.030433804471999792e+03 3.031779999999999736e-15
7.035798657815999832e+03 2.971120000000000048e-15
7.041163310183999783e+03 2.981510000000000203e-15
7.046528063040001143e+03 3.042679999999999972e-15
7.051892916384000273e+03 3.067160000000000323e-15
7.057257568751999315e+03 3.051129999999999942e-15
7.062622422096000264e+03 2.991119999999999978e-15
7.067987174951999805e+03 2.971239999999999742e-15
7.073351827320000666e+03 3.031219999999999979e-15
7.078716680663999796e+03 3.090490000000000250e-15
7.084081433520000246e+03 2.950809999999999921e-15
7.089446186376000696e+03 2.937920000000000218e-15
7.094810939231999328e+03 3.054520000000000180e-15
7.100175692087999778e+03 2.961739999999999884e-15
7.105540444944000228e+03 2.891710000000000203e-15
7.110905197800000678e+03 2.990499999999999980e-15
7.116269950655999310e+03 2.944859999999999893e-15
7.121634703511999760e+03 3.033010000000000349e-15
7.126999456368000210e+03 2.954720000000000018e-15
7.132364209223999751e+03 2.909180000000000071e-15
7.137728962080000201e+03 2.867000000000000241e-15
7.143093714935999742e+03 2.910610000000000175e-15
7.148458467792000192e+03 2.829629999999999794e-15
7.153823220647999733e+03 2.964909999999999894e-15
7.159187973504000183e+03 2.980279999999999984e-15
7.164552726359999724e+03 2.877460000000000021e-15
7.169917479216000174e+03 2.858429999999999788e-15
7.175282232071999715e+03 2.859880000000000236e-15
7.180646984928000165e+03 2.830660000000000128e-15
7.186011737783999706e+03 2.821989999999999930e-15
7.191376490640000156e+03 2.909769999999999948e-15
7.196741243495999697e+03 3.089099999999999650e-15
7.202105996352000147e+03 3.040810000000000200e-15
7.207470749208000598e+03 2.907839999999999935e-15
7.212835502063999229e+03 2.965060000000000103e-15
7.218200254919999679e+03 3.000599999999999888e-15
7.223565007776000130e+03 2.954599999999999929e-15
7.228929760632000580e+03 2.957929999999999926e-15
7.234294513487999211e+03 2.841359999999999691e-15
7.239659266343999661e+03 2.827949999999999735e-15
7.245024019200000112e+03 2.795570000000000183e-15
7.250388772056000562e+03 2.789379999999999978e-15
7.255753524912000103e+03 2.804220000000000038e-15
7.261118277767999643e+03 2.802179999999999713e-15
7.266483030624000094e+03 2.801080000000000148e-15
7.271847783479999634e+03 2.753750000000000225e-15
7.277212536336000085e+03 2.727889999999999841e-15
7.282577289191999625e+03 2.929280000000000141e-15
7.287942042048000076e+03 2.959629999999999934e-15
7.293306794903999617e+03 2.839220000000000015e-15
7.298671547760000067e+03 2.772020000000000027e-15
7.304036300616000517e+03 2.697779999999999831e-15
7.309401053472000058e+03 2.670639999999999946e-15
7.314765806327999599e+03 2.688269999999999800e-15
7.320130559184000049e+03 2.740149999999999768e-15
7.325495312040000499e+03 2.705499999999999885e-15
7.330860064896000040e+03 2.690810000000000035e-15
7.336224817751999581e+03 2.787820000000000008e-15
7.341589570608000031e+03 2.826669999999999840e-15
7.346954323464000481e+03 2.837580000000000248e-15
7.352319076320000022e+03 2.838760000000000003e-15
7.357683829175999563e+03 2.698940000000000031e-15
7.363048582032000013e+03 2.665530000000000145e-15
7.368413334888000463e+03 2.574990000000000058e-15
7.373778087744000004e+03 2.646359999999999875e-15
7.379142840599999545e+03 2.806150000000000051e-15
7.384507593455999995e+03 2.698989999999999706e-15
7.389872346312000445e+03 2.613780000000000043e-15
7.395237099167999986e+03 2.673369999999999893e-15
7.400601852023999527e+03 2.642980000000000202e-15
7.405966604879999977e+03 2.633319999999999962e-15
7.411331357736000427e+03 2.649620000000000247e-15
7.416696110591999968e+03 2.576579999999999754e-15
7.422060863448000418e+03 2.651509999999999968e-15
7.427425616303999959e+03 2.452179999999999942e-15
7.432790369159999500e+03 2.337689999999999929e-15
7.438155122015999950e+03 2.340070000000000177e-15
7.443519874872000401e+03 2.231520000000000020e-15
7.448884627727999941e+03 2.203039999999999999e-15
7.454249380583999482e+03 2.131519999999999973e-15
7.459614133440000842e+03 2.391099999999999746e-15
7.464978886296000383e+03 2.324060000000000140e-15
7.470343639151999923e+03 2.304280000000000043e-15
7.475708392007999464e+03 2.119729999999999835e-15
7.481073144863999914e+03 2.025700000000000159e-15
7.486437897720000365e+03 2.031020000000000017e-15
7.491802650575999905e+03 1.957329999999999799e-15
7.497167403431999446e+03 1.668840000000000115e-15
7.502532156287999896e+03 1.503190000000000076e-15
7.507896909144000347e+03 1.523429999999999986e-15
7.513261661999999887e+03 1.412819999999999950e-15
7.518626414855999428e+03 1.368820000000000024e-15
7.523991167711999879e+03 1.358130000000000042e-15
7.529355920568000329e+03 1.258999999999999948e-15
7.534720673423999870e+03 1.201680000000000034e-15
7.540085426280000320e+03 1.228339999999999958e-15
7.545450179135999861e+03 1.156649999999999971e-15
7.550814931992000311e+03 1.113150000000000151e-15
7.556179684847999852e+03 1.204639999999999987e-15
7.561544437704000302e+03 1.254679999999999909e-15
7.566909190559998933e+03 1.257439999999999977e-15
7.572273943415999383e+03 1.307499999999999848e-15
7.577638696271999834e+03 1.355099999999999872e-15
7.583003449128000284e+03 1.376849999999999881e-15
7.588368201984000734e+03 1.520879999999999975e-15
7.593732954839999366e+03 1.468450000000000028e-15
7.599097707695999816e+03 1.353190000000000005e-15
7.604462460552000266e+03 1.323210000000000058e-15
7.609827213408000716e+03 1.513920000000000153e-15
7.615191966263999348e+03 1.591789999999999977e-15
7.620556719119999798e+03 1.648689999999999778e-15
7.625921471976000248e+03 1.511589999999999976e-15
7.631286224831999789e+03 1.620690000000000111e-15
7.636650977687999330e+03 1.606909999999999915e-15
7.642015730543999780e+03 1.608739999999999789e-15
7.647380483400000230e+03 1.529479999999999957e-15
7.652745236255999771e+03 1.541039999999999892e-15
7.658109989112000221e+03 1.622350000000000221e-15
7.663474741967999762e+03 1.656980000000000155e-15
7.668839494824000212e+03 1.794129999999999830e-15
7.674204247679999753e+03 1.918120000000000095e-15
7.679569000536000203e+03 2.013899999999999849e-15
7.684933753391999744e+03 2.103630000000000224e-15
7.690298506248000194e+03 2.087249999999999749e-15
7.695663259103999735e+03 2.195629999999999747e-15
7.701028011960000185e+03 2.272240000000000020e-15
7.706392764816000636e+03 2.176429999999999750e-15
7.711757517671999267e+03 2.272250000000000191e-15
7.717122270527999717e+03 2.460000000000000136e-15
7.722487023384000167e+03 2.475230000000000188e-15
7.727851776240000618e+03 2.465950000000000164e-15
7.733216529095999249e+03 2.724759999999999729e-15
7.738581281951999699e+03 2.756900000000000286e-15
7.743946034808000149e+03 2.759289999999999917e-15
7.749310787664000600e+03 2.774690000000000128e-15
7.754675540520000141e+03 2.786430000000000196e-15
7.760040293375999681e+03 2.888530000000000021e-15
7.765405046232000132e+03 2.913099999999999945e-15
7.770769799087999672e+03 2.894279999999999770e-15
7.776134551944000123e+03 2.933419999999999849e-15
7.781499304799999663e+03 3.038449999999999901e-15
7.786864057656000114e+03 3.139800000000000257e-15
7.792228810511999654e+03 3.084740000000000107e-15
7.797593563368000105e+03 3.179439999999999851e-15
7.802958316223999645e+03 3.022950000000000340e-15
7.808323069080000096e+03 2.866420000000000141e-15
7.813687821935999636e+03 2.969229999999999932e-15
7.819052574792000087e+03 3.062750000000000316e-15
7.824417327648000537e+03 3.072419999999999939e-15
7.829782080504000078e+03 3.131210000000000249e-15
7.835146833359999619e+03 3.270020000000000231e-15
7.840511686704000567e+03 3.224420000000000042e-15
7.845876339072000519e+03 3.083119999999999896e-15
7.851241091927999150e+03 3.216949999999999942e-15
7.856605945272000099e+03 3.236529999999999760e-15
7.861970597640000051e+03 3.118090000000000146e-15
7.867335350496000501e+03 3.136670000000000145e-15
7.872700203840000540e+03 3.192879999999999928e-15
7.878064956696000081e+03 3.024399999999999999e-15
7.883429709552000531e+03 3.067909999999999792e-15
7.888794462408000072e+03 3.083020000000000150e-15
7.894159215263999613e+03 3.050349999999999957e-15
7.899523968120000063e+03 3.073900000000000113e-15
7.904888720976000513e+03 2.991319999999999863e-15
7.910253473832000054e+03 2.912799999999999921e-15
7.915618226687999595e+03 2.826599999999999822e-15
7.920982979544000045e+03 2.903950000000000181e-15
7.926347732399999586e+03 3.045289999999999831e-15
7.931712485256000036e+03 2.874399999999999928e-15
7.937077238111999577e+03 2.856720000000000003e-15
7.942441990968000027e+03 2.894259999999999820e-15
7.947806743823999568e+03 2.691640000000000090e-15
7.953171496680000018e+03 2.779220000000000223e-15
7.958536249536000469e+03 2.820240000000000247e-15
7.963901002392000009e+03 2.672550000000000010e-15
7.969265755247999550e+03 2.596939999999999951e-15
7.974630508104000000e+03 2.550850000000000025e-15
7.979995260959999541e+03 2.341880000000000102e-15
7.985360013815999991e+03 2.389389999999999961e-15
7.990724766671999532e+03 2.387999999999999755e-15
7.996089519527999983e+03 2.335969999999999972e-15
8.001454272384000433e+03 2.242490000000000276e-15
8.006819025239999974e+03 2.437370000000000003e-15
8.012183778095999514e+03 2.385900000000000372e-15
8.017548530951999965e+03 2.396209999999999941e-15
8.022913283808000415e+03 2.242909999999999995e-15
8.028278036663999956e+03 2.315569999999999878e-15
8.033642789519999496e+03 2.481089999999999853e-15
8.039007542375999947e+03 2.300349999999999997e-15
8.044372295232000397e+03 2.193970000000000032e-15
8.049737048087999938e+03 2.241829999999999985e-15
8.055101800944000388e+03 2.389410000000000304e-15
8.060466553799999929e+03 2.183929999999999971e-15
8.065831306655999470e+03 2.139020000000000194e-15
8.071196059511999920e+03 2.296540000000000040e-15
8.076560812368000370e+03 2.299199999999999574e-15
8.081925565223999911e+03 2.191610000000000127e-15
8.087290318079999452e+03 2.093579999999999992e-15
8.092655070935999902e+03 2.112000000000000003e-15
8.098019823792000352e+03 2.263349999999999987e-15
8.103384576647999893e+03 2.086970000000000068e-15
8.108749329503999434e+03 2.023670000000000006e-15
8.114114082359999884e+03 2.128209999999999925e-15
8.119478835216000334e+03 2.144000000000000129e-15
8.124843588072000784e+03 2.025179999999999906e-15
8.130208340927999416e+03 1.933090000000000021e-15
8.135573093783999866e+03 1.829280000000000016e-15
8.140937846640000316e+03 1.700450000000000051e-15
8.146302599495999857e+03 1.554859999999999986e-15
8.151667352351999398e+03 1.506200000000000099e-15
8.157032105207999848e+03 1.495539999999999843e-15
8.162396858064000298e+03 1.520609999999999874e-15
8.167761610919999839e+03 1.441009999999999921e-15
8.173126363776000289e+03 1.270570000000000055e-15
8.178491116631999830e+03 1.119379999999999860e-15
8.183855869488000280e+03 1.009639999999999974e-15
8.189220622343999821e+03 9.430229999999999409e-16
8.194585375200000271e+03 9.792299999999999394e-16
8.199950128055999812e+03 8.770699999999999715e-16
8.205314880912001172e+03 8.544919999999999426e-16
8.210679633767998894e+03 7.798219999999999540e-16
8.216044386624000254e+03 7.383650000000000181e-16
8.221409139479999794e+03 6.727100000000000389e-16
8.226773892335999335e+03 6.501380000000000145e-16
8.232138645192000695e+03 6.239359999999999686e-16
8.237503398047998417e+03 6.291640000000000212e-16
8.242868150903999776e+03 6.519369999999999477e-16
8.248232903759999317e+03 6.541079999999999587e-16
8.253597656616000677e+03 6.849010000000000629e-16
8.258962409472000218e+03 6.301419999999999554e-16
8.264327162327999758e+03 6.315019999999999420e-16
8.269691915184001118e+03 6.473840000000000490e-16
8.275056668040000659e+03 6.956780000000000603e-16
8.280421420895998381e+03 7.421939999999999074e-16
8.285786173751999740e+03 6.576680000000000599e-16
8.291150926607999281e+03 6.780749999999999792e-16
8.296515679464000641e+03 7.711869999999999626e-16
8.301880432320000182e+03 8.480589999999999030e-16
8.307245185175999723e+03 8.122619999999999447e-16
8.312609938032001082e+03 8.356930000000000290e-16
8.317974690887998804e+03 8.792559999999999443e-16
8.323339443744000164e+03 9.137180000000001481e-16
8.328704196599999705e+03 8.748189999999999670e-16
8.334068949455999245e+03 9.166210000000001087e-16
8.339433702312000605e+03 9.117180000000001156e-16
8.344798455168000146e+03 8.766090000000000415e-16
8.350163208024001506e+03 7.249089999999999628e-16
8.355527960879999227e+03 8.652489999999999910e-16
8.360892713735998768e+03 7.993389999999999712e-16
8.366257466592000128e+03 8.488820000000000349e-16
8.371622219447999669e+03 7.854260000000000545e-16
8.376986972303999210e+03 8.155040000000000080e-16
8.382351725160000569e+03 7.918460000000000681e-16
8.387716478016000110e+03 8.246679999999999140e-16
8.393081230872001470e+03 8.669410000000000587e-16
8.398445983727999192e+03 9.460319999999999470e-16
8.403810736583998732e+03 9.029869999999998560e-16
8.409175489440000092e+03 9.437300000000000528e-16
8.414540242295999633e+03 1.019229999999999998e-15
8.419904995152000993e+03 1.041290000000000005e-15
8.425269748008000533e+03 1.117259999999999936e-15
8.430634500864000074e+03 1.101559999999999898e-15
8.435999253719999615e+03 1.060469999999999855e-15
8.441364006575999156e+03 1.116590000000000065e-15
8.446728759431998697e+03 1.208369999999999951e-15
8.452093512288000056e+03 1.279339999999999998e-15
8.457458265143999597e+03 1.375290000000000108e-15
8.462823018000000957e+03 1.423480000000000009e-15
8.468187770856000498e+03 1.426509999999999981e-15
8.473552523712000038e+03 1.403919999999999944e-15
8.478917276567999579e+03 1.445919999999999837e-15
8.484282029423999120e+03 1.596950000000000045e-15
8.489646782280000480e+03 1.844699999999999782e-15
8.495011535136000020e+03 1.776679999999999911e-15
8.500376287991999561e+03 1.780200000000000015e-15
8.505741040848000921e+03 1.791700000000000301e-15
8.511105793704000462e+03 1.862939999999999857e-15
8.516470546560000003e+03 1.995019999999999826e-15
8.521835299415999543e+03 2.065940000000000197e-15
8.527200052271999084e+03 2.102570000000000164e-15
8.532564805128000444e+03 2.216689999999999738e-15
8.537929557983999985e+03 2.107979999999999989e-15
8.543294310839999525e+03 2.039329999999999948e-15
8.548659063696000885e+03 2.128809999999999975e-15
8.554023816552000426e+03 2.136949999999999748e-15
8.559388569407999967e+03 2.195990000000000013e-15
8.564753322263999507e+03 2.307829999999999874e-15
8.570118075119999048e+03 2.288859999999999883e-15
8.575482827976000408e+03 2.312550000000000077e-15
8.580847580831999949e+03 2.290350000000000229e-15
8.586212333688001308e+03 2.296730000000000147e-15
8.591577086544000849e+03 2.415199999999999881e-15
8.596941839399998571e+03 2.416859999999999991e-15
8.602306592255999931e+03 2.496350000000000026e-15
8.607671345111999472e+03 2.478890000000000330e-15
8.613036097967999012e+03 2.428650000000000129e-15
8.618400850824000372e+03 2.352800000000000287e-15
8.623765603679999913e+03 2.338749999999999990e-15
8.629130356536001273e+03 2.259319999999999802e-15
8.634495109391998994e+03 2.300490000000000035e-15
8.639859862247998535e+03 2.451689999999999810e-15
8.645224615103999895e+03 2.504799999999999996e-15
8.650589367959999436e+03 2.533930000000000136e-15
8.655954120816000795e+03 2.708160000000000208e-15
8.661318873672000336e+03 2.403049999999999871e-15
8.666683727015999466e+03 2.028620000000000214e-15
8.672048379384001237e+03 2.180479999999999885e-15
8.677413232728000366e+03 2.408470000000000263e-15
8.682777985583999907e+03 2.341420000000000091e-15
8.688142637951999859e+03 2.309179999999999788e-15
8.693507491295998989e+03 2.218329999999999899e-15
8.698872244152000349e+03 2.204729999999999836e-15
8.704236997007999889e+03 2.200139999999999893e-15
8.709601749863999430e+03 2.006500000000000162e-15
8.714966502720000790e+03 2.097749999999999821e-15
8.720331255576000331e+03 2.295199999999999904e-15
8.725696008431999871e+03 2.082499999999999820e-15
8.731060761287999412e+03 2.108940000000000305e-15
8.736425514143998953e+03 2.188990000000000097e-15
8.741790267000000313e+03 1.995950000000000021e-15
8.747155019855999853e+03 2.107449999999999959e-15
8.752519772711999394e+03 2.163770000000000054e-15
8.757884525568000754e+03 1.975890000000000243e-15
8.763249278424000295e+03 2.037940000000000137e-15
8.768614031279999836e+03 2.164600000000000108e-15
8.773978784135999376e+03 1.898689999999999698e-15
8.779343536991998917e+03 1.845610000000000027e-15
8.784708289848000277e+03 1.813289999999999928e-15
8.790073042703999818e+03 1.771149999999999996e-15
8.795437795559999358e+03 1.788319999999999840e-15
8.800802548416000718e+03 1.809720000000000148e-15
8.806167301272000259e+03 1.664620000000000019e-15
8.811532054127999800e+03 1.744059999999999984e-15
8.816896806983999340e+03 1.923310000000000087e-15
8.822261559839998881e+03 2.120070000000000152e-15
8.827626312696000241e+03 1.808290000000000044e-15
8.832991065551999782e+03 1.618459999999999876e-15
8.838355818408001142e+03 1.846160000000000006e-15
8.843720571264000682e+03 1.972589999999999972e-15
8.849085324120000223e+03 1.819029999999999899e-15
8.854450076975999764e+03 1.794319999999999937e-15
8.859814829831999305e+03 1.857979999999999871e-15
8.865179582688000664e+03 1.688019999999999768e-15
8.870544335544000205e+03 1.588760000000000005e-15
8.875909088399999746e+03 1.801150000000000090e-15
8.881273841256001106e+03 1.608999999999999916e-15
8.886638594112000646e+03 1.589079999999999978e-15
8.892003346967998368e+03 1.845159999999999793e-15
8.897368099823999728e+03 1.689630000000000005e-15
8.902732852679999269e+03 1.458510000000000107e-15
8.908097605536000628e+03 1.160870000000000067e-15
8.913462358392000169e+03 1.428820000000000013e-15
8.918827111247999710e+03 1.313359999999999908e-15
8.924191864104001070e+03 1.102299999999999985e-15
8.929556616959998792e+03 1.149169999999999896e-15
8.934921369816000151e+03 1.176789999999999939e-15
8.940286122671999692e+03 1.212030000000000093e-15
8.945650875527999233e+03 1.077900000000000219e-15
8.951015628384000593e+03 1.059999999999999869e-15
8.956380381240000133e+03 1.206049999999999945e-15
8.961745134095999674e+03 9.925320000000000124e-16
8.967109886952001034e+03 9.541430000000000112e-16
8.972474639807998756e+03 9.577510000000000493e-16
8.977839392664000115e+03 9.110039999999998835e-16
8.983204145519999656e+03 9.020169999999999605e-16
8.988568898375999197e+03 1.004720000000000083e-15
8.993933651232000557e+03 9.405209999999999646e-16
8.999298404088000098e+03 1.147470000000000086e-15
9.004663156944001457e+03 1.088630000000000100e-15
9.010027909799999179e+03 1.087250000000000066e-15
9.015392662655998720e+03 1.051559999999999874e-15
9.020757415512000080e+03 1.144339999999999974e-15
9.026122168367999620e+03 1.157109999999999982e-15
9.031486921223999161e+03 1.105310000000000008e-15
9.036851674080000521e+03 1.162160000000000133e-15
9.042216426936000062e+03 1.301930000000000036e-15
9.047581179792001421e+03 1.213219999999999823e-15
9.052945932647999143e+03 1.190200000000000092e-15
9.058310685503998684e+03 1.170359999999999951e-15
9.063675438360000044e+03 1.261040000000000075e-15
9.069040191215999585e+03 1.103950000000000120e-15
9.074404944072000944e+03 1.240010000000000008e-15
9.079769696928000485e+03 1.526040000000000043e-15
9.085134449784000026e+03 1.384389999999999999e-15
9.090499202640001386e+03 1.305940000000000075e-15
9.095863955495999107e+03 1.331090000000000099e-15
9.101228708352000467e+03 1.376439999999999939e-15
9.106593461208000008e+03 1.490740000000000041e-15
9.111958214063999549e+03 1.375889999999999960e-15
9.117322966920000908e+03 1.421310000000000015e-15
9.122687719776000449e+03 1.435829999999999904e-15
9.128052472631999990e+03 1.313860000000000015e-15
9.133417225487999531e+03 1.380900000000000015e-15
9.138781978343999072e+03 1.409420000000000132e-15
9.144146731200000431e+03 1.268700000000000085e-15
9.149511484055999972e+03 1.230540000000000073e-15
9.154876236911999513e+03 1.388369999999999918e-15
9.160240989768000873e+03 1.459770000000000053e-15
9.165605742624000413e+03 1.487330000000000051e-15
9.170970495479999954e+03 1.332510000000000032e-15
9.176335248335999495e+03 1.241960000000000168e-15
9.181700001191999036e+03 1.289920000000000063e-15
9.187064754048000395e+03 1.366170000000000070e-15
9.192429506903999936e+03 1.460749999999999923e-15
9.197794259759999477e+03 1.367139999999999965e-15
9.203159012616000837e+03 1.341200000000000179e-15
9.208523765472000377e+03 1.403730000000000033e-15
9.213888518327999918e+03 1.324239999999999998e-15
9.219253271183999459e+03 1.322149999999999997e-15
9.224618024039999000e+03 1.330129999999999981e-15
9.229982776896000360e+03 1.308970000000000048e-15
9.235347529751999900e+03 1.279599999999999927e-15
9.240712282608001260e+03 1.163379999999999983e-15
9.246077035464000801e+03 1.230109999999999985e-15
9.251441788320000342e+03 1.525839999999999961e-15
9.256806541175999882e+03 1.591930000000000015e-15
9.262171294031999423e+03 1.513630000000000103e-15
9.267536046888000783e+03 1.283829999999999998e-15
9.272900799744000324e+03 1.299380000000000024e-15
9.278265552599999864e+03 1.412439999999999932e-15
9.283630305456001224e+03 1.247369999999999993e-15
9.288995058311998946e+03 1.265109999999999962e-15
9.294359811167998487e+03 1.219570000000000015e-15
9.299724564023999847e+03 1.011009999999999837e-15
9.305089316879999387e+03 9.540430000000000687e-16
9.310454069736000747e+03 1.203359999999999895e-15
9.315818822592000288e+03 1.295050000000000011e-15
9.321183575447999829e+03 1.105979999999999879e-15
9.326548328304001188e+03 1.110379999999999911e-15
9.331913081159998910e+03 1.028870000000000091e-15
9.337277834016000270e+03 9.425700000000000497e-16
9.342642586871999811e+03 8.621349999999999566e-16
9.348007339727999351e+03 9.939789999999998168e-16
9.353372092584000711e+03 1.114399999999999925e-15
9.358736845440000252e+03 9.761899999999999925e-16
9.364101598295999793e+03 1.038730000000000019e-15
9.369466351151999334e+03 1.047669999999999923e-15
9.374831104007998874e+03 8.130399999999999940e-16
9.380195856864000234e+03 8.559019999999999991e-16
9.385560609719999775e+03 9.272709999999999958e-16
9.390925362575999316e+03 1.136309999999999920e-15
9.396290115432000675e+03 1.295820000000000021e-15
9.401654868288000216e+03 1.205259999999999985e-15
9.407019621144001576e+03 1.187099999999999903e-15
9.412384373999999298e+03 9.895779999999999648e-16
9.417749126855998838e+03 9.374260000000000592e-16
9.423113879712000198e+03 9.912399999999999117e-16
9.428478632567999739e+03 9.766529999999998583e-16
9.433843385424001099e+03 1.145819999999999950e-15
9.439208138280000639e+03 1.085749999999999943e-15
9.444572891136000180e+03 1.004110000000000060e-15
9.449937643991999721e+03 9.225839999999999652e-16
9.455302497336000670e+03 1.081329999999999962e-15
9.460667149703998803e+03 1.308440000000000017e-15
9.466031902560000162e+03 1.352829999999999936e-15
9.471396755903999292e+03 1.280320000000000065e-15
9.476761408272001063e+03 1.459320000000000016e-15
9.482126161128000604e+03 1.313909999999999887e-15
9.487491014471999733e+03 1.253909999999999898e-15
9.492855666839999685e+03 1.376109999999999991e-15
9.498220520184000634e+03 1.445150000000000024e-15
9.503585273040000175e+03 1.571039999999999985e-15
9.508949925408000126e+03 1.451849999999999916e-15
9.514314778751999256e+03 1.455329999999999925e-15
9.519679531608000616e+03 1.458810000000000132e-15
9.525044284464000157e+03 1.462279999999999969e-15
9.530409037319999698e+03 1.465759999999999978e-15
9.535773790176001057e+03 1.469239999999999987e-15
9.541138543032000598e+03 1.472710000000000022e-15
9.546503295887998320e+03 1.476190000000000031e-15
9.551868048743999680e+03 1.479670000000000041e-15
9.557232801599999220e+03 1.483140000000000075e-15
9.562597554456000580e+03 1.486619999999999887e-15
9.567962307312000121e+03 1.490099999999999897e-15
9.573327060167999662e+03 1.493580000000000103e-15
9.578691813024001021e+03 1.497049999999999940e-15
9.584056565879998743e+03 1.500529999999999950e-15
9.589421318736000103e+03 1.504010000000000156e-15
