3.170829999999999927e+03 1.770410032835810102e-15
3.175630000000000109e+03 3.668857565978589710e-15
3.180429999999999836e+03 5.567304887363129349e-15
3.185230000000000018e+03 8.975266988224970025e-15
3.190030000000000200e+03 1.238638047516710188e-14
3.194829999999999927e+03 9.932060158850380266e-15
3.199630000000000109e+03 7.440849863614859875e-15
3.204429999999999836e+03 6.680124067971620320e-15
3.209230000000000018e+03 5.930282222184120165e-15
3.214030000000000200e+03 5.180439952880140072e-15
3.218829999999999927e+03 4.430597683576169445e-15
3.223630000000000109e+03 3.680755414272200396e-15
3.228429999999999836e+03 2.930912933209990194e-15
3.233230000000000018e+03 3.379815619541059819e-15
3.238030000000000200e+03 3.843892265847480188e-15
3.242829999999999927e+03 2.982321480361219845e-15
3.247630000000000109e+03 2.101132353025360317e-15
3.252429999999999836e+03 2.595576401040269812e-15
3.257230000000000018e+03 3.116306210749089930e-15
3.262030000000000200e+03 4.531742734840749547e-15
3.266829999999999927e+03 5.964275771939800218e-15
3.271630000000000109e+03 4.601838099357839806e-15
3.276429999999999836e+03 3.179932996406229994e-15
3.281230000000000018e+03 1.985039287824110343e-15
3.286030000000000200e+03 7.949755728654719217e-16
3.290829999999999927e+03 6.316691558820599119e-16
3.295630000000000109e+03 4.946898463882909513e-16
3.300429999999999836e+03 1.453386352985739921e-15
3.305230000000000018e+03 2.442583404283069918e-15
3.310030000000000200e+03 3.431780455580400309e-15
3.314829999999999927e+03 4.420977506877729518e-15
3.319630000000000109e+03 3.962362529015199749e-15
3.324429999999999836e+03 3.457043848506970258e-15
3.329230000000000018e+03 3.091117356721879937e-15
3.334030000000000200e+03 2.729997353395980200e-15
3.338829999999999927e+03 3.379111735161889918e-15
3.343630000000000109e+03 4.063062040949529612e-15
3.348429999999999836e+03 4.150923921535270143e-15
3.353230000000000018e+03 4.215561429256721007e-15
3.358030000000000200e+03 4.118649848662520264e-15
3.362829999999999927e+03 4.015079742069940056e-15
3.367630000000000109e+03 4.360669184549699327e-15
3.372429999999999836e+03 4.724770532091699755e-15
3.377230000000000018e+03 5.355721986369629594e-15
3.382030000000000200e+03 5.998881726516349863e-15
3.386829999999999927e+03 6.481694318099559757e-15
3.391630000000000109e+03 6.956803992060449298e-15
3.396429999999999836e+03 6.119796526769850069e-15
3.401230000000000018e+03 5.219761763390529612e-15
3.406030000000000200e+03 5.094910377514670568e-15
3.410829999999999927e+03 5.010857604092729470e-15
3.415630000000000109e+03 5.284622464293580406e-15
3.420429999999999836e+03 5.578047382716679647e-15
3.425230000000000018e+03 5.967768512297800170e-15
3.430030000000000200e+03 6.362780633183950202e-15
3.434829999999999927e+03 5.692088934119680099e-15
3.439630000000000109e+03 4.957879081373760423e-15
3.444429999999999836e+03 5.621963923449449350e-15
3.449230000000000018e+03 6.372668895810199271e-15
3.454030000000000200e+03 7.175631989368280034e-15
3.458829999999999927e+03 7.981832866367239571e-15
3.463630000000000109e+03 6.970510679212919964e-15
3.468429999999999836e+03 5.838020428953860071e-15
3.473230000000000018e+03 6.208347892174650078e-15
3.478030000000000200e+03 6.678862412396679518e-15
3.482829999999999927e+03 7.540875137323179258e-15
3.487630000000000109e+03 8.429918377662449554e-15
3.492429999999999836e+03 8.821945554442470698e-15
3.497230000000000018e+03 9.177280958013330061e-15
3.502030000000000200e+03 9.849878481208929440e-15
3.506829999999999927e+03 1.054589900649489992e-14
3.511630000000000109e+03 1.079038320825860004e-14
3.516429999999999836e+03 1.100044568511179884e-14
3.521230000000000018e+03 1.123232603662039915e-14
3.526030000000000200e+03 1.146597583995570009e-14
3.530829999999999927e+03 1.152438892606430006e-14
3.535630000000000109e+03 1.156859303448259870e-14
3.540429999999999836e+03 1.159539315693379892e-14
3.545230000000000018e+03 1.162074061788030181e-14
3.550030000000000200e+03 1.189759841888810074e-14
3.554829999999999927e+03 1.219669845805779985e-14
3.559630000000000109e+03 1.204749106330010046e-14
3.564429999999999836e+03 1.185863744441320051e-14
3.569230000000000018e+03 1.170257585904639979e-14
3.574030000000000200e+03 1.154949498262090017e-14
3.578829999999999927e+03 1.161567027865810068e-14
3.583630000000000109e+03 1.170286977947909861e-14
3.588429999999999836e+03 1.164017409478919983e-14
3.593230000000000018e+03 1.156310426098440030e-14
3.598030000000000200e+03 1.162672914081740076e-14
3.602829999999999927e+03 1.170419877417329958e-14
3.607630000000000109e+03 1.167232746546699989e-14
3.612429999999999836e+03 1.162942270558970099e-14
3.617230000000000018e+03 1.159991546583909970e-14
3.622030000000000200e+03 1.157179481902319945e-14
3.626829999999999927e+03 1.200730019698579961e-14
3.631630000000000109e+03 1.249194534435040128e-14
3.636429999999999836e+03 1.284479809435289931e-14
3.641230000000000018e+03 1.318334530490920210e-14
3.646030000000000200e+03 1.340434043601260111e-14
3.650829999999999927e+03 1.361227347203630162e-14
3.655630000000000109e+03 1.398206772801680136e-14
3.660429999999999836e+03 1.437026292774349927e-14
3.665230000000000018e+03 1.408106300966130053e-14
3.670030000000000200e+03 1.371309665078100082e-14
3.674829999999999927e+03 1.336262914555800088e-14
3.679630000000000109e+03 1.301424195325340070e-14
3.684429999999999836e+03 1.304613951998109999e-14
3.689230000000000018e+03 1.312423934584980176e-14
3.694030000000000200e+03 1.302329758249250116e-14
3.698829999999999927e+03 1.290060316601679916e-14
3.703630000000000109e+03 1.278218372482600005e-14
3.708429999999999836e+03 1.266430638472130012e-14
3.713230000000000018e+03 1.250134148083429797e-14
3.718030000000000200e+03 1.233254136697369880e-14
3.722829999999999927e+03 1.229769358449070016e-14
3.727630000000000109e+03 1.228017948424029933e-14
3.732429999999999836e+03 1.232629788711949839e-14
3.737230000000000018e+03 1.238099165155660060e-14
3.742030000000000200e+03 1.214758748777600025e-14
3.746829999999999927e+03 1.187458792184299988e-14
3.751630000000000109e+03 1.165139304617560039e-14
3.756429999999999836e+03 1.143504389078790069e-14
3.761230000000000018e+03 1.142364621544959949e-14
3.766030000000000200e+03 1.144152792799909922e-14
3.770829999999999927e+03 1.156579020246019891e-14
3.775630000000000109e+03 1.170554047436179930e-14
3.780429999999999836e+03 1.163322842462170036e-14
3.785230000000000018e+03 1.153004287098719885e-14
3.790030000000000200e+03 1.163331228088349905e-14
3.794829999999999927e+03 1.176777198499650017e-14
3.799630000000000109e+03 1.199781681610840041e-14
3.804429999999999836e+03 1.224256698621750210e-14
3.809230000000000018e+03 1.230789186117569873e-14
3.814030000000000200e+03 1.234561362644869966e-14
3.818829999999999927e+03 1.283907045756359886e-14
3.823630000000000109e+03 1.340518069269620007e-14
3.828429999999999836e+03 1.408903020156319815e-14
3.833230000000000018e+03 1.479198030339070024e-14
3.838030000000000200e+03 1.540231497573240045e-14
3.842829999999999927e+03 1.599762497765580171e-14
3.847630000000000109e+03 1.669071815707609919e-14
3.852429999999999836e+03 1.740023022314599928e-14
3.857230000000000018e+03 1.801163046293539904e-14
3.862030000000000200e+03 1.860627977915990092e-14
3.866829999999999927e+03 1.924458178535410043e-14
3.871630000000000109e+03 1.989033598741830006e-14
3.876429999999999836e+03 2.033045430681159981e-14
3.881230000000000018e+03 2.073428404067870024e-14
3.886030000000000200e+03 2.095027574816260183e-14
3.890829999999999927e+03 2.113257587313659841e-14
3.895630000000000109e+03 2.168194619613270281e-14
3.900429999999999836e+03 2.229715469605299578e-14
3.905230000000000018e+03 2.240708263194760208e-14
3.910030000000000200e+03 2.242491436955319961e-14
3.914829999999999927e+03 2.242841600375719937e-14
3.919630000000000109e+03 2.242926473077030085e-14
3.924429999999999836e+03 2.223664943856470135e-14
3.929230000000000018e+03 2.200763714061549937e-14
3.934030000000000200e+03 2.152646821646650192e-14
3.938829999999999927e+03 2.099711836421170017e-14
3.943630000000000109e+03 2.103446065872429961e-14
3.948429999999999836e+03 2.118175799418600050e-14
3.953230000000000018e+03 2.057533322592869992e-14
3.958030000000000200e+03 1.982041849982010007e-14
3.962829999999999927e+03 1.905397565529940075e-14
3.967630000000000109e+03 1.828522718709619949e-14
3.972429999999999836e+03 1.795977849403629873e-14
3.977230000000000018e+03 1.772432366349029947e-14
3.982030000000000200e+03 1.747466409041889924e-14
3.986829999999999927e+03 1.722207717148180077e-14
3.991630000000000109e+03 1.702881305203860132e-14
3.996429999999999836e+03 1.684795118900899837e-14
4.001230000000000018e+03 1.680575031351090093e-14
4.006030000000000200e+03 1.679296350413920049e-14
4.010829999999999927e+03 1.675235166245010163e-14
4.015630000000000109e+03 1.670574960375810240e-14
4.020429999999999836e+03 1.686213390867779913e-14
4.025230000000000018e+03 1.706282481300260001e-14
4.030030000000000200e+03 1.737106857283789983e-14
4.034829999999999927e+03 1.770312412288639991e-14
4.039630000000000109e+03 1.782865271160359902e-14
4.044429999999999836e+03 1.790782149305169786e-14
4.049230000000000018e+03 1.795338170121859954e-14
4.054030000000000200e+03 1.799129150780590039e-14
4.058829999999999927e+03 1.807980814485990083e-14
4.063630000000000109e+03 1.818000536625650022e-14
4.068429999999999836e+03 1.831084315748709875e-14
4.073230000000000018e+03 1.844884854151730007e-14
4.078030000000000200e+03 1.830798696238890045e-14
4.082829999999999927e+03 1.810100260326610109e-14
4.087630000000000109e+03 1.795418299438669895e-14
4.092429999999999836e+03 1.782182054385109948e-14
4.097229999999999563e+03 1.784322506642819987e-14
4.102029999999999745e+03 1.790207522153749944e-14
4.106829999999999927e+03 1.807112944528229856e-14
4.111630000000000109e+03 1.826702106092789978e-14
4.116430000000000291e+03 1.837792477877780299e-14
4.121229999999999563e+03 1.846758152217879826e-14
4.126029999999999745e+03 1.845769325955260205e-14
4.130829999999999927e+03 1.842259390828419946e-14
4.135630000000000109e+03 1.858749089432389657e-14
4.140430000000000291e+03 1.880304214467529850e-14
4.145229999999999563e+03 1.899918617613919728e-14
4.150029999999999745e+03 1.919028697343510293e-14
4.154829999999999927e+03 1.926992162300420110e-14
4.159630000000000109e+03 1.932022013347799916e-14
4.164430000000000291e+03 1.948830873966300411e-14
4.169229999999999563e+03 1.968739366951970040e-14
4.174029999999999745e+03 1.969457820297829876e-14
4.178829999999999927e+03 1.964997683610770156e-14
4.183630000000000109e+03 1.953130921426330330e-14
4.188430000000000291e+03 1.939265330892950024e-14
4.193229999999999563e+03 1.927938806322269622e-14
4.198029999999999745e+03 1.917306001735390177e-14
4.202829999999999927e+03 1.912710509183350069e-14
4.207630000000000109e+03 1.909805524987449876e-14
4.212430000000000291e+03 1.886232936878540022e-14
4.217229999999999563e+03 1.856873589080580132e-14
4.222029999999999745e+03 1.833892738188619923e-14
4.226829999999999927e+03 1.812719794419290021e-14
4.231630000000000109e+03 1.783547302089490011e-14
4.236430000000000291e+03 1.752080197505579996e-14
4.241229999999999563e+03 1.734842568809189787e-14
4.246029999999999745e+03 1.721736258609739911e-14
4.250829999999999927e+03 1.706830003397369914e-14
4.255630000000000109e+03 1.691395030219319996e-14
4.260430000000000291e+03 1.669131785640279941e-14
4.265229999999999563e+03 1.644862258822369879e-14
4.270029999999999745e+03 1.605583138772520063e-14
4.274829999999999927e+03 1.561788655487449862e-14
4.279630000000000109e+03 1.533162330002049839e-14
4.284430000000000291e+03 1.509152334079180072e-14
4.289229999999999563e+03 1.480643746173439877e-14
4.294029999999999745e+03 1.450766014211760039e-14
4.298829999999999927e+03 1.428439750381440162e-14
4.303630000000000109e+03 1.408465442935759881e-14
4.308430000000000291e+03 1.388783446560180215e-14
4.313229999999999563e+03 1.369193437962680096e-14
4.318029999999999745e+03 1.344994130176090158e-14
4.322829999999999927e+03 1.319342584401449920e-14
4.327630000000000109e+03 1.306930332998969962e-14
4.332430000000000291e+03 1.298785348881469860e-14
4.337229999999999563e+03 1.286382160731529942e-14
4.342029999999999745e+03 1.272606525097149936e-14
4.346829999999999927e+03 1.264813567872529983e-14
4.351630000000000109e+03 1.258970734602370135e-14
4.356430000000000291e+03 1.249154977996409978e-14
4.361229999999999563e+03 1.238014970080710082e-14
4.366029999999999745e+03 1.256695180589570037e-14
4.370829999999999927e+03 1.285315322734459995e-14
4.375630000000000109e+03 1.304434465716589968e-14
4.380430000000000291e+03 1.320351315938330017e-14
4.385229999999999563e+03 1.324102740158419855e-14
4.390029999999999745e+03 1.323662791245619916e-14
4.394829999999999927e+03 1.340575328696859920e-14
4.399630000000000109e+03 1.363466478799699903e-14
4.404430000000000291e+03 1.402090503568140088e-14
4.409229999999999563e+03 1.446194577395430158e-14
4.414029999999999745e+03 1.474037397404619954e-14
4.418829999999999927e+03 1.496154274690379830e-14
4.423630000000000109e+03 1.527498898310120029e-14
4.428430000000000291e+03 1.562127807479529853e-14
4.433229999999999563e+03 1.605528420444129959e-14
4.438029999999999745e+03 1.652084908763600041e-14
4.442829999999999927e+03 1.697245825599179933e-14
4.447630000000000109e+03 1.741899369699359863e-14
4.452430000000000291e+03 1.789613582651139646e-14
4.457229999999999563e+03 1.838452655356869985e-14
4.462029999999999745e+03 1.876464105897859963e-14
4.466829999999999927e+03 1.910453674598690129e-14
4.471630000000000109e+03 1.947955041898839780e-14
4.476430000000000291e+03 1.986774561871499947e-14
4.481229999999999563e+03 2.039873363268980051e-14
4.486029999999999745e+03 2.098388432144380213e-14
4.490829999999999927e+03 2.154420339231609984e-14
4.495630000000000109e+03 2.209510684494670297e-14
4.500430000000000291e+03 2.269614448365939994e-14
4.505229999999999563e+03 2.331659781158909784e-14
4.510029999999999745e+03 2.378636228413629810e-14
4.514829999999999927e+03 2.419716309915930458e-14
4.519630000000000109e+03 2.445539803378870104e-14
4.524430000000000291e+03 2.465393408629560178e-14
4.529229999999999563e+03 2.490972617790520204e-14
4.534029999999999745e+03 2.518838477095880365e-14
4.538829999999999927e+03 2.549849539140990243e-14
4.543630000000000109e+03 2.582129456541080121e-14
4.548430000000000291e+03 2.615118679331200119e-14
4.553229999999999563e+03 2.648394029850909877e-14
4.558029999999999745e+03 2.700809275659950080e-14
4.562829999999999927e+03 2.761026711352740358e-14
4.567630000000000109e+03 2.783691788361960062e-14
4.572430000000000291e+03 2.790894278919060401e-14
4.577229999999999563e+03 2.729940432781919978e-14
4.582029999999999745e+03 2.640638426779260052e-14
4.586829999999999927e+03 2.653355610042750137e-14
4.591630000000000109e+03 2.708932660437299616e-14
4.596430000000000291e+03 2.725812671823359690e-14
4.601229999999999563e+03 2.726272102493949792e-14
4.606029999999999745e+03 2.703785071810249884e-14
4.610829999999999927e+03 2.671463819202330209e-14
4.615630000000000109e+03 2.641226945271009815e-14
4.620430000000000291e+03 2.611892500241700779e-14
4.625229999999999563e+03 2.568172894669169752e-14
4.630029999999999745e+03 2.518164916496219959e-14
4.634829999999999927e+03 2.460572944126740057e-14
4.639630000000000109e+03 2.399632819923350202e-14
4.644430000000000291e+03 2.348826089681140235e-14
4.649229999999999563e+03 2.302492709839969994e-14
4.654029999999999745e+03 2.249654116963889882e-14
4.658829999999999927e+03 2.193887161782570092e-14
4.663630000000000109e+03 2.138420564484329952e-14
4.668430000000000291e+03 2.083090678303789910e-14
4.673229999999999563e+03 2.030000855455550070e-14
4.678029999999999745e+03 1.977929335616500297e-14
4.682829999999999927e+03 1.934923609411919927e-14
4.687630000000000109e+03 1.896118997219130174e-14
4.692430000000000291e+03 1.847023781750140037e-14
4.697229999999999563e+03 1.793113861602370161e-14
4.702029999999999745e+03 1.760579326098329961e-14
4.706829999999999927e+03 1.738046216822300050e-14
4.711630000000000109e+03 1.707103425632739816e-14
4.716430000000000291e+03 1.672149933437929838e-14
4.721229999999999563e+03 1.643422302812029996e-14
4.726029999999999745e+03 1.617692321786470065e-14
4.730829999999999927e+03 1.599461801069300161e-14
4.735630000000000109e+03 1.584842181806280072e-14
4.740430000000000291e+03 1.573314910427100085e-14
4.745229999999999563e+03 1.563305013869629875e-14
4.750029999999999745e+03 1.565448176632769865e-14
4.754829999999999927e+03 1.573554620751169897e-14
4.759630000000000109e+03 1.574020997091930008e-14
4.764430000000000291e+03 1.570702999630950196e-14
4.769229999999999563e+03 1.564525927159800014e-14
4.774029999999999745e+03 1.556905849359709931e-14
4.778829999999999927e+03 1.556979033006350178e-14
4.783630000000000109e+03 1.560934846276619736e-14
4.788430000000000291e+03 1.557348000558180147e-14
4.793229999999999563e+03 1.549918335764629990e-14
4.798029999999999745e+03 1.531892627614109963e-14
4.802829999999999927e+03 1.508367642756839902e-14
4.807630000000000109e+03 1.505183476501519958e-14
4.812430000000000291e+03 1.512555712461249744e-14
4.817229999999999563e+03 1.522953550108559900e-14
4.822029999999999745e+03 1.534936016993600028e-14
4.826829999999999927e+03 1.547719099420380187e-14
4.831630000000000109e+03 1.560925359507610172e-14
4.836430000000000291e+03 1.578469952944090073e-14
4.841229999999999563e+03 1.598329318018829681e-14
4.846029999999999745e+03 1.618094323623240111e-14
4.850829999999999927e+03 1.637808846063990083e-14
4.855630000000000109e+03 1.666804816727580087e-14
4.860430000000000291e+03 1.700844360372300151e-14
4.865229999999999563e+03 1.734777347272249944e-14
4.870029999999999745e+03 1.768652058305440316e-14
4.874829999999999927e+03 1.783594397121360190e-14
4.879630000000000109e+03 1.788059277192929898e-14
4.884430000000000291e+03 1.792733543809050141e-14
4.889229999999999563e+03 1.797523515125780151e-14
4.894029999999999745e+03 1.788402664349739850e-14
4.898829999999999927e+03 1.771442693053459916e-14
4.903630000000000109e+03 1.746430826560579972e-14
4.908430000000000291e+03 1.716881573975839988e-14
4.913229999999999563e+03 1.695663568053709846e-14
4.918029999999999745e+03 1.679182847998980085e-14
4.922829999999999927e+03 1.649063881053930111e-14
4.927630000000000109e+03 1.611048872974560088e-14
4.932430000000000291e+03 1.565773606691110016e-14
4.937229999999999563e+03 1.516295193516780141e-14
4.942029999999999745e+03 1.490090704634169928e-14
4.946829999999999927e+03 1.477481941587929971e-14
4.951630000000000109e+03 1.467920125459550028e-14
4.956430000000000291e+03 1.460170112805359970e-14
4.961229999999999563e+03 1.453649822583979821e-14
4.966029999999999745e+03 1.447860860609269764e-14
4.970829999999999927e+03 1.447241510118230162e-14
4.975630000000000109e+03 1.449723994280050323e-14
4.980430000000000291e+03 1.456920047386739855e-14
4.985229999999999563e+03 1.466969585086140305e-14
4.990029999999999745e+03 1.488049185824690041e-14
4.994829999999999927e+03 1.515865070186170087e-14
4.999630000000000109e+03 1.538411731989359853e-14
5.004430000000000291e+03 1.557711716505729881e-14
5.009229999999999563e+03 1.576718966435530085e-14
5.014029999999999745e+03 1.595544443094840050e-14
5.018829999999999927e+03 1.610105955897680072e-14
5.023630000000000109e+03 1.621993555092629926e-14
5.028430000000000291e+03 1.641287779784950106e-14
5.033229999999999563e+03 1.665267790741489910e-14
5.038029999999999745e+03 1.691180730883659925e-14
5.042829999999999927e+03 1.718327459216809705e-14
5.047630000000000109e+03 1.744536352670750057e-14
5.052430000000000291e+03 1.770141311633299987e-14
5.057229999999999563e+03 1.790745218668670129e-14
5.062029999999999745e+03 1.808128875845169820e-14
5.066829999999999927e+03 1.840554821725370125e-14
5.071630000000000109e+03 1.882835657133689950e-14
5.076430000000000291e+03 1.923355002824909828e-14
5.081229999999999563e+03 1.962710017026829844e-14
5.086029999999999745e+03 1.993306710554140078e-14
5.090829999999999927e+03 2.018114950326499773e-14
5.095630000000000109e+03 2.045960989060899548e-14
5.100430000000000291e+03 2.075849901857479986e-14
5.105229999999999563e+03 2.107148616291470167e-14
5.110029999999999745e+03 2.139403630922919920e-14
5.114829999999999927e+03 2.179065948678100009e-14
5.119630000000000109e+03 2.223752865876390083e-14
5.124430000000000291e+03 2.265302711851240174e-14
5.129229999999999563e+03 2.304687711019490152e-14
5.134029999999999745e+03 2.338720139587450124e-14
5.138829999999999927e+03 2.369058657472440088e-14
5.143630000000000109e+03 2.387628838401450131e-14
5.148430000000000291e+03 2.398007363697570146e-14
5.153229999999999563e+03 2.416556029989720246e-14
5.158029999999999745e+03 2.440891117157749999e-14
5.162829999999999927e+03 2.468579777170549925e-14
5.167630000000000109e+03 2.498643517567440181e-14
5.172430000000000291e+03 2.523153771148960230e-14
5.177229999999999563e+03 2.543697369438489653e-14
5.182029999999999745e+03 2.563631273412580066e-14
5.186829999999999927e+03 2.583125906100230080e-14
5.191630000000000109e+03 2.593780225323969784e-14
5.196430000000000291e+03 2.598010816082329899e-14
5.201229999999999563e+03 2.592771070270610064e-14
5.206029999999999745e+03 2.580591075302270234e-14
5.210829999999999927e+03 2.570818517376620362e-14
5.215630000000000109e+03 2.562810159673509854e-14
5.220430000000000291e+03 2.544658413020439965e-14
5.225229999999999563e+03 2.518945203247229989e-14
5.230029999999999745e+03 2.489006823726529899e-14
5.234829999999999927e+03 2.455891901247029790e-14
5.239630000000000109e+03 2.438413037567259978e-14
5.244430000000000291e+03 2.432689974755839995e-14
5.249229999999999563e+03 2.428118368532920347e-14
5.254029999999999745e+03 2.424427168355379975e-14
5.258829999999999927e+03 2.404202901486970156e-14
5.263630000000000109e+03 2.371227908850360244e-14
5.268430000000000291e+03 2.350734454911309538e-14
5.273229999999999563e+03 2.339867191604620004e-14
5.278029999999999745e+03 2.326728863559760130e-14
5.282829999999999927e+03 2.311809394633409810e-14
5.287630000000000109e+03 2.298416787297790189e-14
5.292430000000000291e+03 2.286231710131769989e-14
5.297229999999999563e+03 2.274545535371680046e-14
5.302029999999999745e+03 2.263254077965009977e-14
5.306829999999999927e+03 2.245740147121220051e-14
5.311630000000000109e+03 2.223220082152569968e-14
5.316430000000000291e+03 2.211413967527150079e-14
5.321229999999999563e+03 2.208227429579579717e-14
5.326029999999999745e+03 2.205430865600929967e-14
5.330829999999999927e+03 2.202951091944540073e-14
5.335630000000000109e+03 2.192945599958400002e-14
5.340430000000000291e+03 2.176730509435929821e-14
5.345229999999999563e+03 2.172396750064600127e-14
5.350029999999999745e+03 2.177866041805020198e-14
5.354829999999999927e+03 2.184097493791380003e-14
5.359630000000000109e+03 2.190963204048640043e-14
5.364430000000000291e+03 2.189370443294629998e-14
5.369229999999999563e+03 2.180620423542900154e-14
5.374029999999999745e+03 2.175519760541120106e-14
5.378829999999999927e+03 2.173506702038679953e-14
5.383630000000000109e+03 2.176749313567359813e-14
5.388430000000000291e+03 2.184476286925389918e-14
5.393229999999999563e+03 2.180935519799280016e-14
5.398029999999999745e+03 2.167699274745709971e-14
5.402829999999999927e+03 2.145429253903089988e-14
5.407630000000000109e+03 2.115320620759989891e-14
5.412430000000000291e+03 2.094426520236889793e-14
5.417229999999999563e+03 2.081594818118940077e-14
5.422029999999999745e+03 2.069479705874359611e-14
5.426829999999999927e+03 2.057996649615019988e-14
5.431630000000000109e+03 2.038478638818030174e-14
5.436430000000000291e+03 2.011811331133029799e-14
5.441229999999999563e+03 1.997699423418599933e-14
5.446029999999999745e+03 1.994852376276290041e-14
5.450829999999999927e+03 1.998563566431390032e-14
5.455630000000000109e+03 2.008208561195180251e-14
5.460430000000000291e+03 2.014695139505250212e-14
5.465229999999999563e+03 2.018300111728769878e-14
5.470029999999999745e+03 2.029916490974000386e-14
5.474829999999999927e+03 2.048842086927690325e-14
5.479630000000000109e+03 2.057600238195710024e-14
5.484430000000000291e+03 2.056925830563100155e-14
5.489229999999999563e+03 2.060219264068619689e-14
5.494029999999999745e+03 2.067224226542409913e-14
5.498829999999999927e+03 2.082826742837419790e-14
5.503630000000000109e+03 2.106472175779800141e-14
5.508430000000000291e+03 2.120574088505450197e-14
5.513229999999999563e+03 2.125673396254510220e-14
5.518029999999999745e+03 2.129601765657290001e-14
5.522829999999999927e+03 2.132406799965420181e-14
5.527630000000000109e+03 2.137369566003379656e-14
5.532430000000000291e+03 2.144402311157840137e-14
5.537229999999999563e+03 2.157231472176960080e-14
5.542029999999999745e+03 2.175667313680540009e-14
5.546829999999999927e+03 2.187799366584059882e-14
5.551630000000000109e+03 2.193782976730049924e-14
5.556430000000000291e+03 2.196926315997310001e-14
5.561229999999999563e+03 2.197275971197940048e-14
5.566029999999999745e+03 2.192266448941289927e-14
5.570829999999999927e+03 2.181942133753800182e-14
5.575630000000000109e+03 2.169422647980199881e-14
5.580430000000000291e+03 2.154707991620500069e-14
5.585229999999999563e+03 2.145024541560899772e-14
5.590029999999999745e+03 2.140414310635579964e-14
5.594829999999999927e+03 2.137044813571399833e-14
5.599630000000000109e+03 2.134937056785449708e-14
5.604430000000000291e+03 2.129305134719160282e-14
5.609229999999999563e+03 2.120059770099879910e-14
5.614029999999999745e+03 2.113764621235890052e-14
5.618829999999999927e+03 2.110519468608369692e-14
5.623630000000000109e+03 2.103352722841650110e-14
5.628430000000000291e+03 2.092131060949829693e-14
5.633229999999999563e+03 2.071726376063660073e-14
5.638029999999999745e+03 2.041667717864440090e-14
5.642829999999999927e+03 2.024547149121360110e-14
5.647630000000000109e+03 2.021142076673399716e-14
5.652430000000000291e+03 2.012618045311999843e-14
5.657229999999999563e+03 1.998667073857540090e-14
5.662029999999999745e+03 1.980718953924990134e-14
5.666829999999999927e+03 1.958462146796350159e-14
5.671630000000000109e+03 1.942993461707000151e-14
5.676430000000000291e+03 1.934903619434359992e-14
5.681229999999999563e+03 1.926013500433159967e-14
5.686029999999999745e+03 1.916253817408309938e-14
5.690829999999999927e+03 1.907239692783629990e-14
5.695630000000000109e+03 1.899049731216630053e-14
5.700430000000000291e+03 1.896643310613479954e-14
5.705229999999999563e+03 1.900629108850080106e-14
5.710029999999999745e+03 1.902850368050960098e-14
5.714829999999999927e+03 1.903104816748310242e-14
5.719630000000000109e+03 1.903242374898939922e-14
5.724430000000000291e+03 1.903247287690039677e-14
5.729229999999999563e+03 1.907380130846280019e-14
5.734029999999999745e+03 1.916190967563620198e-14
5.738829999999999927e+03 1.929014029945510129e-14
5.743630000000000109e+03 1.946422759297250124e-14
5.748430000000000291e+03 1.968101042922919831e-14
5.753229999999999563e+03 1.994741076147020195e-14
5.758029999999999745e+03 2.017713626116090054e-14
5.762829999999999927e+03 2.036424075701170143e-14
5.767630000000000109e+03 2.053961723467480034e-14
5.772430000000000291e+03 2.070124975573580146e-14
5.777229999999999563e+03 2.095573402847469907e-14
5.782029999999999745e+03 2.131995480766230022e-14
5.786829999999999927e+03 2.167542404243880052e-14
5.791630000000000109e+03 2.202046460756880369e-14
5.796430000000000291e+03 2.232884728080739957e-14
5.801229999999999563e+03 2.259317238232759862e-14
5.806029999999999745e+03 2.282017043592819832e-14
5.810829999999999927e+03 2.300193184794770015e-14
5.815630000000000109e+03 2.311441951740900045e-14
5.820430000000000291e+03 2.314224116159449942e-14
5.825229999999999563e+03 2.303381755621410001e-14
5.830029999999999745e+03 2.275746797497470100e-14
5.834829999999999927e+03 2.248863835224109824e-14
5.839630000000000109e+03 2.222908035214799906e-14
5.844430000000000291e+03 2.214343007458760183e-14
5.849229999999999563e+03 2.227578066666189872e-14
5.854029999999999745e+03 2.239222228592100103e-14
5.858829999999999927e+03 2.248872136146990076e-14
5.863630000000000109e+03 2.249497754681829894e-14
5.868430000000000291e+03 2.238715194669869892e-14
5.873229999999999563e+03 2.218157874446599998e-14
5.878029999999999745e+03 2.185032787571740095e-14
5.882829999999999927e+03 2.158504732103269905e-14
5.887630000000000109e+03 2.140458525755429794e-14
5.892430000000000291e+03 2.132594671873119923e-14
5.897229999999999563e+03 2.137933520539659676e-14
5.902029999999999745e+03 2.142289641580799723e-14
5.906829999999999927e+03 2.145349632806049977e-14
5.911630000000000109e+03 2.143537998738460271e-14
5.916430000000000291e+03 2.135301619765949852e-14
5.921229999999999563e+03 2.124730479177629888e-14
5.926029999999999745e+03 2.111053946398079898e-14
5.930829999999999927e+03 2.100880064262019992e-14
5.935630000000000109e+03 2.095445162059260024e-14
5.940430000000000291e+03 2.087613834242130082e-14
5.945229999999999563e+03 2.076540233709489717e-14
5.950029999999999745e+03 2.067555924644549964e-14
5.954829999999999927e+03 2.061422389666899698e-14
5.959630000000000109e+03 2.056810634082279881e-14
5.964430000000000291e+03 2.054293252163040100e-14
5.969229999999999563e+03 2.048084161846480235e-14
5.974029999999999745e+03 2.036751030418809987e-14
5.978829999999999927e+03 2.024531224901950151e-14
5.983630000000000109e+03 2.011070346710770159e-14
5.988430000000000291e+03 2.004776214286320161e-14
5.993229999999999563e+03 2.008602262109069729e-14
5.998029999999999745e+03 2.011237381607970285e-14
6.002829999999999927e+03 2.012176402333299873e-14
6.007630000000000109e+03 2.008435396618460001e-14
6.012430000000000291e+03 1.997971320994670141e-14
6.017229999999999563e+03 1.988796090703419900e-14
6.022029999999999745e+03 1.981488737467459891e-14
6.026829999999999927e+03 1.971795631232260264e-14
6.031630000000000109e+03 1.958615629166389798e-14
6.036430000000000291e+03 1.939580596555919968e-14
6.041229999999999563e+03 1.911987990079349724e-14
6.046029999999999745e+03 1.881969989461600157e-14
6.050829999999999927e+03 1.848344983741270134e-14
6.055630000000000109e+03 1.805272003120669884e-14
6.060430000000000291e+03 1.748026975446379980e-14
6.065229999999999563e+03 1.686666214681389950e-14
6.070029999999999745e+03 1.619131938983620003e-14
6.074829999999999927e+03 1.557311408734860023e-14
6.079630000000000109e+03 1.504211760304430140e-14
6.084430000000000291e+03 1.454765873195279879e-14
6.089229999999999563e+03 1.410945894218500005e-14
6.094029999999999745e+03 1.369403417430300177e-14
6.098829999999999927e+03 1.331367657043729997e-14
6.103630000000000109e+03 1.294641240187029931e-14
6.108430000000000291e+03 1.259966167721980075e-14
6.113229999999999563e+03 1.231878470487730068e-14
6.118029999999999745e+03 1.214111954419079954e-14
6.122829999999999927e+03 1.204035142258770027e-14
6.127630000000000109e+03 1.206112998781680025e-14
6.132430000000000291e+03 1.215192344943300132e-14
6.137229999999999563e+03 1.235436262976090037e-14
6.142029999999999745e+03 1.256610731404730045e-14
6.146829999999999927e+03 1.279282076457760062e-14
6.151630000000000109e+03 1.301772579976550023e-14
6.156430000000000291e+03 1.323969417172529917e-14
6.161229999999999563e+03 1.345187168984770044e-14
6.166029999999999745e+03 1.364801741537750162e-14
6.170829999999999927e+03 1.383841856345899889e-14
6.175630000000000109e+03 1.401933040143239834e-14
6.180430000000000291e+03 1.421593183068779866e-14
6.185229999999999563e+03 1.443868116702499919e-14
6.190029999999999745e+03 1.467066993875079914e-14
6.194829999999999927e+03 1.491805438132589956e-14
6.199630000000000109e+03 1.514890135263880072e-14
6.204430000000000291e+03 1.535168951054089912e-14
6.209229999999999563e+03 1.550530909992089980e-14
6.214029999999999745e+03 1.557475902533209866e-14
6.218829999999999927e+03 1.563227086838479955e-14
6.223630000000000109e+03 1.566934380642020052e-14
6.228430000000000291e+03 1.575783672655170309e-14
6.233229999999999563e+03 1.593595250876619717e-14
6.238029999999999745e+03 1.613983503323620177e-14
6.242829999999999927e+03 1.638903551445019963e-14
6.247630000000000109e+03 1.662864250050359845e-14
6.252430000000000291e+03 1.685137828431359873e-14
6.257229999999999563e+03 1.702681913648069843e-14
6.262029999999999745e+03 1.711756855238359811e-14
6.266829999999999927e+03 1.717270362098630027e-14
6.271630000000000109e+03 1.716406219085839928e-14
6.276430000000000291e+03 1.721758620279539852e-14
6.281229999999999563e+03 1.738344033606549929e-14
6.286029999999999745e+03 1.751376821346180025e-14
6.290829999999999927e+03 1.757871700579140020e-14
6.295630000000000109e+03 1.760924576727629867e-14
6.300430000000000291e+03 1.757643001683380097e-14
6.305229999999999563e+03 1.759056869078939815e-14
6.310029999999999745e+03 1.769190771259889948e-14
6.314829999999999927e+03 1.779378544736289873e-14
6.319630000000000109e+03 1.789668639792710229e-14
6.324430000000000291e+03 1.793812324970679844e-14
6.329229999999999563e+03 1.786330144134399921e-14
6.334029999999999745e+03 1.778418687000460038e-14
6.338829999999999927e+03 1.769687810193340034e-14
6.343630000000000109e+03 1.761615755612590007e-14
6.348430000000000291e+03 1.754812725793429942e-14
6.353229999999999563e+03 1.751334300292229752e-14
6.358029999999999745e+03 1.754321107870840075e-14
6.362829999999999927e+03 1.755743784409049976e-14
6.367630000000000109e+03 1.754095458293690267e-14
6.372430000000000291e+03 1.751431878487760074e-14
6.377229999999999563e+03 1.746756764838679956e-14
6.382029999999999745e+03 1.743093855561569988e-14
6.386829999999999927e+03 1.741455524434989774e-14
6.391630000000000109e+03 1.738569852590290134e-14
6.396430000000000291e+03 1.733165443573630059e-14
6.401229999999999563e+03 1.728190141448049958e-14
6.406029999999999745e+03 1.724089485543799915e-14
6.410829999999999927e+03 1.722092181854169857e-14
6.415630000000000109e+03 1.724422030678889745e-14
6.420430000000000291e+03 1.724033242556100021e-14
6.425229999999999563e+03 1.718050648849640057e-14
6.430029999999999745e+03 1.712101597647899884e-14
6.434829999999999927e+03 1.706222680774180061e-14
6.439630000000000109e+03 1.704073249967229757e-14
6.444430000000000291e+03 1.709818166228689848e-14
6.449229999999999563e+03 1.712694351304390021e-14
6.454029999999999745e+03 1.709497648961450083e-14
6.458829999999999927e+03 1.705373276134680075e-14
6.463630000000000109e+03 1.699265999178379861e-14
6.468430000000000291e+03 1.693743005549110179e-14
6.473229999999999563e+03 1.689493102439550141e-14
6.478029999999999745e+03 1.686135294430050008e-14
6.482829999999999927e+03 1.684721765847670139e-14
6.487630000000000109e+03 1.683330598935099991e-14
6.492430000000000291e+03 1.681988390526880196e-14
6.497229999999999563e+03 1.680011585034580003e-14
6.502029999999999745e+03 1.676611594784299979e-14
6.506829999999999927e+03 1.671889894323130025e-14
6.511630000000000109e+03 1.664202900920199910e-14
6.516430000000000291e+03 1.655425267894399988e-14
6.521229999999999563e+03 1.644177009168039888e-14
6.526029999999999745e+03 1.634147122633010058e-14
6.530829999999999927e+03 1.626904652120810044e-14
6.535630000000000109e+03 1.623210910844420020e-14
6.540430000000000291e+03 1.627716279090870061e-14
6.545229999999999563e+03 1.631192163493219968e-14
6.550029999999999745e+03 1.632266031863749917e-14
6.554829999999999927e+03 1.630988875585880198e-14
6.559630000000000109e+03 1.624170937986839938e-14
6.564430000000000291e+03 1.616865448223360101e-14
6.569229999999999563e+03 1.608399184508959816e-14
6.574029999999999745e+03 1.599437067707240020e-14
6.578829999999999927e+03 1.589282667328969803e-14
6.583630000000000109e+03 1.577273773015979759e-14
6.588430000000000291e+03 1.560761035115850096e-14
6.593229999999999563e+03 1.545964724780029920e-14
6.598029999999999745e+03 1.535379692851369937e-14
6.602829999999999927e+03 1.526358791963110061e-14
6.607630000000000109e+03 1.521174611512739890e-14
6.612430000000000291e+03 1.515495594414579970e-14
6.617229999999999563e+03 1.508577706927759915e-14
6.622029999999999745e+03 1.501346247843870105e-14
6.626829999999999927e+03 1.493321288294989941e-14
6.631630000000000109e+03 1.485117265981070001e-14
6.636430000000000291e+03 1.476460250446949941e-14
6.641229999999999563e+03 1.469105971585709835e-14
6.646029999999999745e+03 1.465115091151429944e-14
6.650829999999999927e+03 1.460217038430629970e-14
6.655630000000000109e+03 1.452952036842029836e-14
6.660430000000000291e+03 1.445292995526370156e-14
6.665229999999999563e+03 1.436606164432509901e-14
6.670029999999999745e+03 1.428876311162459762e-14
6.674829999999999927e+03 1.423696365876820183e-14
6.679630000000000109e+03 1.419178885059230085e-14
6.684430000000000291e+03 1.416426790310300142e-14
6.689229999999999563e+03 1.413309200844639909e-14
6.694029999999999745e+03 1.409207697907440087e-14
6.698829999999999927e+03 1.403190629960030029e-14
6.703630000000000109e+03 1.391905694707060129e-14
6.708430000000000291e+03 1.384307978576779925e-14
6.713229999999999563e+03 1.386850347967960079e-14
6.718029999999999745e+03 1.389063221542660046e-14
6.722829999999999927e+03 1.390360537204680096e-14
6.727630000000000109e+03 1.389071268355660066e-14
6.732430000000000291e+03 1.380436275678170038e-14
6.737229999999999563e+03 1.371608498301889979e-14
6.742029999999999745e+03 1.362233283531790000e-14
6.746829999999999927e+03 1.352027129440440021e-14
6.751630000000000109e+03 1.339435222349850109e-14
6.756430000000000291e+03 1.330651067170350019e-14
6.761229999999999563e+03 1.332918743776740178e-14
6.766029999999999745e+03 1.333388762359169854e-14
6.770829999999999927e+03 1.328583713855990077e-14
6.775630000000000109e+03 1.323065378907920195e-14
6.780430000000000291e+03 1.315430308624669864e-14
6.785229999999999563e+03 1.307822004582539831e-14
6.790029999999999745e+03 1.300292644011109992e-14
6.794829999999999927e+03 1.282275575596650065e-14
6.799630000000000109e+03 1.232442425024020028e-14
6.804430000000000291e+03 1.178129825413120094e-14
6.809229999999999563e+03 1.110074793859390036e-14
6.814029999999999745e+03 1.051743615836840044e-14
6.818829999999999927e+03 1.023242990040800095e-14
6.823630000000000109e+03 1.006079053210820063e-14
6.828430000000000291e+03 1.024489060209509998e-14
6.833229999999999563e+03 1.043065847995509887e-14
6.838029999999999745e+03 1.062165932736330109e-14
6.842829999999999927e+03 1.079651064459909918e-14
6.847630000000000109e+03 1.092010291599879923e-14
6.852430000000000291e+03 1.106974653272439927e-14
6.857229999999999563e+03 1.130399603538640044e-14
6.862029999999999745e+03 1.149616409419590016e-14
6.866829999999999927e+03 1.155165576366930014e-14
6.871630000000000109e+03 1.157369810205570037e-14
6.876430000000000291e+03 1.148583113927230077e-14
6.881229999999999563e+03 1.143109332912190032e-14
6.886029999999999745e+03 1.148779371461110003e-14
6.890829999999999927e+03 1.153051551537179831e-14
6.895630000000000109e+03 1.152622021129620075e-14
6.900430000000000291e+03 1.151794300533569957e-14
6.905229999999999563e+03 1.149611581331790035e-14
6.910029999999999745e+03 1.147456983623859902e-14
6.914829999999999927e+03 1.145399117078499900e-14
6.919630000000000109e+03 1.142478378069779988e-14
6.924430000000000291e+03 1.136549570955470042e-14
6.929229999999999563e+03 1.130691321685670165e-14
6.934029999999999745e+03 1.125082184805659987e-14
6.938829999999999927e+03 1.120389706981170149e-14
6.943630000000000109e+03 1.118971180904399901e-14
6.948430000000000291e+03 1.115920676448159999e-14
6.953229999999999563e+03 1.106969994591230029e-14
6.958029999999999745e+03 1.098496276986890120e-14
6.962829999999999927e+03 1.091768294286850001e-14
6.967630000000000109e+03 1.085871335611359972e-14
6.972430000000000291e+03 1.083054273435390139e-14
6.977229999999999563e+03 1.080704773446290008e-14
6.982029999999999745e+03 1.080109817504140007e-14
6.986829999999999927e+03 1.079394328773590040e-14
6.991630000000000109e+03 1.078226778559100077e-14
6.996430000000000291e+03 1.076294526999819938e-14
7.001229999999999563e+03 1.071419598278490103e-14
7.006029999999999745e+03 1.067851387284889951e-14
7.010829999999999927e+03 1.069376385403120124e-14
7.015630000000000109e+03 1.070353692017659927e-14
7.020430000000000291e+03 1.069196052088649999e-14
7.025229999999999563e+03 1.066745585772249935e-14
7.030029999999999745e+03 1.059123559796380062e-14
7.034829999999999927e+03 1.051615713861800069e-14
7.039630000000000109e+03 1.044570686729599984e-14
7.044430000000000291e+03 1.039719898447270052e-14
7.049229999999999563e+03 1.043761516155090002e-14
7.054029999999999745e+03 1.045869103534449887e-14
7.058829999999999927e+03 1.039929115585239971e-14
7.063630000000000109e+03 1.035744857529100030e-14
7.068430000000000291e+03 1.038866597456200075e-14
7.073229999999999563e+03 1.040512128362830057e-14
7.078029999999999745e+03 1.035931882403849993e-14
7.082829999999999927e+03 1.030777856326400024e-14
7.087630000000000109e+03 1.023170738130400092e-14
7.092430000000000291e+03 1.015971042782029951e-14
7.097229999999999563e+03 1.010536733502329906e-14
7.102029999999999745e+03 1.000792466477119905e-14
7.106829999999999927e+03 9.721138790588689274e-15
7.111630000000000109e+03 9.434451172228049950e-15
7.116430000000000291e+03 9.148204858032941159e-15
7.121229999999999563e+03 8.898235270902830078e-15
7.126029999999999745e+03 8.812140301045059651e-15
7.130829999999999927e+03 8.747059371575721161e-15
7.135630000000000109e+03 8.778257289088991551e-15
7.140430000000000291e+03 8.829231731854750612e-15
7.145229999999999563e+03 8.972112637529401321e-15
7.150029999999999745e+03 9.128046320921229755e-15
7.154829999999999927e+03 9.345509324634559397e-15
7.159630000000000109e+03 9.514645710575250076e-15
7.164430000000000291e+03 9.452625958177290205e-15
7.169229999999999563e+03 9.354623399147020402e-15
7.174029999999999745e+03 9.084510521498250070e-15
7.178829999999999927e+03 8.862162678778108034e-15
7.183630000000000109e+03 8.875099412981519807e-15
7.188430000000000291e+03 8.889925877690260658e-15
7.193229999999999563e+03 8.914200994925620074e-15
7.198029999999999745e+03 8.932337664392229153e-15
7.202829999999999927e+03 8.919783789080971590e-15
7.207630000000000109e+03 8.903489416274640614e-15
7.212430000000000291e+03 8.867916573588800185e-15
7.217229999999999563e+03 8.845807319599571593e-15
7.222029999999999745e+03 8.894161889459479414e-15
7.226829999999999927e+03 8.940929966609179931e-15
7.231630000000000109e+03 8.979389497579259860e-15
7.236430000000000291e+03 8.993761952628272406e-15
7.241229999999999563e+03 8.878061487198069673e-15
7.246029999999999745e+03 8.790989888352119771e-15
7.250829999999999927e+03 8.858509425676600236e-15
7.255630000000000109e+03 8.931264473648059532e-15
7.260430000000000291e+03 9.032743255893859406e-15
7.265229999999999563e+03 9.121137920203431570e-15
7.270029999999999745e+03 9.135387555475079620e-15
7.274829999999999927e+03 9.141843640599059786e-15
7.279630000000000109e+03 9.104132886754351081e-15
7.284430000000000291e+03 9.066450084996900190e-15
7.289229999999999563e+03 9.028928219499430771e-15
7.294029999999999745e+03 8.993645909114500145e-15
7.298829999999999927e+03 8.971706061714719257e-15
7.303630000000000109e+03 8.941234051437241069e-15
7.308430000000000291e+03 8.859938370258621397e-15
7.313229999999999563e+03 8.788397120500571202e-15
7.318029999999999745e+03 8.775955053538349629e-15
7.322829999999999927e+03 8.749619105142320501e-15
7.327630000000000109e+03 8.637635420284669638e-15
7.332430000000000291e+03 8.545382520900371492e-15
7.337229999999999563e+03 8.576889605439378657e-15
7.342029999999999745e+03 8.600029698525420466e-15
7.346829999999999927e+03 8.569751658792869824e-15
7.351630000000000109e+03 8.529056807874990529e-15
7.356430000000000291e+03 8.420660307548960051e-15
7.361229999999999563e+03 8.317626372811999703e-15
7.366029999999999745e+03 8.250091588894470238e-15
7.370829999999999927e+03 8.178378391448128999e-15
7.375630000000000109e+03 8.078497960373791678e-15
7.380430000000000291e+03 7.988371113687100248e-15
7.385229999999999563e+03 7.965245420161158607e-15
7.390029999999999745e+03 7.933675655184040424e-15
7.394829999999999927e+03 7.843000778180470728e-15
7.399630000000000109e+03 7.761586512389229142e-15
7.404430000000000291e+03 7.744995678051359161e-15
7.409229999999999563e+03 7.725209835436450693e-15
7.414029999999999745e+03 7.682174632485299878e-15
7.418829999999999927e+03 7.633658279332460174e-15
7.423630000000000109e+03 7.544463168887750052e-15
7.428430000000000291e+03 7.455535720854359667e-15
7.433229999999999563e+03 7.368591176950491599e-15
7.438029999999999745e+03 7.294444453846690333e-15
7.442829999999999927e+03 7.317197452875840081e-15
7.447630000000000109e+03 7.320861717405660607e-15
7.452430000000000291e+03 7.173947240836191230e-15
7.457229999999999563e+03 7.039095783985040028e-15
7.462029999999999745e+03 6.999411866889710318e-15
7.466829999999999927e+03 6.958035577965749162e-15
7.471630000000000109e+03 6.903022905623960746e-15
7.476430000000000291e+03 6.852820533389609780e-15
7.481229999999999563e+03 6.842211869241729606e-15
7.486029999999999745e+03 6.826370659062179681e-15
7.490829999999999927e+03 6.766518040459770727e-15
7.495630000000000109e+03 6.712521807654670116e-15
7.500430000000000291e+03 6.708890577409799608e-15
7.505229999999999563e+03 6.704475418172229468e-15
7.510029999999999745e+03 6.693167528326390080e-15
7.514829999999999927e+03 6.644972200660570012e-15
7.519630000000000109e+03 6.264793320746729398e-15
7.524430000000000291e+03 5.830341228254059684e-15
7.529229999999999563e+03 4.895884316447750076e-15
7.534029999999999745e+03 3.966364336174510580e-15
7.538829999999999927e+03 3.083419097780760018e-15
7.543630000000000109e+03 2.280405182245840053e-15
7.548430000000000291e+03 2.250060226910450010e-15
7.553229999999999563e+03 2.245335900647140333e-15
7.558029999999999745e+03 2.488279772996250226e-15
7.562829999999999927e+03 2.714430793649569988e-15
7.567630000000000109e+03 2.769918016200069853e-15
7.572430000000000291e+03 2.841377103762230069e-15
7.577229999999999563e+03 3.079402255786639762e-15
7.582029999999999745e+03 3.331312818915380129e-15
7.586829999999999927e+03 3.728031287673779865e-15
7.591630000000000109e+03 4.132522130756170468e-15
7.596430000000000291e+03 4.622506550303790411e-15
7.601229999999999563e+03 5.093639404577310757e-15
7.606029999999999745e+03 5.351599053498869287e-15
7.610829999999999927e+03 5.608692611231870550e-15
7.615630000000000109e+03 5.855987691831019868e-15
7.620430000000000291e+03 6.100632406338220735e-15
7.625229999999999563e+03 6.313552772355429508e-15
7.630029999999999745e+03 6.511724177178571200e-15
7.634829999999999927e+03 6.533311658872290354e-15
7.639630000000000109e+03 6.556537725802479263e-15
7.644430000000000291e+03 6.599972304788261269e-15
7.649229999999999563e+03 6.644526237813839834e-15
7.654029999999999745e+03 6.703766028078909513e-15
7.658829999999999927e+03 6.761307517284730376e-15
7.663630000000000109e+03 6.796565687230669777e-15
7.668430000000000291e+03 6.827587421890909695e-15
7.673229999999999563e+03 6.801222250858200293e-15
7.678029999999999745e+03 6.779066833573340031e-15
7.682829999999999927e+03 6.817881694864800239e-15
7.687630000000000109e+03 6.859745874766371195e-15
7.692430000000000291e+03 6.945771387922459669e-15
7.697229999999999563e+03 7.029040655868189750e-15
7.702029999999999745e+03 7.070972174889069790e-15
7.706829999999999927e+03 7.112546669522671098e-15
7.711630000000000109e+03 7.148568439670559461e-15
7.716430000000000291e+03 7.187536190408991971e-15
7.721229999999999563e+03 7.274046206410920160e-15
7.726029999999999745e+03 7.356230425151209594e-15
7.730829999999999927e+03 7.365834931740129261e-15
7.735630000000000109e+03 7.373928331551140945e-15
7.740430000000000291e+03 7.356659870855470680e-15
7.745229999999999563e+03 7.346240518571290798e-15
7.750029999999999745e+03 7.460496792826428104e-15
7.754829999999999927e+03 7.574266023136889454e-15
7.759630000000000109e+03 7.678791582893958314e-15
7.764430000000000291e+03 7.775526980635140417e-15
7.769229999999999563e+03 7.724258617436679381e-15
7.774029999999999745e+03 7.679314202222420528e-15
7.778829999999999927e+03 7.766024117999891266e-15
7.783630000000000109e+03 7.858842835392969485e-15
7.788430000000000291e+03 8.085203073184258298e-15
7.793229999999999563e+03 8.303782466322070685e-15
7.798029999999999745e+03 8.352296278376059160e-15
7.802829999999999927e+03 8.392683656334099343e-15
7.807630000000000109e+03 8.235883458237220294e-15
7.812430000000000291e+03 8.082002135676590608e-15
7.817229999999999563e+03 7.998933614539359796e-15
7.822029999999999745e+03 7.920804989550509752e-15
7.826829999999999927e+03 7.969468726436170126e-15
7.831630000000000109e+03 8.021773010929120017e-15
7.836430000000000291e+03 8.179657411198479837e-15
7.841229999999999563e+03 8.329649158465328820e-15
7.846029999999999745e+03 8.250731945802589756e-15
7.850829999999999927e+03 8.175493397229779274e-15
7.855630000000000109e+03 8.214332398960229130e-15
7.860430000000000291e+03 8.255875976891271433e-15
7.865229999999999563e+03 8.394555599147529769e-15
7.870029999999999745e+03 8.531708868032840588e-15
7.874829999999999927e+03 8.614018447649329969e-15
7.879630000000000109e+03 8.687944095153891553e-15
7.884430000000000291e+03 8.434907401721780538e-15
7.889229999999999563e+03 8.186469250160300498e-15
7.894029999999999745e+03 8.134073486109039255e-15
7.898829999999999927e+03 8.084580503968029542e-15
7.903630000000000109e+03 8.171469990730319770e-15
7.908430000000000291e+03 8.257219371145608865e-15
7.913229999999999563e+03 8.283322385481149372e-15
7.918029999999999745e+03 8.309621064427500888e-15
7.922829999999999927e+03 8.347491907499240657e-15
7.927630000000000109e+03 8.382988517219820310e-15
7.932430000000000291e+03 8.258068098158759252e-15
7.937229999999999563e+03 8.135064514657329941e-15
7.942029999999999745e+03 8.163450282785720788e-15
7.946829999999999927e+03 8.191150801259779749e-15
7.951630000000000109e+03 8.153800036417649388e-15
7.956430000000000291e+03 8.116989678595870427e-15
7.961229999999999563e+03 8.144504696854480696e-15
7.966029999999999745e+03 8.171758828965341375e-15
7.970829999999999927e+03 8.168052212788150246e-15
7.975630000000000109e+03 8.164249034854980015e-15
7.980430000000000291e+03 8.137601378334359726e-15
7.985229999999999563e+03 8.111041813240250730e-15
7.990029999999999745e+03 8.126312123213349678e-15
7.994829999999999927e+03 8.141701017799070540e-15
7.999630000000000109e+03 8.214190097425090408e-15
8.004430000000000291e+03 8.286679177051121319e-15
8.009229999999999563e+03 8.151413944605229291e-15
8.014029999999999745e+03 8.015715031290358839e-15
8.018829999999999927e+03 7.954623627002589681e-15
8.023630000000000109e+03 7.893843083806459696e-15
8.028430000000000291e+03 7.903850778078269254e-15
8.033229999999999563e+03 7.914154086848670564e-15
8.038029999999999745e+03 7.936572507863650131e-15
8.042829999999999927e+03 7.959092572832300214e-15
8.047630000000000109e+03 7.821338757587390829e-15
8.052430000000000291e+03 7.682239006989291205e-15
8.057229999999999563e+03 7.462003664439590349e-15
8.062029999999999745e+03 7.240913665646119371e-15
8.066829999999999927e+03 7.145259081945640065e-15
8.071630000000000109e+03 7.051191837988308219e-15
8.076430000000000291e+03 7.005606218832980228e-15
8.081229999999999563e+03 6.960737613067500635e-15
8.086029999999999745e+03 6.768140108553760345e-15
8.090829999999999927e+03 6.573038351131471394e-15
8.095630000000000109e+03 6.353337486371489579e-15
8.100430000000000291e+03 6.133166941842260777e-15
8.105229999999999563e+03 6.213762126773500355e-15
8.110029999999999745e+03 6.300756222104778855e-15
8.114829999999999927e+03 6.370442469708339765e-15
8.119630000000000109e+03 6.439722141497219399e-15
8.124430000000000291e+03 6.512786356494428881e-15
8.129229999999999563e+03 6.585938662918149655e-15
8.134029999999999745e+03 6.619127954890420427e-15
8.138829999999999927e+03 6.651204245569989582e-15
8.143630000000000109e+03 6.497806578822239735e-15
8.148430000000000291e+03 6.338836705830970373e-15
8.153229999999999563e+03 6.209450729071979910e-15
8.158029999999999745e+03 6.080953289874659997e-15
8.162829999999999927e+03 5.967376336043230106e-15
8.167630000000000109e+03 5.854314378243719786e-15
8.172430000000000291e+03 5.911247697793419950e-15
8.177229999999999563e+03 5.974422379614959482e-15
8.182029999999999745e+03 5.937526471465510202e-15
8.186829999999999927e+03 5.896955710874399718e-15
8.191630000000000109e+03 5.762907241257249537e-15
8.196430000000000291e+03 5.625006042279510014e-15
8.201229999999999563e+03 5.652725195478410149e-15
8.206030000000000655e+03 5.687644975761910412e-15
8.210829999999999927e+03 5.561834748589760289e-15
8.215629999999999200e+03 5.429036499602760610e-15
8.220430000000000291e+03 5.504093783124850783e-15
8.225229999999999563e+03 5.589135043996239227e-15
8.230030000000000655e+03 5.822913172823109942e-15
8.234829999999999927e+03 6.064176955321338958e-15
8.239629999999999200e+03 6.149807327607540401e-15
8.244430000000000291e+03 6.227246891293789605e-15
8.249229999999999563e+03 6.238041055657129515e-15
8.254030000000000655e+03 6.245173496589479617e-15
8.258829999999999927e+03 6.320103725169489534e-15
8.263629999999999200e+03 6.398916752779720263e-15
8.268430000000000291e+03 6.535163272894989832e-15
8.273229999999999563e+03 6.674832653150120340e-15
8.278030000000000655e+03 6.708533553022529554e-15
8.282829999999999927e+03 6.735670371070189201e-15
8.287629999999999200e+03 6.702713166125470051e-15
8.292430000000000291e+03 6.665891373358900001e-15
8.297229999999999563e+03 6.646513377108089745e-15
8.302030000000000655e+03 6.628298357093861221e-15
8.306829999999999927e+03 6.533183756897260476e-15
8.311629999999999200e+03 6.432942913303870395e-15
8.316430000000000291e+03 6.526959758800829567e-15
8.321229999999999563e+03 6.634852274523239792e-15
8.326030000000000655e+03 6.711803947231879985e-15
8.330829999999999927e+03 6.786471172081761130e-15
8.335629999999999200e+03 6.829969278538590365e-15
8.340430000000000291e+03 6.871091457578360243e-15
8.345229999999999563e+03 7.053136625635200148e-15
8.350030000000000655e+03 7.246265219806870462e-15
8.354829999999999927e+03 7.305385578426380441e-15
8.359629999999999200e+03 7.353640198398509099e-15
8.364430000000000291e+03 7.541723864336320179e-15
8.369229999999999563e+03 7.741485573517940496e-15
8.374030000000000655e+03 7.977186890651551311e-15
8.378829999999999927e+03 8.215978183976750547e-15
8.383629999999999200e+03 8.294678556204979888e-15
8.388430000000000291e+03 8.359221619752819785e-15
8.393229999999999563e+03 8.277685381217170425e-15
8.398030000000000655e+03 8.182868513101520890e-15
8.402829999999999927e+03 8.153285887418670761e-15
8.407629999999999200e+03 8.129795122692459361e-15
8.412430000000000291e+03 8.219363774666921252e-15
8.417229999999999563e+03 8.319774448366239764e-15
8.422030000000000655e+03 8.573608199801721809e-15
8.426829999999999927e+03 8.842153219465121275e-15
8.431629999999999200e+03 8.964822224952380403e-15
8.436430000000000291e+03 9.072769797816359791e-15
8.441229999999999563e+03 9.105115444973159758e-15
8.446030000000000655e+03 9.129640436927959193e-15
8.450829999999999927e+03 9.076104566529698394e-15
8.455629999999999200e+03 9.014493084012319829e-15
8.460430000000000291e+03 8.955946166698099434e-15
8.465229999999999563e+03 8.897731286299209036e-15
8.470030000000000655e+03 8.917699240997780334e-15
8.474829999999999927e+03 8.946354365603388582e-15
8.479629999999999200e+03 9.093675417987551066e-15
8.484430000000000291e+03 9.254180538195709381e-15
8.489229999999999563e+03 9.400746037190908408e-15
8.494030000000000655e+03 9.545689468092120183e-15
8.498829999999999927e+03 9.548215320340830929e-15
8.503629999999999200e+03 9.533810678039829031e-15
8.508430000000000291e+03 9.499369471371521925e-15
8.513229999999999563e+03 9.462545561022591627e-15
8.518030000000000655e+03 9.333548372386390888e-15
8.522829999999999927e+03 9.193109462698679060e-15
8.527629999999999200e+03 9.186317952527589347e-15
8.532430000000000291e+03 9.196467948334540783e-15
8.537229999999999563e+03 9.389328033061920440e-15
8.542030000000000655e+03 9.605347692633139798e-15
8.546829999999999927e+03 9.708555269124279389e-15
8.551629999999999200e+03 9.796863536073230036e-15
8.556430000000000291e+03 9.866830151582328175e-15
8.561229999999999563e+03 9.934325124951339843e-15
8.566030000000000655e+03 9.852648278946449424e-15
8.570829999999999927e+03 9.750870494070270359e-15
8.575629999999999200e+03 9.466900157404419675e-15
8.580430000000000291e+03 9.157397706609490503e-15
8.585229999999999563e+03 9.104147286314449671e-15
8.590030000000000655e+03 9.087504782966800333e-15
8.594829999999999927e+03 9.344580976524370261e-15
8.599629999999999200e+03 9.641506682118470737e-15
8.604430000000000291e+03 9.795908082908719296e-15
8.609229999999999563e+03 9.929169235401398183e-15
8.614030000000000655e+03 9.867656008705899540e-15
8.618829999999999927e+03 9.776715163356890416e-15
8.623629999999999200e+03 9.453460285630340424e-15
8.628430000000000291e+03 9.094464005661440087e-15
8.633229999999999563e+03 8.860883659027750885e-15
8.638030000000000655e+03 8.646946006440890485e-15
8.642829999999999927e+03 8.878302891588040304e-15
8.647629999999999200e+03 9.180647913978670638e-15
8.652430000000000291e+03 9.366187939975880209e-15
8.657229999999999563e+03 9.532779838943020547e-15
8.662030000000000655e+03 9.617112133237550042e-15
8.666829999999999927e+03 9.687869030486441177e-15
8.671629999999999200e+03 9.569526669293750704e-15
8.676430000000000291e+03 9.419437513237970632e-15
8.681229999999999563e+03 9.284672030230971262e-15
8.686030000000000655e+03 9.152522184965090017e-15
8.690829999999999927e+03 8.955347314404390644e-15
8.695629999999999200e+03 8.747071230036979565e-15
8.700430000000000291e+03 8.613159556240807798e-15
8.705229999999999563e+03 8.492370116863509118e-15
8.710030000000000655e+03 8.516149719824720034e-15
8.714829999999999927e+03 8.565859542400241047e-15
8.719629999999999200e+03 8.645711032403798449e-15
8.724430000000000291e+03 8.730968286676729639e-15
8.729229999999999563e+03 8.747695493319109140e-15
8.734030000000000655e+03 8.751730758279830205e-15
8.738829999999999927e+03 8.899834469107239886e-15
8.743629999999999200e+03 9.075038999082058795e-15
8.748430000000000291e+03 9.024369488177300238e-15
8.753229999999999563e+03 8.931208569473542326e-15
8.758030000000000655e+03 8.772207779779699760e-15
8.762829999999999927e+03 8.600431192142420582e-15
8.767629999999999200e+03 8.567795012684709235e-15
8.772430000000000291e+03 8.562569666433100611e-15
8.777229999999999563e+03 8.496653562477770959e-15
8.782030000000000655e+03 8.418780741439001181e-15
8.786829999999999927e+03 8.340653810516050379e-15
8.791629999999999200e+03 8.262475210583320221e-15
8.796430000000000291e+03 8.226218812309050304e-15
8.801229999999999563e+03 8.198598761964980501e-15
8.806030000000000655e+03 8.323520028058990392e-15
8.810829999999999927e+03 8.479868757594979743e-15
8.815629999999999200e+03 8.561891193042349917e-15
8.820430000000000291e+03 8.628146957209530121e-15
8.825229999999999563e+03 8.332356275764748831e-15
8.830030000000000655e+03 7.958656350864470560e-15
8.834829999999999927e+03 7.732241902964549584e-15
8.839629999999999200e+03 7.537522580917940427e-15
8.844430000000000291e+03 7.460742432381128696e-15
8.849229999999999563e+03 7.410069533344590588e-15
8.854030000000000655e+03 7.322179700671589876e-15
8.858829999999999927e+03 7.225934735006871168e-15
8.863629999999999200e+03 7.089813999284260185e-15
8.868430000000000291e+03 6.944740972342120080e-15
8.873229999999999563e+03 6.774575017854048898e-15
8.878030000000000655e+03 6.598618322622070537e-15
8.882829999999999927e+03 6.427598558923169387e-15
8.887629999999999200e+03 6.257733724647839221e-15
8.892430000000000291e+03 6.273584675706290459e-15
8.897229999999999563e+03 6.332881217178820655e-15
8.902030000000000655e+03 6.166696317542849418e-15
8.906829999999999927e+03 5.946325873238059923e-15
8.911629999999999200e+03 5.775814329307509776e-15
8.916430000000000291e+03 5.617444155642900404e-15
8.921229999999999563e+03 5.598792490144360710e-15
8.926030000000000655e+03 5.614165291104079007e-15
8.930829999999999927e+03 5.447816490592810119e-15
8.935629999999999200e+03 5.236037077955550521e-15
8.940430000000000291e+03 5.210520633935989928e-15
8.945229999999999563e+03 5.232178419364329612e-15
8.950030000000000655e+03 5.474373938104539936e-15
8.954829999999999927e+03 5.773147869589549295e-15
8.959629999999999200e+03 6.070149384632430607e-15
8.964430000000000291e+03 6.366690537268479208e-15
8.969229999999999563e+03 6.438964470525900428e-15
8.974030000000000655e+03 6.452220536150429439e-15
8.978829999999999927e+03 6.252270785654529711e-15
8.983629999999999200e+03 5.995502912089750093e-15
8.988430000000000291e+03 5.827189842173800060e-15
8.993229999999999563e+03 5.682745313678520279e-15
8.998030000000000655e+03 5.540521282054470012e-15
9.002829999999999927e+03 5.398903726020660136e-15
9.007629999999999200e+03 5.324533386218779790e-15
9.012430000000000291e+03 5.268763466422139718e-15
9.017229999999999563e+03 5.336593864838259356e-15
9.022030000000000655e+03 5.438610936522049594e-15
9.026829999999999927e+03 5.522423999619910625e-15
9.031629999999999200e+03 5.601076938003100825e-15
9.036430000000000291e+03 5.584480597951079213e-15
9.041229999999999563e+03 5.540560669086519704e-15
9.046030000000000655e+03 5.475219276985899728e-15
9.050829999999999927e+03 5.403733084369429741e-15
9.055629999999999200e+03 5.351384330646750577e-15
9.060430000000000291e+03 5.304658181627939937e-15
9.065229999999999563e+03 5.270408827922179619e-15
9.070030000000000655e+03 5.239868631492449827e-15
9.074829999999999927e+03 5.159870181272549326e-15
9.079629999999999200e+03 5.065167239088310227e-15
9.084430000000000291e+03 5.078265333068170790e-15
9.089229999999999563e+03 5.124172824743459359e-15
9.094030000000000655e+03 5.121454696015720310e-15
9.098829999999999927e+03 5.103764412912319769e-15
9.103629999999999200e+03 5.133957749350139459e-15
9.108430000000000291e+03 5.178894117751410440e-15
9.113229999999999563e+03 5.279276839363460094e-15
9.118030000000000655e+03 5.397129191996160799e-15
9.122829999999999927e+03 5.455302567780639681e-15
9.127629999999999200e+03 5.494457512800420913e-15
9.132430000000000291e+03 5.569375882919159803e-15
9.137229999999999563e+03 5.655690657826749821e-15
9.142030000000000655e+03 5.555299042368750052e-15
9.146829999999999927e+03 5.394047262617579972e-15
9.151629999999999200e+03 5.261744104388240176e-15
9.156430000000000291e+03 5.138984042859149633e-15
9.161229999999999563e+03 5.101048401766949644e-15
9.166030000000000655e+03 5.091074165296549531e-15
9.170829999999999927e+03 5.085421914439529473e-15
9.175629999999999200e+03 5.081226560251769457e-15
9.180430000000000291e+03 5.224896477116789914e-15
9.185229999999999563e+03 5.418956384013960020e-15
9.190030000000000655e+03 5.320420617743390479e-15
9.194829999999999927e+03 5.122173826987939211e-15
9.199629999999999200e+03 4.951709293385960888e-15
9.204430000000000291e+03 4.790921687689890109e-15
9.209229999999999563e+03 4.628534883789400055e-15
9.214030000000000655e+03 4.465584802978980370e-15
9.218829999999999927e+03 4.324886701209409514e-15
9.223629999999999200e+03 4.192023230685469677e-15
9.228430000000000291e+03 4.190484171820310191e-15
9.233229999999999563e+03 4.236191340203570752e-15
9.238030000000000655e+03 3.977274120535140446e-15
9.242829999999999927e+03 3.607584049607160089e-15
9.247629999999999200e+03 3.265292106391069698e-15
9.252430000000000291e+03 2.932963388217050125e-15
9.257229999999999563e+03 2.810903399418869994e-15
9.262030000000000655e+03 2.766121614530480023e-15
9.266829999999999927e+03 2.744704598217389880e-15
9.271629999999999200e+03 2.732057972798409944e-15
9.276430000000000291e+03 2.746164883018460238e-15
9.281229999999999563e+03 2.770419883221319998e-15
9.286030000000000655e+03 2.938450679407599902e-15
9.290829999999999927e+03 3.161016844869910145e-15
9.295629999999999200e+03 2.997774749450930062e-15
9.300430000000000291e+03 2.685115406861579774e-15
9.305229999999999563e+03 2.825523188088480007e-15
9.310030000000000655e+03 3.143218353307489979e-15
9.314829999999999927e+03 3.290405998002450051e-15
9.319629999999999200e+03 3.370873280958660145e-15
9.324430000000000291e+03 3.322977167681450164e-15
9.329229999999999563e+03 3.223810361865179720e-15
9.334030000000000655e+03 3.236934925624650262e-15
9.338829999999999927e+03 3.295370034589829934e-15
9.343629999999999200e+03 3.251751225938019722e-15
9.348430000000000291e+03 3.166952851764260393e-15
9.353229999999999563e+03 3.084349139956840112e-15
9.358030000000000655e+03 3.002649424062369883e-15
9.362829999999999927e+03 2.758847295579460092e-15
9.367629999999999200e+03 2.447622403286280229e-15
9.372430000000000291e+03 2.480590407901080026e-15
9.377229999999999563e+03 2.656718415546640175e-15
9.382030000000000655e+03 2.761097015087369880e-15
9.386829999999999927e+03 2.835030074130219938e-15
9.391629999999999200e+03 2.852142045488889705e-15
9.396430000000000291e+03 2.844902031372230023e-15
9.401229999999999563e+03 2.798334065756319913e-15
9.406030000000000655e+03 2.734911203281239999e-15
