3.334394825419780318e+03 1.559442395399380078e-15
3.338913930247589633e+03 1.316001314710230136e-15
3.343433035075389853e+03 1.660834674405450087e-15
3.347952139903200077e+03 1.890981572987439841e-15
3.352471244730999842e+03 1.583666690657909955e-15
3.356990349558810522e+03 1.648029124429740182e-15
3.361509454386619836e+03 1.743120960615890172e-15
3.366028559214420056e+03 1.739938446074819741e-15
3.370547664042230281e+03 1.647870305752130000e-15
3.375066768870030046e+03 1.595111588082969895e-15
3.379585873697839816e+03 1.470630885000649858e-15
3.384104978525650040e+03 1.590323628469500105e-15
3.388624083353449805e+03 1.577132678502789888e-15
3.393143188181260484e+03 1.373876217259919889e-15
3.397662293009060249e+03 1.373619989793379999e-15
3.402181397836870019e+03 1.653675340177019927e-15
3.406700502664669784e+03 1.984883010245339953e-15
3.411219607492480009e+03 1.954091033272039609e-15
3.415738712320289778e+03 1.844946814611829863e-15
3.420257817148089543e+03 1.844940461864719539e-15
3.424776921975900223e+03 1.827199780300950268e-15
3.429296026803699988e+03 1.971369446604839718e-15
3.433815131631510212e+03 1.933564036828280077e-15
3.438334236459319982e+03 1.834449747054739794e-15
3.442853341287119747e+03 1.917744002472410327e-15
3.447372446114929971e+03 1.973735421384760159e-15
3.451891550942730191e+03 1.944364130422249978e-15
3.456410655770539506e+03 1.893969481708880175e-15
3.460929760598350185e+03 2.009318428465970006e-15
3.465448865426149951e+03 2.086939680719409990e-15
3.469967970253960175e+03 2.144004290375930232e-15
3.474487075081760395e+03 2.266643437951799829e-15
3.479006179909569710e+03 2.187873397263650145e-15
3.483525284737380389e+03 2.300653928366430096e-15
3.488044389565180154e+03 2.417669624205480366e-15
3.492563494392989924e+03 2.307138389094130265e-15
3.497082599220789689e+03 2.216523227913339630e-15
3.501601704048599913e+03 2.372196448673889733e-15
3.506120808876410138e+03 2.446283879471389509e-15
3.510639913704210358e+03 2.494021174070979843e-15
3.515159018532019672e+03 2.478111989497410394e-15
3.519678123359820347e+03 2.584948043376360059e-15
3.524197228187629207e+03 2.788326159726280246e-15
3.528716333015429882e+03 2.857322710752530270e-15
3.533235437843239652e+03 3.096639588021500010e-15
3.537754542671049876e+03 3.298203571556630410e-15
3.542273647498850096e+03 3.409098183802350239e-15
3.546792752326660320e+03 3.538091560790289912e-15
3.551311857154460540e+03 3.511877585138660275e-15
3.555830961982270310e+03 3.479599065342929817e-15
3.560350066810080079e+03 3.535970166773890333e-15
3.564869171637879845e+03 3.590470595940829472e-15
3.569388276465689614e+03 3.637571980555280078e-15
3.573907381293489834e+03 3.709057326138809911e-15
3.578426486121300059e+03 3.878100114938820312e-15
3.582945590949110283e+03 4.107785804081029508e-15
3.587464695776910503e+03 4.217545180419189789e-15
3.591983800604720273e+03 4.151599853827179863e-15
3.596502905432520038e+03 4.250763271511660108e-15
3.601022010260329807e+03 4.200405468731500599e-15
3.605541115088139577e+03 4.225867279125960923e-15
3.610060219915939797e+03 4.412097636975189849e-15
3.614579324743750021e+03 4.525944370800320234e-15
3.619098429571550241e+03 4.580969325119859615e-15
3.623617534399360466e+03 4.318749100473610376e-15
3.628136639227170235e+03 4.085619375367860462e-15
3.632655744054970000e+03 4.059126725876589288e-15
3.637174848882779315e+03 3.931054920735259927e-15
3.641693953710579990e+03 3.831634005034819898e-15
3.646213058538389760e+03 3.884433380285439927e-15
3.650732163366189525e+03 3.786343576861599775e-15
3.655251268194000204e+03 3.687760800262460776e-15
3.659770373021810428e+03 3.705068224473710261e-15
3.664289477849610194e+03 3.823499524125860069e-15
3.668808582677419963e+03 3.939681951303049710e-15
3.673327687505220183e+03 4.060397698813940421e-15
3.677846792333029953e+03 4.265115821286410600e-15
3.682365897160839722e+03 4.456801918348899741e-15
3.686885001988639942e+03 4.612037646592200097e-15
3.691404106816450167e+03 4.732945247065650219e-15
3.695923211644249932e+03 4.833755720316060139e-15
3.700442316472060156e+03 5.083251392512190328e-15
3.704961421299870381e+03 5.314273699645169966e-15
3.709480526127670146e+03 5.308327104838970361e-15
3.713999630955479915e+03 5.370846606675810269e-15
3.718518735783279226e+03 5.351272522297710643e-15
3.723037840611089905e+03 5.039464871336820216e-15
3.727556945438900129e+03 4.849372890281070768e-15
3.732076050266699895e+03 4.514081250857549342e-15
3.736595155094509664e+03 4.169866966367670049e-15
3.741114259922310339e+03 4.016517156981429814e-15
3.745633364750120109e+03 3.907359597552300025e-15
3.750152469577929878e+03 3.745516588803949598e-15
3.754671574405730098e+03 3.697859974092580109e-15
3.759190679233539868e+03 3.772413273011060285e-15
3.763709784061339633e+03 3.830906827249599714e-15
3.768228888889149857e+03 3.933455835624260130e-15
3.772747993716960536e+03 4.085508414051770149e-15
3.777267098544760302e+03 4.114007261078609977e-15
3.781786203372570071e+03 4.131700085280859381e-15
3.786305308200370291e+03 4.113141169890050344e-15
3.790824413028180061e+03 4.055209198495539727e-15
3.795343517855979826e+03 3.936488637091899420e-15
3.799862622683789596e+03 3.660785765507729855e-15
3.804381727511599820e+03 3.460791969298570142e-15
3.808900832339400040e+03 3.383236573856780363e-15
3.813419937167210264e+03 3.391486251246570327e-15
3.817939041995010484e+03 3.427326544585499596e-15
3.822458146822820254e+03 3.524440566054099638e-15
3.826977251650630024e+03 3.596327828771100059e-15
3.831496356478429789e+03 3.622752715626590100e-15
3.836015461306239558e+03 3.612974143767010463e-15
3.840534566134039778e+03 3.690835529860999408e-15
3.845053670961850003e+03 3.857813252335610136e-15
3.849572775789660227e+03 3.951538294982239412e-15
3.854091880617460447e+03 4.144661383439750206e-15
3.858610985445270217e+03 4.408887805621570467e-15
3.863130090273069982e+03 4.685303455430849791e-15
3.867649195100879297e+03 5.045109498897329184e-15
3.872168299928689521e+03 5.349591161897410857e-15
3.876687404756489741e+03 5.635440217640259747e-15
3.881206509584299965e+03 5.924007825627329991e-15
3.885725614412100185e+03 6.225767971767889907e-15
3.890244719239910410e+03 6.532756852291839576e-15
3.894763824067720179e+03 6.876643335031138555e-15
3.899282928895519944e+03 7.229560883054069983e-15
3.903802033723329259e+03 7.553927068007420772e-15
3.908321138551129934e+03 7.909679211788329251e-15
3.912840243378939704e+03 8.363832867117669041e-15
3.917359348206739924e+03 8.709076720154940669e-15
3.921878453034550148e+03 8.943654024567549761e-15
3.926397557862360372e+03 9.086567964527141810e-15
3.930916662690160138e+03 9.111879003056991657e-15
3.935435767517970362e+03 9.145126740302607988e-15
3.939954872345770127e+03 9.354468392117669709e-15
3.944473977173579897e+03 9.513752937848840888e-15
3.948993082001389666e+03 9.561998240458549749e-15
3.953512186829189886e+03 9.645547876309819426e-15
3.958031291657000111e+03 9.681803427551149976e-15
3.962550396484799876e+03 9.876446516632499935e-15
3.967069501312609646e+03 1.011608907806970079e-14
3.971588606140420325e+03 1.037880312292420007e-14
3.976107710968220090e+03 1.063665096349669973e-14
3.980626815796029859e+03 1.060427312908790095e-14
3.985145920623830079e+03 1.046085266342589974e-14
3.989665025451639849e+03 1.034464990745789947e-14
3.994184130279450073e+03 1.004140110091259929e-14
3.998703235107249839e+03 9.629573681957560042e-15
4.003222339935060518e+03 9.280646082632669995e-15
4.007741444762860283e+03 8.864806268606490283e-15
4.012260549590670053e+03 8.400619508016920149e-15
4.016779654418479822e+03 8.052004463849570095e-15
4.021298759246280042e+03 7.762912118951678967e-15
4.025817864074089812e+03 7.477871979673450834e-15
4.030336968901889577e+03 7.180376220905849792e-15
4.034856073729699801e+03 6.808383490910759409e-15
4.039375178557510480e+03 6.609968987631750211e-15
4.043894283385310246e+03 6.497480471137539730e-15
4.048413388213120015e+03 6.471817066901628938e-15
4.052932493040920235e+03 6.461890687792759737e-15
4.057451597868730005e+03 6.463472098305280360e-15
4.061970702696529315e+03 6.597686162863621124e-15
4.066489807524339540e+03 6.743437239680039874e-15
4.071008912352150219e+03 6.895708352607939924e-15
4.075528017179949984e+03 7.076954345079050919e-15
4.080047122007760208e+03 7.234520260960240756e-15
4.084566226835560428e+03 7.268876764333820855e-15
4.089085331663370198e+03 7.140450475904071091e-15
4.093604436491179968e+03 7.061336751597571397e-15
4.098123541318979733e+03 6.887792829715850854e-15
4.102642646146789957e+03 6.720808330977659725e-15
4.107161750974590177e+03 6.625439620896880324e-15
4.111680855802399492e+03 6.554410402555450087e-15
4.116199960630209716e+03 6.575667117883270382e-15
4.120719065458009936e+03 6.574174222313739410e-15
4.125238170285820161e+03 6.520725596309040283e-15
4.129757275113620381e+03 6.512724099572800168e-15
4.134276379941429695e+03 6.538247319855939584e-15
4.138795484769239920e+03 6.563424950696600035e-15
4.143314589597040140e+03 6.539955785310560185e-15
4.147833694424849455e+03 6.551603335368250125e-15
4.152352799252650584e+03 6.594146835693520608e-15
4.156871904080459899e+03 6.490986693047420947e-15
4.161391008908260119e+03 6.461642507139210282e-15
4.165910113736070343e+03 6.524256029633200151e-15
4.170429218563879658e+03 6.525374113123570305e-15
4.174948323391679878e+03 6.693310676894469746e-15
4.179467428219490102e+03 6.795168082867700181e-15
4.183986533047290322e+03 7.012256698018341056e-15
4.188505637875100547e+03 7.274805994964599379e-15
4.193024742702909862e+03 7.499088460936279704e-15
4.197543847530710082e+03 7.695665326236220697e-15
4.202062952358520306e+03 7.681112453169439830e-15
4.206582057186320526e+03 7.495292906299628451e-15
4.211101162014129841e+03 7.503928407196890776e-15
4.215620266841940065e+03 7.471790283112171268e-15
4.220139371669740285e+03 7.468360646708740184e-15
4.224658476497549600e+03 7.436810363489410427e-15
4.229177581325349820e+03 7.345489200347079389e-15
4.233696686153160044e+03 7.242343457261079896e-15
4.238215790980970269e+03 7.159630689961700624e-15
4.242734895808770489e+03 7.222845605848230001e-15
4.247254000636579804e+03 7.258160103485159447e-15
4.251773105464380023e+03 7.196209807788879162e-15
4.256292210292190248e+03 7.200075666160141477e-15
4.260811315119999563e+03 7.103073876557058941e-15
4.265330419947800692e+03 6.947603943703841193e-15
4.269849524775610007e+03 6.893829633530929097e-15
4.274368629603410227e+03 6.807553822138920666e-15
4.278887734431220451e+03 6.713043156433709871e-15
4.283406839259029766e+03 6.692633897569619871e-15
4.287925944086829986e+03 6.719595803313670716e-15
4.292445048914640211e+03 6.698097260079410108e-15
4.296964153742439521e+03 6.673595985047130639e-15
4.301483258570250655e+03 6.779030411156610462e-15
4.306002363398049965e+03 6.869325817399810232e-15
4.310521468225860190e+03 6.877356960289199514e-15
4.315040573053670414e+03 6.951942869976148979e-15
4.319559677881470634e+03 6.984754808770419539e-15
4.324078782709279949e+03 6.790026169361389796e-15
4.328597887537079259e+03 6.674569225903529774e-15
4.333116992364890393e+03 6.679958473030430527e-15
4.337636097192700618e+03 6.575792055242989602e-15
4.342155202020499928e+03 6.436305210587990030e-15
4.346674306848310152e+03 6.292697550644610908e-15
4.351193411676110372e+03 6.189845727991310235e-15
4.355712516503920597e+03 6.031410756306229597e-15
4.360231621331729912e+03 5.885905319044520116e-15
4.364750726159529222e+03 5.702864887274649308e-15
4.369269830987340356e+03 5.476584694096879971e-15
4.373788935815139666e+03 5.291829444125300720e-15
4.378308040642949891e+03 5.128247900252699798e-15
4.382827145470760115e+03 4.979438610980229652e-15
4.387346250298560335e+03 4.797617059621460148e-15
4.391865355126370559e+03 4.622516291182679891e-15
4.396384459954170779e+03 4.519170224804659489e-15
4.400903564781980094e+03 4.402426214783440248e-15
4.405422669609779405e+03 4.266366465433029997e-15
4.409941774437589629e+03 4.157480803579970415e-15
4.414460879265399853e+03 4.028272280223429728e-15
4.418979984093200073e+03 3.827789322487230262e-15
4.423499088921010298e+03 3.673765274874979549e-15
4.428018193748820522e+03 3.695005049543860279e-15
4.432537298576620742e+03 3.697436457618949804e-15
4.437056403404430057e+03 3.642350093410740008e-15
4.441575508232229367e+03 3.688127142012149838e-15
4.446094613060039592e+03 3.717724590771580072e-15
4.450613717887839812e+03 3.741762115265239390e-15
4.455132822715650036e+03 3.892368808451790262e-15
4.459651927543460260e+03 4.064363930589460260e-15
4.464171032371260480e+03 4.174509130435090142e-15
4.468690137199070705e+03 4.252616579600260406e-15
4.473209242026870015e+03 4.312453528093139634e-15
4.477728346854679330e+03 4.418330528917560618e-15
4.482247451682489555e+03 4.563597949921090063e-15
4.486766556510289774e+03 4.704747096735079355e-15
4.491285661338099999e+03 4.845096644446849544e-15
4.495804766165900219e+03 5.017763463711690625e-15
4.500323870993710443e+03 5.210292358556700161e-15
4.504842975821520668e+03 5.340673599028710483e-15
4.509362080649319978e+03 5.441066485036139022e-15
4.513881185477129293e+03 5.536044289411760563e-15
4.518400290304929513e+03 5.620123744371540172e-15
4.522919395132739737e+03 5.777900571456600274e-15
4.527438499960549962e+03 5.989793910025260053e-15
4.531957604788350181e+03 6.196186616634449616e-15
4.536476709616160406e+03 6.415533845138949605e-15
4.540995814443959716e+03 6.699421172575970946e-15
4.545514919271769941e+03 7.077256312324740767e-15
4.550034024099570161e+03 7.446106550085521640e-15
4.554553128927379475e+03 7.762663091265190936e-15
4.559072233755189700e+03 8.063597803798639704e-15
4.563591338582989920e+03 8.377056745490200023e-15
4.568110443410800144e+03 8.754839369196250332e-15
4.572629548238599455e+03 9.034029898940740266e-15
4.577148653066409679e+03 9.229049917683619967e-15
4.581667757894220813e+03 9.570903097833040519e-15
4.586186862722020123e+03 9.827709934913389891e-15
4.590705967549829438e+03 9.932315115767500655e-15
4.595225072377629658e+03 1.010079251007519909e-14
4.599744177205439883e+03 1.028552870180549904e-14
4.604263282033250107e+03 1.043062968083490011e-14
4.608782386861049417e+03 1.058801856683009881e-14
4.613301491688859642e+03 1.074970190986790048e-14
4.617820596516659862e+03 1.084770700999699943e-14
4.622339701344470086e+03 1.092842332063970031e-14
4.626858806172279401e+03 1.105488618669770041e-14
4.631377911000079621e+03 1.109622054749080088e-14
4.635897015827889845e+03 1.121772742377440028e-14
4.640416120655690065e+03 1.141428650138249942e-14
4.644935225483499380e+03 1.138138265951339892e-14
4.649454330311310514e+03 1.130499976942889994e-14
4.653973435139109824e+03 1.122413438098749965e-14
4.658492539966920049e+03 1.105738069872739903e-14
4.663011644794720269e+03 1.078349937149629905e-14
4.667530749622529584e+03 1.044605415080439935e-14
4.672049854450339808e+03 1.005927180203380049e-14
4.676568959278140028e+03 9.638237981975019547e-15
4.681088064105949343e+03 9.259501599170359318e-15
4.685607168933749563e+03 8.924698274240939463e-15
4.690126273761559787e+03 8.536077863974781425e-15
4.694645378589360007e+03 8.126633995733309468e-15
4.699164483417170231e+03 7.767622469171358553e-15
4.703683588244979546e+03 7.391433961472050304e-15
4.708202693072779766e+03 7.058854098029169831e-15
4.712721797900589991e+03 6.900378468762629665e-15
4.717240902728390211e+03 6.823958732744870694e-15
4.721760007556199525e+03 6.729568345718169221e-15
4.726279112384009750e+03 6.658898269346370864e-15
4.730798217211809970e+03 6.658866929127320877e-15
4.735317322039620194e+03 6.670857951045130324e-15
4.739836426867420414e+03 6.666137012913610059e-15
4.744355531695229729e+03 6.564401579684789765e-15
4.748874636523039953e+03 6.286634912324629576e-15
4.753393741350840173e+03 5.991863635031869625e-15
4.757912846178649488e+03 5.652019193516870534e-15
4.762431951006450618e+03 5.305198165131809820e-15
4.766951055834259932e+03 5.000846521689129316e-15
4.771470160662070157e+03 4.806352510406489015e-15
4.775989265489870377e+03 4.630677030112999870e-15
4.780508370317679692e+03 4.446707403199999772e-15
4.785027475145479912e+03 4.313662244108870731e-15
4.789546579973290136e+03 4.317663627751700835e-15
4.794065684801090356e+03 4.398436689601870915e-15
4.798584789628900580e+03 4.445170885433679682e-15
4.803103894456709895e+03 4.492465817076570007e-15
4.807622999284510115e+03 4.605033954667829492e-15
4.812142104112320339e+03 4.766673251992370781e-15
4.816661208940129654e+03 4.968283187064889727e-15
4.821180313767929874e+03 5.168116470530538834e-15
4.825699418595740099e+03 5.390375374791229424e-15
4.830218523423540319e+03 5.623423361217570087e-15
4.834737628251350543e+03 5.728374131514160606e-15
4.839256733079149853e+03 5.644394202925689689e-15
4.843775837906960078e+03 5.501653481203819821e-15
4.848294942734770302e+03 5.299155008569620070e-15
4.852814047562570522e+03 5.058256297271660024e-15
4.857333152390379837e+03 4.924528006108570390e-15
4.861852257218180057e+03 4.757063663205770744e-15
4.866371362045990281e+03 4.605598925643649688e-15
4.870890466873799596e+03 4.520200216868520718e-15
4.875409571701599816e+03 4.490317741522339412e-15
4.879928676529410041e+03 4.482145567647230711e-15
4.884447781357210260e+03 4.456885351094210600e-15
4.888966886185020485e+03 4.366855066163499849e-15
4.893485991012829800e+03 4.385992505057289884e-15
4.898005095840630020e+03 4.484193693313690032e-15
4.902524200668440244e+03 4.520204875549729828e-15
4.907043305496239554e+03 4.570668557448300068e-15
4.911562410324050688e+03 4.687560374718810452e-15
4.916081515151860003e+03 4.816600762035320372e-15
4.920600619979660223e+03 4.940018544647959402e-15
4.925119724807470448e+03 5.090643025526400247e-15
4.929638829635270667e+03 5.304563313937839567e-15
4.934157934463079982e+03 5.545194786340950348e-15
4.938677039290879293e+03 5.775719885133890133e-15
4.943196144118689517e+03 5.954860153698119838e-15
4.947715248946500651e+03 6.122357954402350228e-15
4.952234353774299962e+03 6.330800057227419205e-15
4.956753458602110186e+03 6.508926427353791034e-15
4.961272563429910406e+03 6.635638744614769354e-15
4.965791668257720630e+03 6.725168009557179975e-15
4.970310773085529945e+03 6.766287223981639197e-15
4.974829877913329256e+03 6.726040029976379067e-15
4.979348982741140389e+03 6.599360747000339720e-15
4.983868087568939700e+03 6.434672978098639670e-15
4.988387192396749924e+03 6.177316840151989574e-15
4.992906297224560149e+03 5.860821285344530477e-15
4.997425402052360369e+03 5.567339615713969931e-15
5.001944506880170593e+03 5.253408029637840924e-15
5.006463611707970813e+03 5.089243727097540087e-15
5.010982716535779218e+03 4.979799023499280046e-15
5.015501821363590352e+03 4.731122432163160542e-15
5.020020926191389663e+03 4.593043779782970455e-15
5.024540031019199887e+03 4.512192790901650612e-15
5.029059135847000107e+03 4.408213143879079261e-15
5.033578240674810331e+03 4.347319945300969976e-15
5.038097345502620556e+03 4.319347952767320744e-15
5.042616450330420776e+03 4.287513913510660008e-15
5.047135555158230090e+03 4.294511252687930150e-15
5.051654659986029401e+03 4.327550619828529022e-15
5.056173764813839625e+03 4.329579687253679065e-15
5.060692869641649850e+03 4.271645598276800312e-15
5.065211974469450070e+03 4.314590592219059867e-15
5.069731079297260294e+03 4.427611045404149993e-15
5.074250184125060514e+03 4.410621258548130336e-15
5.078769288952870738e+03 4.439119258542019756e-15
5.083288393780670049e+03 4.528091175805139414e-15
5.087807498608479364e+03 4.583405815392639765e-15
5.092326603436289588e+03 4.576775241481529158e-15
5.096845708264089808e+03 4.607244710660160061e-15
5.101364813091900032e+03 4.624979039476819403e-15
5.105883917919699343e+03 4.595116892921370622e-15
5.110403022747510477e+03 4.609924299388799829e-15
5.114922127575320701e+03 4.648073816300190206e-15
5.119441232403120011e+03 4.698669635338529750e-15
5.123960337230929326e+03 4.779023839396279424e-15
5.128479442058729546e+03 4.816607538298899984e-15
5.132998546886539771e+03 4.808069869707050264e-15
5.137517651714349995e+03 4.819074521757779712e-15
5.142036756542150215e+03 4.826003674782790360e-15
5.146555861369960439e+03 4.770836842444589040e-15
5.151074966197759750e+03 4.683696633929909961e-15
5.155594071025569974e+03 4.651773656213789890e-15
5.160113175853379289e+03 4.750859570383600310e-15
5.164632280681179509e+03 4.930640195855959788e-15
5.169151385508989733e+03 5.065121075792680135e-15
5.173670490336789953e+03 5.183964456973669949e-15
5.178189595164600178e+03 5.339219666974750054e-15
5.182708699992399488e+03 5.471114131807029395e-15
5.187227804820209712e+03 5.633389550874960241e-15
5.191746909648019937e+03 5.807119396488610991e-15
5.196266014475820157e+03 5.933837219463739364e-15
5.200785119303629472e+03 6.156380726794710555e-15
5.205304224131439696e+03 6.378394838533639919e-15
5.209823328959239916e+03 6.533120229426210093e-15
5.214342433787050140e+03 6.752782130670619787e-15
5.218861538614849451e+03 7.029750469477990432e-15
5.223380643442659675e+03 7.283938704201899979e-15
5.227899748270459895e+03 7.459902175697449274e-15
5.232418853098270120e+03 7.624432396470971068e-15
5.236937957926079434e+03 7.708838382631908532e-15
5.241457062753879654e+03 7.739877904984050257e-15
5.245976167581689879e+03 7.802195812979442063e-15
5.250495272409490099e+03 7.889881510712149756e-15
5.255014377237299414e+03 7.993011160172149839e-15
5.259533482065109638e+03 8.102950107495130398e-15
5.264052586892909858e+03 8.130526112125939823e-15
5.268571691720720082e+03 8.122959566808120313e-15
5.273090796548520302e+03 8.162895476205270799e-15
5.277609901376329617e+03 8.205906962233890605e-15
5.282129006204139841e+03 8.237014247221809518e-15
5.286648111031940061e+03 8.199948085449959757e-15
5.291167215859749376e+03 8.145178935080499853e-15
5.295686320687549596e+03 8.056173560015958916e-15
5.300205425515359821e+03 7.929408303195779569e-15
5.304724530343170045e+03 7.878035754944799943e-15
5.309243635170970265e+03 7.800842254329729691e-15
5.313762739998779580e+03 7.653909143035420720e-15
5.318281844826579800e+03 7.500264142667070251e-15
5.322800949654390024e+03 7.391095148293150161e-15
5.327320054482190244e+03 7.305789613142220742e-15
5.331839159309999559e+03 7.187067781189160343e-15
5.336358264137809783e+03 7.044706106711180464e-15
5.340877368965610003e+03 6.967439761262649498e-15
5.345396473793420228e+03 7.016823052636989778e-15
5.349915578621220448e+03 7.041137133387929991e-15
5.354434683449029762e+03 6.991639069049228865e-15
5.358953788276839987e+03 7.007658579664171087e-15
5.363472893104640207e+03 7.010051447740170007e-15
5.367991997932449522e+03 6.959478075074929546e-15
5.372511102760250651e+03 6.948527633132829107e-15
5.377030207588059966e+03 6.940008175749339832e-15
5.381549312415870190e+03 6.915789386204970461e-15
5.386068417243670410e+03 6.924987740495680902e-15
5.390587522071479725e+03 6.956780698654399804e-15
5.395106626899279945e+03 6.885237754830460624e-15
5.399625731727090169e+03 6.797944656868800567e-15
5.404144836554899484e+03 6.775790510133360397e-15
5.408663941382700614e+03 6.760997503226039246e-15
5.413183046210509929e+03 6.773911367539879887e-15
5.417702151038310149e+03 6.788701833348359275e-15
5.422221255866120373e+03 6.720920986359650069e-15
5.426740360693929688e+03 6.600650778179010386e-15
5.431259465521729908e+03 6.601951820785990625e-15
5.435778570349540132e+03 6.628884927409839557e-15
5.440297675177340352e+03 6.521913136501089234e-15
5.444816780005150576e+03 6.455657795850389756e-15
5.449335884832959891e+03 6.490106202298750102e-15
5.453854989660760111e+03 6.489418835062049293e-15
5.458374094488570336e+03 6.460316900576759669e-15
5.462893199316370556e+03 6.439127524368250036e-15
5.467412304144179870e+03 6.392097714037850307e-15
5.471931408971980090e+03 6.306722298668769253e-15
5.476450513799790315e+03 6.199158855246370478e-15
5.480969618627600539e+03 6.096394700503109837e-15
5.485488723455399850e+03 6.017957332004989545e-15
5.490007828283210074e+03 5.904241041253730011e-15
5.494526933111010294e+03 5.821561308239289712e-15
5.499046037938820518e+03 5.782779057716310627e-15
5.503565142766629833e+03 5.705942581488499386e-15
5.508084247594430053e+03 5.545782627206340099e-15
5.512603352422240278e+03 5.415359458603439900e-15
5.517122457250040497e+03 5.344373438942319633e-15
5.521641562077850722e+03 5.248715890626520205e-15
5.526160666905660037e+03 5.200782296141400138e-15
5.530679771733460257e+03 5.214325929451529873e-15
5.535198876561270481e+03 5.182403798768349956e-15
5.539717981389069791e+03 5.154142967999690163e-15
5.544237086216880016e+03 5.228462062308250580e-15
5.548756191044690240e+03 5.301837138397100812e-15
5.553275295872490460e+03 5.307575786614749486e-15
5.557794400700300685e+03 5.301915065428250575e-15
5.562313505528100904e+03 5.297985679585939453e-15
5.566832610355910219e+03 5.352945835885009935e-15
5.571351715183709530e+03 5.420596663316310084e-15
5.575870820011519754e+03 5.405532182349399452e-15
5.580389924839329979e+03 5.380693788204110405e-15
5.584909029667130199e+03 5.350169685400380022e-15
5.589428134494940423e+03 5.338710600173450220e-15
5.593947239322738824e+03 5.320631952463730427e-15
5.598466344150550867e+03 5.272404437545909962e-15
5.602985448978360182e+03 5.241131981133279616e-15
5.607504553806159493e+03 5.166082320907709998e-15
5.612023658633969717e+03 5.119358289471270649e-15
5.616542763461769937e+03 5.131294677763979828e-15
5.621061868289580161e+03 5.086982996161320726e-15
5.625580973117390386e+03 5.006140477609470271e-15
5.630100077945190606e+03 4.935818955295470214e-15
5.634619182773000830e+03 4.831679642562339060e-15
5.639138287600799231e+03 4.782168872729440163e-15
5.643657392428609455e+03 4.724995419339189461e-15
5.648176497256420589e+03 4.711987534368209904e-15
5.652695602084219900e+03 4.678295528341750015e-15
5.657214706912030124e+03 4.619411491914520042e-15
5.661733811739829434e+03 4.554224683326779498e-15
5.666252916567640568e+03 4.475034302538550133e-15
5.670772021395450793e+03 4.431773788823429674e-15
5.675291126223249194e+03 4.393607331253099733e-15
5.679810231051059418e+03 4.325095071314439594e-15
5.684329335878859638e+03 4.272426986170640038e-15
5.688848440706669862e+03 4.242400938739900705e-15
5.693367545534480087e+03 4.189695160629940443e-15
5.697886650362280307e+03 4.125383337076710436e-15
5.702405755190090531e+03 4.048608270737579864e-15
5.706924860017889841e+03 3.969136251494400278e-15
5.711443964845699156e+03 3.932811667067870080e-15
5.715963069673499376e+03 3.920408987137699776e-15
5.720482174501309601e+03 3.936816862358960461e-15
5.725001279329119825e+03 3.896319793634260312e-15
5.729520384156920045e+03 3.821567441973170643e-15
5.734039488984730269e+03 3.793745797787659839e-15
5.738558593812540494e+03 3.771377351716570642e-15
5.743077698640339804e+03 3.729551711814099757e-15
5.747596803468149119e+03 3.714920064683229761e-15
5.752115908295949339e+03 3.710020402599829373e-15
5.756635013123759563e+03 3.705173256559169794e-15
5.761154117951559783e+03 3.697405117399899817e-15
5.765673222779370008e+03 3.683004286747159774e-15
5.770192327607180232e+03 3.670723579561389356e-15
5.774711432434979542e+03 3.627360998376129487e-15
5.779230537262788857e+03 3.614269680659839071e-15
5.783749642090589987e+03 3.663290441932760033e-15
5.788268746918399302e+03 3.682523172033120120e-15
5.792787851746209526e+03 3.714898888859539726e-15
5.797306956574009746e+03 3.808297400305010358e-15
5.801826061401819970e+03 3.853411645625200009e-15
5.806345166229620190e+03 3.902311704703139599e-15
5.810864271057429505e+03 4.025203056339049826e-15
5.815383375885238820e+03 4.101447033020249585e-15
5.819902480713039949e+03 4.147197823600300053e-15
5.824421585540849264e+03 4.238786649153960295e-15
5.828940690368649484e+03 4.339419245485460223e-15
5.833459795196459709e+03 4.454971480149890297e-15
5.837978900024269933e+03 4.581355995660279625e-15
5.842498004852070153e+03 4.697142011418149520e-15
5.847017109679879468e+03 4.835742436093849834e-15
5.851536214507679688e+03 5.000590294222589624e-15
5.856055319335489912e+03 5.158418790317429871e-15
5.860574424163290132e+03 5.279475045073119967e-15
5.865093528991099447e+03 5.383508902204310861e-15
5.869612633818909671e+03 5.493008662944140065e-15
5.874131738646709891e+03 5.603557050472659839e-15
5.878650843474520116e+03 5.679089942994649867e-15
5.883169948302320336e+03 5.715211239513828779e-15
5.887689053130129651e+03 5.679216574420260441e-15
5.892208157957939875e+03 5.632309160350738959e-15
5.896727262785740095e+03 5.650757537941939987e-15
5.901246367613549410e+03 5.758405684659060247e-15
5.905765472441350539e+03 5.879688097211669607e-15
5.910284577269159854e+03 5.946819693446309969e-15
5.914803682096970078e+03 5.903086535346620033e-15
5.919322786924770298e+03 5.837243699741230244e-15
5.923841891752579613e+03 5.803783357225849929e-15
5.928360996580379833e+03 5.813478496340120284e-15
5.932880101408190058e+03 5.757433714352089881e-15
5.937399206235999372e+03 5.645652046852359958e-15
5.941918311063800502e+03 5.551455630370579720e-15
5.946437415891609817e+03 5.456530765554159994e-15
5.950956520719410037e+03 5.372104450602479750e-15
5.955475625547220261e+03 5.278638176521229563e-15
5.959994730375029576e+03 5.204391080013179451e-15
5.964513835202829796e+03 5.181095132864849951e-15
5.969032940030640020e+03 5.145150442715160150e-15
5.973552044858440240e+03 5.078890866899720457e-15
5.978071149686249555e+03 5.033846925314160013e-15
5.982590254514050685e+03 5.011960017473579364e-15
5.987109359341859999e+03 4.970922965244999866e-15
5.991628464169670224e+03 4.927686591968879310e-15
5.996147568997470444e+03 4.896521285224080577e-15
6.000666673825279759e+03 4.845702273004140313e-15
6.005185778653079979e+03 4.798442069712089781e-15
6.009704883480890203e+03 4.764595480172750461e-15
6.014223988308699518e+03 4.730381701850779557e-15
6.018743093136500647e+03 4.663635929123620628e-15
6.023262197964309962e+03 4.605768755749569442e-15
6.027781302792110182e+03 4.531139647382310007e-15
6.032300407619920406e+03 4.434588055790689187e-15
6.036819512447729721e+03 4.321796301501360088e-15
6.041338617275529941e+03 4.214955377182960555e-15
6.045857722103340166e+03 4.138379787102909949e-15
6.050376826931140386e+03 4.092253760927229769e-15
6.054895931758950610e+03 4.069216158827810464e-15
6.059415036586759925e+03 4.021457053129820049e-15
6.063934141414560145e+03 3.946061803461769889e-15
6.068453246242370369e+03 3.932117100051119976e-15
6.072972351070170589e+03 3.948819319221549952e-15
6.077491455897979904e+03 3.945276180403189158e-15
6.082010560725780124e+03 3.961102143989689295e-15
6.086529665553590348e+03 3.988502389283949763e-15
6.091048770381400573e+03 4.021158050499439281e-15
6.095567875209200793e+03 4.060456991120250589e-15
6.100086980037010107e+03 4.091327953915880030e-15
6.104606084864809418e+03 4.112100166397870076e-15
6.109125189692620552e+03 4.099704686247749856e-15
6.113644294520429867e+03 4.036502052338950143e-15
6.118163399348230087e+03 3.949945449524929278e-15
6.122682504176040311e+03 3.817541494374870954e-15
6.127201609003850535e+03 3.583573630167820009e-15
6.131720713831650755e+03 3.303130338694339781e-15
6.136239818659460070e+03 3.069923745348630089e-15
6.140758923487260290e+03 2.881465055573409940e-15
6.145278028315070515e+03 2.705438903639760276e-15
6.149797133142869825e+03 2.526087512113420338e-15
6.154316237970680049e+03 2.331113233149689608e-15
6.158835342798490274e+03 2.156976176446649904e-15
6.163354447626290494e+03 2.039569363144210088e-15
6.167873552454100718e+03 1.960136307416599861e-15
6.172392657281899119e+03 1.918242693120110240e-15
6.176911762109710253e+03 1.870078705673329904e-15
6.181430866937520477e+03 1.836311948989279951e-15
6.185949971765319788e+03 1.795274049727750043e-15
6.190469076593130012e+03 1.778521220338720043e-15
6.194988181420930232e+03 1.774090496870750022e-15
6.199507286248740456e+03 1.770805703101299817e-15
6.204026391076550681e+03 1.791731757942340053e-15
6.208545495904350901e+03 1.792424207376720049e-15
6.213064600732160216e+03 1.817632754919949759e-15
6.217583705559959526e+03 1.866536413887919914e-15
6.222102810387769750e+03 1.908321396208919832e-15
6.226621915215579975e+03 1.955063850611959989e-15
6.231141020043380195e+03 2.022937659466629960e-15
6.235660124871190419e+03 2.097061936197329776e-15
6.240179229698988820e+03 2.169487700110549879e-15
6.244698334526800863e+03 2.252450553887609928e-15
6.249217439354599264e+03 2.356091599489510062e-15
6.253736544182409489e+03 2.483057179601719785e-15
6.258255649010219713e+03 2.613539005236219710e-15
6.262774753838019933e+03 2.716819214802589907e-15
6.267293858665830157e+03 2.782258015692150044e-15
6.271812963493629468e+03 2.820016626898380195e-15
6.276332068321440602e+03 2.853745055341570046e-15
6.280851173149250826e+03 2.904160244603909978e-15
6.285370277977049227e+03 2.973806893417180044e-15
6.289889382804859451e+03 3.051994810712329999e-15
6.294408487632659671e+03 3.117102633477739869e-15
6.298927592460469896e+03 3.167676853175929951e-15
6.303446697288280120e+03 3.234901834792999972e-15
6.307965802116079431e+03 3.312981543629140163e-15
6.312484906943890564e+03 3.360289392524480060e-15
6.317004011771689875e+03 3.376513885112660190e-15
6.321523116599499190e+03 3.400386449939839760e-15
6.326042221427309414e+03 3.460241821399330446e-15
6.330561326255109634e+03 3.496569370441169724e-15
6.335080431082919858e+03 3.533448761448150306e-15
6.339599535910720078e+03 3.573305896781200225e-15
6.344118640738530303e+03 3.598847328272710342e-15
6.348637745566340527e+03 3.600576969550999679e-15
6.353156850394139838e+03 3.597116416444989868e-15
6.357675955221949152e+03 3.605367787900670790e-15
6.362195060049749372e+03 3.634775924796389688e-15
6.366714164877559597e+03 3.655324097063830182e-15
6.371233269705359817e+03 3.639707774131779430e-15
6.375752374533170041e+03 3.646718665836200118e-15
6.380271479360980265e+03 3.674078677065469951e-15
6.384790584188779576e+03 3.671558754047379730e-15
6.389309689016589800e+03 3.683838614200199738e-15
6.393828793844390020e+03 3.719670225451430300e-15
6.398347898672199335e+03 3.715459624670629962e-15
6.402867003500009560e+03 3.664188720373320063e-15
6.407386108327809779e+03 3.631940058488979924e-15
6.411905213155620004e+03 3.660338108595109902e-15
6.416424317983420224e+03 3.698461791001599557e-15
6.420943422811229539e+03 3.690703816237699786e-15
6.425462527639038854e+03 3.657289637017940097e-15
6.429981632466839983e+03 3.644782772035249626e-15
6.434500737294649298e+03 3.649315245336009754e-15
6.439019842122449518e+03 3.635307437970790184e-15
6.443538946950259742e+03 3.632914993411269624e-15
6.448058051778069967e+03 3.651036416284829703e-15
6.452577156605870186e+03 3.645987252886249974e-15
6.457096261433679501e+03 3.639875486655339725e-15
6.461615366261479721e+03 3.627261048488350324e-15
6.466134471089289946e+03 3.624172342846189885e-15
6.470653575917090166e+03 3.640071998299099568e-15
6.475172680744899480e+03 3.619840192837460132e-15
6.479691785572709705e+03 3.598863421898700285e-15
6.484210890400509925e+03 3.595690859994760092e-15
6.488729995228320149e+03 3.618661970007829401e-15
6.493249100056120369e+03 3.653461895129299492e-15
6.497768204883929684e+03 3.654960719929459665e-15
6.502287309711739908e+03 3.649513874562139309e-15
6.506806414539540128e+03 3.651273161993589646e-15
6.511325519367349443e+03 3.639307974580680133e-15
6.515844624195159668e+03 3.628303746046420368e-15
6.520363729022959888e+03 3.623285499350409899e-15
6.524882833850770112e+03 3.625997698847520536e-15
6.529401938678570332e+03 3.625004976233340073e-15
6.533921043506379647e+03 3.610279308445320118e-15
6.538440148334179867e+03 3.620111666897049614e-15
6.542959253161990091e+03 3.614355654503990115e-15
6.547478357989799406e+03 3.586095247251789750e-15
6.551997462817600535e+03 3.573508337655590058e-15
6.556516567645409850e+03 3.534609408344120778e-15
6.561035672473210070e+03 3.505609753087219210e-15
6.565554777301020295e+03 3.503913993126810184e-15
6.570073882128829609e+03 3.465203740404339827e-15
6.574592986956629829e+03 3.412529514271680171e-15
6.579112091784440054e+03 3.371329408200749881e-15
6.583631196612240274e+03 3.348397896977979699e-15
6.588150301440050498e+03 3.344368773006119917e-15
6.592669406267859813e+03 3.320257980162529808e-15
6.597188511095660033e+03 3.292990083766279797e-15
6.601707615923470257e+03 3.264052897189230345e-15
6.606226720751270477e+03 3.216154454571420148e-15
6.610745825579079792e+03 3.186762199543460296e-15
6.615264930406890016e+03 3.146391550486139824e-15
6.619784035234690236e+03 3.048486400244800321e-15
6.624303140062499551e+03 2.996898282108749602e-15
6.628822244890300681e+03 3.014438428622259968e-15
6.633341349718109996e+03 2.941863163393849875e-15
6.637860454545910216e+03 2.891701236982740163e-15
6.642379559373720440e+03 2.886183876122570353e-15
6.646898664201529755e+03 2.865350889026610473e-15
6.651417769029329975e+03 2.823421064071629675e-15
6.655936873857140199e+03 2.763695923927780126e-15
6.660455978684940419e+03 2.717034361171199993e-15
6.664975083512750643e+03 2.694409899391800029e-15
6.669494188340559958e+03 2.665321940950140101e-15
6.674013293168360178e+03 2.615409465741989680e-15
6.678532397996170403e+03 2.567734216305790063e-15
6.683051502823969713e+03 2.531929286592399983e-15
6.687570607651779937e+03 2.493206751892199960e-15
6.692089712479590162e+03 2.486989953575819923e-15
6.696608817307390382e+03 2.472116690296749978e-15
6.701127922135200606e+03 2.418145233205359711e-15
6.705647026963000826e+03 2.402195602808560447e-15
6.710166131790810141e+03 2.397391443689970080e-15
6.714685236618620365e+03 2.370099406854730421e-15
6.719204341446420585e+03 2.330556308986869906e-15
6.723723446274229900e+03 2.310399465941060110e-15
6.728242551102030120e+03 2.286576876057769726e-15
6.732761655929840344e+03 2.242479282032530333e-15
6.737280760757650569e+03 2.210457624978050402e-15
6.741799865585450789e+03 2.169179380117750103e-15
6.746318970413260104e+03 2.134687139714370136e-15
6.750838075241059414e+03 2.130123326194560022e-15
6.755357180068870548e+03 2.122400926814439804e-15
6.759876284896669858e+03 2.092342692131699681e-15
6.764395389724480083e+03 2.085092513619680442e-15
6.768914494552290307e+03 2.060389432987720002e-15
6.773433599380090527e+03 2.013210333100369858e-15
6.777952704207900751e+03 1.996575664807480256e-15
6.782471809035699152e+03 1.980732548803789543e-15
6.786990913863511196e+03 1.978103993810230129e-15
6.791510018691320511e+03 1.970907178373880022e-15
6.796029123519119821e+03 1.937513539703090066e-15
6.800548228346930046e+03 1.923959953755839954e-15
6.805067333174730265e+03 1.928494121122490252e-15
6.809586438002540490e+03 1.925284713285339763e-15
6.814105542830350714e+03 1.909154453112539703e-15
6.818624647658149115e+03 1.899046597194719690e-15
6.823143752485960249e+03 1.889544369834180191e-15
6.827662857313759559e+03 1.869262165912180308e-15
6.832181962141569784e+03 1.854086511870939788e-15
6.836701066969380008e+03 1.837929146643819701e-15
6.841220171797180228e+03 1.832393998091749662e-15
6.845739276624990453e+03 1.832234967655910162e-15
6.850258381452788853e+03 1.821039521433810105e-15
6.854777486280600897e+03 1.835048811106689736e-15
6.859296591108399298e+03 1.827898794240669907e-15
6.863815695936209522e+03 1.735319151896959934e-15
6.868334800764019747e+03 1.570591360688499949e-15
6.872853905591819967e+03 1.428796245373119918e-15
6.877373010419630191e+03 1.437849227634249951e-15
6.881892115247429501e+03 1.556455016073539864e-15
6.886411220075238816e+03 1.636301423879409993e-15
6.890930324903050860e+03 1.639732119074030273e-15
6.895449429730849261e+03 1.615565316176800015e-15
6.899968534558659485e+03 1.604559393576649686e-15
6.904487639386469709e+03 1.631762068435959932e-15
6.909006744214269929e+03 1.669258417065889963e-15
6.913525849042080154e+03 1.691986110985740095e-15
6.918044953869879464e+03 1.708405421151790291e-15
6.922564058697690598e+03 1.711657286515410068e-15
6.927083163525489908e+03 1.706519396415610184e-15
6.931602268353299223e+03 1.708055914181930077e-15
6.936121373181109448e+03 1.712542118307939930e-15
6.940640478008909668e+03 1.692281619605210086e-15
6.945159582836719892e+03 1.679099245847090029e-15
6.949678687664520112e+03 1.702197728439600140e-15
6.954197792492329427e+03 1.712436874464240034e-15
6.958716897320140561e+03 1.700602765399920095e-15
6.963236002147939871e+03 1.708232202914069884e-15
6.967755106975749186e+03 1.729240102313640341e-15
6.972274211803549406e+03 1.736427176871089924e-15
6.976793316631359630e+03 1.729306488520880016e-15
6.981312421459169855e+03 1.716918525788169636e-15
6.985831526286970075e+03 1.698329752485960222e-15
6.990350631114780299e+03 1.672778368357319670e-15
6.994869735942579609e+03 1.655489684750029961e-15
6.999388840770389834e+03 1.655237586569110105e-15
7.003907945598199149e+03 1.665810463574970165e-15
7.008427050425999369e+03 1.665439569023190005e-15
7.012946155253809593e+03 1.653469087654359955e-15
7.017465260081609813e+03 1.666938499702480024e-15
7.021984364909420037e+03 1.667161587004959970e-15
7.026503469737220257e+03 1.643283198826269801e-15
7.031022574565029572e+03 1.646202391999870046e-15
7.035541679392839796e+03 1.659641840257480205e-15
7.040060784220640926e+03 1.671226392239719881e-15
7.044579889048449331e+03 1.673980202230360046e-15
7.049098993876249551e+03 1.662704181999150057e-15
7.053618098704058866e+03 1.633188789556490014e-15
7.058137203531870000e+03 1.608646645184499805e-15
7.062656308359670220e+03 1.633466934000540109e-15
7.067175413187479535e+03 1.655882072762850052e-15
7.071694518015279755e+03 1.640215139612200066e-15
7.076213622843090889e+03 1.613964635664719890e-15
7.080732727670899294e+03 1.628641810816510128e-15
7.085251832498699514e+03 1.652710675529209967e-15
7.089770937326508829e+03 1.639177206614460102e-15
7.094290042154309049e+03 1.610433037670259914e-15
7.098809146982120183e+03 1.605328287734519974e-15
7.103328251809929498e+03 1.614507795542149865e-15
7.107847356637729717e+03 1.612367978559149872e-15
7.112366461465540851e+03 1.616103817373009836e-15
7.116885566293341071e+03 1.623898108674530235e-15
7.121404671121149477e+03 1.596575049257590090e-15
7.125923775948959701e+03 1.583963681585040008e-15
7.130442880776759011e+03 1.600954421353129861e-15
7.134961985604570145e+03 1.584328964543540072e-15
7.139481090432370365e+03 1.584398209486979886e-15
7.144000195260179680e+03 1.597923949226089999e-15
7.148519300087979900e+03 1.586664975532950012e-15
7.153038404915791034e+03 1.591287763721709946e-15
7.157557509743599439e+03 1.588515424885349974e-15
7.162076614571400569e+03 1.580460353315200166e-15
7.166595719399208974e+03 1.523518986952500100e-15
7.171114824227009194e+03 1.428742141143609908e-15
7.175633929054820328e+03 1.391313025753859905e-15
7.180153033882629643e+03 1.355453144778019858e-15
7.184672138710429863e+03 1.294705318229489995e-15
7.189191243538240997e+03 1.270504104618769840e-15
7.193710348366040307e+03 1.279407585564719941e-15
7.198229453193850532e+03 1.283746194199669944e-15
7.202748558021658937e+03 1.302693897713279946e-15
7.207267662849459157e+03 1.370865544528030182e-15
7.211786767677270291e+03 1.443421010361289922e-15
7.216305872505070511e+03 1.476416967063349900e-15
7.220824977332879826e+03 1.494810499271209902e-15
7.225344082160690959e+03 1.484414546272200089e-15
7.229863186988491179e+03 1.412866308492340175e-15
7.234382291816300494e+03 1.332444977073520007e-15
7.238901396644100714e+03 1.303315196380089989e-15
7.243420501471909120e+03 1.311448300860509938e-15
7.247939606299709340e+03 1.323692267992190242e-15
7.252458711127520473e+03 1.339030552359300038e-15
7.256977815955329788e+03 1.364953466314430007e-15
7.261496920783130008e+03 1.401942971604549901e-15
7.266016025610941142e+03 1.421451093291880127e-15
7.270535130438740453e+03 1.404085012049039986e-15
7.275054235266550677e+03 1.382536070354419917e-15
7.279573340094359082e+03 1.396637368981189919e-15
7.284092444922159302e+03 1.422828792380589838e-15
7.288611549749970436e+03 1.408390374640810061e-15
7.293130654577779751e+03 1.379087693347019984e-15
7.297649759405579971e+03 1.376178452810560036e-15
7.302168864233391105e+03 1.402152824017229984e-15
7.306687969061190415e+03 1.425455335670909975e-15
7.311207073889000640e+03 1.440604625811669768e-15
7.315726178716800860e+03 1.428337577032180137e-15
7.320245283544609265e+03 1.441183255193760101e-15
7.324764388372420399e+03 1.485347129547130229e-15
7.329283493200219709e+03 1.488484327825519992e-15
7.333802598028029934e+03 1.464980116451280199e-15
7.338321702855830154e+03 1.482725668454500127e-15
7.342840807683640378e+03 1.482633024225890046e-15
7.347359912511450602e+03 1.446822271160990157e-15
7.351879017339250822e+03 1.459651114542749950e-15
7.356398122167059228e+03 1.501678030649309772e-15
7.360917226994859448e+03 1.490384434484450173e-15
7.365436331822670581e+03 1.461276782526769935e-15
7.369955436650479896e+03 1.446413260126590061e-15
7.374474541478280116e+03 1.443450021239730227e-15
7.378993646306090341e+03 1.438646391516739980e-15
7.383512751133890561e+03 1.420160215080269701e-15
7.388031855961700785e+03 1.392571081438769749e-15
7.392550960789509190e+03 1.388869441580149852e-15
7.397070065617309410e+03 1.390361066600270000e-15
7.401589170445120544e+03 1.373124263761000209e-15
7.406108275272919855e+03 1.340261608869020095e-15
7.410627380100730079e+03 1.309645497111390270e-15
7.415146484928530299e+03 1.309432997720750016e-15
7.419665589756340523e+03 1.303068498034200005e-15
7.424184694584150748e+03 1.285533645476619839e-15
7.428703799411949149e+03 1.288955764462640098e-15
7.433222904239759373e+03 1.282824198836590146e-15
7.437742009067559593e+03 1.250375743055809892e-15
7.442261113895369817e+03 1.230607688132790016e-15
7.446780218723180042e+03 1.231853673598200106e-15
7.451299323550980262e+03 1.216444026705279994e-15
7.455818428378790486e+03 1.203602266071079898e-15
7.460337533206590706e+03 1.192887616925659936e-15
7.464856638034399111e+03 1.176094024076039971e-15
7.469375742862209336e+03 1.173227982219890189e-15
7.473894847690009556e+03 1.167708609656460000e-15
7.478413952517819780e+03 1.169577376096339997e-15
7.482933057345620000e+03 1.163027164436110003e-15
7.487452162173430224e+03 1.148027587368769912e-15
7.491971267001240449e+03 1.153777564652090085e-15
7.496490371829040669e+03 1.149511694971480023e-15
7.501009476656850893e+03 1.111431528882649838e-15
7.505528581484649294e+03 1.056650943568400029e-15
7.510047686312459518e+03 1.019342106857159939e-15
7.514566791140269743e+03 1.010681194971490043e-15
7.519085895968069963e+03 1.005870365468440048e-15
7.523605000795880187e+03 9.884826848854399930e-16
7.528124105623679498e+03 9.785090836897580118e-16
7.532643210451490631e+03 9.730155456312210513e-16
7.537162315279290851e+03 9.837535940618008275e-16
7.541681420107099257e+03 9.986337394835731307e-16
7.546200524934909481e+03 9.888796257003470395e-16
7.550719629762709701e+03 9.803456628776419513e-16
7.555238734590519925e+03 9.882793969780989610e-16
7.559757839418320145e+03 9.965932371136369296e-16
7.564276944246129460e+03 9.991849461739978806e-16
7.568796049073940594e+03 1.009975510647309987e-15
7.573315153901740814e+03 1.025901424121580215e-15
7.577834258729549219e+03 1.031283365589319971e-15
7.582353363557349439e+03 1.025370969738359842e-15
7.586872468385159664e+03 9.856106079195380658e-16
7.591391573212969888e+03 8.346845833118720270e-16
7.595910678040770108e+03 5.749609353380950436e-16
7.600429782868579423e+03 3.386616394135000265e-16
7.604948887696379643e+03 2.490757291427409851e-16
7.609467992524190777e+03 3.163384301957479604e-16
7.613987097351999182e+03 4.910861976537570298e-16
7.618506202179799402e+03 6.353986419488200047e-16
7.623025307007609626e+03 6.250102063672200326e-16
7.627544411835408937e+03 5.366143773873529873e-16
7.632063516663220071e+03 5.158690582014379700e-16
7.636582621491020291e+03 5.543948694996420273e-16
7.641101726318829606e+03 6.190001899690959458e-16
7.645620831146640739e+03 6.904789181077219028e-16
7.650139935974440959e+03 7.485826254322879352e-16
7.654659040802249365e+03 8.077913931156660036e-16
7.659178145630050494e+03 8.605545047682349619e-16
7.663697250457858900e+03 9.033109809401787255e-16
7.668216355285670033e+03 9.477063070463809639e-16
7.672735460113470253e+03 9.815970481780919704e-16
7.677254564941279568e+03 1.003440439700999936e-15
7.681773669769090702e+03 1.024842209421040093e-15
7.686292774596890922e+03 1.039189253481630079e-15
7.690811879424699328e+03 1.046675965944180140e-15
7.695330984252499547e+03 1.058136533478770004e-15
7.699850089080308862e+03 1.072173034085069924e-15
7.704369193908109082e+03 1.069538761619110036e-15
7.708888298735920216e+03 1.065048216449239982e-15
7.713407403563729531e+03 1.066141524225910048e-15
7.717926508391529751e+03 1.061707200867919915e-15
7.722445613219340885e+03 1.056103230888880139e-15
7.726964718047141105e+03 1.053689610505680194e-15
7.731483822874949510e+03 1.061316824558349948e-15
7.736002927702758825e+03 1.068748162241969906e-15
7.740522032530559045e+03 1.065130908040719825e-15
7.745041137358370179e+03 1.048725997434769994e-15
7.749560242186170399e+03 1.036669330463550113e-15
7.754079347013979714e+03 1.053107910629149950e-15
7.758598451841779934e+03 1.069444740961969936e-15
7.763117556669591067e+03 1.060190058980270042e-15
7.767636661497399473e+03 1.052502599709219924e-15
7.772155766325200602e+03 1.058306892980280017e-15
7.776674871153009008e+03 1.066372552462279969e-15
7.781193975980820142e+03 1.084048647763810056e-15
7.785713080808620361e+03 1.105128121447419952e-15
7.790232185636429676e+03 1.121613817820710020e-15
7.794751290464229896e+03 1.135563285791690211e-15
7.799270395292041030e+03 1.141330097854829962e-15
7.803789500119840341e+03 1.155583333016520015e-15
7.808308604947650565e+03 1.165416750259430227e-15
7.812827709775458970e+03 1.159649408800689961e-15
7.817346814603259190e+03 1.181106341541420054e-15
7.821865919431070324e+03 1.217303129872029907e-15
7.826385024258870544e+03 1.213592490288349970e-15
7.830904129086679859e+03 1.201819473475340098e-15
7.835423233914490993e+03 1.215092585637939900e-15
7.839942338742290303e+03 1.233201197138169996e-15
7.844461443570100528e+03 1.247673072679360008e-15
7.848980548397900748e+03 1.257519936570309853e-15
7.853499653225709153e+03 1.243307994264800025e-15
7.858018758053520287e+03 1.235733508013100006e-15
7.862537862881320507e+03 1.251307373418669835e-15
7.867056967709129822e+03 1.262363376841829927e-15
7.871576072536930042e+03 1.273359452683970003e-15
7.876095177364741176e+03 1.281066711350149963e-15
7.880614282192550490e+03 1.291042853644680018e-15
7.885133387020350710e+03 1.283248456464040030e-15
7.889652491848159116e+03 1.263164775889049916e-15
7.894171596675959336e+03 1.268723853121880086e-15
7.898690701503770470e+03 1.288404769530449992e-15
7.903209806331579784e+03 1.291443182591369968e-15
7.907728911159380004e+03 1.275001108414859947e-15
7.912248015987191138e+03 1.273375440430850019e-15
7.916767120814990449e+03 1.281488216120530146e-15
7.921286225642800673e+03 1.294005563135940128e-15
7.925805330470600893e+03 1.309879172325719769e-15
7.930324435298409298e+03 1.310299618304909770e-15
7.934843540126220432e+03 1.296347820993329954e-15
7.939362644954019743e+03 1.303797369885309964e-15
7.943881749781829967e+03 1.307198101289419939e-15
7.948400854609630187e+03 1.298173282873779998e-15
7.952919959437440411e+03 1.284983921093850024e-15
7.957439064265250636e+03 1.247328647907180164e-15
7.961958169093050856e+03 1.233405437957569984e-15
7.966477273920859261e+03 1.248837848860950119e-15
7.970996378748659481e+03 1.253023991565399870e-15
7.975515483576469705e+03 1.244504428302799880e-15
7.980034588404279930e+03 1.244861558569190116e-15
7.984553693232080150e+03 1.241747124301249924e-15
7.989072798059890374e+03 1.218530162975249915e-15
7.993591902887690594e+03 1.195778646253759834e-15
7.998111007715500818e+03 1.189845709853840030e-15
8.002630112543309224e+03 1.176163692535959920e-15
8.007149217371109444e+03 1.162375054945840231e-15
8.011668322198920578e+03 1.157003913148180137e-15
8.016187427026719888e+03 1.143165935888889985e-15
8.020706531854530112e+03 1.128149735799960029e-15
8.025225636682329423e+03 1.120453276803859927e-15
8.029744741510140557e+03 1.112453474133509785e-15
8.034263846337950781e+03 1.103475877804680060e-15
8.038782951165749182e+03 1.094317757578969917e-15
8.043302055993559406e+03 1.090929096394360090e-15
8.047821160821359626e+03 1.089678134610390009e-15
8.052340265649169851e+03 1.087611480098200035e-15
8.056859370476980075e+03 1.074022636404520068e-15
8.061378475304780295e+03 1.055973846606190200e-15
8.065897580132590519e+03 1.041958415944450075e-15
8.070416684960400744e+03 1.026054737085040145e-15
8.074935789788199145e+03 1.018750983739099972e-15
8.079454894616009369e+03 1.010141423225850071e-15
8.083973999443809589e+03 9.931753532923470265e-16
8.088493104271619814e+03 9.829479598498439755e-16
8.093012209099420033e+03 9.841903454252290233e-16
8.097531313927230258e+03 9.844381025623009061e-16
8.102050418755040482e+03 9.648790530190150434e-16
8.106569523582840702e+03 9.423547528856288860e-16
8.111088628410649108e+03 9.369671998246179087e-16
8.115607733238449327e+03 9.450149657355990286e-16
8.120126838066259552e+03 9.516175875594461025e-16
8.124645942894069776e+03 9.338489539084190172e-16
8.129165047721869996e+03 9.047218201929491695e-16
8.133684152549680221e+03 8.858246739583830433e-16
8.138203257377479531e+03 8.742362044487599495e-16
8.142722362205290665e+03 8.556682893328799264e-16
8.147241467033090885e+03 8.287771108399239278e-16
8.151760571860899290e+03 8.181873461146739422e-16
8.156279676688709515e+03 8.143464222757901140e-16
8.160798781516508825e+03 7.844245069579989267e-16
8.165317886344319959e+03 7.541143329130099510e-16
8.169836991172130183e+03 7.631129991864030214e-16
8.174356095999929494e+03 7.846069896185731237e-16
8.178875200827740628e+03 7.729593336817610301e-16
8.183394305655540848e+03 7.526795649794799674e-16
8.187913410483349253e+03 7.459447530763019206e-16
8.192432515311149473e+03 7.265463750951980622e-16
8.196951620138959697e+03 6.964746408248610734e-16
8.201470724966769922e+03 6.768539166951040458e-16
8.205989829794571051e+03 6.754287837613480938e-16
8.210508934622379456e+03 6.734935252351089297e-16
8.215028039450178767e+03 6.472012519754210234e-16
8.219547144277990810e+03 5.965917745308050313e-16
8.224066249105799216e+03 5.212786341190769675e-16
8.228585353933600345e+03 4.471534044763139552e-16
8.233104458761410569e+03 4.272382040484880005e-16
8.237623563589209880e+03 4.520728130152900117e-16
8.242142668417020104e+03 4.690821345686619327e-16
8.246661773244828510e+03 4.636130545864780248e-16
8.251180878072629639e+03 4.450185638118779966e-16
8.255699982900439863e+03 4.226181687168070372e-16
8.260219087728240993e+03 4.206507494083520086e-16
8.264738192556049398e+03 4.324882730742469753e-16
8.269257297383859623e+03 4.226399533454199733e-16
8.273776402211658933e+03 4.039710030808000266e-16
8.278295507039470976e+03 3.957746887666940359e-16
8.282814611867270287e+03 3.968008427125129698e-16
8.287333716695078692e+03 4.050741840852600463e-16
8.291852821522890736e+03 4.173193158872420364e-16
8.296371926350690046e+03 4.313495960953419675e-16
8.300891031178500270e+03 4.484479355175151347e-16
8.305410136006299581e+03 4.698113240571299715e-16
8.309929240834107986e+03 4.991733505967860662e-16
8.314448345661909116e+03 5.235490000550740086e-16
8.318967450489721159e+03 5.271308906307760256e-16
8.323486555317529564e+03 5.354256725249999836e-16
8.328005660145328875e+03 5.589446540362589038e-16
8.332524764973140918e+03 5.716776768158589764e-16
8.337043869800942048e+03 5.621125043194309809e-16
8.341562974628750453e+03 5.614033259843419235e-16
8.346082079456558859e+03 5.919314521945710742e-16
8.350601184284359988e+03 6.236885702717070113e-16
8.355120289112170212e+03 6.158063463623550023e-16
8.359639393939971342e+03 5.886773104298979583e-16
8.364158498767779747e+03 5.759545579247830482e-16
8.368677603595589972e+03 5.859897807673790617e-16
8.373196708423391101e+03 6.083222808777710277e-16
8.377715813251199506e+03 6.138557883035058602e-16
8.382234918079000636e+03 5.975698328870879284e-16
8.386754022906809041e+03 5.832658286881269484e-16
8.391273127734621085e+03 5.860142917832900358e-16
8.395792232562420395e+03 6.009825815711349051e-16
8.400311337390228800e+03 6.157528244680000754e-16
8.404830442218029930e+03 6.208162286080089685e-16
8.409349547045841973e+03 6.251023741397928453e-16
8.413868651873639465e+03 6.364097875296050229e-16
8.418387756701449689e+03 6.467352779753129487e-16
8.422906861529259913e+03 6.640115737257480775e-16
8.427425966357059224e+03 6.798490251965950546e-16
8.431945071184871267e+03 6.869089918724000501e-16
8.436464176012670578e+03 7.009214049792690330e-16
8.440983280840478983e+03 7.157993269395540049e-16
8.445502385668291026e+03 7.341964590374439783e-16
8.450021490496090337e+03 7.658615152211250164e-16
8.454540595323900561e+03 7.952276181068388850e-16
8.459059700151708967e+03 8.073518359556010139e-16
8.463578804979510096e+03 8.295975151888990197e-16
8.468097909807320320e+03 8.650646905145678970e-16
8.472617014635121450e+03 8.839946592758400288e-16
8.477136119462929855e+03 9.008420916571690563e-16
8.481655224290729166e+03 9.311398249057449387e-16
8.486174329118539390e+03 9.876165936968730626e-16
8.490693433946349614e+03 1.049519561427230050e-15
8.495212538774150744e+03 1.088752539357269984e-15
8.499731643601959149e+03 1.129288677476669929e-15
8.504250748429760279e+03 1.173717567263400019e-15
8.508769853257570503e+03 1.222820278973969807e-15
8.513288958085378908e+03 1.283040403996369707e-15
8.517808062913180038e+03 1.332455776743599865e-15
8.522327167740992081e+03 1.365954447499849946e-15
8.526846272568789573e+03 1.408034832561199871e-15
8.531365377396599797e+03 1.452680986298909958e-15
8.535884482224399108e+03 1.473613288007929883e-15
8.540403587052209332e+03 1.489659056644250005e-15
8.544922691880021375e+03 1.524141450289609857e-15
8.549441796707820686e+03 1.561622975842969840e-15
8.553960901535629091e+03 1.602755636915469878e-15
8.558480006363441134e+03 1.649820916750540022e-15
8.562999111191240445e+03 1.683576344368919857e-15
8.567518216019050669e+03 1.718178910813680091e-15
8.572037320846849980e+03 1.748900266414999953e-15
8.576556425674660204e+03 1.749153635145350156e-15
8.581075530502459515e+03 1.750527946102269864e-15
8.585594635330269739e+03 1.774473355762909952e-15
8.590113740158079963e+03 1.786679841686680170e-15
8.594632844985879274e+03 1.788600065378100146e-15
8.599151949813689498e+03 1.813367096997579864e-15
8.603671054641490628e+03 1.852508065973730216e-15
8.608190159469300852e+03 1.883702383596970042e-15
8.612709264297109257e+03 1.893318536888910117e-15
8.617228369124910387e+03 1.896627471097360225e-15
8.621747473952720611e+03 1.920090071978070292e-15
8.626266578780519922e+03 1.954859715671669731e-15
8.630785683608330146e+03 1.955492025766799799e-15
8.635304788436129456e+03 1.929079632647280181e-15
8.639823893263939681e+03 1.930780474805369972e-15
8.644342998091749905e+03 1.971869407801960118e-15
8.648862102919549216e+03 1.998280318613820069e-15
8.653381207747359440e+03 1.999666276273770046e-15
8.657900312575171483e+03 2.020753585012139874e-15
8.662419417402970794e+03 2.041621300458929687e-15
8.666938522230779199e+03 2.050825795738510088e-15
8.671457627058578510e+03 2.079907613191300056e-15
8.675976731886390553e+03 2.105435492155649765e-15
8.680495836714200777e+03 2.104443616574419712e-15
8.685014941542000088e+03 2.105309072488269694e-15
8.689534046369810312e+03 2.110666767637889957e-15
8.694053151197609623e+03 2.125900231677790049e-15
8.698572256025419847e+03 2.153198197743660094e-15
8.703091360853220976e+03 2.152790351379559909e-15
8.707610465681029382e+03 2.141263927033319840e-15
8.712129570508839606e+03 2.159299376062739919e-15
8.716648675336640736e+03 2.185929244891459979e-15
8.721167780164449141e+03 2.203670561729940085e-15
8.725686884992250270e+03 2.222184372616320057e-15
8.730205989820060495e+03 2.235055038249839685e-15
8.734725094647870719e+03 2.235503118678939576e-15
8.739244199475670030e+03 2.238768007174130094e-15
8.743763304303480254e+03 2.231490088333089854e-15
8.748282409131279564e+03 2.219679272674809942e-15
8.752801513959089789e+03 2.238887438819700050e-15
8.757320618786900013e+03 2.264356025477739986e-15
8.761839723614699324e+03 2.275086238853559829e-15
8.766358828442509548e+03 2.276276955419160195e-15
8.770877933270308858e+03 2.271702977503989734e-15
8.775397038098120902e+03 2.270963941257509963e-15
8.779916142925929307e+03 2.267650771884319639e-15
8.784435247753728618e+03 2.251710458849939778e-15
8.788954352581540661e+03 2.241552416229999681e-15
8.793473457409339971e+03 2.249076609900460420e-15
8.797992562237150196e+03 2.274008812944649992e-15
8.802511667064949506e+03 2.280099615110120036e-15
8.807030771892757912e+03 2.255172917780079728e-15
8.811549876720569955e+03 2.244331954846410329e-15
8.816068981548371085e+03 2.239572688474029962e-15
8.820588086376179490e+03 2.245416580535369855e-15
8.825107191203978800e+03 2.266871078056369689e-15
8.829626296031790844e+03 2.258684716379399607e-15
8.834145400859599249e+03 2.211149862654200290e-15
8.838664505687400379e+03 2.185301169961070126e-15
8.843183610515210603e+03 2.224637380031559834e-15
8.847702715343020827e+03 2.252470882678340087e-15
8.852221820170820138e+03 2.238138661694319754e-15
8.856740924998628543e+03 2.226293752959919957e-15
8.861260029826429673e+03 2.221328234064880012e-15
8.865779134654239897e+03 2.197407388359710497e-15
8.870298239482041026e+03 2.172172159278630048e-15
8.874817344309849432e+03 2.174414467248249784e-15
8.879336449137659656e+03 2.183063308914429787e-15
8.883855553965458967e+03 2.159715480998069916e-15
8.888374658793271010e+03 2.160289134061600258e-15
8.892893763621070320e+03 2.162955593779559951e-15
8.897412868448878726e+03 2.109991047104220206e-15
8.901931973276690769e+03 2.053222051946289743e-15
8.906451078104490080e+03 2.035205025883479939e-15
8.910970182932300304e+03 2.028812256472320049e-15
8.915489287760099614e+03 2.016958877408439820e-15
8.920008392587909839e+03 1.985206365072949943e-15
8.924527497415709149e+03 1.916758903154759886e-15
8.929046602243521193e+03 1.860055976566710526e-15
8.933565707071329598e+03 1.816518694836080246e-15
8.938084811899128908e+03 1.774449109444799728e-15
8.942603916726940952e+03 1.752608259020729778e-15
8.947123021554749357e+03 1.711296873996360266e-15
8.951642126382550487e+03 1.639180171229769970e-15
8.956161231210358892e+03 1.560470587518229969e-15
8.960680336038160021e+03 1.502140722396749997e-15
8.965199440865970246e+03 1.483815270462020038e-15
8.969718545693778651e+03 1.436190525365290007e-15
8.974237650521579781e+03 1.374291581041429914e-15
8.978756755349390005e+03 1.406663697977840058e-15
8.983275860177191134e+03 1.392336241554150002e-15
8.987794965004999540e+03 1.337836447661910063e-15
8.992314069832800669e+03 1.319781834512069991e-15
8.996833174660609075e+03 1.301722562681009963e-15
9.001352279488421118e+03 1.375424275850150066e-15
9.005871384316220428e+03 1.392979033682000173e-15
9.010390489144028834e+03 1.348552049719390164e-15
9.014909593971829963e+03 1.382386463160110140e-15
9.019428698799642007e+03 1.415614506889709908e-15
9.023947803627439498e+03 1.421389365765850153e-15
9.028466908455249722e+03 1.430930239004610102e-15
9.032986013283059947e+03 1.483613358983219872e-15
9.037505118110859257e+03 1.574877982676319911e-15
9.042024222938671301e+03 1.630165623088619826e-15
9.046543327766479706e+03 1.616442842310149751e-15
9.051062432594279016e+03 1.597855445436480019e-15
9.055581537422091060e+03 1.612218053727480142e-15
9.060100642249890370e+03 1.580503446116389954e-15
9.064619747077700595e+03 1.513301228509769897e-15
9.069138851905509000e+03 1.467935096766899966e-15
9.073657956733310129e+03 1.400291045599169963e-15
9.078177061561120354e+03 1.339049822358849876e-15
9.082696166388921483e+03 1.330714171124919912e-15
9.087215271216729889e+03 1.334514278563659896e-15
9.091734376044529199e+03 1.345113837107359847e-15
9.096253480872339424e+03 1.366190557933890180e-15
9.100772585700149648e+03 1.352474976935480246e-15
9.105291690527950777e+03 1.304992533373889923e-15
9.109810795355759183e+03 1.284566545609090073e-15
9.114329900183560312e+03 1.270591349012339991e-15
9.118849005011370537e+03 1.291610365719340202e-15
9.123368109839178942e+03 1.309501289752120028e-15
9.127887214666980071e+03 1.325415238886019952e-15
9.132406319494790296e+03 1.300679759243829993e-15
9.136925424322589606e+03 1.185252567818230052e-15
9.141444529150399831e+03 1.129743428290219981e-15
9.145963633978210055e+03 1.246564835947000107e-15
9.150482738806009365e+03 1.330083660974809859e-15
9.155001843633821409e+03 1.232042350187200015e-15
9.159520948461620719e+03 1.092444967732589870e-15
9.164040053289429125e+03 1.112218951886240131e-15
9.168559158117241168e+03 1.232096772054069979e-15
9.173078262945040478e+03 1.234844441055839986e-15
9.177597367772850703e+03 1.133129971892469956e-15
9.182116472600650013e+03 1.102713018756559747e-15
9.186635577428460238e+03 1.179974387886539991e-15
9.191154682256270462e+03 1.270317757370380205e-15
9.195673787084069772e+03 1.319877337476869956e-15
9.200192891911879997e+03 1.326997390552369817e-15
9.204711996739679307e+03 1.326853606709580105e-15
9.209231101567489532e+03 1.317385154787810004e-15
9.213750206395290661e+03 1.270461964729650052e-15
9.218269311223100885e+03 1.217311282564150188e-15
9.222788416050909291e+03 1.201874636496030035e-15
9.227307520878710420e+03 1.232980862692759950e-15
9.231826625706520645e+03 1.253114094695169963e-15
9.236345730534319955e+03 1.241886249462840190e-15
9.240864835362130179e+03 1.175395221894559906e-15
9.245383940189940404e+03 1.102506977992140139e-15
9.249903045017739714e+03 1.072136505789219977e-15
9.254422149845549939e+03 1.076457856127880125e-15
9.258941254673349249e+03 1.099474917678330092e-15
9.263460359501159473e+03 1.132470662622149903e-15
9.267979464328969698e+03 1.159573811110150078e-15
9.272498569156770827e+03 1.180171746563250243e-15
9.277017673984579233e+03 1.151280193886229976e-15
9.281536778812378543e+03 1.056982451088130103e-15
9.286055883640190586e+03 9.577390946692527339e-16
9.290574988468000811e+03 8.916444785202900265e-16
9.295094093295800121e+03 8.559173699589320913e-16
9.299613198123610346e+03 8.149018641309519242e-16
9.304132302951409656e+03 7.541681195051609935e-16
9.308651407779219880e+03 6.900267083930060202e-16
9.313170512607021010e+03 6.470234279960571196e-16
9.317689617434829415e+03 6.191827785087879579e-16
9.322208722262639640e+03 5.807982099545389496e-16
9.326727827090440769e+03 5.610743595634530207e-16
9.331246931918249174e+03 5.327224198133969889e-16
9.335766036746059399e+03 4.834396077224190307e-16
9.340285141573860528e+03 4.342069029242259507e-16
9.344804246401670753e+03 3.756986844277870330e-16
9.349323351229470063e+03 3.651415834105640130e-16
9.353842456057280287e+03 4.413589579632659892e-16
9.358361560885090512e+03 4.892071079998330609e-16
9.362880665712889822e+03 4.591818546624769476e-16
9.367399770540700047e+03 4.673495816146130564e-16
9.371918875368499357e+03 4.795352093520500374e-16
9.376437980196309582e+03 4.761326250633701124e-16
9.380957085024108892e+03 4.852744928444080671e-16
9.385476189851920935e+03 4.730177672789611255e-16
9.389995294679729341e+03 4.973252305849949980e-16
9.394514399507528651e+03 6.053461776780339387e-16
9.399033504335340695e+03 7.114253017394919027e-16
9.403552609163140005e+03 7.255703284421649926e-16
9.408071713990950229e+03 6.544031496094509093e-16
9.412590818818749540e+03 6.036732876072070899e-16
9.417109923646557945e+03 5.672222305737429421e-16
9.421629028474369989e+03 5.413346273046050876e-16
9.426148133302171118e+03 5.354941763146089779e-16
9.430667238129979523e+03 5.115225086326019362e-16
9.435186342957789748e+03 5.101631795709370846e-16
9.439705447785590877e+03 5.445556818447769698e-16
9.444224552613399283e+03 4.934341200439870427e-16
9.448743657441200412e+03 3.980828006084029489e-16
9.453262762269008817e+03 4.644437292099388709e-16
9.457781867096820861e+03 5.565842379100570871e-16
9.462300971924620171e+03 5.073472185377900645e-16
9.466820076752428577e+03 4.616779548789169639e-16
9.471339181580229706e+03 4.835030293143441048e-16
9.475858286408039930e+03 5.099271220764490532e-16
9.480377391235841060e+03 5.342377088164760246e-16
9.484896496063649465e+03 5.118602630203199829e-16
9.489415600891459690e+03 4.910437930668349141e-16
9.493934705719259000e+03 5.355853911751170170e-16
9.498453810547071043e+03 5.125738353388230206e-16
9.502972915374870354e+03 3.886252012962750169e-16
9.507492020202678759e+03 3.785570500478560208e-16
9.512011125030490803e+03 5.170290168831429393e-16
9.516530229858290113e+03 5.873293633734610475e-16
9.521049334686100337e+03 5.452719011412388953e-16
9.525568439513899648e+03 4.818335273753059774e-16
9.530087544341709872e+03 4.489511789673020043e-16
9.534606649169520097e+03 4.841454508652779784e-16
9.539125753997321226e+03 5.435531654121420061e-16
9.543644858825129631e+03 5.611670567316178673e-16
9.548163963652928942e+03 5.272831977426040909e-16
9.552683068480740985e+03 5.012801862344030351e-16
9.557202173308549391e+03 5.192080620795139289e-16
9.561721278136350520e+03 5.087916214710950657e-16
9.566240382964158925e+03 4.792290598811769099e-16
9.570759487791960055e+03 4.693854253033389645e-16
9.575278592619770279e+03 4.885028530437500177e-16
9.579797697447578685e+03 5.641372836402829852e-16
9.584316802275379814e+03 6.122861303731249391e-16
9.588835907103190038e+03 5.586594686308310104e-16
9.593355011930991168e+03 4.861896590043580227e-16
9.597874116758799573e+03 4.509062898282430327e-16
9.602393221586600703e+03 5.042409899015309350e-16
9.606912326414409108e+03 5.535486306457759751e-16
9.611431431242221151e+03 5.546497205376469677e-16
9.615950536070020462e+03 5.648767963427949956e-16
9.620469640897828867e+03 5.848001229929600025e-16
9.624988745725629997e+03 5.642540683078860663e-16
9.629507850553442040e+03 5.158056366095121071e-16
9.634026955381250445e+03 5.113565431144999870e-16
9.638546060209049756e+03 5.584257404769480269e-16
9.643065165036859980e+03 5.801841110677788916e-16
9.647584269864659291e+03 5.693489714856209787e-16
9.652103374692471334e+03 5.589424835143320577e-16
9.656622479520279740e+03 5.719178635959650698e-16
9.661141584348079050e+03 5.787144030251749640e-16
9.665660689175891093e+03 5.400691600814080503e-16
9.670179794003690404e+03 5.088805599305570631e-16
9.674698898831500628e+03 5.308869523562570109e-16
9.679218003659309034e+03 6.022648306346000098e-16
9.683737108487110163e+03 6.405949243824300078e-16
9.688256213314920387e+03 6.291845964895260383e-16
9.692775318142719698e+03 6.546311602909401235e-16
9.697294422970529922e+03 6.722099526826629513e-16
9.701813527798329233e+03 6.427427881784300012e-16
9.706332632626139457e+03 6.322565732309809664e-16
9.710851737453949681e+03 6.669063617625490496e-16
9.715370842281750811e+03 6.838703141136850426e-16
9.719889947109559216e+03 6.890853900908109686e-16
9.724409051937371260e+03 6.912987930611049608e-16
9.728928156765170570e+03 6.755002521662729712e-16
9.733447261592978975e+03 6.583703872365941337e-16
9.737966366420780105e+03 6.062610262006279836e-16
9.742485471248590329e+03 5.827834434246660188e-16
9.747004576076400554e+03 6.242660879230571298e-16
9.751523680904199864e+03 5.912906717699739848e-16
9.756042785732010088e+03 5.277707710828670517e-16
9.760561890559809399e+03 5.254984993227389842e-16
9.765080995387621442e+03 5.536406395996710791e-16
9.769600100215420753e+03 5.731343087873409477e-16
9.774119205043229158e+03 5.710812597418740352e-16
9.778638309871039382e+03 5.565828085419588913e-16
9.783157414698840512e+03 5.421180269016969086e-16
9.787676519526650736e+03 5.607323700109989983e-16
9.792195624354450047e+03 5.790193878257450252e-16
9.796714729182260271e+03 5.486831675176290644e-16
9.801233834010070495e+03 5.363295625588390247e-16
9.805752938837869806e+03 5.438615912840610769e-16
9.810272043665680030e+03 5.521144979869560379e-16
9.814791148493479341e+03 5.858138096725860934e-16
9.819310253321289565e+03 5.919479693370429275e-16
9.823829358149099789e+03 5.321435786730669828e-16
9.828348462976899100e+03 5.135424175140080172e-16
9.832867567804709324e+03 5.435969993671629092e-16
9.837386672632510454e+03 5.466994163551589014e-16
9.841905777460320678e+03 5.665852088578481104e-16
9.846424882288129083e+03 5.759090828434280232e-16
9.850943987115930213e+03 5.583102792983249320e-16
9.855463091943740437e+03 5.578161943922800524e-16
9.859982196771539748e+03 5.901735941312230743e-16
9.864501301599349972e+03 6.268684378348179629e-16
9.869020406427149283e+03 6.194881338862730345e-16
9.873539511254959507e+03 5.594404330081989823e-16
9.878058616082769731e+03 5.184329210536580346e-16
9.882577720910570861e+03 5.442611790769280958e-16
9.887096825738379266e+03 5.395282236654669839e-16
9.891615930566178577e+03 5.025202954087429286e-16
9.896135035393990620e+03 4.883026885704019859e-16
9.900654140221800844e+03 4.950869989614349100e-16
9.905173245049600155e+03 4.989915561504809218e-16
9.909692349877410379e+03 4.888633714419249321e-16
9.914211454705209690e+03 4.827403290849010079e-16
9.918730559533019914e+03 4.974696497025019549e-16
9.923249664360830138e+03 4.778924948299690245e-16
9.927768769188629449e+03 4.955795486202629898e-16
9.932287874016439673e+03 4.782685245189910263e-16
9.936806978844240803e+03 4.416658485879679643e-16
9.941326083672049208e+03 4.634317365962070914e-16
9.945845188499859432e+03 4.581733560596520005e-16
9.950364293327660562e+03 4.424216666747150144e-16
9.954883398155470786e+03 4.710618093850731386e-16
9.959402502983270097e+03 4.969679414999320823e-16
9.963921607811078502e+03 4.917345484353209933e-16
9.968440712638890545e+03 5.146834238335190590e-16
9.972959817466689856e+03 5.199916734348429580e-16
9.977478922294500080e+03 5.061763543068880128e-16
9.981998027122299391e+03 4.995671679777000139e-16
9.986517131950109615e+03 4.349786822880729719e-16
9.991036236777908925e+03 4.096991957355049453e-16
9.995555341605720969e+03 4.692281948125049836e-16
