3.322306974867010013e+03 4.574956238227299759e-15
3.326836144516260447e+03 5.525678723719740007e-15
3.331365314165510426e+03 5.559843797647239845e-15
3.335894483814759951e+03 5.855158446575659485e-15
3.340423653464000381e+03 5.753954103004770004e-15
3.344952823113249906e+03 5.167090713631420187e-15
3.349481992762499885e+03 5.760229770110979482e-15
3.354011162411749865e+03 5.470120562159910355e-15
3.358540332060999845e+03 4.492894415747879894e-15
3.363069501710250279e+03 5.099312831258020060e-15
3.367598671359500258e+03 6.168716491122050924e-15
3.372127841008749783e+03 5.403049952297469936e-15
3.376657010657990213e+03 5.598827218495200503e-15
3.381186180307240193e+03 5.229101572183429943e-15
3.385715349956489717e+03 4.869226072015289898e-15
3.390244519605739697e+03 6.029370253936290044e-15
3.394773689254989677e+03 5.691339309961360043e-15
3.399302858904240111e+03 5.126951092810459775e-15
3.403832028553490090e+03 6.366950576383290223e-15
3.408361198202740070e+03 7.433065630829600743e-15
3.412890367851980045e+03 5.852444553012659863e-15
3.417419537501230025e+03 7.412468330651210033e-15
3.421948707150480459e+03 8.210529221027058899e-15
3.426477876799730439e+03 7.280631040542870358e-15
3.431007046448979963e+03 6.635640438680659919e-15
3.435536216098229943e+03 6.547705289744989779e-15
3.440065385747479922e+03 6.871297710101019821e-15
3.444594555396719898e+03 6.434338823600939960e-15
3.449123725045969877e+03 6.383470683470060525e-15
3.453652894695219857e+03 7.006720914191559787e-15
3.458182064344470291e+03 7.059711295371791183e-15
3.462711233993720271e+03 7.426786575591599882e-15
3.467240403642969795e+03 7.502327514926580149e-15
3.471769573292219775e+03 7.481442223546129288e-15
3.476298742941469754e+03 7.559262528542170877e-15
3.480827912590710639e+03 7.536443460943141603e-15
3.485357082239960164e+03 7.555212864021349645e-15
3.489886251889210143e+03 7.517277646445620127e-15
3.494415421538460123e+03 7.230898348077779790e-15
3.498944591187710103e+03 7.393400771975571634e-15
3.503473760836960537e+03 8.090519898994179852e-15
3.508002930486210516e+03 8.311146570765499573e-15
3.512532100135460041e+03 8.938573520949920045e-15
3.517061269784699562e+03 9.754636402553758245e-15
3.521590439433949996e+03 9.896319603640991374e-15
3.526119609083199975e+03 1.017106151634650015e-14
3.530648778732449955e+03 1.112612928085829973e-14
3.535177948381699935e+03 1.127202562382519942e-14
3.539707118030949914e+03 1.217352194255499928e-14
3.544236287680200348e+03 1.262432981774270036e-14
3.548765457329439869e+03 1.307857071746559788e-14
3.553294626978689394e+03 1.316682392727300066e-14
3.557823796627940283e+03 1.375021956376029926e-14
3.562352966277189807e+03 1.436526543335469890e-14
3.566882135926439787e+03 1.422915232092860058e-14
3.571411305575689767e+03 1.422702965636280024e-14
3.575940475224939746e+03 1.408680843414249963e-14
3.580469644874190180e+03 1.501054868510019990e-14
3.584998814523429701e+03 1.564683814101169794e-14
3.589527984172679226e+03 1.530334595210930087e-14
3.594057153821930115e+03 1.549214112572279925e-14
3.598586323471179639e+03 1.629152677562819802e-14
3.603115493120429619e+03 1.659068017787359939e-14
3.607644662769679599e+03 1.698483679548299891e-14
3.612173832418929578e+03 1.671675594987469954e-14
3.616703002068180012e+03 1.605416781501679949e-14
3.621232171717419988e+03 1.562551154546569761e-14
3.625761341366670422e+03 1.508335794318019985e-14
3.630290511015920401e+03 1.416736126742639779e-14
3.634819680665170381e+03 1.326305534041050019e-14
3.639348850314420361e+03 1.275354045868159972e-14
3.643878019963669885e+03 1.231845520906090080e-14
3.648407189612920320e+03 1.184865939629459849e-14
3.652936359262159840e+03 1.149139445166990015e-14
3.657465528911409820e+03 1.143635933295499924e-14
3.661994698560660254e+03 1.139092448566419968e-14
3.666523868209910233e+03 1.075514663765290003e-14
3.671053037859160213e+03 1.025967556218939855e-14
3.675582207508410193e+03 9.979661716420179014e-15
3.680111377157659717e+03 9.453475532223391002e-15
3.684640546806910606e+03 9.021254100997298921e-15
3.689169716456150127e+03 8.968633026182080655e-15
3.693698886105399652e+03 8.447639153951959926e-15
3.698228055754650086e+03 8.180146149209050302e-15
3.702757225403900065e+03 8.241346820747008953e-15
3.707286395053150045e+03 7.941475134562359599e-15
3.711815564702400025e+03 7.138141464089859024e-15
3.716344734351650004e+03 7.211855353357610188e-15
3.720873904000900438e+03 7.092916680970058998e-15
3.725403073650139959e+03 6.458191694912099418e-15
3.729932243299389484e+03 5.928895205732990459e-15
3.734461412948639918e+03 5.783604491323409943e-15
3.738990582597889897e+03 5.766043804260929844e-15
3.743519752247139877e+03 5.694832897352310405e-15
3.748048921896389857e+03 5.824043114774750334e-15
3.752578091545639836e+03 5.962709608020329383e-15
3.757107261194890270e+03 6.141404337254310426e-15
3.761636430844129791e+03 6.306006555828340158e-15
3.766165600493379316e+03 6.591676464102849496e-15
3.770694770142629295e+03 7.139225666262341373e-15
3.775223939791879729e+03 7.363036334882399475e-15
3.779753109441129709e+03 7.483916406785059099e-15
3.784282279090379689e+03 7.673765289384959184e-15
3.788811448739629668e+03 7.721676013980501019e-15
3.793340618388870098e+03 7.502728161510628277e-15
3.797869788038120078e+03 7.199433615186129029e-15
3.802398957687370512e+03 7.455161332291670111e-15
3.806928127336620491e+03 7.812313621534389948e-15
3.811457296985870471e+03 7.801357250361658728e-15
3.815986466635120451e+03 7.729715203682890006e-15
3.820515636284369975e+03 7.761331555472110331e-15
3.825044805933620410e+03 8.021892442574679718e-15
3.829573975582859930e+03 8.199978578636060912e-15
3.834103145232109910e+03 8.304395718175890687e-15
3.838632314881359889e+03 8.550720522533958626e-15
3.843161484530610323e+03 9.100658357604709208e-15
3.847690654179860303e+03 9.387342587833559515e-15
3.852219823829110283e+03 9.701273326876742057e-15
3.856748993478359807e+03 1.045914080983950037e-14
3.861278163127609787e+03 1.112652653931059987e-14
3.865807332776849762e+03 1.172946661402280002e-14
3.870336502426099742e+03 1.263469326585239933e-14
3.874865672075349721e+03 1.325753014449560141e-14
3.879394841724600155e+03 1.369499470966519761e-14
3.883924011373850135e+03 1.471741429897800020e-14
3.888453181023100115e+03 1.557620067540839806e-14
3.892982350672349639e+03 1.651478771986549912e-14
3.897511520321590069e+03 1.741029975082289845e-14
3.902040689970840049e+03 1.854663341308020125e-14
3.906569859620089574e+03 1.982078611211920213e-14
3.911099029269339553e+03 2.070468532136979863e-14
3.915628198918589987e+03 2.124671017464730112e-14
3.920157368567839967e+03 2.189011809544760319e-14
3.924686538217089947e+03 2.235100566270759731e-14
3.929215707866339926e+03 2.205593665333390035e-14
3.933744877515579901e+03 2.186219141917660366e-14
3.938274047164829881e+03 2.227227225619439981e-14
3.942803216814079406e+03 2.249874345530180102e-14
3.947332386463329385e+03 2.259315205353689923e-14
3.951861556112579819e+03 2.288968981804110044e-14
3.956390725761829799e+03 2.306977410482510186e-14
3.960919895411079779e+03 2.346921620802539661e-14
3.965449065060329758e+03 2.409339309279119602e-14
3.969978234709570188e+03 2.417531134318600028e-14
3.974507404358820168e+03 2.432999819407950036e-14
3.979036574008070147e+03 2.472440383937540211e-14
3.983565743657320581e+03 2.478861401897499947e-14
3.988094913306570561e+03 2.387589027852930125e-14
3.992624082955820086e+03 2.304807650884820414e-14
3.997153252605070065e+03 2.219985093920419815e-14
4.001682422254320045e+03 2.127355264874579936e-14
4.006211591903560020e+03 2.005740815406650203e-14
4.010740761552810000e+03 1.929028090692439915e-14
4.015269931202059979e+03 1.861393356887130025e-14
4.019799100851310413e+03 1.752870987465140082e-14
4.024328270500560393e+03 1.687168505219109857e-14
4.028857440149810373e+03 1.652328515439230062e-14
4.033386609799059897e+03 1.623403864949809914e-14
4.037915779448300327e+03 1.602992234393460187e-14
4.042444949097549852e+03 1.611969089568460315e-14
4.046974118746799832e+03 1.656033945770289987e-14
4.051503288396049811e+03 1.721467579758869900e-14
4.056032458045300245e+03 1.798806431227690252e-14
4.060561627694550225e+03 1.828292833967739865e-14
4.065090797343800205e+03 1.852838832339630259e-14
4.069619966993049729e+03 1.925979957928450274e-14
4.074149136642290159e+03 1.984571259769100168e-14
4.078678306291540139e+03 2.035663440114540199e-14
4.083207475940789664e+03 2.069821398965280102e-14
4.087736645590039643e+03 2.076512112215639927e-14
4.092265815239289623e+03 2.066963509801239991e-14
4.096794984888540057e+03 2.041983491747179964e-14
4.101324154537789582e+03 2.033036113318740183e-14
4.105853324187040016e+03 2.037308039284919997e-14
4.110382493836279536e+03 2.058963114207839984e-14
4.114911663485529971e+03 2.054346784645299945e-14
4.119440833134779496e+03 2.023700454987279978e-14
4.123970002784029930e+03 2.027757403991450121e-14
4.128499172433279455e+03 2.013707499088760217e-14
4.133028342082529889e+03 1.977142442008500105e-14
4.137557511731779414e+03 1.939534179150410117e-14
4.142086681381020753e+03 1.917151333519219964e-14
4.146615851030270278e+03 1.921374300981050057e-14
4.151145020679520712e+03 1.937017474857529718e-14
4.155674190328770237e+03 1.912617335559159669e-14
4.160203359978019762e+03 1.888986302176890215e-14
4.164732529627270196e+03 1.864769969028060150e-14
4.169261699276520631e+03 1.870491845993359973e-14
4.173790868925770155e+03 1.867037645634450310e-14
4.178320038575010585e+03 1.858666419016740161e-14
4.182849208224260110e+03 1.864681199975190108e-14
4.187378377873510544e+03 1.890573303106859876e-14
4.191907547522760069e+03 1.930413497780969995e-14
4.196436717172009594e+03 1.935151969494500002e-14
4.200965886821260028e+03 1.936281233819779751e-14
4.205495056470510463e+03 1.918372755029159718e-14
4.210024226119759987e+03 1.896446629563119617e-14
4.214553395769000417e+03 1.893268561945030002e-14
4.219082565418249942e+03 1.902644369638180280e-14
4.223611735067500376e+03 1.892569590356949758e-14
4.228140904716749901e+03 1.871187937669410086e-14
4.232670074365999426e+03 1.830724665559300335e-14
4.237199244015249860e+03 1.806261507009650149e-14
4.241728413664500295e+03 1.796437788293989904e-14
4.246257583313739815e+03 1.750196904450660149e-14
4.250786752962990249e+03 1.705985003329180189e-14
4.255315922612239774e+03 1.666491075723920250e-14
4.259845092261490208e+03 1.627664101861319828e-14
4.264374261910739733e+03 1.588178305772339962e-14
4.268903431559989258e+03 1.552826369279150081e-14
4.273432601209239692e+03 1.546019273701829626e-14
4.277961770858490127e+03 1.517357372832639873e-14
4.282490940507729647e+03 1.494838154896939884e-14
4.287020110156980081e+03 1.469162892199769741e-14
4.291549279806229606e+03 1.442702938180260059e-14
4.296078449455480040e+03 1.435090144863510052e-14
4.300607619104729565e+03 1.417147700051710013e-14
4.305136788753979090e+03 1.371930540228430069e-14
4.309665958403230434e+03 1.357043851477139911e-14
4.314195128052479959e+03 1.353234066686979992e-14
4.318724297701720388e+03 1.330885356483559927e-14
4.323253467350970823e+03 1.294808698600699898e-14
4.327782637000220348e+03 1.235623541960720074e-14
4.332311806649469872e+03 1.176723073094319836e-14
4.336840976298720307e+03 1.138147498610470012e-14
4.341370145947970741e+03 1.109016087378610101e-14
4.345899315597220266e+03 1.090037382459140098e-14
4.350428485246459786e+03 1.082735450234040150e-14
4.354957654895710220e+03 1.087025672111880025e-14
4.359486824544960655e+03 1.088096406460510024e-14
4.364015994194210180e+03 1.100062186796479933e-14
4.368545163843459704e+03 1.098981288052489983e-14
4.373074333492710139e+03 1.093187667396570027e-14
4.377603503141960573e+03 1.100189495848459986e-14
4.382132672791210098e+03 1.119616958823390051e-14
4.386661842440449618e+03 1.137697724115480030e-14
4.391191012089700052e+03 1.131806948780500066e-14
4.395720181738950487e+03 1.117968378598139855e-14
4.400249351388200012e+03 1.104526389241690102e-14
4.404778521037449536e+03 1.081507845383579917e-14
4.409307690686699971e+03 1.052300031779889974e-14
4.413836860335949495e+03 1.039903535190230051e-14
4.418366029985199930e+03 1.050366509671190058e-14
4.422895199634439450e+03 1.035162861191040023e-14
4.427424369283689884e+03 1.011277125001530096e-14
4.431953538932940319e+03 1.021147854045770054e-14
4.436482708582189844e+03 1.047152443152829829e-14
4.441011878231439368e+03 1.076546604004929918e-14
4.445541047880689803e+03 1.104642263348880013e-14
4.450070217529939328e+03 1.122835260506480083e-14
4.454599387179189762e+03 1.149069819058720031e-14
4.459128556828429282e+03 1.192594522350090053e-14
4.463657726477679716e+03 1.236013261819759982e-14
4.468186896126930151e+03 1.276271721363220014e-14
4.472716065776179676e+03 1.305138943018820107e-14
4.477245235425430110e+03 1.333131941969569923e-14
4.481774405074679635e+03 1.346135761182399977e-14
4.486303574723929160e+03 1.371146695939040151e-14
4.490832744373170499e+03 1.411403546119900084e-14
4.495361914022420024e+03 1.423285724303990036e-14
4.499891083671670458e+03 1.426105158172220069e-14
4.504420253320919983e+03 1.426416019263859872e-14
4.508949422970170417e+03 1.451872578054050217e-14
4.513478592619419942e+03 1.480852116278459702e-14
4.518007762268670376e+03 1.507537211655349893e-14
4.522536931917920811e+03 1.541855090326540243e-14
4.527066101567160331e+03 1.588432415656520354e-14
4.531595271216409856e+03 1.640226447502039836e-14
4.536124440865660290e+03 1.679655492383550193e-14
4.540653610514910724e+03 1.704326512818460055e-14
4.545182780164160249e+03 1.721598700459099817e-14
4.549711949813409774e+03 1.727018694881990003e-14
4.554241119462660208e+03 1.729885901408449912e-14
4.558770289111910643e+03 1.762163785929469851e-14
4.563299458761150163e+03 1.789741145812990148e-14
4.567828628410399688e+03 1.787952042821800246e-14
4.572357798059650122e+03 1.782873402676660170e-14
4.576886967708900556e+03 1.761275925994160102e-14
4.581416137358150081e+03 1.757991471037879885e-14
4.585945307007399606e+03 1.760310816654050032e-14
4.590474476656650040e+03 1.746830626111679900e-14
4.595003646305900475e+03 1.725017664247399915e-14
4.599532815955139995e+03 1.706542012195300296e-14
4.604061985604389520e+03 1.687112262231409963e-14
4.608591155253639954e+03 1.668867680767320055e-14
4.613120324902890388e+03 1.683874224680649694e-14
4.617649494552139913e+03 1.714256957685480021e-14
4.622178664201389438e+03 1.719567007231820070e-14
4.626707833850639872e+03 1.724045270423949770e-14
4.631237003499879393e+03 1.744007126485299890e-14
4.635766173149129827e+03 1.756994852072140160e-14
4.640295342798379352e+03 1.762200208346199892e-14
4.644824512447629786e+03 1.779115964522639778e-14
4.649353682096880220e+03 1.798966012234950122e-14
4.653882851746129745e+03 1.788437731513760280e-14
4.658412021395379270e+03 1.755242849124039680e-14
4.662941191044629704e+03 1.729570127525710038e-14
4.667470360693870134e+03 1.694755040514489932e-14
4.671999530343120568e+03 1.624575142109270005e-14
4.676528699992371003e+03 1.559754251754739848e-14
4.681057869641620528e+03 1.509398820666830127e-14
4.685587039290870052e+03 1.454989998113129993e-14
4.690116208940120487e+03 1.403056544644479989e-14
4.694645378589370011e+03 1.351781659292329827e-14
4.699174548238610441e+03 1.296467951441069878e-14
4.703703717887859966e+03 1.259997931457500061e-14
4.708232887537110400e+03 1.261705888692350100e-14
4.712762057186359925e+03 1.264340499971489876e-14
4.717291226835610360e+03 1.259193250157609895e-14
4.721820396484859884e+03 1.268998334148440012e-14
4.726349566134110319e+03 1.283179275048080096e-14
4.730878735783359843e+03 1.303340607368510024e-14
4.735407905432600273e+03 1.317944980038479851e-14
4.739937075081849798e+03 1.292922695040340159e-14
4.744466244731100232e+03 1.243805626121320012e-14
4.748995414380349757e+03 1.196805546647360074e-14
4.753524584029600192e+03 1.141385027941460035e-14
4.758053753678849716e+03 1.081378334045949941e-14
4.762582923328100151e+03 1.033357071650790000e-14
4.767112092977349675e+03 9.875463958413691258e-15
4.771641262626590105e+03 9.427153136354510053e-15
4.776170432275839630e+03 9.189307131798451350e-15
4.780699601925090064e+03 9.229747025799210256e-15
4.785228771574339589e+03 9.200526930217778657e-15
4.789757941223590024e+03 9.009546411600349982e-15
4.794287110872839548e+03 9.046274607226248432e-15
4.798816280522089983e+03 9.197798637094678867e-15
4.803345450171329503e+03 9.272275703047898266e-15
4.807874619820579937e+03 9.308832798018449770e-15
4.812403789469829462e+03 9.456595154568122279e-15
4.816932959119079896e+03 9.802459035722788788e-15
4.821462128768329421e+03 1.027892607998159970e-14
4.825991298417579856e+03 1.074401238956119966e-14
4.830520468066829380e+03 1.095550211693050144e-14
4.835049637716079815e+03 1.076446908227030040e-14
4.839578807365320245e+03 1.037647717045100032e-14
4.844107977014570679e+03 1.001555389052709960e-14
4.848637146663820204e+03 9.661755004722591097e-15
4.853166316313069728e+03 9.278142253240591017e-15
4.857695485962320163e+03 8.858585658641849968e-15
4.862224655611570597e+03 8.569436562536491224e-15
4.866753825260820122e+03 8.504799478331520298e-15
4.871282994910070556e+03 8.268277386272020067e-15
4.875812164559310077e+03 7.881120648938700105e-15
4.880341334208560511e+03 7.684280356392170913e-15
4.884870503857810036e+03 7.478597886909250925e-15
4.889399673507059561e+03 7.205516158780359004e-15
4.893928843156309995e+03 7.244632140284559438e-15
4.898458012805560429e+03 7.339020409728899875e-15
4.902987182454809954e+03 7.270118514634500392e-15
4.907516352104050384e+03 7.300985242265391195e-15
4.912045521753299909e+03 7.450084216805829412e-15
4.916574691402550343e+03 7.717469648364440896e-15
4.921103861051799868e+03 8.109299466467748634e-15
4.925633030701049393e+03 8.541321844951229643e-15
4.930162200350300736e+03 9.037382455345969632e-15
4.934691369999550261e+03 9.511999579648029219e-15
4.939220539648799786e+03 1.003751999594830060e-14
4.943749709298039306e+03 1.052583364300740069e-14
4.948278878947289741e+03 1.097019051526880197e-14
4.952808048596540175e+03 1.123030586304120080e-14
4.957337218245789700e+03 1.141852590128350089e-14
4.961866387895039225e+03 1.165053584883299955e-14
4.966395557544289659e+03 1.169552685085930059e-14
4.970924727193540093e+03 1.163551287248050043e-14
4.975453896842789618e+03 1.149032295499159979e-14
4.979983066492029138e+03 1.119709031304750124e-14
4.984512236141279573e+03 1.071631864735069980e-14
4.989041405790530007e+03 1.019397206350379975e-14
4.993570575439779532e+03 9.879101964922150056e-15
4.998099745089029966e+03 9.649802522803877776e-15
5.002628914738279491e+03 9.267536553708021500e-15
5.007158084387529925e+03 8.782368787014959191e-15
5.011687254036770355e+03 8.388968569827440404e-15
5.016216423686020789e+03 8.093127066405820700e-15
5.020745593335270314e+03 7.943994210547500199e-15
5.025274762984519839e+03 7.886447639143990288e-15
5.029803932633770273e+03 7.812028171431169982e-15
5.034333102283019798e+03 7.835002246059549947e-15
5.038862271932270232e+03 7.881389158382979718e-15
5.043391441581520667e+03 7.822477169868500608e-15
5.047920611230760187e+03 7.726105996294641010e-15
5.052449780880010621e+03 7.719914185450210496e-15
5.056978950529260146e+03 7.844406005839970345e-15
5.061508120178510580e+03 8.068296295557059307e-15
5.066037289827760105e+03 8.260761662931029504e-15
5.070566459477009630e+03 8.393973687512759753e-15
5.075095629126260064e+03 8.589514631518208737e-15
5.079624798775510499e+03 8.764118615133421192e-15
5.084153968424750019e+03 8.900089426024369741e-15
5.088683138074000453e+03 9.044173118484110513e-15
5.093212307723249978e+03 9.238848394817459291e-15
5.097741477372500412e+03 9.482970913512680248e-15
5.102270647021749937e+03 9.765410661642829790e-15
5.106799816670999462e+03 9.990744295502049547e-15
5.111328986320249896e+03 1.022190043384070010e-14
5.115858155969489417e+03 1.047283733259659926e-14
5.120387325618739851e+03 1.080715107248249981e-14
5.124916495267990285e+03 1.105979643669300143e-14
5.129445664917239810e+03 1.118509039728380006e-14
5.133974834566490244e+03 1.127582287252780040e-14
5.138504004215739769e+03 1.138969713492370077e-14
5.143033173864989294e+03 1.158421401609589880e-14
5.147562343514239728e+03 1.173959289290730091e-14
5.152091513163479249e+03 1.179682097992260060e-14
5.156620682812729683e+03 1.187806668615740011e-14
5.161149852461980117e+03 1.203305084561529968e-14
5.165679022111229642e+03 1.215576050868399861e-14
5.170208191760480076e+03 1.225591199030149991e-14
5.174737361409729601e+03 1.236381551745219999e-14
5.179266531058979126e+03 1.239874885026289971e-14
5.183795700708229560e+03 1.242016184316950104e-14
5.188324870357469990e+03 1.248299813532859986e-14
5.192854040006720425e+03 1.246938123366850186e-14
5.197383209655970859e+03 1.234758636618279970e-14
5.201912379305220384e+03 1.226469572196450018e-14
5.206441548954469908e+03 1.219076329819640001e-14
5.210970718603720343e+03 1.222406016335290029e-14
5.215499888252970777e+03 1.236170894651239905e-14
5.220029057902210297e+03 1.248158782547139936e-14
5.224558227551459822e+03 1.249569600624090012e-14
5.229087397200710257e+03 1.253086735530969941e-14
5.233616566849960691e+03 1.271215019371399782e-14
5.238145736499210216e+03 1.285934419115610056e-14
5.242674906148459741e+03 1.290467993559200037e-14
5.247204075797710175e+03 1.291926753700959973e-14
5.251733245446960609e+03 1.290830523660619986e-14
5.256262415096200129e+03 1.288670081425359794e-14
5.260791584745449654e+03 1.282739410838570149e-14
5.265320754394700089e+03 1.270253721679560088e-14
5.269849924043950523e+03 1.249609326469309928e-14
5.274379093693200048e+03 1.210312418727580077e-14
5.278908263342449573e+03 1.156803145163859908e-14
5.283437432991700007e+03 1.113929132582570166e-14
5.287966602640949532e+03 1.077426332423940030e-14
5.292495772290189961e+03 1.027713206419940029e-14
5.297024941939439486e+03 9.760978985262800024e-15
5.301554111588689921e+03 9.343286710180970424e-15
5.306083281237940355e+03 9.004690371713750544e-15
5.310612450887189880e+03 8.701769366918979398e-15
5.315141620536439405e+03 8.384663948389490894e-15
5.319670790185689839e+03 8.138886327315339767e-15
5.324199959834939364e+03 8.060568813979258325e-15
5.328729129484179794e+03 8.080019231547060402e-15
5.333258299133429318e+03 8.030773583026650523e-15
5.337787468782679753e+03 7.957994818132658641e-15
5.342316638431930187e+03 7.978425252820440254e-15
5.346845808081179712e+03 8.172370386753251091e-15
5.351374977730429237e+03 8.344120716369170119e-15
5.355904147379679671e+03 8.363687177450741301e-15
5.360433317028920101e+03 8.462840007223380867e-15
5.364962486678170535e+03 8.631856961518499224e-15
5.369491656327420060e+03 8.702313162071121392e-15
5.374020825976670494e+03 8.724945882421748409e-15
5.378549995625920019e+03 8.761139600257927817e-15
5.383079165275170453e+03 8.826900697183908355e-15
5.387608334924419978e+03 8.872838682045299658e-15
5.392137504573670412e+03 8.915086144355499240e-15
5.396666674222909933e+03 9.014144106438049480e-15
5.401195843872160367e+03 9.099489452137499851e-15
5.405725013521409892e+03 9.113702664992430166e-15
5.410254183170660326e+03 9.130190161310730389e-15
5.414783352819909851e+03 9.250493403776309834e-15
5.419312522469160285e+03 9.389817618105439736e-15
5.423841692118409810e+03 9.319269937994520414e-15
5.428370861767650240e+03 9.086698407601009506e-15
5.432900031416899765e+03 9.035435126600241461e-15
5.437429201066150199e+03 9.123676477946349552e-15
5.441958370715399724e+03 9.116626622726350433e-15
5.446487540364650158e+03 9.061946410816350652e-15
5.451016710013900592e+03 8.973817714852221072e-15
5.455545879663150117e+03 8.859077784784211027e-15
5.460075049312399642e+03 8.696557573194520533e-15
5.464604218961650076e+03 8.456509282975599071e-15
5.469133388610889597e+03 8.268324820117059997e-15
5.473662558260140031e+03 8.107087863442470811e-15
5.478191727909389556e+03 7.851138223704739636e-15
5.482720897558639990e+03 7.484786309621890843e-15
5.487250067207890424e+03 7.199637750126409426e-15
5.491779236857139949e+03 7.050764933382890474e-15
5.496308406506389474e+03 6.819958196134989423e-15
5.500837576155629904e+03 6.578306472546920304e-15
5.505366745804879429e+03 6.485691890094129582e-15
5.509895915454129863e+03 6.443434686905028687e-15
5.514425085103380297e+03 6.383833213571490099e-15
5.518954254752629822e+03 6.429278225257570721e-15
5.523483424401880256e+03 6.596738332995638829e-15
5.528012594051128872e+03 6.672245814529209651e-15
5.532541763700379306e+03 6.833816925701489869e-15
5.537070933349620645e+03 7.147579105188158550e-15
5.541600102998871080e+03 7.476837752444859644e-15
5.546129272648119695e+03 7.928698489585978888e-15
5.550658442297371039e+03 8.372006735058669884e-15
5.555187611946619654e+03 8.694172328415060312e-15
5.559716781595870088e+03 8.941956570541250565e-15
5.564245951245120523e+03 9.186771962187320807e-15
5.568775120894360043e+03 9.541583899396780167e-15
5.573304290543609568e+03 9.903884454892910064e-15
5.577833460192860002e+03 1.015613510175000064e-14
5.582362629842110437e+03 1.034137104291910017e-14
5.586891799491359961e+03 1.048755876521989951e-14
5.591420969140610396e+03 1.061225048538520033e-14
5.595950138789859921e+03 1.068390015536050065e-14
5.600479308439110355e+03 1.073837877342900026e-14
5.605008478088360789e+03 1.086847117566600081e-14
5.609537647737600309e+03 1.096372765388129899e-14
5.614066817386850744e+03 1.093962956653189995e-14
5.618595987036100269e+03 1.086577337572900060e-14
5.623125156685350703e+03 1.087194824591450022e-14
5.627654326334599318e+03 1.105295579861090155e-14
5.632183495983849753e+03 1.121352190519130004e-14
5.636712665633100187e+03 1.118598147594429896e-14
5.641241835282339707e+03 1.111371940114810065e-14
5.645771004931589232e+03 1.110043961860110137e-14
5.650300174580839666e+03 1.108653303167300138e-14
5.654829344230090101e+03 1.105112027821419990e-14
5.659358513879339625e+03 1.100165778925930081e-14
5.663887683528590060e+03 1.098294174925679977e-14
5.668416853177839585e+03 1.103309202896489933e-14
5.672946022827090019e+03 1.097283410509720000e-14
5.677475192476329539e+03 1.078874928170340014e-14
5.682004362125579974e+03 1.069991754839300058e-14
5.686533531774829498e+03 1.061233264758099880e-14
5.691062701424079933e+03 1.039099700923289980e-14
5.695591871073330367e+03 1.030398724379210104e-14
5.700121040722578982e+03 1.042627339038719965e-14
5.704650210371829417e+03 1.042772859299049892e-14
5.709179380021070756e+03 1.028059727598660028e-14
5.713708549670319371e+03 1.021448804851929980e-14
5.718237719319570715e+03 1.019516468589360007e-14
5.722766888968821149e+03 1.011420358272910009e-14
5.727296058618069765e+03 1.003110541543869960e-14
5.731825228267320199e+03 1.001258927521170166e-14
5.736354397916569724e+03 9.999411136618358703e-15
5.740883567565820158e+03 9.859206855057041049e-15
5.745412737215059678e+03 9.697576875094921135e-15
5.749941906864310113e+03 9.676958399092860112e-15
5.754471076513559638e+03 9.643063528675528874e-15
5.759000246162810072e+03 9.525081156485419901e-15
5.763529415812060506e+03 9.437403929082180018e-15
5.768058585461310031e+03 9.330973392226729926e-15
5.772587755110560465e+03 9.092754693173880909e-15
5.777116924759809990e+03 8.831750807839891212e-15
5.781646094409050420e+03 8.756651172670428858e-15
5.786175264058299945e+03 8.726133422613800515e-15
5.790704433707550379e+03 8.666942760259670008e-15
5.795233603356800813e+03 8.653711258590609004e-15
5.799762773006049429e+03 8.602929939336820768e-15
5.804291942655299863e+03 8.592485176064229568e-15
5.808821112304549388e+03 8.615781970245510267e-15
5.813350281953799822e+03 8.629228618283170707e-15
5.817879451603039342e+03 8.605941988497260216e-15
5.822408621252289777e+03 8.581580473901279284e-15
5.826937790901539302e+03 8.680295387640189954e-15
5.831466960550789736e+03 8.761217527289079946e-15
5.835996130200040170e+03 8.844815444018341541e-15
5.840525299849289695e+03 8.919009600967181159e-15
5.845054469498540129e+03 8.965389737027039206e-15
5.849583639147779650e+03 9.105899797482321974e-15
5.854112808797030084e+03 9.272694137323849779e-15
5.858641978446279609e+03 9.445544762738241099e-15
5.863171148095530043e+03 9.655663990798879113e-15
5.867700317744780477e+03 9.822327887566529756e-15
5.872229487394029093e+03 9.850065675490271062e-15
5.876758657043280436e+03 9.841195546466619296e-15
5.881287826692529052e+03 9.825007052778699841e-15
5.885816996341770391e+03 9.636893740687730128e-15
5.890346165991020825e+03 9.438259432358910017e-15
5.894875335640269441e+03 9.505505378041430499e-15
5.899404505289519875e+03 9.729328752155691104e-15
5.903933674938770309e+03 9.967600814284218721e-15
5.908462844588019834e+03 1.013959678345480047e-14
5.912992014237270268e+03 1.008572464097650023e-14
5.917521183886509789e+03 9.839231277061941307e-15
5.922050353535760223e+03 9.625818784902380151e-15
5.926579523185009748e+03 9.598838244433490500e-15
5.931108692834260182e+03 9.672507240955030875e-15
5.935637862483510617e+03 9.672235343378970133e-15
5.940167032132760141e+03 9.570842111460839787e-15
5.944696201782010576e+03 9.497755873607000905e-15
5.949225371431260101e+03 9.432264133158242502e-15
5.953754541080510535e+03 9.366302289423759539e-15
5.958283710729750055e+03 9.252057873629890104e-15
5.962812880379000489e+03 9.229179513724549875e-15
5.967342050028249105e+03 9.367022267428930428e-15
5.971871219677500449e+03 9.526737105897309947e-15
5.976400389326750883e+03 9.595616978135080818e-15
5.980929558975999498e+03 9.543392314739169676e-15
5.985458728625249933e+03 9.490097001697930677e-15
5.989987898274489453e+03 9.412385963952080159e-15
5.994517067923739887e+03 9.392743269905249779e-15
5.999046237572989412e+03 9.530618210861619684e-15
6.003575407222239846e+03 9.597470286223671650e-15
6.008104576871489371e+03 9.471735021467350376e-15
6.012633746520739805e+03 9.303626933524629573e-15
6.017162916169990240e+03 9.249301628419529344e-15
6.021692085819239765e+03 9.288736094311898973e-15
6.026221255468480194e+03 9.290634295146689549e-15
6.030750425117729719e+03 9.200684478345969535e-15
6.035279594766980154e+03 9.046743016446080060e-15
6.039808764416229678e+03 8.950691174293341643e-15
6.044337934065480113e+03 8.961469668547149460e-15
6.048867103714730547e+03 8.937010745162229550e-15
6.053396273363979162e+03 8.847354848794208355e-15
6.057925443013220502e+03 8.795277569131121040e-15
6.062454612662470936e+03 8.727807159717579746e-15
6.066983782311719551e+03 8.628786467084708696e-15
6.071512951960970895e+03 8.684828707973890236e-15
6.076042121610219510e+03 8.827502090576458908e-15
6.080571291259469945e+03 8.824905934593130789e-15
6.085100460908720379e+03 8.718039175769839999e-15
6.089629630557969904e+03 8.587197149374520971e-15
6.094158800207210334e+03 8.474758607824199283e-15
6.098687969856459858e+03 8.351596629161628685e-15
6.103217139505710293e+03 8.202193569793129330e-15
6.107746309154959818e+03 7.966721798588219697e-15
6.112275478804210252e+03 7.529298738033050002e-15
6.116804648453460686e+03 6.943691922036950362e-15
6.121333818102710211e+03 6.332176062250229872e-15
6.125862987751960645e+03 5.797069350569429251e-15
6.130392157401200166e+03 5.276231332401610413e-15
6.134921327050450600e+03 4.781882575593260321e-15
6.139450496699700125e+03 4.373316657001630068e-15
6.143979666348950559e+03 3.999675177374699723e-15
6.148508835998199174e+03 3.617695505415009877e-15
6.153038005647449609e+03 3.265516570122090115e-15
6.157567175296700043e+03 3.041066391626860144e-15
6.162096344945949568e+03 2.920110298517180108e-15
6.166625514595189998e+03 2.761133649262330345e-15
6.171154684244439522e+03 2.575090909210930080e-15
6.175683853893689957e+03 2.485436495150560664e-15
6.180213023542939482e+03 2.489944404495850023e-15
6.184742193192189916e+03 2.501933520589519865e-15
6.189271362841440350e+03 2.492037211150269908e-15
6.193800532490689875e+03 2.509679425133919683e-15
6.198329702139929395e+03 2.579025377250919995e-15
6.202858871789179830e+03 2.652387747845559835e-15
6.207388041438430264e+03 2.724843581428410226e-15
6.211917211087679789e+03 2.809999403505909687e-15
6.216446380736930223e+03 2.908064219457799920e-15
6.220975550386178838e+03 3.084780703243469728e-15
6.225504720035429273e+03 3.331487519460750145e-15
6.230033889684680616e+03 3.566853199789020909e-15
6.234563059333921046e+03 3.804554785227570388e-15
6.239092228983170571e+03 4.031938662335619967e-15
6.243621398632421005e+03 4.249287316601070278e-15
6.248150568281669621e+03 4.559440288699500219e-15
6.252679737930920055e+03 4.946431007575149660e-15
6.257208907580170489e+03 5.219476736803779329e-15
6.261738077229420014e+03 5.369856425160469992e-15
6.266267246878659535e+03 5.562089281990410206e-15
6.270796416527909969e+03 5.810226313339139764e-15
6.275325586177160403e+03 6.013689556500249542e-15
6.279854755826409928e+03 6.134998227074220630e-15
6.284383925475660362e+03 6.314477308817359944e-15
6.288913095124909887e+03 6.648716509803899758e-15
6.293442264774160321e+03 6.900790550291471248e-15
6.297971434423410756e+03 6.975659792499270178e-15
6.302500604072650276e+03 7.050724699317899839e-15
6.307029773721899801e+03 7.222077346965079817e-15
6.311558943371150235e+03 7.343764641266471212e-15
6.316088113020400669e+03 7.385989233687099661e-15
6.320617282669649285e+03 7.447845508726241030e-15
6.325146452318899719e+03 7.486445647165560440e-15
6.329675621968149244e+03 7.570047799059559883e-15
6.334204791617399678e+03 7.741336495719220584e-15
6.338733961266639199e+03 7.818193724254229301e-15
6.343263130915889633e+03 7.817687198551779118e-15
6.347792300565140067e+03 7.847496829064499710e-15
6.352321470214389592e+03 7.848687757388340834e-15
6.356850639863640026e+03 7.905309368813439582e-15
6.361379809512889551e+03 8.016260520508390608e-15
6.365908979162139985e+03 8.009239464408599712e-15
6.370438148811379506e+03 7.989507831902309208e-15
6.374967318460629940e+03 8.028154557153740226e-15
6.379496488109879465e+03 8.034664852386328890e-15
6.384025657759129899e+03 7.928737453101549430e-15
6.388554827408380334e+03 7.824315231364040862e-15
6.393083997057628949e+03 7.829555824208700063e-15
6.397613166706880293e+03 7.856726100057779411e-15
6.402142336356128908e+03 7.866497472137308175e-15
6.406671506005370247e+03 7.809853837855569770e-15
6.411200675654620682e+03 7.771972830388459795e-15
6.415729845303871116e+03 7.796214913338879449e-15
6.420259014953119731e+03 7.734272240939119719e-15
6.424788184602370166e+03 7.632925595833089938e-15
6.429317354251619690e+03 7.588738428073670119e-15
6.433846523900870125e+03 7.570214664550170558e-15
6.438375693550120559e+03 7.600647711312070315e-15
6.442904863199360079e+03 7.592252767771829789e-15
6.447434032848609604e+03 7.539945095147090881e-15
6.451963202497860038e+03 7.529647715607320352e-15
6.456492372147110473e+03 7.504223174662540006e-15
6.461021541796359998e+03 7.439437859691790111e-15
6.465550711445610432e+03 7.350313052981689474e-15
6.470079881094859957e+03 7.206108234810489760e-15
6.474609050744100387e+03 7.113796890152821600e-15
6.479138220393349911e+03 7.111636109104380613e-15
6.483667390042600346e+03 7.070411862594460281e-15
6.488196559691850780e+03 6.988058660781179415e-15
6.492725729341100305e+03 6.928417800415590346e-15
6.497254898990350739e+03 6.946421062193000562e-15
6.501784068639599354e+03 7.058322161338300441e-15
6.506313238288849789e+03 7.133643719139940267e-15
6.510842407938089309e+03 7.014949839274139259e-15
6.515371577587339743e+03 6.807857906966989693e-15
6.519900747236589268e+03 6.799722579025079454e-15
6.524429916885839702e+03 6.882419252698470362e-15
6.528959086535090137e+03 6.826237251372990284e-15
6.533488256184339662e+03 6.735664018323079272e-15
6.538017425833590096e+03 6.681666938485040084e-15
6.542546595482839621e+03 6.679949579184478835e-15
6.547075765132080051e+03 6.631279066035249104e-15
6.551604934781329575e+03 6.652228308403219242e-15
6.556134104430580010e+03 6.687718141860228750e-15
6.560663274079829534e+03 6.624600634762628884e-15
6.565192443729079969e+03 6.593701719879739262e-15
6.569721613378330403e+03 6.612992048220511064e-15
6.574250783027579018e+03 6.590628260830621511e-15
6.578779952676820358e+03 6.484927019342759738e-15
6.583309122326070792e+03 6.384739115308569895e-15
6.587838291975319407e+03 6.400920409216449522e-15
6.592367461624570751e+03 6.385809341437429648e-15
6.596896631273821185e+03 6.359018112832249756e-15
6.601425800923069801e+03 6.409869735820660888e-15
6.605954970572320235e+03 6.338223453977159838e-15
6.610484140221569760e+03 6.234306063876210099e-15
6.615013309870810190e+03 6.200292608846271148e-15
6.619542479520059715e+03 6.215897920350009962e-15
6.624071649169310149e+03 6.243098265868710526e-15
6.628600818818559674e+03 6.164726118907530393e-15
6.633129988467810108e+03 6.077527888635960451e-15
6.637659158117060542e+03 6.029676456346729573e-15
6.642188327766310067e+03 5.981385837474339451e-15
6.646717497415560501e+03 5.989153976633609429e-15
6.651246667064800022e+03 5.971395083861470246e-15
6.655775836714050456e+03 5.924252618149089639e-15
6.660305006363299981e+03 5.927906294767071064e-15
6.664834176012550415e+03 5.883459934925800895e-15
6.669363345661800849e+03 5.729594705991160363e-15
6.673892515311049465e+03 5.635416500717739782e-15
6.678421684960299899e+03 5.699597881197090260e-15
6.682950854609549424e+03 5.707648082327799864e-15
6.687480024258789854e+03 5.635799359609901092e-15
6.692009193908039379e+03 5.584199806529060468e-15
6.696538363557289813e+03 5.440203358462880579e-15
6.701067533206539338e+03 5.379504130429689373e-15
6.705596702855789772e+03 5.449252211438399847e-15
6.710125872505040206e+03 5.434582447824900253e-15
6.714655042154289731e+03 5.377605082561949965e-15
6.719184211803530161e+03 5.357970858844590550e-15
6.723713381452779686e+03 5.240338311261710225e-15
6.728242551102030120e+03 5.174256188848710052e-15
6.732771720751279645e+03 5.158629278004819409e-15
6.737300890400530079e+03 5.166210222882749342e-15
6.741830060049780514e+03 5.205163574061080106e-15
6.746359229699029129e+03 5.194279624205329663e-15
6.750888399348280473e+03 5.106051825386379218e-15
6.755417568997520902e+03 5.078893831515039791e-15
6.759946738646770427e+03 5.113561619496729534e-15
6.764475908296020862e+03 5.099353065323020162e-15
6.769005077945269477e+03 5.089410169071670035e-15
6.773534247594519911e+03 5.066648276196580427e-15
6.778063417243770346e+03 5.013879394132059975e-15
6.782592586893019870e+03 4.963023959495379099e-15
6.787121756542260300e+03 4.920398720490710409e-15
6.791650926191509825e+03 4.824587859211460319e-15
6.796180095840760259e+03 4.722646596976449342e-15
6.800709265490009784e+03 4.785942404509450182e-15
6.805238435139260218e+03 4.701526677469620872e-15
6.809767604788510653e+03 4.537983673596120021e-15
6.814296774437760178e+03 4.499050227692050522e-15
6.818825944087010612e+03 4.403250801357589942e-15
6.823355113736250132e+03 4.347391096068539337e-15
6.827884283385500567e+03 4.372584820535199986e-15
6.832413453034750091e+03 4.383887628183359792e-15
6.836942622684000526e+03 4.491019931835610861e-15
6.841471792333249141e+03 4.573681453641679670e-15
6.846000961982499575e+03 4.562063973253620414e-15
6.850530131631750919e+03 4.534398606646870928e-15
6.855059301280999534e+03 4.430044571061610020e-15
6.859588470930239055e+03 4.302845633372439627e-15
6.864117640579489489e+03 4.016270246877310708e-15
6.868646810228739923e+03 3.358831648822249493e-15
6.873175979877989448e+03 2.864201253558949968e-15
6.877705149527239882e+03 3.251744449674450365e-15
6.882234319176489407e+03 3.725621902455310275e-15
6.886763488825739842e+03 3.909616516840259897e-15
6.891292658474990276e+03 3.943651994726829826e-15
6.895821828124229796e+03 3.890887771343520062e-15
6.900350997773480231e+03 3.909659715520569866e-15
6.904880167422729755e+03 3.947142193985990382e-15
6.909409337071980190e+03 4.157430405119610362e-15
6.913938506721228805e+03 4.190630285003709980e-15
6.918467676370480149e+03 4.135815818371570393e-15
6.922996846019730583e+03 4.080979752399279765e-15
6.927526015668970103e+03 4.000675099768940524e-15
6.932055185318220538e+03 3.942485630358459866e-15
6.936584354967470972e+03 3.866436047738649447e-15
6.941113524616719587e+03 3.804720380168760181e-15
6.945642694265970022e+03 3.747513045460620096e-15
6.950171863915219546e+03 3.748367278187930002e-15
6.954701033564469981e+03 3.743291856767979868e-15
6.959230203213720415e+03 3.716718315630249852e-15
6.963759372862959935e+03 3.830359643965670281e-15
6.968288542512210370e+03 3.972525230316360000e-15
6.972817712161459895e+03 4.040429320598900229e-15
6.977346881810710329e+03 4.088927039026890082e-15
6.981876051459959854e+03 4.039557300179699560e-15
6.986405221109210288e+03 3.914441216507820391e-15
6.990934390758460722e+03 3.818439772815439661e-15
6.995463560407700243e+03 3.824360956633220059e-15
6.999992730056949767e+03 3.852573930040359984e-15
7.004521899706200202e+03 3.827159977007420317e-15
7.009051069355450636e+03 3.740060849590679128e-15
7.013580239004700161e+03 3.716573049479790218e-15
7.018109408653950595e+03 3.786368987850020559e-15
7.022638578303199210e+03 3.808786561832049717e-15
7.027167747952449645e+03 3.803109747019549818e-15
7.031696917601700079e+03 3.844535163854450146e-15
7.036226087250939599e+03 3.814756873560770864e-15
7.040755256900190034e+03 3.776144029627239484e-15
7.045284426549440468e+03 3.792256290349910785e-15
7.049813596198689993e+03 3.764356295616779746e-15
7.054342765847940427e+03 3.739679261247940277e-15
7.058871935497190861e+03 3.727983430312259997e-15
7.063401105146440386e+03 3.702719402110970931e-15
7.067930274795679907e+03 3.657041032847920171e-15
7.072459444444929431e+03 3.638055636368159917e-15
7.076988614094179866e+03 3.667679343148959767e-15
7.081517783743430300e+03 3.704407538774850329e-15
7.086046953392679825e+03 3.638584608443720227e-15
7.090576123041930259e+03 3.534876647238979904e-15
7.095105292691178875e+03 3.581823236582319786e-15
7.099634462340429309e+03 3.584089473232689989e-15
7.104163631989670648e+03 3.504395107840849838e-15
7.108692801638921082e+03 3.524108952655249974e-15
7.113221971288170607e+03 3.641232856953310009e-15
7.117751140937421042e+03 3.618235065402410078e-15
7.122280310586669657e+03 3.555912498725809950e-15
7.126809480235920091e+03 3.524411343417420154e-15
7.131338649885170526e+03 3.456015338750770274e-15
7.135867819534409136e+03 3.528156923110179853e-15
7.140396989183659571e+03 3.574515459829879366e-15
7.144926158832909096e+03 3.572078122524159850e-15
7.149455328482159530e+03 3.473049594836519597e-15
7.153984498131409964e+03 3.413463579854259723e-15
7.158513667780659489e+03 3.399120982716640258e-15
7.163042837429909923e+03 3.292041406865360108e-15
7.167572007079158539e+03 3.048364639258639615e-15
7.172101176728408973e+03 2.822911785512089871e-15
7.176630346377650312e+03 2.652665786410500003e-15
7.181159516026899837e+03 2.605548731686529926e-15
7.185688685676150271e+03 2.566402256996230309e-15
7.190217855325400706e+03 2.508872414493429854e-15
7.194747024974649321e+03 2.471836110632970019e-15
7.199276194623899755e+03 2.521195685084789940e-15
7.203805364273149280e+03 2.588153216048769937e-15
7.208334533922389710e+03 2.782458974258880210e-15
7.212863703571641054e+03 3.130256631632129865e-15
7.217392873220891488e+03 3.311157881693699682e-15
7.221922042870140103e+03 3.249835025653099598e-15
7.226451212519390538e+03 3.056593564341210409e-15
7.230980382168640062e+03 2.836958132876409906e-15
7.235509551817890497e+03 2.719886532862839669e-15
7.240038721467140931e+03 2.655067124815969889e-15
7.244567891116379542e+03 2.639464989685780124e-15
7.249097060765629976e+03 2.677564743411510239e-15
7.253626230414879501e+03 2.665818302257230332e-15
7.258155400064129935e+03 2.654514012301410464e-15
7.262684569713380370e+03 2.679347536007250038e-15
7.267213739362628985e+03 2.731548058964159699e-15
7.271742909011880329e+03 2.725939218545680114e-15
7.276272078661120759e+03 2.670643425441260115e-15
7.280801248310370283e+03 2.756076227292520015e-15
7.285330417959620718e+03 2.871094831200179880e-15
7.289859587608871152e+03 2.810723193159340064e-15
7.294388757258119767e+03 2.685219380155850112e-15
7.298917926907370202e+03 2.718401684106299725e-15
7.303447096556619726e+03 2.774698670154379829e-15
7.307976266205870161e+03 2.743262312866449859e-15
7.312505435855109681e+03 2.776517461650370048e-15
7.317034605504359206e+03 2.787210405576509913e-15
7.321563775153609640e+03 2.810571997778250438e-15
7.326092944802859165e+03 2.872153834142479836e-15
7.330622114452109599e+03 2.904323510204489694e-15
7.335151284101360034e+03 2.915288351706700162e-15
7.339680453750609558e+03 2.897840108267970044e-15
7.344209623399859993e+03 2.892544670039969816e-15
7.348738793049100423e+03 2.916209500036840002e-15
7.353267962698349947e+03 2.948017281272129939e-15
7.357797132347600382e+03 2.893819666383830268e-15
7.362326301996850816e+03 2.755477798515280513e-15
7.366855471646099431e+03 2.714163342996479964e-15
7.371384641295350775e+03 2.732922369921080196e-15
7.375913810944599390e+03 2.713065588296839969e-15
7.380442980593849825e+03 2.662666280902260267e-15
7.384972150243091164e+03 2.571217215784900140e-15
7.389501319892339779e+03 2.545789074950079764e-15
7.394030489541590214e+03 2.555362029561720125e-15
7.398559659190840648e+03 2.471037993838420049e-15
7.403088828840090173e+03 2.400120795604259855e-15
7.407617998489340607e+03 2.368676603261580010e-15
7.412147168138590132e+03 2.367055170442299649e-15
7.416676337787829652e+03 2.416553023022760412e-15
7.421205507437080087e+03 2.381975867566420174e-15
7.425734677086329611e+03 2.329119741108330162e-15
7.430263846735580046e+03 2.255503895904220134e-15
7.434793016384828661e+03 2.231400302840680109e-15
7.439322186034080005e+03 2.213787735010179895e-15
7.443851355683330439e+03 2.166611599738149875e-15
7.448380525332579055e+03 2.229289496736119631e-15
7.452909694981820394e+03 2.229568594092239923e-15
7.457438864631070828e+03 2.210980032548269886e-15
7.461968034280319443e+03 2.126119189694649764e-15
7.466497203929569878e+03 2.096204103579999956e-15
7.471026373578821222e+03 2.133447295237819949e-15
7.475555543228069837e+03 2.164536157259140025e-15
7.480084712877320271e+03 2.160194689887979826e-15
7.484613882526558882e+03 2.065336317157919957e-15
7.489143052175809316e+03 2.075184769235650046e-15
7.493672221825059751e+03 2.065739716599049818e-15
7.498201391474309276e+03 1.969460022583499994e-15
7.502730561123559710e+03 1.878959422608819982e-15
7.507259730772809235e+03 1.762966836690940022e-15
7.511788900422059669e+03 1.612948619644490132e-15
7.516318070071310103e+03 1.545579536547259992e-15
7.520847239720558719e+03 1.543487682804899852e-15
7.525376409369800058e+03 1.510472456103300093e-15
7.529905579019050492e+03 1.507718116717059809e-15
7.534434748668299108e+03 1.488529220571729992e-15
7.538963918317550451e+03 1.483860374966459949e-15
7.543493087966800886e+03 1.500084338159050017e-15
7.548022257616049501e+03 1.510962676421519970e-15
7.552551427265299935e+03 1.500820409790219920e-15
7.557080596914541275e+03 1.487235907140390096e-15
7.561609766563789890e+03 1.519613847428299991e-15
7.566138936213040324e+03 1.614809021634019740e-15
7.570668105862289849e+03 1.681417257386370026e-15
7.575197275511540283e+03 1.674458246449970044e-15
7.579726445160790718e+03 1.687335582467950088e-15
7.584255614810040242e+03 1.748745471143890018e-15
7.588784784459290677e+03 1.571316950286940087e-15
7.593313954108530197e+03 1.005174422023150065e-15
7.597843123757779722e+03 3.414059996928249989e-16
7.602372293407030156e+03 -8.613358264876280004e-17
7.606901463056279681e+03 -1.443950564772000188e-16
7.611430632705530115e+03 1.801961216027649965e-16
7.615959802354780550e+03 7.076123299878670719e-16
7.620488972004029165e+03 9.128710182993641890e-16
7.625018141653270504e+03 6.906564773892900856e-16
7.629547311302520939e+03 5.213889072208980312e-16
7.634076480951770463e+03 5.452076854559259675e-16
7.638605650601020898e+03 7.079456374526120335e-16
7.643134820250269513e+03 8.787134617892691626e-16
7.647663989899519947e+03 1.049052634515059864e-15
7.652193159548770382e+03 1.224462781737819824e-15
7.656722329198019906e+03 1.380083804092999916e-15
7.661251498847259427e+03 1.557363458909469904e-15
7.665780668496508952e+03 1.648215365799010030e-15
7.670309838145759386e+03 1.723525382776750024e-15
7.674839007795009820e+03 1.811626444290969910e-15
7.679368177444259345e+03 1.855763425348260178e-15
7.683897347093509779e+03 1.879138358318930214e-15
7.688426516742758395e+03 1.924813974724910286e-15
7.692955686392008829e+03 1.957221667045089925e-15
7.697484856041250168e+03 2.017398275749829960e-15
7.702014025690500603e+03 2.035560356204849963e-15
7.706543195339750127e+03 2.056120598691789620e-15
7.711072364989000562e+03 2.115179547422629972e-15
7.715601534638249177e+03 2.136455956266469985e-15
7.720130704287499611e+03 2.107322893320369948e-15
7.724659873936750046e+03 2.082346432804680028e-15
7.729189043585999570e+03 2.084458932975130281e-15
7.733718213235240910e+03 2.126404851556110093e-15
7.738247382884491344e+03 2.139235071366410555e-15
7.742776552533739959e+03 2.059235562355320070e-15
7.747305722182990394e+03 2.026235158730289768e-15
7.751834891832240828e+03 2.043522254150810278e-15
7.756364061481490353e+03 2.077153485563299937e-15
7.760893231130740787e+03 2.069647503101210293e-15
7.765422400779979398e+03 2.052233988013319968e-15
7.769951570429229832e+03 2.069890389798830336e-15
7.774480740078480267e+03 2.030731633130790010e-15
7.779009909727729791e+03 2.074101414096110218e-15
7.783539079376980226e+03 2.115903337076059955e-15
7.788068249026228841e+03 2.114873556770430017e-15
7.792597418675480185e+03 2.205289029933910578e-15
7.797126588324730619e+03 2.269534149642539971e-15
7.801655757973970140e+03 2.312729230062490163e-15
7.806184927623220574e+03 2.343835244500979911e-15
7.810714097272471008e+03 2.345170380184089502e-15
7.815243266921719623e+03 2.400213122195510179e-15
7.819772436570970058e+03 2.445759566077039886e-15
7.824301606220219583e+03 2.491860816539010116e-15
7.828830775869470017e+03 2.516252824321089836e-15
7.833359945518709537e+03 2.544869408927599985e-15
7.837889115167959062e+03 2.559430328807380163e-15
7.842418284817209496e+03 2.613769821714350057e-15
7.846947454466459931e+03 2.654730005702959916e-15
7.851476624115709456e+03 2.646594889519290041e-15
7.856005793764959890e+03 2.617598198877699920e-15
7.860534963414209415e+03 2.578682752423759969e-15
7.865064133063459849e+03 2.622006370093450084e-15
7.869593302712700279e+03 2.636379672175410279e-15
7.874122472361949804e+03 2.611337143089830184e-15
7.878651642011200238e+03 2.639108177056750038e-15
7.883180811660450672e+03 2.637894167085100179e-15
7.887709981309699288e+03 2.673445410430780101e-15
7.892239150958950631e+03 2.628360387747279796e-15
7.896768320608199247e+03 2.611507396712230271e-15
7.901297490257449681e+03 2.678827881294110314e-15
7.905826659906691020e+03 2.748126399566060046e-15
7.910355829555941455e+03 2.779131405325589719e-15
7.914884999205190070e+03 2.715415469450760212e-15
7.919414168854440504e+03 2.622677431945909937e-15
7.923943338503690029e+03 2.644229126497610358e-15
7.928472508152940463e+03 2.690892383320089733e-15
7.933001677802190898e+03 2.775420342225439704e-15
7.937530847451429509e+03 2.802160325337310317e-15
7.942060017100679943e+03 2.757233486056700286e-15
7.946589186749929468e+03 2.754789160729160400e-15
7.951118356399179902e+03 2.726043615356429995e-15
7.955647526048430336e+03 2.647293056426069526e-15
7.960176695697679861e+03 2.548635740927569782e-15
7.964705865346930295e+03 2.423484928904850031e-15
7.969235034996178911e+03 2.437148629135249908e-15
7.973764204645420250e+03 2.478361017183910258e-15
7.978293374294670684e+03 2.444851546757580121e-15
7.982822543943921119e+03 2.419144308566650102e-15
7.987351713593169734e+03 2.332732124870129784e-15
7.991880883242421078e+03 2.321512961725510157e-15
7.996410052891669693e+03 2.271095866639040087e-15
8.000939222540920127e+03 2.213560730180319687e-15
8.005468392190170562e+03 2.220977562424719493e-15
8.009997561839409173e+03 2.187144737170769505e-15
8.014526731488659607e+03 2.100910642151420053e-15
8.019055901137909132e+03 2.164150333751660169e-15
8.023585070787159566e+03 2.164182732761889885e-15
8.028114240436410000e+03 2.163973727382160014e-15
8.032643410085659525e+03 2.139331633122399912e-15
8.037172579734909959e+03 2.138185597544760505e-15
8.041701749384158575e+03 2.149344409591889841e-15
8.046230919033399914e+03 2.103698015822599903e-15
8.050760088682650348e+03 2.076363839098230004e-15
8.055289258331898964e+03 2.044735205331280013e-15
8.059818427981150307e+03 2.088202818602000205e-15
8.064347597630400742e+03 2.116676678156899976e-15
8.068876767279649357e+03 2.011445963471230078e-15
8.073405936928899791e+03 1.972922693271870052e-15
8.077935106578141131e+03 1.946369057408400118e-15
8.082464276227389746e+03 1.921316363927460072e-15
8.086993445876640180e+03 1.909963793093640004e-15
8.091522615525891524e+03 1.846612293144359953e-15
8.096051785175140139e+03 1.806857860556170140e-15
8.100580954824390574e+03 1.783116374077580145e-15
8.105110124473640099e+03 1.726768036657080046e-15
8.109639294122890533e+03 1.707065520908350028e-15
8.114168463772130053e+03 1.735597825736609952e-15
8.118697633421379578e+03 1.769861896639819938e-15
8.123226803070630012e+03 1.684801789285359819e-15
8.127755972719879537e+03 1.636893499909539763e-15
8.132285142369129971e+03 1.522849301528580127e-15
8.136814312018380406e+03 1.462771795678670028e-15
8.141343481667629021e+03 1.457024571252429813e-15
8.145872651316870360e+03 1.435797607956880051e-15
8.150401820966120795e+03 1.409304111432659848e-15
8.154930990615370320e+03 1.391373906246949921e-15
8.159460160264620754e+03 1.370289032728300096e-15
8.163989329913871188e+03 1.281894474297859948e-15
8.168518499563119803e+03 1.327305181149579926e-15
8.173047669212370238e+03 1.375892896828219888e-15
8.177576838861619763e+03 1.350976258014429999e-15
8.182106008510870197e+03 1.426809847232690177e-15
8.186635178160109717e+03 1.488832987762440051e-15
8.191164347809359242e+03 1.435565732687569976e-15
8.195693517458608767e+03 1.401623428425199991e-15
8.200222687107858292e+03 1.425608330997009952e-15
8.204751856757109636e+03 1.556436381348700073e-15
8.209281026406359160e+03 1.557728212472380104e-15
8.213810196055608685e+03 1.383524663682980148e-15
8.218339365704849115e+03 1.260571055125440025e-15
8.222868535354100459e+03 1.040941341133029938e-15
8.227397705003349984e+03 7.645770956357319809e-16
8.231926874652599508e+03 6.957623919953389094e-16
8.236456044301850852e+03 8.397903920388019510e-16
8.240985213951100377e+03 8.655589342392911757e-16
8.245514383600349902e+03 8.251790736986659604e-16
8.250043553249599427e+03 8.405758033391439940e-16
8.254572722898839856e+03 8.191907095802550755e-16
8.259101892548091200e+03 7.430958106977709890e-16
8.263631062197340725e+03 6.998824661299020358e-16
8.268160231846590250e+03 6.886760614190500321e-16
8.272689401495841594e+03 5.566170074972039878e-16
8.277218571145091119e+03 4.600363520875790251e-16
8.281747740794340643e+03 5.645491534108859804e-16
8.286276910443579254e+03 6.322318504568330802e-16
8.290806080092828779e+03 5.798857966516679649e-16
8.295335249742080123e+03 6.211040080518380254e-16
8.299864419391329648e+03 6.842031451223959904e-16
8.304393589040579172e+03 7.105954212094190089e-16
8.308922758689828697e+03 7.679903737153709915e-16
8.313451928339080041e+03 7.882776598350589362e-16
8.317981097988329566e+03 7.271144165654499843e-16
8.322510267637569996e+03 7.256111448423110064e-16
8.327039437286819521e+03 8.944868034539200409e-16
8.331568606936070864e+03 9.300378350413668968e-16
8.336097776585320389e+03 9.253297082831720779e-16
8.340626946234569914e+03 9.972867453392009935e-16
8.345156115883821258e+03 1.063565273516839841e-15
8.349685285533070783e+03 1.103414891432480117e-15
8.354214455182309393e+03 1.104931186287190032e-15
8.358743624831558918e+03 1.100069111290830167e-15
8.363272794480808443e+03 1.080119156042380133e-15
8.367801964130059787e+03 1.152218494633549941e-15
8.372331133779309312e+03 1.154400663263919748e-15
8.376860303428558836e+03 1.130819371891469954e-15
8.381389473077808361e+03 1.133932112093509917e-15
8.385918642727059705e+03 1.139946151898139970e-15
8.390447812376309230e+03 1.203762143539870006e-15
8.394976982025549660e+03 1.268622209168210162e-15
8.399506151674799185e+03 1.257530312723919832e-15
8.404035321324050528e+03 1.249747985762780190e-15
8.408564490973300053e+03 1.288003593550809829e-15
8.413093660622549578e+03 1.321773632487540056e-15
8.417622830271800922e+03 1.408635273041690088e-15
8.422151999921039533e+03 1.445735633768780113e-15
8.426681169570290876e+03 1.443010622898349947e-15
8.431210339219540401e+03 1.507450560184849998e-15
8.435739508868789926e+03 1.565250288560469946e-15
8.440268678518041270e+03 1.622264182119269984e-15
8.444797848167290795e+03 1.663775466919189934e-15
8.449327017816540319e+03 1.681843420837959910e-15
8.453856187465791663e+03 1.784588729098139805e-15
8.458385357115041188e+03 1.841210340523249992e-15
8.462914526764279799e+03 1.893982398961319886e-15
8.467443696413531143e+03 2.011321237869750038e-15
8.471972866062778849e+03 2.154770079135530023e-15
8.476502035712030192e+03 2.202066493086080015e-15
8.481031205361279717e+03 2.288316258214960376e-15
8.485560375010529242e+03 2.441267538599509968e-15
8.490089544659780586e+03 2.634095012558419545e-15
8.494618714309019197e+03 2.753045543407239789e-15
8.499147883958270540e+03 2.787551124579539800e-15
8.503677053607520065e+03 2.870340548360649926e-15
8.508206223256769590e+03 2.988671686366780207e-15
8.512735392906020934e+03 3.119709589131160075e-15
8.517264562555270459e+03 3.158117239333219889e-15
8.521793732204519983e+03 3.180926777811589396e-15
8.526322901853771327e+03 3.320809822127669929e-15
8.530852071503020852e+03 3.384676318108880199e-15
8.535381241152259463e+03 3.395972137735220424e-15
8.539910410801508988e+03 3.468071582205510019e-15
8.544439580450758513e+03 3.518899911787870080e-15
8.548968750100009856e+03 3.539259830982790405e-15
8.553497919749259381e+03 3.621310642033889653e-15
8.558027089398508906e+03 3.701415818405149718e-15
8.562556259047749336e+03 3.808582003375290170e-15
8.567085428696998861e+03 3.852122037962999815e-15
8.571614598346250204e+03 3.778523768692550441e-15
8.576143767995499729e+03 3.856580819397349607e-15
8.580672937644749254e+03 3.898037999967760139e-15
8.585202107294000598e+03 3.852151684116160815e-15
8.589731276943250123e+03 3.900143723874639851e-15
8.594260446592499648e+03 3.950723872803459924e-15
8.598789616241750991e+03 3.945269827656089484e-15
8.603318785890991421e+03 3.962726329666050205e-15
8.607847955540240946e+03 3.998551588170170049e-15
8.612377125189490471e+03 4.010883540849249352e-15
8.616906294838739996e+03 4.001787677545160625e-15
8.621435464487991339e+03 3.931824873684320397e-15
8.625964634137240864e+03 4.024676625362328912e-15
8.630493803786490389e+03 3.944994965464699942e-15
8.635022973435730819e+03 3.975514833103690109e-15
8.639552143084978525e+03 3.996436546900880005e-15
8.644081312734229869e+03 4.001196872064449962e-15
8.648610482383479393e+03 4.063707903571810227e-15
8.653139652032728918e+03 4.113086112748479603e-15
8.657668821681980262e+03 4.024549146903770295e-15
8.662197991331229787e+03 4.043291868444139826e-15
8.666727160980479312e+03 4.188632981314089862e-15
8.671256330629730655e+03 4.204905331263789859e-15
8.675785500278969266e+03 4.187417912551249624e-15
8.680314669928220610e+03 4.219561118833659757e-15
8.684843839577470135e+03 4.180239308323270217e-15
8.689373009226719660e+03 4.210365729158259973e-15
8.693902178875971003e+03 4.159289218922359924e-15
8.698431348525220528e+03 4.096080232266449493e-15
8.702960518174459139e+03 4.087709005648739976e-15
8.707489687823710483e+03 4.164172787379749859e-15
8.712018857472958189e+03 4.128345411293260302e-15
8.716548027122209533e+03 4.070637056596830342e-15
8.721077196771459057e+03 4.196968632548020220e-15
8.725606366420708582e+03 4.190345258416959697e-15
8.730135536069959926e+03 4.152130519968639416e-15
8.734664705719209451e+03 4.203946066451020419e-15
8.739193875368458976e+03 4.144964621234859357e-15
8.743723045017699405e+03 4.074345790356379352e-15
8.748252214666948930e+03 4.119549821168970069e-15
8.752781384316200274e+03 4.197733926815860536e-15
8.757310553965449799e+03 4.058732432039640045e-15
8.761839723614699324e+03 4.074707049908379366e-15
8.766368893263950667e+03 4.166124351290220612e-15
8.770898062913200192e+03 4.156429635692429406e-15
8.775427232562440622e+03 4.104796624810169871e-15
8.779956402211690147e+03 4.059948347835420437e-15
8.784485571860941491e+03 4.002795646752390087e-15
8.789014741510191016e+03 3.957228662321900113e-15
8.793543911159440540e+03 3.931287007762810761e-15
8.798073080808690065e+03 3.907302422828360359e-15
8.802602250457941409e+03 3.986304338785820909e-15
8.807131420107190934e+03 4.005258395046529599e-15
8.811660589756429545e+03 3.932526640481120585e-15
8.816189759405679069e+03 3.966681973529729365e-15
8.820718929054928594e+03 3.976961565377609920e-15
8.825248098704179938e+03 3.956279985420970563e-15
8.829777268353429463e+03 4.057638488988260327e-15
8.834306438002678988e+03 4.038467168776579331e-15
8.838835607651930331e+03 3.967307083844799883e-15
8.843364777301170761e+03 3.894335618955320269e-15
8.847893946950420286e+03 3.918960560797889400e-15
8.852423116599669811e+03 3.885395609713520023e-15
8.856952286248921155e+03 3.834781579466809778e-15
8.861481455898170680e+03 3.816893514170220625e-15
8.866010625547420204e+03 3.717419235394100419e-15
8.870539795196669729e+03 3.698177187931319745e-15
8.875068964845921073e+03 3.700694569850560315e-15
8.879598134495170598e+03 3.606638760838029812e-15
8.884127304144409209e+03 3.509214090036019916e-15
8.888656473793660552e+03 3.444940382965419508e-15
8.893185643442908258e+03 3.369784843621439947e-15
8.897714813092159602e+03 3.275033408800970145e-15
8.902243982741409127e+03 3.195559060217169832e-15
8.906773152390658652e+03 3.089168333910239509e-15
8.911302322039899082e+03 3.058442425506830128e-15
8.915831491689150425e+03 3.026173858348229908e-15
8.920360661338399950e+03 2.825673748194849726e-15
8.924889830987649475e+03 2.793064038516739681e-15
8.929419000636899000e+03 2.730345272179059776e-15
8.933948170286150344e+03 2.625201378370490150e-15
8.938477339935399868e+03 2.552243466008159899e-15
8.943006509584649393e+03 2.416737040930550225e-15
8.947535679233900737e+03 2.191913532663819894e-15
8.952064848883141167e+03 2.064058991473460078e-15
8.956594018532390692e+03 1.923646551565349946e-15
8.961123188181640216e+03 1.930395286572600162e-15
8.965652357830891560e+03 1.776829483784819942e-15
8.970181527480141085e+03 1.722497402416140101e-15
8.974710697129390610e+03 1.778125020677639872e-15
8.979239866778640135e+03 1.821503060214189893e-15
8.983769036427878746e+03 1.726326732491559964e-15
8.988298206077130089e+03 1.421846551799130070e-15
8.992827375726379614e+03 1.394877234516790158e-15
8.997356545375629139e+03 1.700630823366300261e-15
9.001885715024878664e+03 1.674974407152199781e-15
9.006414884674130008e+03 1.634448327549050059e-15
9.010944054323379532e+03 1.772394525152110099e-15
9.015473223972629057e+03 1.808130527559420121e-15
9.020002393621869487e+03 1.836309619648670268e-15
9.024531563271120831e+03 1.871394359598660140e-15
9.029060732920370356e+03 1.992635267536849701e-15
9.033589902569619881e+03 2.209888630595739820e-15
9.038119072218871224e+03 2.360886653003920207e-15
9.042648241868120749e+03 2.387717056882910611e-15
9.047177411517370274e+03 2.358303202514790252e-15
9.051706581166608885e+03 2.278089182409810376e-15
9.056235750815860229e+03 2.204454914239099934e-15
