3.634642400000000180e+03 3.266269999999999923e-16
3.637551500000000033e+03 2.864230000000000297e-16
3.640460500000000138e+03 3.217869999999999965e-16
3.643369599999999991e+03 3.763049999999999586e-16
3.646278600000000097e+03 2.836159999999999922e-16
3.649187699999999950e+03 2.869560000000000129e-16
3.652096799999999803e+03 3.986200000000000067e-16
3.655005799999999908e+03 3.540299999999999566e-16
3.657914900000000216e+03 2.689880000000000235e-16
3.660824000000000069e+03 3.292969999999999450e-16
3.663732999999999720e+03 3.021140000000000119e-16
3.666642100000000028e+03 3.633860000000000045e-16
3.669551100000000133e+03 3.044790000000000513e-16
3.672460199999999986e+03 2.585329999999999847e-16
3.675369299999999839e+03 2.918119999999999877e-16
3.678278299999999945e+03 2.944850000000000412e-16
3.681187399999999798e+03 2.910490000000000481e-16
3.684096500000000106e+03 2.755700000000000089e-16
3.687005500000000211e+03 2.176200000000000238e-16
3.689914600000000064e+03 2.599740000000000312e-16
3.692823600000000170e+03 2.576020000000000195e-16
3.695732700000000023e+03 1.919659999999999968e-16
3.698641799999999876e+03 2.365809999999999586e-16
3.701550799999999981e+03 2.367530000000000036e-16
3.704459899999999834e+03 1.997370000000000150e-16
3.707369000000000142e+03 1.903409999999999704e-16
3.710277999999999793e+03 2.088939999999999980e-16
3.713187100000000100e+03 2.535769999999999689e-16
3.716096199999999953e+03 2.012709999999999824e-16
3.719005200000000059e+03 1.879020000000000160e-16
3.721914299999999912e+03 2.120909999999999787e-16
3.724823300000000017e+03 2.249809999999999771e-16
3.727732399999999870e+03 2.012700000000000145e-16
3.730641500000000178e+03 2.548669999999999859e-16
3.733550499999999829e+03 2.363990000000000376e-16
3.736459600000000137e+03 2.508829999999999985e-16
3.739368699999999990e+03 2.234659999999999910e-16
3.742277700000000095e+03 3.187820000000000098e-16
3.745186799999999948e+03 3.103940000000000202e-16
3.748095800000000054e+03 2.673909999999999602e-16
3.751004899999999907e+03 2.976139999999999881e-16
3.753914000000000215e+03 2.454330000000000282e-16
3.756822999999999865e+03 2.967420000000000007e-16
3.759732100000000173e+03 3.082959999999999810e-16
3.762641200000000026e+03 2.674809999999999775e-16
3.765550200000000132e+03 2.327929999999999846e-16
3.768459299999999985e+03 2.445859999999999772e-16
3.771368300000000090e+03 2.588449999999999689e-16
3.774277399999999943e+03 2.336300000000000118e-16
3.777186499999999796e+03 2.219559999999999921e-16
3.780095499999999902e+03 2.324050000000000264e-16
3.783004600000000210e+03 2.889729999999999922e-16
3.785913700000000063e+03 2.448469999999999730e-16
3.788822700000000168e+03 2.939520000000000087e-16
3.791731800000000021e+03 3.023130000000000276e-16
3.794640800000000127e+03 2.418890000000000046e-16
3.797549899999999980e+03 2.618500000000000049e-16
3.800459000000000287e+03 2.352179999999999697e-16
3.803367999999999938e+03 2.312309999999999801e-16
3.806277099999999791e+03 2.958309999999999846e-16
3.809186200000000099e+03 2.775480000000000087e-16
3.812095200000000204e+03 2.556270000000000219e-16
3.815004300000000057e+03 2.955869999999999849e-16
3.817913300000000163e+03 2.691289999999999798e-16
3.820822400000000016e+03 3.772219999999999793e-16
3.823731499999999869e+03 3.237979999999999714e-16
3.826640499999999975e+03 3.123299999999999890e-16
3.829549599999999828e+03 2.999520000000000075e-16
3.832458700000000135e+03 2.486530000000000096e-16
3.835367699999999786e+03 2.594320000000000413e-16
3.838276800000000094e+03 3.246770000000000297e-16
3.841185800000000199e+03 2.948220000000000110e-16
3.844094900000000052e+03 3.218209999999999888e-16
3.847004000000000360e+03 4.108430000000000379e-16
3.849913000000000011e+03 3.859230000000000195e-16
3.852822099999999864e+03 4.786690000000000281e-16
3.855731200000000172e+03 4.637259999999999744e-16
3.858640199999999822e+03 3.805030000000000221e-16
3.861549300000000130e+03 4.126209999999999555e-16
3.864458299999999781e+03 4.594649999999999630e-16
3.867367400000000089e+03 5.017909999999999333e-16
3.870276499999999942e+03 4.719759999999999606e-16
3.873185500000000047e+03 4.790590000000000206e-16
3.876094599999999900e+03 4.891849999999999805e-16
3.879003700000000208e+03 4.806019999999998960e-16
3.881912699999999859e+03 4.429359999999999857e-16
3.884821800000000167e+03 4.704659999999999617e-16
3.887730900000000020e+03 4.353049999999999806e-16
3.890639900000000125e+03 4.714580000000000377e-16
3.893549000000000433e+03 4.993380000000000096e-16
3.896458000000000084e+03 5.039850000000000435e-16
3.899367099999999937e+03 4.827639999999999497e-16
3.902276199999999790e+03 5.128490000000000234e-16
3.905185199999999895e+03 4.909169999999999463e-16
3.908094300000000203e+03 5.422230000000000152e-16
3.911003400000000056e+03 5.041119999999999566e-16
3.913912400000000162e+03 5.245610000000000055e-16
3.916821500000000015e+03 5.780379999999999868e-16
3.919730500000000120e+03 5.645339999999999945e-16
3.922639599999999973e+03 5.534330000000000534e-16
3.925548699999999826e+03 5.012809999999999506e-16
3.928457699999999932e+03 5.367999999999999663e-16
3.931366799999999785e+03 5.419250000000000249e-16
3.934275900000000092e+03 4.359979999999999999e-16
3.937184900000000198e+03 4.974450000000000397e-16
3.940094000000000051e+03 5.729810000000000113e-16
3.943002999999999702e+03 5.474790000000000556e-16
3.945912100000000009e+03 5.020339999999999650e-16
3.948821199999999862e+03 5.667319999999999762e-16
3.951730199999999968e+03 5.882619999999999533e-16
3.954639299999999821e+03 5.047810000000000075e-16
3.957548400000000129e+03 5.343369999999999695e-16
3.960457399999999780e+03 5.471459999999999573e-16
3.963366500000000087e+03 4.867830000000000452e-16
3.966275500000000193e+03 4.344050000000000054e-16
3.969184600000000046e+03 4.348839999999999980e-16
3.972093699999999899e+03 4.367380000000000869e-16
3.975002700000000004e+03 4.954330000000000970e-16
3.977911799999999857e+03 5.135720000000000156e-16
3.980820900000000165e+03 5.003569999999999577e-16
3.983729899999999816e+03 5.187630000000000244e-16
3.986639000000000124e+03 5.527719999999999426e-16
3.989547999999999774e+03 5.350219999999999007e-16
3.992457100000000082e+03 5.024659999999999886e-16
3.995366199999999935e+03 4.831410000000000148e-16
3.998275200000000041e+03 5.014829999999999685e-16
4.001184299999999894e+03 5.133200000000000265e-16
4.004093400000000202e+03 5.027619999999999445e-16
4.007002399999999852e+03 5.220799999999999953e-16
4.009911500000000160e+03 5.370000000000000484e-16
4.012820499999999811e+03 5.218549999999999769e-16
4.015729600000000119e+03 5.446650000000000458e-16
4.018638699999999972e+03 5.446200000000000618e-16
4.021547700000000077e+03 5.573360000000000302e-16
4.024456799999999930e+03 5.877749999999999712e-16
4.027365899999999783e+03 5.938889999999999558e-16
4.030274899999999889e+03 5.428849999999999459e-16
4.033184000000000196e+03 5.092950000000000252e-16
4.036093100000000049e+03 5.914480000000000410e-16
4.039002100000000155e+03 6.677639999999998990e-16
4.041911200000000008e+03 5.873619999999999781e-16
4.044820200000000114e+03 5.822929999999999938e-16
4.047729299999999967e+03 6.196900000000000175e-16
4.050638399999999820e+03 5.652219999999999773e-16
4.053547399999999925e+03 5.498180000000000922e-16
4.056456499999999778e+03 5.784039999999999615e-16
4.059365600000000086e+03 6.055330000000000519e-16
4.062274600000000191e+03 6.249929999999999777e-16
4.065183700000000044e+03 5.713489999999999879e-16
4.068092700000000150e+03 5.960759999999999458e-16
4.071001800000000003e+03 6.407560000000000131e-16
4.073910899999999856e+03 6.233839999999999549e-16
4.076819899999999961e+03 5.810320000000000311e-16
4.079729000000000269e+03 5.841519999999999713e-16
4.082638100000000122e+03 6.100579999999999628e-16
4.085547099999999773e+03 6.008430000000000684e-16
4.088456200000000081e+03 5.726420000000000072e-16
4.091365200000000186e+03 5.966069999999998947e-16
4.094274300000000039e+03 5.784700000000000103e-16
4.097183399999999892e+03 5.803999999999999254e-16
4.100092400000000453e+03 6.024560000000000613e-16
4.103001500000000306e+03 5.322709999999999868e-16
4.105910600000000159e+03 5.282190000000000148e-16
4.108819599999999809e+03 5.719389999999999640e-16
4.111728699999999662e+03 5.343549999999999828e-16
4.114637700000000223e+03 5.536589999999999904e-16
4.117546800000000076e+03 5.943810000000000238e-16
4.120455899999999929e+03 5.847970000000000045e-16
4.123364899999999579e+03 5.742309999999999823e-16
4.126274000000000342e+03 6.025100000000000026e-16
4.129183100000000195e+03 5.182819999999999482e-16
4.132092099999999846e+03 5.801629999999999966e-16
4.135001199999999699e+03 5.500269999999999345e-16
4.137910200000000259e+03 5.325689999999999770e-16
4.140819300000000112e+03 5.505589999999999992e-16
4.143728399999999965e+03 5.798239999999999925e-16
4.146637399999999616e+03 5.347550000000000484e-16
4.149546500000000378e+03 5.104310000000000105e-16
4.152455600000000231e+03 5.560419999999999938e-16
4.155364599999999882e+03 4.969530000000000704e-16
4.158273699999999735e+03 5.195189999999999918e-16
4.161182700000000295e+03 5.563200000000000350e-16
4.164091800000000148e+03 5.317289999999999476e-16
4.167000900000000001e+03 5.172200000000000505e-16
4.169909899999999652e+03 5.290319999999999750e-16
4.172819000000000415e+03 5.469369999999999178e-16
4.175728100000000268e+03 5.099369999999999082e-16
4.178637099999999919e+03 5.464239999999999823e-16
4.181546199999999772e+03 5.019050000000000175e-16
4.184455200000000332e+03 4.623840000000000011e-16
4.187364300000000185e+03 4.793599999999999638e-16
4.190273400000000038e+03 4.975219999999998830e-16
4.193182399999999689e+03 4.616019999999999817e-16
4.196091500000000451e+03 4.386779999999999764e-16
4.199000600000000304e+03 4.594159999999999103e-16
4.201909599999999955e+03 4.849909999999999364e-16
4.204818699999999808e+03 4.638110000000000537e-16
4.207727799999999661e+03 4.545490000000000424e-16
4.210636800000000221e+03 4.505769999999999653e-16
4.213545900000000074e+03 4.234899999999999552e-16
4.216454899999999725e+03 4.300430000000000343e-16
4.219364000000000487e+03 4.201019999999999976e-16
4.222273100000000341e+03 4.037659999999999822e-16
4.225182099999999991e+03 3.689330000000000629e-16
4.228091199999999844e+03 4.059409999999999633e-16
4.231000299999999697e+03 4.249810000000000223e-16
4.233909300000000258e+03 3.976199999999999904e-16
4.236818400000000111e+03 4.036559999999999666e-16
4.239727399999999761e+03 4.030019999999999268e-16
4.242636499999999614e+03 4.178149999999999666e-16
4.245545600000000377e+03 3.984159999999999545e-16
4.248454600000000028e+03 3.935419999999999664e-16
4.251363699999999881e+03 4.096149999999999516e-16
4.254272799999999734e+03 3.817329999999999948e-16
4.257181800000000294e+03 3.930529999999999993e-16
4.260090900000000147e+03 3.874930000000000627e-16
4.262999899999999798e+03 4.191769999999999875e-16
4.265909000000000560e+03 3.785340000000000290e-16
4.268818100000000413e+03 4.064539999999999975e-16
4.271727100000000064e+03 3.619729999999999952e-16
4.274636199999999917e+03 3.505219999999999596e-16
4.277545299999999770e+03 3.986269999999999790e-16
4.280454300000000330e+03 3.768769999999999707e-16
4.283363400000000183e+03 3.630509999999999705e-16
4.286272399999999834e+03 3.354909999999999723e-16
4.289181499999999687e+03 3.795010000000000208e-16
4.292090600000000450e+03 3.954830000000000210e-16
4.294999600000000100e+03 3.913919999999999709e-16
4.297908699999999953e+03 3.810480000000000142e-16
4.300817799999999806e+03 3.423500000000000311e-16
4.303726800000000367e+03 3.409869999999999930e-16
4.306635900000000220e+03 3.417269999999999813e-16
4.309544899999999870e+03 3.659790000000000153e-16
4.312454000000000633e+03 3.654969999999999712e-16
4.315363099999999577e+03 3.885040000000000214e-16
4.318272100000000137e+03 3.956519999999999652e-16
4.321181199999999990e+03 4.220619999999999348e-16
4.324090299999999843e+03 4.150630000000000354e-16
4.326999300000000403e+03 4.101359999999999753e-16
4.329908400000000256e+03 4.211649999999999618e-16
4.332817399999999907e+03 4.483080000000000461e-16
4.335726499999999760e+03 4.118100000000000297e-16
4.338635599999999613e+03 3.843990000000000267e-16
4.341544600000000173e+03 4.332990000000000423e-16
4.344453700000000026e+03 4.409550000000000329e-16
4.347362799999999879e+03 4.287980000000000013e-16
4.350271800000000439e+03 4.198500000000000085e-16
4.353180900000000292e+03 4.147589999999999915e-16
4.356090000000000146e+03 4.556910000000000322e-16
4.358998999999999796e+03 4.869090000000000397e-16
4.361908099999999649e+03 4.858050000000000123e-16
4.364817100000000210e+03 4.845979999999999909e-16
4.367726200000000063e+03 4.478669999999999666e-16
4.370635299999999916e+03 4.747679999999999870e-16
4.373544299999999566e+03 4.810579999999999373e-16
4.376453400000000329e+03 4.594669999999999973e-16
4.379362500000000182e+03 4.698259999999999158e-16
4.382271499999999833e+03 4.386740000000000556e-16
4.385180599999999686e+03 4.120040000000000581e-16
4.388089600000000246e+03 4.383430000000000410e-16
4.390998700000000099e+03 4.632469999999999325e-16
4.393907799999999952e+03 4.635510000000000258e-16
4.396816799999999603e+03 4.367990000000000005e-16
4.399725900000000365e+03 4.162530000000000114e-16
4.402635000000000218e+03 4.259109999999999703e-16
4.405543999999999869e+03 4.142330000000000298e-16
4.408453099999999722e+03 3.938959999999999816e-16
4.411362100000000282e+03 4.351800000000000032e-16
4.414271200000000135e+03 4.230200000000000186e-16
4.417180299999999988e+03 4.100450000000000395e-16
4.420089299999999639e+03 4.061470000000000006e-16
4.422998400000000402e+03 4.178309999999999948e-16
4.425907500000000255e+03 4.378850000000000146e-16
4.428816499999999905e+03 4.187639999999999944e-16
4.431725599999999758e+03 4.064840000000000197e-16
4.434634600000000319e+03 4.199770000000000202e-16
4.437543700000000172e+03 4.323930000000000626e-16
4.440452800000000025e+03 4.623539999999999789e-16
4.443361799999999675e+03 4.904390000000000202e-16
4.446270900000000438e+03 4.493580000000000336e-16
4.449180000000000291e+03 4.728830000000000560e-16
4.452088999999999942e+03 4.793199999999999671e-16
4.454998099999999795e+03 4.636859999999999777e-16
4.457907100000000355e+03 4.626589999999999908e-16
4.460816200000000208e+03 4.586499999999999684e-16
4.463725300000000061e+03 4.379559999999999521e-16
4.466634299999999712e+03 4.848400000000000055e-16
4.469543399999999565e+03 4.636799999999999733e-16
4.472452500000000327e+03 5.090990000000000118e-16
4.475361499999999978e+03 5.066849999999999690e-16
4.478270599999999831e+03 5.082759999999999785e-16
4.481179600000000391e+03 5.088379999999999667e-16
4.484088700000000244e+03 5.295069999999999482e-16
4.486997800000000097e+03 5.151590000000000550e-16
4.489906799999999748e+03 5.326080000000000552e-16
4.492815899999999601e+03 5.320559999999999429e-16
4.495725000000000364e+03 5.127630000000000256e-16
4.498634000000000015e+03 5.140469999999999888e-16
4.501543099999999868e+03 5.151390000000000074e-16
4.504452199999999721e+03 5.378419999999999150e-16
4.507361200000000281e+03 5.390330000000000560e-16
4.510270300000000134e+03 5.086520000000000264e-16
4.513179299999999785e+03 4.823980000000000735e-16
4.516088399999999638e+03 5.076990000000000285e-16
4.518997500000000400e+03 5.075430000000000117e-16
4.521906500000000051e+03 5.338309999999999569e-16
4.524815599999999904e+03 5.007500000000000017e-16
4.527724699999999757e+03 4.869159999999999627e-16
4.530633700000000317e+03 4.709180000000000329e-16
4.533542800000000170e+03 5.066499999999999596e-16
4.536451799999999821e+03 4.923530000000000548e-16
4.539360899999999674e+03 5.373169999999999706e-16
4.542270000000000437e+03 5.075490000000000162e-16
4.545179000000000087e+03 5.177769999999999528e-16
4.548088099999999940e+03 4.926469999999999764e-16
4.550997199999999793e+03 5.173239999999999630e-16
4.553906200000000354e+03 5.016899999999999736e-16
4.556815300000000207e+03 4.909849999999999308e-16
4.559724299999999857e+03 4.887500000000000040e-16
4.562633399999999710e+03 5.186899999999999540e-16
4.565542499999999563e+03 5.103230000000000293e-16
4.568451500000000124e+03 5.233140000000000860e-16
4.571360599999999977e+03 5.299880000000000244e-16
4.574269699999999830e+03 5.174469999999999060e-16
4.577178700000000390e+03 4.949419999999999476e-16
4.580087800000000243e+03 4.750690000000000288e-16
4.582996799999999894e+03 5.261070000000000310e-16
4.585905899999999747e+03 5.339019999999999930e-16
4.588814999999999600e+03 5.264379999999999963e-16
4.591724000000000160e+03 4.968899999999999745e-16
4.594633100000000013e+03 5.107940000000000324e-16
4.597542199999999866e+03 5.004119999999999162e-16
4.600451200000000426e+03 4.939530000000000216e-16
4.603360300000000279e+03 4.892469999999999606e-16
4.606269299999999930e+03 5.048740000000000269e-16
4.609178399999999783e+03 5.185510000000000320e-16
4.612087499999999636e+03 5.003530000000000862e-16
4.614996500000000196e+03 4.924769999999999164e-16
4.617905600000000049e+03 5.196959999999999747e-16
4.620814699999999903e+03 4.832539999999999833e-16
4.623723699999999553e+03 4.613280000000000092e-16
4.626632800000000316e+03 5.102209999999999539e-16
4.629541799999999967e+03 4.725830000000000314e-16
4.632450899999999820e+03 4.678759999999999531e-16
4.635359999999999673e+03 4.671690000000000384e-16
4.638269000000000233e+03 4.750180000000000404e-16
4.641178100000000086e+03 4.593200000000000365e-16
4.644087199999999939e+03 4.675700000000000227e-16
4.646996199999999590e+03 4.516279999999999699e-16
4.649905300000000352e+03 4.496079999999999884e-16
4.652814300000000003e+03 4.493699999999999439e-16
4.655723399999999856e+03 4.315119999999999207e-16
4.658632499999999709e+03 4.351180000000000231e-16
4.661541500000000269e+03 4.558780000000000883e-16
4.664450600000000122e+03 4.342760000000000086e-16
4.667359699999999975e+03 4.271889999999999785e-16
4.670268699999999626e+03 4.635340000000000297e-16
4.673177800000000389e+03 4.899220000000000159e-16
4.676086900000000242e+03 4.569119999999999982e-16
4.678995899999999892e+03 4.467309999999999813e-16
4.681904999999999745e+03 4.574950000000000512e-16
4.684814000000000306e+03 4.662040000000000316e-16
4.687723100000000159e+03 4.420259999999999866e-16
4.690632200000000012e+03 4.499889999999999249e-16
4.693541199999999662e+03 4.290729999999999909e-16
4.696450300000000425e+03 4.538099999999999726e-16
4.699359400000000278e+03 4.398439999999999839e-16
4.702268399999999929e+03 4.489999999999999990e-16
4.705177499999999782e+03 4.291500000000000314e-16
4.708086500000000342e+03 4.237430000000000601e-16
4.710995600000000195e+03 4.505950000000000772e-16
4.713904700000000048e+03 4.395789999999999688e-16
4.716813699999999699e+03 4.414869999999999497e-16
4.719722799999999552e+03 4.455199999999999898e-16
4.722631900000000314e+03 4.354549999999999929e-16
4.725540899999999965e+03 4.390190000000000642e-16
4.728449999999999818e+03 4.199510000000000174e-16
4.731359000000000378e+03 4.094359999999999836e-16
4.734268100000000231e+03 4.295619999999999581e-16
4.737177200000000084e+03 4.107790000000000727e-16
4.740086199999999735e+03 4.006599999999999866e-16
4.742995299999999588e+03 4.138130000000000151e-16
4.745904400000000351e+03 4.374910000000000027e-16
4.748813400000000001e+03 4.387179999999999731e-16
4.751722499999999854e+03 4.299829999999999899e-16
4.754631500000000415e+03 4.355669999999999935e-16
4.757540600000000268e+03 4.204769999999999791e-16
4.760449700000000121e+03 4.481750000000000300e-16
4.763358699999999772e+03 4.510939999999999695e-16
4.766267799999999625e+03 4.127629999999999783e-16
4.769176900000000387e+03 4.279690000000000621e-16
4.772085900000000038e+03 4.252309999999999770e-16
4.774994999999999891e+03 4.299159999999999733e-16
4.777904000000000451e+03 4.322629999999999994e-16
4.780813100000000304e+03 4.239169999999999423e-16
4.783722200000000157e+03 4.360890000000000343e-16
4.786631199999999808e+03 4.300560000000000111e-16
4.789540299999999661e+03 4.676869999999999613e-16
4.792449400000000423e+03 4.437769999999999337e-16
4.795358400000000074e+03 4.286869999999999685e-16
4.798267499999999927e+03 4.186960000000000099e-16
4.801176499999999578e+03 4.066359999999999677e-16
4.804085600000000341e+03 3.957569999999999442e-16
4.806994700000000194e+03 3.965790000000000096e-16
4.809903699999999844e+03 4.107930000000000666e-16
4.812812799999999697e+03 4.023030000000000510e-16
4.815721899999999550e+03 4.042749999999999970e-16
4.818630900000000111e+03 3.890759999999999841e-16
4.821539999999999964e+03 3.878709999999999971e-16
4.824449099999999817e+03 3.734350000000000224e-16
4.827358100000000377e+03 3.843739999999999917e-16
4.830267200000000230e+03 3.962570000000000016e-16
4.833176199999999881e+03 4.077769999999999896e-16
4.836085299999999734e+03 3.902350000000000193e-16
4.838994399999999587e+03 3.622769999999999405e-16
4.841903400000000147e+03 3.824540000000000513e-16
4.844812500000000000e+03 3.662080000000000531e-16
4.847721599999999853e+03 3.602309999999999562e-16
4.850630600000000413e+03 3.485650000000000246e-16
4.853539700000000266e+03 3.421719999999999816e-16
4.856448699999999917e+03 3.555330000000000325e-16
4.859357799999999770e+03 3.532530000000000231e-16
4.862266899999999623e+03 3.401540000000000344e-16
4.865175900000000183e+03 3.404440000000000352e-16
4.868085000000000036e+03 3.481269999999999966e-16
4.870994099999999889e+03 3.550369999999999452e-16
4.873903100000000450e+03 3.719330000000000130e-16
4.876812200000000303e+03 3.507690000000000107e-16
4.879721199999999953e+03 3.421269999999999977e-16
4.882630299999999806e+03 3.575759999999999653e-16
4.885539399999999659e+03 3.548430000000000154e-16
4.888448400000000220e+03 3.457579999999999871e-16
4.891357500000000073e+03 3.542769999999999584e-16
4.894266599999999926e+03 3.521109999999999840e-16
4.897175599999999577e+03 3.780820000000000070e-16
4.900084700000000339e+03 3.993890000000000001e-16
4.902993699999999990e+03 3.882150000000000378e-16
4.905902799999999843e+03 3.623459999999999915e-16
4.908811899999999696e+03 3.602119999999999750e-16
4.911720900000000256e+03 3.735940000000000414e-16
4.914630000000000109e+03 3.846490000000000307e-16
4.917539099999999962e+03 3.904470000000000117e-16
4.920448099999999613e+03 3.844240000000000123e-16
4.923357200000000375e+03 3.441780000000000679e-16
4.926266200000000026e+03 3.686319999999999718e-16
4.929175299999999879e+03 3.660400000000000275e-16
4.932084399999999732e+03 3.660450000000000148e-16
4.934993400000000292e+03 3.682909999999999826e-16
4.937902500000000146e+03 3.439319999999999353e-16
4.940811599999999999e+03 3.522070000000000057e-16
4.943720599999999649e+03 3.569979999999999981e-16
4.946629700000000412e+03 3.786459999999999803e-16
4.949538700000000063e+03 3.851850000000000162e-16
4.952447799999999916e+03 3.678469999999999995e-16
4.955356899999999769e+03 3.651430000000000545e-16
4.958265900000000329e+03 3.540409999999999976e-16
4.961175000000000182e+03 3.588659999999999823e-16
4.964084100000000035e+03 3.537440000000000245e-16
4.966993099999999686e+03 3.558800000000000261e-16
4.969902200000000448e+03 3.536859999999999652e-16
4.972811200000000099e+03 3.726280000000000667e-16
4.975720299999999952e+03 3.752419999999999944e-16
4.978629399999999805e+03 3.535009999999999928e-16
4.981538400000000365e+03 3.366940000000000236e-16
4.984447500000000218e+03 3.568739999999999886e-16
4.987356600000000071e+03 3.575600000000000357e-16
4.990265599999999722e+03 3.809790000000000125e-16
4.993174699999999575e+03 3.805020000000000049e-16
4.996083800000000338e+03 3.680299999999999869e-16
4.998992799999999988e+03 3.670930000000000172e-16
5.001901899999999841e+03 3.638819999999999439e-16
5.004810900000000402e+03 3.597530000000000301e-16
5.007720000000000255e+03 3.857769999999999773e-16
5.010629100000000108e+03 3.801309999999999936e-16
5.013538099999999758e+03 3.756560000000000047e-16
5.016447199999999611e+03 3.648659999999999812e-16
5.019356300000000374e+03 3.746660000000000123e-16
5.022265300000000025e+03 3.964080000000000311e-16
5.025174399999999878e+03 3.728789999999999893e-16
5.028083400000000438e+03 3.753550000000000122e-16
5.030992500000000291e+03 3.940760000000000161e-16
5.033901600000000144e+03 4.053250000000000338e-16
5.036810599999999795e+03 4.128469999999999911e-16
5.039719699999999648e+03 3.948090000000000321e-16
5.042628800000000410e+03 3.988139999999999858e-16
5.045537800000000061e+03 4.034049999999999454e-16
5.048446899999999914e+03 3.990299999999999976e-16
5.051355899999999565e+03 4.097140000000000248e-16
5.054265000000000327e+03 4.263849999999999757e-16
5.057174100000000180e+03 4.158440000000000377e-16
5.060083099999999831e+03 4.188250000000000066e-16
5.062992199999999684e+03 4.226709999999999906e-16
5.065901300000000447e+03 4.178309999999999948e-16
5.068810300000000097e+03 4.231510000000000004e-16
5.071719399999999951e+03 4.224249999999999567e-16
5.074628399999999601e+03 4.468059999999999874e-16
5.077537500000000364e+03 4.281719999999999986e-16
5.080446600000000217e+03 4.202759999999999784e-16
5.083355599999999868e+03 4.288319999999999442e-16
5.086264699999999721e+03 4.187700000000000481e-16
5.089173799999999574e+03 4.574849999999999781e-16
5.092082800000000134e+03 4.422460000000000178e-16
5.094991899999999987e+03 4.556560000000000227e-16
5.097900899999999638e+03 4.247749999999999850e-16
5.100810000000000400e+03 4.193169999999999267e-16
5.103719100000000253e+03 4.314109999999999611e-16
5.106628099999999904e+03 4.131769999999999393e-16
5.109537199999999757e+03 4.171059999999999683e-16
5.112446299999999610e+03 4.127780000000000387e-16
5.115355300000000170e+03 4.218619999999999513e-16
5.118264400000000023e+03 4.388660000000000004e-16
5.121173399999999674e+03 4.358330000000000258e-16
5.124082500000000437e+03 4.088419999999999389e-16
5.126991600000000290e+03 4.183290000000000179e-16
5.129900599999999940e+03 4.318369999999999802e-16
5.132809699999999793e+03 4.132190000000000690e-16
5.135718799999999646e+03 4.033759999999999897e-16
5.138627800000000207e+03 4.216410000000000015e-16
5.141536900000000060e+03 4.057449999999999992e-16
5.144445999999999913e+03 4.116060000000000268e-16
5.147354999999999563e+03 4.272059999999999746e-16
5.150264100000000326e+03 4.311440000000000102e-16
5.153173099999999977e+03 4.359149999999999550e-16
5.156082199999999830e+03 4.443990000000000648e-16
5.158991299999999683e+03 4.515179999999999543e-16
5.161900300000000243e+03 4.351930000000000292e-16
5.164809400000000096e+03 4.210349999999999972e-16
5.167718499999999949e+03 4.089980000000000542e-16
5.170627499999999600e+03 4.071269999999999199e-16
5.173536600000000362e+03 4.000849999999999723e-16
5.176445600000000013e+03 4.062389999999999536e-16
5.179354699999999866e+03 4.110590000000000004e-16
5.182263799999999719e+03 4.117209999999999803e-16
5.185172800000000279e+03 4.257040000000000145e-16
5.188081900000000132e+03 4.232430000000000027e-16
5.190990999999999985e+03 4.203140000000000393e-16
5.193899999999999636e+03 4.275509999999999832e-16
5.196809100000000399e+03 4.135869999999999795e-16
5.199718100000000049e+03 4.195549999999999712e-16
5.202627199999999903e+03 4.285480000000000465e-16
5.205536299999999756e+03 4.104840000000000354e-16
5.208445300000000316e+03 3.935819999999999631e-16
5.211354400000000169e+03 3.982490000000000446e-16
5.214263500000000022e+03 3.919530000000000405e-16
5.217172499999999673e+03 4.034509999999999958e-16
5.220081600000000435e+03 3.818600000000000065e-16
5.222990600000000086e+03 3.861480000000000379e-16
5.225899699999999939e+03 3.883859999999999670e-16
5.228808799999999792e+03 3.851130000000000615e-16
5.231717800000000352e+03 3.655659999999999729e-16
5.234626900000000205e+03 3.567039999999999780e-16
5.237536000000000058e+03 3.646490000000000016e-16
5.240444999999999709e+03 3.660300000000000037e-16
5.243354099999999562e+03 3.599350000000000003e-16
5.246263100000000122e+03 3.597019999999999431e-16
5.249172199999999975e+03 3.565509999999999634e-16
5.252081299999999828e+03 3.342059999999999918e-16
5.254990300000000389e+03 3.381140000000000052e-16
5.257899400000000242e+03 3.625949999999999784e-16
5.260808500000000095e+03 3.672530000000000040e-16
5.263717499999999745e+03 3.603880000000000394e-16
5.266626599999999598e+03 3.460730000000000227e-16
5.269535600000000159e+03 3.358400000000000002e-16
5.272444700000000012e+03 3.353130000000000215e-16
5.275353799999999865e+03 3.311190000000000267e-16
5.278262800000000425e+03 3.327369999999999575e-16
5.281171900000000278e+03 3.524990000000000408e-16
5.284081000000000131e+03 3.614099999999999897e-16
5.286989999999999782e+03 3.580880000000000316e-16
5.289899099999999635e+03 3.576040000000000518e-16
5.292808200000000397e+03 3.535719999999999302e-16
5.295717200000000048e+03 3.593999999999999827e-16
5.298626299999999901e+03 3.788269999999999827e-16
5.301535299999999552e+03 3.860580000000000207e-16
5.304444400000000314e+03 3.515140000000000356e-16
5.307353500000000167e+03 3.731880000000000206e-16
5.310262499999999818e+03 3.631059999999999783e-16
5.313171599999999671e+03 3.748450000000000296e-16
5.316080700000000434e+03 3.934249999999999785e-16
5.318989700000000084e+03 3.849099999999999772e-16
5.321898799999999937e+03 3.904859999999999913e-16
5.324807799999999588e+03 3.880590000000000211e-16
5.327716900000000351e+03 3.866759999999999846e-16
5.330626000000000204e+03 3.852919999999999802e-16
5.333534999999999854e+03 3.839080000000000252e-16
5.336444099999999708e+03 3.825249999999999887e-16
5.339353199999999561e+03 3.811409999999999844e-16
5.342262200000000121e+03 3.797580000000000465e-16
5.345171299999999974e+03 3.783740000000000422e-16
5.348080299999999625e+03 3.721640000000000359e-16
5.350989400000000387e+03 3.703109999999999642e-16
5.353898500000000240e+03 3.821819999999999652e-16
5.356807499999999891e+03 3.908730000000000309e-16
5.359716599999999744e+03 3.987930000000000196e-16
5.362625699999999597e+03 3.977689999999999856e-16
5.365534700000000157e+03 3.946840000000000547e-16
5.368443800000000010e+03 3.878649999999999927e-16
5.371352799999999661e+03 3.938189999999999904e-16
5.374261900000000423e+03 3.841110000000000109e-16
5.377170999999999367e+03 4.091969999999999713e-16
5.380079999999999927e+03 4.251180000000000578e-16
5.382989099999999780e+03 4.025680000000000168e-16
5.385898199999999633e+03 3.931180000000000309e-16
5.388807200000000194e+03 3.941850000000000145e-16
5.391716300000000047e+03 3.913469999999999869e-16
5.394625299999999697e+03 3.654149999999999927e-16
5.397534399999999550e+03 3.739919999999999741e-16
5.400443500000000313e+03 3.809419999999999687e-16
5.403352499999999964e+03 3.714549999999999883e-16
5.406261599999999817e+03 3.554289999999999720e-16
5.409170699999999670e+03 3.300590000000000154e-16
5.412079700000000230e+03 3.595469999999999928e-16
5.414988800000000083e+03 3.632510000000000033e-16
5.417897799999999734e+03 3.822259999999999813e-16
5.420806899999999587e+03 3.484280000000000383e-16
5.423715999999999440e+03 3.521550000000000001e-16
5.426625000000000000e+03 3.498800000000000272e-16
5.429534099999999853e+03 3.649759999999999475e-16
5.432443199999999706e+03 3.230250000000000080e-16
5.435352200000000266e+03 3.461300000000000156e-16
5.438261300000000119e+03 3.520150000000000116e-16
5.441170299999999770e+03 3.677900000000000066e-16
5.444079399999999623e+03 3.673550000000000301e-16
5.446988500000000386e+03 3.569509999999999798e-16
5.449897500000000036e+03 3.478249999999999869e-16
5.452806599999999889e+03 3.553390000000000041e-16
5.455715699999999742e+03 3.805349999999999800e-16
5.458624700000000303e+03 3.590730000000000368e-16
5.461533800000000156e+03 3.736700000000000154e-16
5.464442900000000009e+03 3.534569999999999767e-16
5.467351899999999659e+03 3.525380000000000203e-16
5.470260999999999513e+03 3.789139999999999977e-16
5.473170000000000073e+03 3.698180000000000270e-16
5.476079099999999926e+03 3.648769999999999729e-16
5.478988199999999779e+03 3.657520000000000118e-16
5.481897200000000339e+03 3.652699999999999677e-16
5.484806300000000192e+03 3.972409999999999896e-16
5.487715400000000045e+03 3.886699999999999633e-16
5.490624399999999696e+03 3.671859999999999874e-16
5.493533499999999549e+03 3.915099999999999760e-16
5.496442500000000109e+03 3.930869999999999422e-16
5.499351599999999962e+03 3.938660000000000087e-16
5.502260699999999815e+03 4.097430000000000299e-16
5.505169700000000375e+03 3.977030000000000354e-16
5.508078800000000228e+03 3.907459999999999699e-16
5.510987900000000081e+03 3.943619999999999481e-16
5.513896899999999732e+03 3.839719999999999903e-16
5.516805999999999585e+03 3.956240000000000266e-16
5.519715000000000146e+03 3.873059999999999573e-16
5.522624099999999999e+03 4.002830000000000201e-16
5.525533199999999852e+03 4.139819999999999593e-16
5.528442200000000412e+03 4.256260000000000061e-16
5.531351300000000265e+03 3.888569999999999701e-16
5.534260400000000118e+03 3.854720000000000147e-16
5.537169399999999769e+03 3.949259999999999707e-16
5.540078499999999622e+03 3.828009999999999956e-16
5.542987500000000182e+03 3.945269999999999715e-16
5.545896600000000035e+03 3.924039999999999960e-16
5.548805699999999888e+03 3.952840000000000053e-16
5.551714700000000448e+03 3.870659999999999771e-16
5.554623800000000301e+03 3.944260000000000119e-16
5.557532900000000154e+03 3.922099999999999676e-16
5.560441899999999805e+03 3.979660000000000162e-16
5.563350999999999658e+03 4.048610000000000030e-16
5.566260000000000218e+03 3.984169999999999716e-16
5.569169100000000071e+03 4.062719999999999780e-16
5.572078199999999924e+03 4.120769999999999313e-16
5.574987199999999575e+03 4.037489999999999861e-16
5.577896300000000338e+03 4.159249999999999990e-16
5.580805400000000191e+03 4.110159999999999521e-16
5.583714399999999841e+03 3.999559999999999755e-16
5.586623499999999694e+03 4.005119999999999593e-16
5.589532500000000255e+03 4.067059999999999866e-16
5.592441600000000108e+03 4.203280000000000332e-16
5.595350699999999961e+03 4.105409999999999789e-16
5.598259699999999611e+03 3.985269999999999872e-16
5.601168800000000374e+03 4.297219999999999449e-16
5.604077900000000227e+03 4.335259999999999964e-16
5.606986899999999878e+03 4.226650000000000355e-16
5.609895999999999731e+03 4.377790000000000184e-16
5.612805099999999584e+03 4.354050000000000216e-16
5.615714100000000144e+03 4.395760000000000159e-16
5.618623199999999997e+03 4.180519999999999446e-16
5.621532199999999648e+03 4.097349999999999418e-16
5.624441300000000410e+03 4.225399999999999595e-16
5.627350400000000263e+03 3.930719999999999311e-16
5.630259399999999914e+03 3.935449999999999686e-16
5.633168499999999767e+03 3.990770000000000159e-16
5.636077599999999620e+03 3.863349999999999954e-16
5.638986600000000180e+03 4.087909999999999998e-16
5.641895700000000033e+03 3.931380000000000292e-16
5.644804699999999684e+03 4.100159999999999852e-16
5.647713800000000447e+03 3.968900000000000259e-16
5.650622900000000300e+03 3.967430000000000158e-16
5.653531899999999951e+03 4.175060000000000339e-16
5.656440999999999804e+03 4.274750000000000091e-16
5.659350099999999657e+03 4.115509999999999697e-16
5.662259100000000217e+03 4.039069999999999879e-16
5.665168200000000070e+03 4.016200000000000554e-16
5.668077199999999721e+03 4.056600000000000185e-16
5.670986299999999574e+03 4.094540000000000463e-16
5.673895400000000336e+03 4.304040000000000711e-16
5.676804399999999987e+03 4.292720000000000066e-16
5.679713499999999840e+03 4.294540000000000261e-16
5.682622599999999693e+03 4.276569999999999301e-16
5.685531600000000253e+03 4.036930000000000104e-16
5.688440700000000106e+03 3.920200000000000079e-16
5.691349699999999757e+03 3.912489999999999802e-16
5.694258799999999610e+03 3.939209999999999672e-16
5.697167900000000373e+03 4.220500000000000245e-16
5.700076900000000023e+03 4.189459999999999646e-16
5.702985999999999876e+03 4.209019999999999810e-16
5.705895099999999729e+03 3.928270000000000129e-16
5.708804100000000290e+03 3.662559999999999900e-16
5.711713200000000143e+03 3.969759999999999744e-16
5.714622199999999793e+03 3.926770000000000006e-16
5.717531299999999646e+03 4.032980000000000306e-16
5.720440400000000409e+03 3.798999999999999707e-16
5.723349400000000060e+03 3.866159999999999895e-16
5.726258499999999913e+03 3.850919999999999967e-16
5.729167599999999766e+03 3.972649999999999580e-16
5.732076600000000326e+03 4.016329999999999829e-16
5.734985700000000179e+03 3.802810000000000059e-16
5.737894699999999830e+03 3.738609999999999923e-16
5.740803799999999683e+03 3.832669999999999621e-16
5.743712900000000445e+03 3.754870000000000112e-16
5.746621900000000096e+03 3.935219999999999680e-16
5.749530999999999949e+03 3.902869999999999756e-16
5.752440099999999802e+03 3.880880000000000261e-16
5.755349100000000362e+03 3.840149999999999893e-16
5.758258200000000215e+03 3.733789999999999975e-16
5.761167199999999866e+03 3.666509999999999698e-16
5.764076299999999719e+03 3.704950000000000181e-16
5.766985399999999572e+03 3.748859999999999449e-16
5.769894400000000132e+03 3.797140000000000304e-16
5.772803499999999985e+03 3.844280000000000317e-16
5.775712599999999838e+03 3.912089999999999835e-16
5.778621600000000399e+03 3.778980000000000025e-16
5.781530700000000252e+03 3.643259999999999764e-16
5.784439800000000105e+03 3.662109999999999567e-16
5.787348799999999756e+03 3.854730000000000319e-16
5.790257899999999609e+03 3.674400000000000108e-16
5.793166900000000169e+03 3.810309999999999688e-16
5.796076000000000022e+03 3.882330000000000511e-16
5.798985099999999875e+03 4.121310000000000205e-16
5.801894100000000435e+03 3.830719999999999659e-16
5.804803200000000288e+03 3.743790000000000137e-16
5.807712300000000141e+03 3.716490000000000167e-16
5.810621299999999792e+03 3.669830000000000016e-16
5.813530399999999645e+03 3.952249999999999781e-16
5.816439400000000205e+03 3.989979999999999903e-16
5.819348500000000058e+03 3.860430000000000589e-16
5.822257599999999911e+03 3.899999999999999771e-16
5.825166599999999562e+03 3.779029999999999897e-16
5.828075700000000325e+03 3.868469999999999631e-16
5.830984800000000178e+03 3.890540000000000007e-16
5.833893799999999828e+03 3.686059999999999690e-16
5.836802899999999681e+03 3.896880000000000422e-16
5.839711900000000242e+03 3.987550000000000079e-16
5.842621000000000095e+03 3.931710000000000043e-16
5.845530099999999948e+03 3.810569999999999716e-16
5.848439099999999598e+03 4.044480000000000099e-16
5.851348200000000361e+03 4.017829999999999952e-16
5.854257300000000214e+03 3.774240000000000464e-16
5.857166299999999865e+03 3.862159999999999732e-16
5.860075399999999718e+03 3.953230000000000342e-16
5.862984400000000278e+03 3.829740000000000084e-16
5.865893500000000131e+03 3.817880000000000026e-16
5.868802599999999984e+03 3.866750000000000167e-16
5.871711599999999635e+03 4.052850000000000371e-16
5.874620700000000397e+03 3.873069999999999745e-16
5.877529800000000250e+03 3.823130000000000456e-16
5.880438799999999901e+03 4.009990000000000400e-16
5.883347899999999754e+03 3.714899999999999977e-16
5.886256900000000314e+03 3.660019999999999665e-16
5.889166000000000167e+03 3.631820000000000016e-16
5.892075100000000020e+03 3.444419999999999673e-16
5.894984099999999671e+03 3.235450000000000144e-16
5.897893200000000434e+03 3.274309999999999951e-16
5.900802300000000287e+03 3.447319999999999680e-16
5.903711299999999937e+03 3.819880000000000354e-16
5.906620399999999790e+03 3.830520000000000168e-16
5.909529400000000351e+03 3.679099999999999968e-16
5.912438500000000204e+03 3.856219999999999777e-16
5.915347600000000057e+03 3.965480000000000196e-16
5.918256599999999708e+03 3.918350000000000355e-16
5.921165699999999561e+03 3.802790000000000208e-16
5.924074800000000323e+03 3.895509999999999573e-16
5.926983799999999974e+03 4.086389999999999531e-16
5.929892899999999827e+03 3.938439999999999760e-16
5.932801999999999680e+03 3.880050000000000304e-16
5.935710999999999331e+03 4.031030000000000344e-16
5.938620100000000093e+03 3.949180000000000305e-16
5.941529099999999744e+03 4.042869999999999566e-16
5.944438199999999597e+03 4.039680000000000494e-16
5.947347300000000359e+03 3.881219999999999690e-16
5.950256300000000010e+03 3.896940000000000466e-16
5.953165399999999863e+03 3.781730000000000415e-16
5.956074499999999716e+03 3.859469999999999386e-16
5.958983500000000276e+03 3.989889999999999837e-16
5.961892600000000130e+03 4.137980000000000533e-16
5.964801599999999780e+03 3.979630000000000140e-16
5.967710699999999633e+03 4.008919999999999773e-16
5.970619800000000396e+03 3.832650000000000264e-16
5.973528800000000047e+03 3.766790000000000215e-16
5.976437899999999900e+03 3.861219999999999858e-16
5.979346999999999753e+03 4.045669999999999335e-16
5.982255999999999403e+03 3.953960000000000060e-16
5.985165100000000166e+03 3.741409999999999692e-16
5.988074099999999817e+03 3.956590000000000361e-16
5.990983199999999670e+03 3.892680000000000275e-16
5.993892300000000432e+03 3.723709999999999917e-16
5.996801300000000083e+03 3.747300000000000267e-16
5.999710399999999936e+03 3.700909999999999823e-16
6.002619499999999789e+03 3.720110000000000214e-16
6.005528500000000349e+03 3.600450000000000159e-16
6.008437600000000202e+03 3.577799999999999682e-16
6.011346599999999853e+03 3.578959999999999883e-16
6.014255699999999706e+03 3.665500000000000102e-16
6.017164799999999559e+03 3.513940000000000455e-16
6.020073800000000119e+03 3.337760000000000026e-16
6.022982899999999972e+03 3.470050000000000052e-16
6.025891999999999825e+03 3.672469999999999503e-16
6.028800999999999476e+03 3.656849999999999951e-16
6.031710100000000239e+03 3.556169999999999960e-16
6.034619099999999889e+03 3.460799999999999951e-16
6.037528199999999742e+03 3.587719999999999457e-16
6.040437299999999595e+03 3.558390000000000122e-16
6.043346300000000156e+03 3.502030000000000524e-16
6.046255400000000009e+03 3.389490000000000474e-16
6.049164499999999862e+03 3.391719999999999822e-16
6.052073500000000422e+03 3.431119999999999535e-16
6.054982600000000275e+03 3.334860000000000018e-16
6.057891599999999926e+03 3.386899999999999874e-16
6.060800699999999779e+03 3.182740000000000122e-16
6.063709799999999632e+03 3.216690000000000407e-16
6.066618800000000192e+03 3.380290000000000246e-16
6.069527900000000045e+03 3.165269999999999860e-16
6.072436999999999898e+03 3.124440000000000240e-16
6.075345999999999549e+03 3.093459999999999685e-16
6.078255100000000311e+03 2.974720000000000146e-16
6.081164200000000164e+03 2.917369999999999815e-16
6.084073199999999815e+03 2.988529999999999674e-16
6.086982299999999668e+03 2.998909999999999953e-16
6.089891300000000228e+03 2.840910000000000147e-16
6.092800400000000081e+03 2.870279999999999675e-16
6.095709499999999935e+03 2.716789999999999917e-16
6.098618499999999585e+03 2.737849999999999711e-16
6.101527600000000348e+03 2.849699999999999743e-16
6.104436700000000201e+03 2.745609999999999860e-16
6.107345699999999852e+03 2.601199999999999748e-16
6.110254799999999705e+03 2.842129999999999898e-16
6.113163800000000265e+03 2.868240000000000139e-16
6.116072900000000118e+03 2.745090000000000298e-16
6.118981999999999971e+03 2.795669999999999731e-16
6.121890999999999622e+03 2.827240000000000065e-16
6.124800100000000384e+03 2.785990000000000134e-16
6.127709200000000237e+03 2.749740000000000284e-16
6.130618199999999888e+03 2.622410000000000146e-16
6.133527299999999741e+03 2.724219999999999822e-16
6.136436300000000301e+03 2.691209999999999903e-16
6.139345400000000154e+03 2.696169999999999791e-16
6.142254500000000007e+03 2.773690000000000407e-16
6.145163499999999658e+03 2.848759999999999870e-16
6.148072600000000421e+03 2.868269999999999668e-16
6.150981700000000274e+03 2.826900000000000142e-16
6.153890699999999924e+03 2.635769999999999835e-16
6.156799799999999777e+03 2.812270000000000336e-16
6.159708800000000338e+03 2.817750000000000279e-16
6.162617900000000191e+03 2.887029999999999898e-16
6.165526999999999134e+03 2.794240000000000317e-16
6.168435999999999694e+03 2.869340000000000295e-16
6.171345099999999547e+03 2.828050000000000170e-16
6.174254200000000310e+03 2.999470000000000203e-16
6.177163199999999961e+03 3.089999999999999921e-16
6.180072299999999814e+03 2.973020000000000039e-16
6.182981300000000374e+03 3.254450000000000059e-16
6.185890400000000227e+03 3.160769999999999984e-16
6.188799500000000080e+03 3.256530000000000282e-16
6.191708499999999731e+03 3.312890000000000373e-16
6.194617599999999584e+03 3.320190000000000018e-16
6.197526700000000346e+03 3.258480000000000244e-16
6.200435699999999997e+03 3.372949999999999913e-16
6.203344799999999850e+03 3.201890000000000147e-16
6.206253800000000410e+03 3.078829999999999879e-16
6.209162900000000263e+03 3.337630000000000258e-16
6.212071999999999207e+03 3.306230000000000379e-16
6.214980999999999767e+03 3.272359999999999989e-16
6.217890099999999620e+03 3.245429999999999963e-16
6.220799200000000383e+03 3.390580000000000458e-16
6.223708200000000033e+03 3.281169999999999929e-16
6.226617299999999886e+03 3.359829999999999909e-16
6.229526300000000447e+03 3.319130000000000550e-16
6.232435400000000300e+03 3.336859999999999854e-16
6.235344500000000153e+03 3.332299999999999933e-16
6.238253499999999804e+03 3.230390000000000512e-16
6.241162599999999657e+03 3.458180000000000314e-16
6.244071700000000419e+03 3.375959999999999838e-16
6.246980700000000070e+03 3.359539999999999859e-16
6.249889799999999923e+03 3.307500000000000004e-16
6.252798899999999776e+03 3.307390000000000087e-16
6.255707900000000336e+03 3.407509999999999828e-16
6.258616999999999280e+03 3.426509999999999742e-16
6.261525999999999840e+03 3.348259999999999901e-16
6.264435099999999693e+03 3.362200000000000182e-16
6.267344199999999546e+03 3.517259999999999787e-16
6.270253200000000106e+03 3.495219999999999926e-16
6.273162299999999959e+03 3.630480000000000175e-16
6.276071399999999812e+03 3.590569999999999592e-16
6.278980400000000373e+03 3.504489999999999878e-16
6.281889500000000226e+03 3.512780000000000255e-16
6.284798499999999876e+03 3.642089999999999885e-16
6.287707599999999729e+03 3.657230000000000068e-16
6.290616699999999582e+03 3.562550000000000075e-16
6.293525700000000143e+03 3.600390000000000114e-16
6.296434799999999996e+03 3.668329999999999893e-16
6.299343899999999849e+03 3.481959999999999983e-16
6.302252900000000409e+03 3.572099999999999905e-16
6.305161999999999352e+03 3.536910000000000018e-16
6.308070999999999913e+03 3.498319999999999424e-16
6.310980099999999766e+03 3.620380000000000268e-16
6.313889199999999619e+03 3.590619999999999958e-16
6.316798200000000179e+03 3.574600000000000439e-16
6.319707300000000032e+03 3.526840000000000132e-16
6.322616399999999885e+03 3.495709999999999960e-16
6.325525400000000445e+03 3.529619999999999558e-16
6.328434500000000298e+03 3.627549999999999653e-16
6.331343499999999949e+03 3.598940000000000357e-16
6.334252599999999802e+03 3.515669999999999598e-16
6.337161699999999655e+03 3.564619999999999634e-16
6.340070700000000215e+03 3.651909999999999914e-16
6.342979800000000068e+03 3.593900000000000082e-16
6.345888899999999921e+03 3.350069999999999431e-16
6.348797899999999572e+03 3.532669999999999677e-16
6.351706999999999425e+03 3.504380000000000454e-16
6.354615999999999985e+03 3.652119999999999577e-16
6.357525099999999838e+03 3.658309999999999880e-16
6.360434199999999691e+03 3.577440000000000402e-16
6.363343200000000252e+03 3.522710000000000201e-16
6.366252300000000105e+03 3.400690000000000045e-16
6.369161399999999958e+03 3.545790000000000174e-16
6.372070399999999609e+03 3.441380000000000219e-16
6.374979500000000371e+03 3.479799999999999865e-16
6.377888500000000022e+03 3.669769999999999972e-16
6.380797599999999875e+03 3.665080000000000284e-16
6.383706699999999728e+03 3.515419999999999742e-16
6.386615700000000288e+03 3.592619999999999793e-16
6.389524800000000141e+03 3.707700000000000077e-16
6.392433899999999994e+03 3.597619999999999381e-16
6.395342899999999645e+03 3.532290000000000053e-16
6.398251999999999498e+03 3.595690000000000255e-16
6.401161100000000260e+03 3.554169999999999632e-16
6.404070099999999911e+03 3.400950000000000073e-16
6.406979199999999764e+03 3.508969999999999903e-16
6.409888200000000325e+03 3.373420000000000097e-16
6.412797300000000178e+03 3.387169999999999580e-16
6.415706400000000031e+03 3.359680000000000291e-16
6.418615399999999681e+03 3.400419999999999352e-16
6.421524500000000444e+03 3.409340000000000195e-16
6.424433600000000297e+03 3.460300000000000238e-16
6.427342599999999948e+03 3.424740000000000406e-16
6.430251699999999801e+03 3.512509999999999562e-16
6.433160700000000361e+03 3.509419999999999743e-16
6.436069800000000214e+03 3.271850000000000105e-16
6.438978900000000067e+03 3.279340000000000548e-16
6.441887899999999718e+03 3.296969999999999614e-16
6.444796999999999571e+03 3.504209999999999999e-16
6.447706100000000333e+03 3.574050000000000361e-16
6.450615099999999984e+03 3.417449999999999946e-16
6.453524199999999837e+03 3.284749999999999782e-16
6.456433200000000397e+03 3.373020000000000130e-16
6.459342300000000250e+03 3.446690000000000200e-16
6.462251400000000103e+03 3.468749999999999912e-16
6.465160399999999754e+03 3.354130000000000625e-16
6.468069499999999607e+03 3.372619999999999669e-16
6.470978600000000370e+03 3.351969999999999521e-16
6.473887600000000020e+03 3.260149999999999836e-16
6.476796699999999873e+03 3.248390000000000015e-16
6.479705700000000434e+03 3.182309999999999640e-16
6.482614800000000287e+03 3.176540000000000140e-16
6.485523900000000140e+03 3.174109999999999822e-16
6.488432899999999790e+03 3.369639999999999767e-16
6.491341999999999643e+03 3.168569999999999835e-16
6.494251100000000406e+03 3.188409999999999877e-16
6.497160100000000057e+03 3.084909999999999773e-16
6.500069199999999910e+03 3.087989999999999914e-16
6.502978199999999561e+03 2.990890000000000268e-16
6.505887300000000323e+03 3.197499999999999695e-16
6.508796400000000176e+03 3.376650000000000348e-16
6.511705399999999827e+03 3.206770000000000140e-16
6.514614499999999680e+03 3.197730000000000194e-16
6.517523600000000442e+03 3.217570000000000236e-16
6.520432600000000093e+03 3.122170000000000205e-16
6.523341699999999946e+03 3.081140000000000108e-16
6.526250699999999597e+03 3.188039999999999932e-16
6.529159800000000359e+03 3.271360000000000071e-16
6.532068900000000212e+03 3.310590000000000316e-16
6.534977899999999863e+03 3.275889999999999969e-16
6.537886999999999716e+03 3.179240000000000164e-16
6.540796099999999569e+03 3.206499999999999940e-16
6.543705100000000130e+03 3.253669999999999975e-16
6.546614199999999983e+03 3.348369999999999818e-16
6.549523299999999836e+03 3.258700000000000078e-16
6.552432300000000396e+03 3.173610000000000110e-16
6.555341400000000249e+03 3.052299999999999821e-16
6.558250399999999900e+03 2.941240000000000043e-16
6.561159499999999753e+03 2.934919999999999972e-16
6.564068599999999606e+03 2.929129999999999636e-16
6.566977600000000166e+03 2.923349999999999964e-16
6.569886700000000019e+03 2.917560000000000120e-16
6.572795799999999872e+03 2.911779999999999955e-16
6.575704800000000432e+03 2.906000000000000283e-16
6.578613900000000285e+03 2.900209999999999947e-16
6.581522899999999936e+03 2.894429999999999782e-16
6.584431999999999789e+03 2.888639999999999938e-16
6.587341099999999642e+03 2.882859999999999773e-16
6.590250100000000202e+03 2.877080000000000101e-16
6.593159200000000055e+03 2.871290000000000258e-16
6.596068299999999908e+03 2.838299999999999696e-16
6.598977299999999559e+03 2.830379999999999757e-16
6.601886400000000322e+03 2.897520000000000094e-16
6.604795399999999972e+03 3.031459999999999861e-16
6.607704499999999825e+03 2.982809999999999553e-16
6.610613599999999678e+03 2.990570000000000196e-16
6.613522600000000239e+03 3.015290000000000231e-16
6.616431700000000092e+03 2.997509999999999575e-16
6.619340799999999945e+03 2.928929999999999652e-16
6.622249799999999595e+03 3.058930000000000285e-16
6.625158900000000358e+03 3.142269999999999782e-16
6.628067900000000009e+03 2.964559999999999701e-16
6.630976999999999862e+03 2.999640000000000164e-16
6.633886099999999715e+03 3.014770000000000175e-16
6.636795100000000275e+03 3.001170000000000309e-16
6.639704200000000128e+03 2.833119999999999975e-16
6.642613299999999981e+03 3.004879999999999930e-16
6.645522299999999632e+03 3.095980000000000069e-16
6.648431400000000394e+03 2.951139999999999968e-16
6.651340400000000045e+03 2.890350000000000216e-16
6.654249499999999898e+03 2.932329999999999865e-16
6.657158599999999751e+03 2.952790000000000202e-16
6.660067600000000311e+03 3.002209999999999928e-16
6.662976700000000164e+03 2.910120000000000043e-16
6.665885800000000017e+03 2.929760000000000102e-16
6.668794799999999668e+03 2.901740000000000092e-16
6.671703900000000431e+03 2.823779999999999807e-16
6.674612900000000081e+03 2.855269999999999753e-16
6.677521999999999935e+03 2.959099999999999608e-16
6.680431099999999788e+03 2.942910000000000128e-16
6.683340100000000348e+03 2.744629999999999793e-16
6.686249200000000201e+03 2.821809999999999501e-16
6.689158300000000054e+03 2.953259999999999892e-16
6.692067299999999705e+03 2.992500000000000308e-16
6.694976399999999558e+03 2.898909999999999807e-16
6.697885400000000118e+03 2.932329999999999865e-16
6.700794499999999971e+03 2.792700000000000000e-16
6.703703599999999824e+03 2.848140000000000562e-16
6.706612600000000384e+03 2.751809999999999843e-16
6.709521700000000237e+03 2.858190000000000104e-16
6.712430800000000090e+03 2.778420000000000289e-16
6.715339799999999741e+03 2.860809999999999740e-16
6.718248899999999594e+03 2.889740000000000094e-16
6.721158000000000357e+03 2.743210000000000058e-16
6.724066999999999098e+03 2.809909999999999742e-16
6.726976099999999860e+03 2.861630000000000018e-16
6.729885100000000421e+03 2.878110000000000041e-16
6.732794200000000274e+03 2.959490000000000389e-16
6.735703300000000127e+03 3.031450000000000182e-16
6.738612299999999777e+03 2.786809999999999918e-16
6.741521399999999630e+03 2.666130000000000095e-16
6.744430500000000393e+03 2.757440000000000390e-16
6.747339500000000044e+03 2.713130000000000169e-16
6.750248599999999897e+03 2.755700000000000089e-16
6.753157599999999547e+03 2.740970000000000045e-16
6.756066700000000310e+03 2.622959999999999731e-16
6.758975800000000163e+03 2.692189999999999970e-16
6.761884799999999814e+03 2.776400000000000110e-16
6.764793899999999667e+03 2.867779999999999635e-16
6.767703000000000429e+03 2.774770000000000220e-16
6.770611999999999171e+03 2.777239999999999745e-16
6.773521099999999933e+03 2.787699999999999919e-16
6.776430099999999584e+03 2.565059999999999816e-16
6.779339200000000346e+03 2.629270000000000123e-16
6.782248300000000199e+03 2.735609999999999698e-16
6.785157299999999850e+03 2.661709999999999621e-16
6.788066399999999703e+03 2.623850000000000225e-16
6.790975499999999556e+03 2.701099999999999656e-16
6.793884500000000116e+03 2.718990000000000228e-16
6.796793599999999969e+03 2.758250000000000003e-16
6.799702599999999620e+03 2.618509999999999728e-16
6.802611700000000383e+03 2.719540000000000306e-16
6.805520800000000236e+03 2.551449999999999778e-16
6.808429799999999886e+03 2.752230000000000153e-16
6.811338899999999740e+03 2.710790000000000411e-16
6.814248000000000502e+03 2.767079999999999793e-16
6.817156999999999243e+03 2.653859999999999898e-16
6.820066100000000006e+03 2.692579999999999766e-16
6.822975099999999657e+03 2.812989999999999882e-16
6.825884200000000419e+03 2.755840000000000029e-16
6.828793300000000272e+03 2.807700000000000244e-16
6.831702299999999923e+03 2.810899999999999981e-16
6.834611399999999776e+03 2.756820000000000096e-16
6.837520499999999629e+03 2.684690000000000342e-16
6.840429500000000189e+03 2.591270000000000295e-16
6.843338600000000042e+03 2.554370000000000129e-16
6.846247599999999693e+03 2.656720000000000205e-16
6.849156699999999546e+03 2.707240000000000087e-16
6.852065800000000309e+03 2.646560000000000253e-16
6.854974799999999959e+03 2.739009999999999911e-16
6.857883899999999812e+03 2.616420000000000319e-16
6.860793000000000575e+03 2.732540000000000222e-16
6.863701999999999316e+03 2.611409999999999573e-16
6.866611100000000079e+03 2.734350000000000245e-16
6.869520199999999932e+03 2.634720000000000044e-16
6.872429199999999582e+03 2.600220000000000174e-16
6.875338300000000345e+03 2.534050000000000225e-16
6.878247299999999996e+03 2.489909999999999965e-16
6.881156399999999849e+03 2.576849999999999658e-16
6.884065499999999702e+03 2.578270000000000379e-16
6.886974500000000262e+03 2.443199999999999942e-16
6.889883600000000115e+03 2.456979999999999941e-16
6.892792699999999968e+03 2.574740000000000399e-16
6.895701699999999619e+03 2.551229999999999944e-16
6.898610800000000381e+03 2.631110000000000169e-16
6.901519800000000032e+03 2.777890000000000061e-16
6.904428899999999885e+03 2.685290000000000292e-16
6.907338000000000648e+03 2.566549999999999767e-16
6.910246999999999389e+03 2.627099999999999834e-16
6.913156100000000151e+03 2.777580000000000161e-16
6.916065200000000004e+03 2.618149999999999955e-16
6.918974199999999655e+03 2.442120000000000129e-16
6.921883300000000418e+03 2.426440000000000040e-16
6.924792300000000068e+03 2.612450000000000178e-16
6.927701399999999921e+03 2.474079999999999765e-16
6.930610499999999774e+03 2.665759999999999657e-16
6.933519500000000335e+03 2.772679999999999825e-16
6.936428600000000188e+03 2.634690000000000022e-16
6.939337700000000041e+03 2.599309999999999830e-16
6.942246699999999691e+03 2.675740000000000462e-16
6.945155800000000454e+03 2.688409999999999641e-16
6.948064800000000105e+03 2.487379999999999902e-16
6.950973899999999958e+03 2.500259999999999729e-16
6.953883000000000720e+03 2.639879999999999915e-16
6.956791999999999462e+03 2.564240000000000524e-16
6.959701100000000224e+03 2.495200000000000097e-16
6.962610200000000077e+03 2.515919999999999968e-16
6.965519199999999728e+03 2.552470000000000039e-16
6.968428299999999581e+03 2.748459999999999502e-16
6.971337300000000141e+03 2.788819999999999925e-16
6.974246399999999994e+03 2.668499999999999875e-16
6.977155499999999847e+03 2.681419999999999896e-16
6.980064500000000407e+03 2.578609999999999809e-16
6.982973600000000260e+03 2.510129999999999631e-16
6.985882700000000114e+03 2.589790000000000022e-16
6.988791699999999764e+03 2.669189999999999893e-16
6.991700799999999617e+03 2.570160000000000135e-16
6.994609800000000178e+03 2.591699999999999791e-16
6.997518900000000031e+03 2.502200000000000013e-16
7.000428000000000793e+03 2.641979999999999989e-16
7.003336999999999534e+03 2.644950000000000213e-16
7.006246100000000297e+03 2.457479999999999653e-16
7.009155200000000150e+03 2.608770000000000086e-16
7.012064199999999801e+03 2.708379999999999944e-16
7.014973299999999654e+03 2.421020000000000142e-16
7.017882300000000214e+03 2.343370000000000250e-16
7.020791400000000067e+03 2.437569999999999888e-16
7.023700499999999920e+03 2.597739999999999984e-16
7.026609499999999571e+03 2.565320000000000337e-16
7.029518600000000333e+03 2.511579999999999882e-16
7.032427700000000186e+03 2.471679999999999963e-16
7.035336699999999837e+03 2.560650000000000006e-16
7.038245799999999690e+03 2.522730000000000073e-16
7.041154900000000453e+03 2.439799999999999729e-16
7.044063900000000103e+03 2.522400000000000322e-16
7.046973000000000866e+03 2.651879999999999913e-16
7.049881999999999607e+03 2.661029999999999776e-16
7.052791100000000370e+03 2.582160000000000133e-16
7.055700200000000223e+03 2.556700000000000208e-16
7.058609199999999873e+03 2.576890000000000345e-16
7.061518299999999726e+03 2.625090000000000320e-16
7.064427399999999579e+03 2.364069999999999778e-16
7.067336400000000140e+03 2.465909999999999970e-16
7.070245499999999993e+03 2.528080000000000248e-16
7.073154499999999643e+03 2.472750000000000097e-16
7.076063600000000406e+03 2.272039999999999937e-16
7.078972700000000259e+03 2.518070000000000407e-16
7.081881699999999910e+03 2.488920000000000219e-16
7.084790799999999763e+03 2.582579999999999951e-16
7.087699899999999616e+03 2.518340000000000114e-16
7.090608900000000176e+03 2.425590000000000234e-16
7.093518000000000029e+03 2.451820000000000070e-16
7.096426999999999680e+03 2.413769999999999876e-16
7.099336100000000442e+03 2.271149999999999937e-16
7.102245200000000295e+03 2.395739999999999857e-16
7.105154199999999946e+03 2.452420000000000021e-16
7.108063299999999799e+03 2.383750000000000031e-16
7.110972399999999652e+03 2.371620000000000266e-16
7.113881400000000212e+03 2.501890000000000113e-16
7.116790500000000065e+03 2.521509999999999828e-16
7.119699499999999716e+03 2.479759999999999692e-16
7.122608599999999569e+03 2.378640000000000526e-16
7.125517700000000332e+03 2.386719999999999762e-16
7.128426699999999983e+03 2.512159999999999489e-16
7.131335799999999836e+03 2.436610000000000164e-16
7.134244899999999689e+03 2.270080000000000296e-16
7.137153900000000249e+03 2.216690000000000182e-16
7.140063000000000102e+03 2.355140000000000242e-16
7.142971999999999753e+03 2.442059999999999592e-16
7.145881099999999606e+03 2.629359999999999697e-16
7.148790200000000368e+03 2.293309999999999887e-16
7.151699200000000019e+03 2.407550000000000043e-16
7.154608299999999872e+03 2.585260000000000124e-16
7.157517399999999725e+03 2.457859999999999770e-16
7.160426400000000285e+03 2.436129999999999809e-16
7.163335500000000138e+03 2.315259999999999681e-16
7.166244499999999789e+03 2.201999999999999839e-16
7.169153599999999642e+03 2.432390000000000167e-16
7.172062700000000405e+03 2.429930000000000320e-16
7.174971700000000055e+03 2.537840000000000233e-16
7.177880799999999908e+03 2.405129999999999897e-16
7.180789899999999761e+03 2.471419999999999935e-16
7.183698900000000322e+03 2.369200000000000120e-16
7.186608000000000175e+03 2.197659999999999999e-16
7.189517100000000028e+03 2.327000000000000144e-16
7.192426099999999678e+03 2.252309999999999812e-16
7.195335200000000441e+03 2.326750000000000288e-16
7.198244200000000092e+03 2.615749999999999659e-16
7.201153299999999945e+03 2.504020000000000208e-16
7.204062399999999798e+03 2.388769999999999963e-16
7.206971400000000358e+03 2.375179999999999775e-16
7.209880500000000211e+03 2.316819999999999849e-16
7.212789600000000064e+03 2.326909999999999585e-16
7.215698599999999715e+03 2.385369999999999750e-16
7.218607699999999568e+03 2.491090000000000016e-16
7.221516700000000128e+03 2.434789999999999969e-16
7.224425799999999981e+03 2.339600000000000093e-16
7.227334899999999834e+03 2.326590000000000005e-16
7.230243900000000394e+03 2.457740000000000174e-16
7.233153000000000247e+03 2.408229999999999888e-16
7.236062100000000100e+03 2.356489999999999762e-16
7.238971099999999751e+03 2.397319999999999875e-16
7.241880199999999604e+03 2.434669999999999880e-16
7.244789200000000164e+03 2.493870000000000428e-16
7.247698300000000017e+03 2.651049999999999957e-16
7.250607399999999870e+03 2.643740000000000140e-16
7.253516400000000431e+03 2.400100000000000287e-16
7.256425500000000284e+03 2.388700000000000240e-16
7.259334600000000137e+03 2.377300000000000192e-16
7.262243599999999788e+03 2.365890000000000466e-16
7.265152699999999641e+03 2.354490000000000419e-16
7.268061700000000201e+03 2.343089999999999879e-16
7.270970800000000054e+03 2.331689999999999832e-16
7.273879899999999907e+03 2.320289999999999785e-16
7.276788899999999558e+03 2.308880000000000059e-16
7.279698000000000320e+03 2.297479999999999519e-16
7.282607100000000173e+03 2.290550000000000311e-16
7.285516099999999824e+03 2.291320000000000223e-16
7.288425199999999677e+03 2.292090000000000135e-16
7.291334200000000237e+03 2.292870000000000219e-16
7.294243300000000090e+03 2.293640000000000131e-16
7.297152399999999943e+03 2.294410000000000043e-16
7.300061399999999594e+03 2.217660000000000077e-16
7.302970500000000357e+03 2.130329999999999849e-16
7.305879600000000210e+03 2.149840000000000141e-16
7.308788599999999860e+03 2.215090000000000067e-16
7.311697699999999713e+03 2.056829999999999740e-16
7.314606700000000274e+03 2.155390000000000053e-16
7.317515800000000127e+03 2.139200000000000327e-16
7.320424899999999980e+03 2.098230000000000028e-16
7.323333899999999630e+03 2.391530000000000031e-16
7.326243000000000393e+03 2.279170000000000114e-16
7.329152100000000246e+03 2.306509999999999786e-16
7.332061099999999897e+03 2.386400000000000182e-16
7.334970199999999750e+03 2.309200000000000131e-16
7.337879299999999603e+03 2.429419999999999943e-16
7.340788300000000163e+03 2.435189999999999936e-16
7.343697400000000016e+03 2.405329999999999881e-16
7.346606399999999667e+03 2.388679999999999896e-16
7.349515500000000429e+03 2.466240000000000214e-16
7.352424600000000282e+03 2.439779999999999878e-16
7.355333599999999933e+03 2.610140000000000442e-16
7.358242699999999786e+03 2.502990000000000268e-16
7.361151799999999639e+03 2.399490000000000164e-16
7.364060800000000199e+03 2.391949999999999849e-16
7.366969900000000052e+03 2.488069999999999920e-16
7.369878899999999703e+03 2.509029999999999968e-16
7.372788000000000466e+03 2.269220000000000318e-16
7.375697100000000319e+03 2.378730000000000099e-16
7.378606099999999969e+03 2.588620000000000143e-16
7.381515199999999822e+03 2.493880000000000107e-16
7.384424299999999675e+03 2.528539999999999767e-16
7.387333300000000236e+03 2.477679999999999962e-16
7.390242400000000089e+03 2.291869999999999808e-16
7.393151399999999740e+03 2.267149999999999773e-16
7.396060499999999593e+03 2.301850000000000120e-16
7.398969600000000355e+03 2.449559999999999714e-16
7.401878600000000006e+03 2.513069999999999833e-16
7.404787699999999859e+03 2.409520000000000349e-16
7.407696799999999712e+03 2.291409999999999797e-16
7.410605800000000272e+03 2.300580000000000003e-16
7.413514900000000125e+03 2.374970000000000113e-16
7.416423899999999776e+03 2.400859999999999534e-16
7.419333000000000538e+03 2.309920000000000170e-16
7.422242100000000391e+03 2.244530000000000305e-16
7.425151100000000042e+03 2.255419999999999975e-16
7.428060199999999895e+03 2.429639999999999777e-16
7.430969299999999748e+03 2.505980000000000343e-16
7.433878300000000309e+03 2.552140000000000288e-16
7.436787400000000162e+03 2.615129999999999858e-16
7.439696399999999812e+03 2.276019999999999758e-16
7.442605499999999665e+03 2.411490000000000162e-16
7.445514600000000428e+03 2.667149999999999863e-16
7.448423600000000079e+03 2.420909999999999731e-16
7.451332699999999932e+03 2.158699999999999953e-16
7.454241799999999785e+03 2.479070000000000168e-16
7.457150800000000345e+03 2.470579999999999807e-16
7.460059900000000198e+03 2.338950000000000269e-16
7.462968899999999849e+03 2.259120000000000410e-16
7.465878000000000611e+03 2.178850000000000143e-16
7.468787099999999555e+03 2.055670000000000033e-16
7.471696100000000115e+03 2.076709999999999730e-16
7.474605199999999968e+03 2.187059999999999886e-16
7.477514299999999821e+03 2.278579999999999842e-16
7.480423300000000381e+03 2.430439999999999711e-16
7.483332400000000234e+03 2.544539999999999928e-16
7.486241500000000087e+03 2.336590000000000168e-16
7.489150499999999738e+03 2.343420000000000123e-16
7.492059599999999591e+03 2.193259999999999868e-16
7.494968600000000151e+03 2.177490000000000206e-16
7.497877700000000004e+03 2.432560000000000128e-16
7.500786799999999857e+03 2.392090000000000281e-16
7.503695800000000418e+03 2.324410000000000037e-16
7.506604900000000271e+03 2.199590000000000111e-16
7.509514000000000124e+03 2.209150000000000113e-16
7.512423000000000684e+03 2.487620000000000080e-16
7.515332099999999627e+03 2.377200000000000447e-16
7.518241100000000188e+03 2.774449999999999654e-16
7.521150200000000041e+03 2.578459999999999698e-16
7.524059299999999894e+03 2.300229999999999908e-16
7.526968300000000454e+03 2.447939999999999995e-16
7.529877400000000307e+03 2.572200000000000164e-16
7.532786500000000160e+03 2.374519999999999780e-16
7.535695499999999811e+03 2.225090000000000230e-16
7.538604599999999664e+03 2.242559999999999506e-16
7.541513600000000224e+03 2.341399999999999944e-16
7.544422700000000077e+03 2.125770000000000176e-16
7.547331799999999930e+03 2.216890000000000165e-16
7.550240799999999581e+03 2.271540000000000225e-16
7.553149900000000343e+03 2.318489999999999933e-16
7.556059000000000196e+03 2.288670000000000072e-16
7.558968000000000757e+03 2.208950000000000129e-16
7.561877099999999700e+03 2.076309999999999762e-16
7.564786100000000260e+03 2.189129999999999937e-16
7.567695200000000114e+03 2.136009999999999776e-16
7.570604299999999967e+03 2.091800000000000040e-16
7.573513299999999617e+03 2.305380000000000100e-16
7.576422400000000380e+03 2.440999999999999630e-16
7.579331500000000233e+03 2.346810000000000164e-16
7.582240499999999884e+03 2.536420000000000005e-16
7.585149599999999737e+03 2.404729999999999930e-16
7.588058600000000297e+03 2.422039999999999910e-16
7.590967700000000150e+03 2.479290000000000002e-16
7.593876800000000003e+03 2.326600000000000177e-16
7.596785799999999654e+03 2.295070000000000037e-16
7.599694900000000416e+03 2.404290000000000262e-16
7.602604000000000269e+03 2.307859999999999798e-16
7.605513000000000829e+03 2.093810000000000047e-16
7.608422099999999773e+03 2.342480000000000250e-16
7.611331100000000333e+03 2.196499999999999799e-16
7.614240200000000186e+03 2.238200000000000062e-16
7.617149300000000039e+03 2.308740000000000120e-16
7.620058299999999690e+03 2.290140000000000172e-16
7.622967400000000453e+03 2.201519999999999977e-16
7.625876500000000306e+03 2.220839999999999717e-16
7.628785499999999956e+03 2.305550000000000062e-16
7.631694599999999809e+03 2.338650000000000047e-16
7.634603699999999662e+03 2.423970000000000022e-16
7.637512700000000223e+03 2.286539999999999976e-16
7.640421800000000076e+03 1.914519999999999948e-16
7.643330799999999726e+03 2.238929999999999780e-16
7.646239899999999579e+03 2.723329999999999822e-16
7.649149000000000342e+03 2.531529999999999841e-16
7.652058000000000902e+03 2.235439999999999993e-16
7.654967099999999846e+03 2.102780000000000023e-16
7.657876199999999699e+03 2.105760000000000172e-16
7.660785200000000259e+03 1.998890000000000124e-16
7.663694300000000112e+03 1.990779999999999879e-16
7.666603299999999763e+03 2.132540000000000086e-16
7.669512399999999616e+03 2.087429999999999931e-16
7.672421500000000378e+03 2.051589999999999974e-16
7.675330500000000029e+03 2.149959999999999736e-16
7.678239599999999882e+03 2.252590000000000183e-16
7.681148699999999735e+03 2.175009999999999769e-16
7.684057700000000295e+03 2.246350000000000007e-16
7.686966800000000148e+03 2.149990000000000252e-16
7.689875799999999799e+03 2.273290000000000204e-16
7.692784899999999652e+03 2.231910000000000013e-16
7.695694000000000415e+03 2.038650000000000103e-16
7.698603000000000065e+03 2.103899999999999783e-16
7.701512099999999919e+03 2.248340000000000164e-16
7.704421199999999772e+03 2.273440000000000315e-16
7.707330200000000332e+03 2.265459999999999838e-16
7.710239300000000185e+03 2.246810000000000018e-16
7.713148299999999836e+03 2.391159999999999593e-16
7.716057399999999689e+03 2.354749999999999954e-16
7.718966500000000451e+03 2.171390000000000215e-16
7.721875500000000102e+03 2.207580000000000020e-16
7.724784599999999955e+03 2.220309999999999982e-16
7.727693699999999808e+03 2.226430000000000070e-16
7.730602700000000368e+03 2.225069999999999886e-16
7.733511800000000221e+03 2.146420000000000077e-16
7.736420799999999872e+03 2.311539999999999889e-16
7.739329899999999725e+03 2.346420000000000369e-16
7.742239000000000487e+03 2.058120000000000201e-16
7.745148000000000138e+03 2.070979999999999930e-16
7.748057099999999991e+03 2.109509999999999740e-16
7.750966199999999844e+03 2.080790000000000281e-16
7.753875200000000405e+03 2.330150000000000008e-16
7.756784300000000258e+03 2.337750000000000368e-16
7.759693299999999908e+03 2.281220000000000315e-16
7.762602399999999761e+03 2.349119999999999900e-16
7.765511499999999614e+03 2.309090000000000214e-16
7.768420500000000175e+03 2.377650000000000287e-16
7.771329600000000028e+03 2.313409999999999957e-16
7.774238699999999881e+03 2.193790000000000342e-16
7.777147700000000441e+03 2.104829999999999731e-16
7.780056800000000294e+03 2.165590000000000446e-16
7.782965900000000147e+03 2.088779999999999943e-16
7.785874899999999798e+03 2.139559999999999853e-16
7.788784000000000560e+03 2.062790000000000038e-16
7.791693000000000211e+03 2.252400000000000372e-16
7.794602100000000064e+03 2.239819999999999781e-16
7.797511199999999917e+03 2.109259999999999884e-16
7.800420199999999568e+03 2.148559999999999852e-16
7.803329300000000330e+03 2.216890000000000165e-16
7.806238400000000183e+03 2.320340000000000150e-16
7.809147399999999834e+03 2.301029999999999842e-16
7.812056499999999687e+03 2.077970000000000168e-16
7.814965500000000247e+03 2.254820000000000024e-16
7.817874600000000100e+03 2.348279999999999772e-16
7.820783699999999953e+03 2.061970000000000007e-16
7.823692699999999604e+03 2.025080000000000013e-16
7.826601800000000367e+03 2.225429999999999659e-16
7.829510900000000220e+03 2.387159999999999923e-16
7.832419899999999870e+03 2.116390000000000061e-16
7.835329000000000633e+03 1.992009999999999803e-16
7.838238000000000284e+03 2.070540000000000262e-16
7.841147100000000137e+03 2.038279999999999912e-16
7.844056199999999990e+03 2.036590000000000223e-16
7.846965199999999641e+03 2.286229999999999582e-16
7.849874300000000403e+03 2.235590000000000104e-16
7.852783400000000256e+03 2.312569999999999829e-16
7.855692399999999907e+03 2.323500000000000186e-16
7.858601499999999760e+03 2.148719999999999888e-16
7.861510500000000320e+03 2.327809999999999757e-16
7.864419600000000173e+03 2.789809999999999671e-16
7.867328700000000026e+03 2.594609999999999970e-16
7.870237699999999677e+03 2.088259999999999888e-16
7.873146800000000439e+03 1.909309999999999958e-16
7.876055900000000292e+03 1.919379999999999843e-16
7.878964899999999943e+03 2.358820000000000334e-16
7.881873999999999796e+03 2.340240000000000237e-16
7.884783000000000357e+03 2.252390000000000200e-16
7.887692100000000210e+03 2.232649999999999903e-16
7.890601200000000063e+03 2.282779999999999990e-16
7.893510199999999713e+03 2.308529999999999964e-16
7.896419299999999566e+03 2.175059999999999888e-16
7.899328400000000329e+03 1.980540000000000279e-16
7.902237399999999980e+03 2.034080000000000011e-16
7.905146499999999833e+03 2.118100000000000092e-16
7.908055500000000393e+03 2.250950000000000121e-16
7.910964600000000246e+03 2.054140000000000380e-16
7.913873700000000099e+03 2.040040000000000309e-16
7.916782699999999750e+03 2.017520000000000093e-16
7.919691799999999603e+03 1.962329999999999881e-16
7.922600900000000365e+03 2.219179999999999804e-16
7.925509900000000016e+03 2.253800000000000256e-16
7.928418999999999869e+03 1.998079999999999771e-16
7.931328099999999722e+03 1.869590000000000172e-16
7.934237100000000282e+03 1.908510000000000024e-16
7.937146200000000135e+03 1.994369999999999904e-16
7.940055199999999786e+03 2.120950000000000228e-16
7.942964299999999639e+03 2.116460000000000030e-16
7.945873400000000402e+03 2.045680000000000042e-16
7.948782400000000052e+03 2.208340000000000253e-16
7.951691499999999905e+03 2.125609999999999893e-16
7.954600599999999758e+03 2.166140000000000031e-16
7.957509600000000319e+03 2.191520000000000061e-16
7.960418700000000172e+03 2.139709999999999964e-16
7.963327699999999822e+03 2.297970000000000045e-16
7.966236799999999675e+03 2.183829999999999881e-16
7.969145900000000438e+03 2.082500000000000066e-16
7.972054900000000089e+03 2.053740000000000413e-16
7.974963999999999942e+03 1.950080000000000027e-16
7.977873099999999795e+03 1.955999999999999884e-16
7.980782100000000355e+03 2.044460000000000044e-16
7.983691200000000208e+03 2.214920000000000106e-16
7.986600199999999859e+03 2.084280000000000067e-16
7.989509299999999712e+03 2.450759999999999615e-16
7.992418399999999565e+03 2.220679999999999927e-16
7.995327400000000125e+03 2.005320000000000112e-16
7.998236499999999978e+03 2.192910000000000020e-16
8.001145599999999831e+03 2.565309999999999672e-16
8.004054600000000391e+03 2.352269999999999764e-16
8.006963700000000244e+03 2.128929999999999965e-16
8.009872699999999895e+03 2.159499999999999888e-16
8.012781799999999748e+03 1.837509999999999708e-16
8.015690899999999601e+03 2.033770000000000111e-16
8.018599900000000162e+03 2.302459999999999749e-16
8.021509000000000015e+03 2.196740000000000223e-16
8.024418099999999868e+03 2.193330000000000084e-16
8.027327100000000428e+03 2.045159999999999739e-16
8.030236200000000281e+03 1.987179999999999929e-16
8.033145199999999932e+03 2.361469999999999992e-16
8.036054299999999785e+03 2.257849999999999799e-16
8.038963399999999638e+03 2.037679999999999961e-16
8.041872400000000198e+03 2.076179999999999995e-16
8.044781500000000051e+03 2.021859999999999686e-16
8.047690599999999904e+03 2.375600000000000086e-16
8.050599599999999555e+03 2.424599999999999995e-16
8.053508700000000317e+03 2.327830000000000100e-16
8.056417699999999968e+03 2.100130000000000118e-16
8.059326799999999821e+03 1.969860000000000025e-16
8.062235899999999674e+03 2.395170000000000422e-16
8.065144900000000234e+03 2.579259999999999632e-16
8.068054000000000087e+03 2.338409999999999870e-16
8.070963099999999940e+03 2.209610000000000124e-16
8.073872099999999591e+03 2.119129999999999786e-16
8.076781200000000354e+03 2.169869999999999995e-16
8.079690300000000207e+03 2.042429999999999940e-16
8.082599299999999857e+03 1.934320000000000043e-16
8.085508399999999710e+03 1.951920000000000072e-16
8.088417400000000271e+03 2.002190000000000098e-16
8.091326500000000124e+03 1.852979999999999888e-16
8.094235599999999977e+03 1.932380000000000005e-16
8.097144599999999627e+03 2.241940000000000198e-16
8.100053700000000390e+03 2.234590000000000187e-16
8.102962800000000243e+03 2.236009999999999922e-16
8.105871799999999894e+03 1.985240000000000138e-16
8.108780899999999747e+03 1.940589999999999995e-16
8.111689900000000307e+03 2.107870000000000171e-16
8.114599000000000160e+03 2.263929999999999693e-16
8.117508100000000013e+03 2.288479999999999767e-16
8.120417099999999664e+03 2.085529999999999841e-16
8.123326200000000426e+03 2.108270000000000138e-16
8.126235300000000279e+03 2.126040000000000129e-16
8.129144299999999930e+03 1.677090000000000249e-16
8.132053399999999783e+03 2.027789999999999962e-16
8.134962400000000343e+03 2.111070000000000154e-16
8.137871500000000196e+03 2.168719999999999966e-16
8.140780600000000049e+03 2.189200000000000153e-16
8.143689599999999700e+03 2.074190000000000085e-16
8.146598699999999553e+03 2.245809999999999608e-16
8.149507800000000316e+03 2.506280000000000071e-16
8.152416799999999967e+03 2.325300000000000038e-16
8.155325899999999820e+03 2.320390000000000023e-16
8.158234900000000380e+03 2.350020000000000072e-16
8.161144000000000233e+03 2.204969999999999816e-16
8.164053100000000086e+03 2.170840000000000137e-16
8.166962099999999737e+03 2.140240000000000438e-16
8.169871199999999590e+03 2.115570000000000030e-16
8.172780300000000352e+03 2.105960000000000156e-16
8.175689300000000003e+03 1.947890000000000133e-16
8.178598399999999856e+03 2.232120000000000168e-16
8.181507400000000416e+03 2.214720000000000122e-16
8.184416500000000269e+03 2.110399999999999741e-16
8.187325600000000122e+03 2.249579999999999766e-16
8.190234599999999773e+03 1.848280000000000029e-16
8.193143700000000536e+03 1.833290000000000204e-16
8.196052799999999479e+03 2.029040000000000229e-16
8.198961799999999130e+03 1.970009999999999889e-16
8.201870899999999892e+03 1.961720000000000251e-16
8.204779899999999543e+03 2.081579999999999797e-16
8.207689000000000306e+03 2.198359999999999695e-16
8.210598099999999249e+03 2.270109999999999825e-16
8.213507100000000719e+03 2.104359999999999794e-16
8.216416199999999662e+03 1.835700000000000178e-16
8.219325300000000425e+03 1.859699999999999927e-16
8.222234300000000076e+03 1.963750000000000109e-16
8.225143400000000838e+03 1.928500000000000177e-16
8.228052499999999782e+03 2.143609999999999890e-16
8.230961499999999432e+03 2.153599999999999880e-16
8.233870600000000195e+03 2.151659999999999596e-16
8.236779599999999846e+03 2.121340000000000023e-16
8.239688700000000608e+03 2.156270000000000129e-16
8.242597799999999552e+03 2.256140000000000014e-16
8.245506799999999203e+03 2.174540000000000325e-16
8.248415899999999965e+03 2.062630000000000002e-16
8.251325000000000728e+03 2.225640000000000308e-16
8.254234000000000378e+03 2.022449999999999958e-16
8.257143099999999322e+03 2.271100000000000064e-16
8.260052100000000792e+03 2.732160000000000105e-16
8.262961199999999735e+03 2.370580000000000154e-16
8.265870300000000498e+03 2.230109999999999668e-16
8.268779300000000148e+03 2.275850000000000289e-16
8.271688399999999092e+03 1.943340000000000138e-16
8.274597499999999854e+03 2.078090000000000010e-16
8.277506499999999505e+03 2.188099999999999997e-16
8.280415600000000268e+03 1.835340000000000158e-16
8.283324599999999919e+03 1.796169999999999957e-16
8.286233700000000681e+03 1.941100000000000125e-16
8.289142799999999625e+03 1.985190000000000266e-16
8.292051799999999275e+03 1.727409999999999901e-16
8.294960900000000038e+03 1.965209999999999791e-16
8.297870000000000800e+03 2.194049999999999877e-16
8.300779000000000451e+03 2.102069999999999909e-16
8.303688099999999395e+03 2.364900000000000228e-16
8.306597100000000864e+03 2.235270000000000032e-16
8.309506199999999808e+03 2.074090000000000093e-16
8.312415300000000570e+03 1.899770000000000300e-16
8.315324300000000221e+03 2.087870000000000092e-16
8.318233399999999165e+03 2.161109999999999928e-16
8.321142499999999927e+03 2.032390000000000323e-16
8.324051499999999578e+03 2.059509999999999913e-16
8.326960600000000341e+03 2.212309999999999902e-16
8.329869599999999991e+03 2.149109999999999930e-16
8.332778700000000754e+03 2.012570000000000131e-16
8.335687799999999697e+03 1.822790000000000082e-16
8.338596799999999348e+03 2.025419999999999935e-16
8.341505900000000111e+03 1.824540000000000061e-16
8.344415000000000873e+03 1.914329999999999889e-16
8.347324000000000524e+03 1.884840000000000026e-16
8.350233099999999467e+03 2.118250000000000203e-16
8.353142099999999118e+03 1.859840000000000112e-16
8.356051199999999881e+03 1.941720000000000173e-16
8.358960300000000643e+03 1.985850000000000014e-16
8.361869300000000294e+03 2.135629999999999906e-16
8.364778399999999237e+03 2.003140000000000143e-16
8.367687500000000000e+03 1.834330000000000069e-16
8.370596499999999651e+03 1.994420000000000023e-16
8.373505600000000413e+03 1.872770000000000058e-16
8.376414699999999357e+03 2.103530000000000084e-16
8.379323700000000827e+03 1.989990000000000117e-16
8.382232799999999770e+03 1.678609999999999976e-16
8.385141799999999421e+03 1.828549999999999904e-16
8.388050900000000183e+03 2.341320000000000049e-16
8.390959999999999127e+03 1.774570000000000011e-16
8.393869000000000597e+03 1.961549999999999797e-16
8.396778099999999540e+03 2.140000000000000014e-16
8.399687200000000303e+03 2.156809999999999789e-16
8.402596199999999953e+03 2.171879999999999755e-16
8.405505300000000716e+03 2.125220000000000098e-16
8.408414300000000367e+03 2.030749999999999768e-16
8.411323399999999310e+03 1.946809999999999828e-16
8.414232500000000073e+03 2.043569999999999796e-16
8.417141499999999724e+03 2.140299999999999990e-16
8.420050600000000486e+03 2.040779999999999706e-16
8.422959699999999430e+03 1.949440000000000129e-16
8.425868700000000899e+03 2.131890000000000263e-16
8.428777799999999843e+03 2.000210000000000113e-16
8.431686799999999494e+03 1.910570000000000150e-16
8.434595900000000256e+03 1.868309999999999883e-16
8.437504999999999200e+03 1.343360000000000100e-16
8.440414000000000669e+03 1.513900000000000056e-16
8.443323099999999613e+03 2.525209999999999770e-16
8.446232200000000375e+03 2.009229999999999962e-16
8.449141200000000026e+03 1.904479999999999838e-16
8.452050300000000789e+03 2.004290000000000172e-16
8.454959300000000439e+03 2.014140000000000223e-16
8.457868399999999383e+03 2.145659999999999844e-16
8.460777500000000146e+03 2.059530000000000010e-16
8.463686499999999796e+03 1.873429999999999807e-16
8.466595600000000559e+03 1.872640000000000044e-16
8.469504699999999502e+03 1.906400000000000025e-16
8.472413699999999153e+03 1.799190000000000054e-16
8.475322799999999916e+03 1.769350000000000095e-16
8.478231799999999566e+03 2.059899999999999955e-16
8.481140900000000329e+03 1.811409999999999885e-16
8.484049999999999272e+03 2.009350000000000051e-16
8.486959000000000742e+03 2.028410000000000010e-16
8.489868099999999686e+03 1.767609999999999795e-16
8.492777200000000448e+03 1.436700000000000005e-16
8.495686200000000099e+03 1.343160000000000116e-16
8.498595300000000861e+03 2.072179999999999831e-16
8.501504300000000512e+03 2.081269999999999896e-16
8.504413399999999456e+03 1.843059999999999867e-16
8.507322500000000218e+03 2.068499999999999740e-16
8.510231499999999869e+03 1.893029999999999918e-16
8.513140600000000632e+03 1.540100000000000117e-16
8.516049699999999575e+03 2.063279999999999825e-16
8.518958699999999226e+03 2.028300000000000093e-16
8.521867799999999988e+03 1.566929999999999904e-16
8.524776900000000751e+03 1.700080000000000155e-16
8.527685900000000402e+03 1.695809999999999792e-16
8.530594999999999345e+03 1.851959999999999874e-16
8.533504000000000815e+03 2.273600000000000105e-16
8.536413099999999758e+03 1.869490000000000180e-16
8.539322200000000521e+03 1.672329999999999852e-16
8.542231200000000172e+03 1.353239999999999927e-16
8.545140299999999115e+03 1.296479999999999868e-16
8.548049399999999878e+03 1.370820000000000106e-16
8.550958399999999529e+03 1.728550000000000004e-16
8.553867500000000291e+03 1.757940000000000123e-16
8.556776499999999942e+03 1.541500000000000002e-16
8.559685600000000704e+03 1.715100000000000003e-16
8.562594699999999648e+03 1.482220000000000052e-16
8.565503699999999299e+03 1.747100000000000079e-16
8.568412800000000061e+03 1.982859999999999940e-16
8.571321900000000824e+03 1.990550000000000120e-16
8.574230900000000474e+03 1.816840000000000202e-16
8.577139999999999418e+03 1.740619999999999972e-16
8.580049000000000888e+03 1.776749999999999979e-16
8.582958099999999831e+03 1.915620000000000104e-16
8.585867200000000594e+03 1.667560000000000023e-16
8.588776200000000244e+03 1.736950000000000052e-16
8.591685299999999188e+03 1.714320000000000166e-16
8.594594399999999951e+03 1.633420000000000172e-16
8.597503399999999601e+03 1.649690000000000040e-16
8.600412500000000364e+03 1.667569999999999948e-16
8.603321500000000015e+03 1.882779999999999899e-16
8.606230600000000777e+03 1.735700000000000032e-16
8.609139699999999721e+03 2.167279999999999888e-16
8.612048699999999371e+03 2.125009999999999942e-16
8.614957800000000134e+03 2.039239999999999882e-16
8.617866900000000896e+03 2.240859999999999892e-16
8.620775900000000547e+03 1.814950000000000038e-16
8.623684999999999491e+03 1.588359999999999890e-16
8.626594000000000960e+03 1.632610000000000067e-16
8.629503099999999904e+03 1.685890000000000017e-16
8.632412200000000666e+03 1.858239999999999998e-16
8.635321200000000317e+03 1.732579999999999944e-16
8.638230299999999261e+03 1.597579999999999969e-16
8.641139400000000023e+03 1.912659999999999805e-16
8.644048399999999674e+03 1.943909999999999820e-16
8.646957500000000437e+03 2.033609999999999828e-16
8.649866599999999380e+03 1.694040000000000209e-16
8.652775600000000850e+03 1.918679999999999901e-16
8.655684699999999793e+03 1.773140000000000104e-16
8.658593699999999444e+03 1.453110000000000059e-16
8.661502800000000207e+03 1.480849999999999943e-16
8.664411899999999150e+03 1.570600000000000071e-16
8.667320900000000620e+03 1.548369999999999905e-16
8.670229999999999563e+03 1.617320000000000019e-16
8.673139100000000326e+03 1.523329999999999798e-16
8.676048099999999977e+03 1.796320000000000068e-16
8.678957200000000739e+03 1.803879999999999988e-16
8.681866200000000390e+03 1.602090000000000016e-16
8.684775299999999334e+03 1.667809999999999879e-16
8.687684400000000096e+03 1.613000000000000276e-16
8.690593399999999747e+03 1.632229999999999950e-16
8.693502500000000509e+03 1.811420000000000057e-16
8.696411599999999453e+03 1.800690000000000177e-16
8.699320599999999104e+03 1.861990000000000305e-16
8.702229699999999866e+03 1.831490000000000105e-16
8.705138699999999517e+03 1.910040000000000169e-16
8.708047800000000279e+03 1.672190000000000159e-16
8.710956899999999223e+03 1.535500000000000003e-16
8.713865900000000693e+03 1.822920000000000096e-16
8.716774999999999636e+03 1.986070000000000095e-16
8.719684100000000399e+03 1.716900000000000101e-16
8.722593100000000049e+03 1.922990000000000212e-16
8.725502200000000812e+03 1.754429999999999993e-16
8.728411200000000463e+03 1.605770000000000108e-16
8.731320299999999406e+03 1.844390000000000275e-16
8.734229400000000169e+03 1.735190000000000148e-16
8.737138399999999820e+03 1.446880000000000054e-16
8.740047500000000582e+03 1.490460000000000064e-16
8.742956599999999526e+03 1.703779999999999850e-16
8.745865599999999176e+03 1.856120000000000074e-16
8.748774699999999939e+03 1.988709999999999828e-16
8.751683699999999590e+03 1.761100000000000159e-16
8.754592800000000352e+03 1.726859999999999823e-16
8.757501899999999296e+03 1.876799999999999997e-16
8.760410900000000765e+03 1.848349999999999999e-16
8.763319999999999709e+03 1.815459999999999922e-16
8.766229100000000471e+03 1.797559999999999917e-16
8.769138100000000122e+03 1.555860000000000101e-16
8.772047200000000885e+03 1.471039999999999839e-16
8.774956200000000536e+03 1.375099999999999901e-16
8.777865299999999479e+03 1.715020000000000108e-16
8.780774400000000242e+03 1.537410000000000018e-16
8.783683399999999892e+03 1.775570000000000175e-16
8.786592500000000655e+03 1.862790000000000239e-16
8.789501599999999598e+03 1.879250000000000165e-16
8.792410599999999249e+03 2.002870000000000190e-16
8.795319700000000012e+03 2.013900000000000046e-16
8.798228800000000774e+03 2.009950000000000002e-16
8.801137800000000425e+03 1.847940000000000106e-16
8.804046899999999368e+03 1.789319999999999905e-16
8.806955900000000838e+03 1.921479999999999917e-16
8.809864999999999782e+03 1.842629999999999878e-16
8.812774100000000544e+03 1.928250000000000074e-16
8.815683100000000195e+03 1.893740000000000279e-16
8.818592199999999139e+03 1.816309999999999975e-16
8.821501299999999901e+03 1.924549999999999886e-16
8.824410299999999552e+03 1.871420000000000046e-16
8.827319400000000314e+03 1.918440000000000217e-16
8.830228399999999965e+03 1.530640000000000108e-16
8.833137500000000728e+03 1.584250000000000056e-16
