1.783255039999999781e+03 1.300880000000000147e-15
1.786263303000000178e+03 1.266189999999999972e-15
1.789271564999999782e+03 1.227218000000000016e-15
1.792279828000000180e+03 1.186250000000000097e-15
1.795288091000000122e+03 1.143701000000000044e-15
1.798296353000000181e+03 1.099956999999999978e-15
1.801304616000000124e+03 1.055419000000000081e-15
1.804312878000000183e+03 1.010533000000000125e-15
1.807321141000000125e+03 9.656211000000000980e-16
1.810329403000000184e+03 9.211349999999999292e-16
1.813337666000000127e+03 8.774798999999999311e-16
1.816345928000000185e+03 8.350556999999999900e-16
1.819354191000000128e+03 7.942921000000001494e-16
1.822362453999999843e+03 7.554935999999999194e-16
1.825370715999999902e+03 7.190641999999999274e-16
1.828378978999999845e+03 6.853544999999999626e-16
1.831387240999999904e+03 6.546917999999999663e-16
1.834395503999999846e+03 6.274067999999999578e-16
1.837403765999999905e+03 6.037291999999999969e-16
1.840412028999999848e+03 6.443100000000000113e-16
1.843420290999999906e+03 8.101514000000000046e-16
1.846428553999999849e+03 9.147682999999999829e-16
1.849436817000000246e+03 8.434131999999999488e-16
1.852445078999999851e+03 7.259883999999999818e-16
1.855453342000000248e+03 5.869834999999999859e-16
1.858461603999999852e+03 4.375017999999999811e-16
1.861469867000000249e+03 2.894856000000000491e-16
1.864478128999999853e+03 1.582645000000000102e-16
1.867486392000000251e+03 7.944399000000001141e-17
1.870494653999999855e+03 3.629616000000000054e-17
1.873502917000000252e+03 1.825373999999999914e-17
1.876511179999999968e+03 2.567519999999999724e-17
1.879519442000000254e+03 5.812891000000000634e-17
1.882527704999999969e+03 1.144048999999999759e-16
1.885535967000000255e+03 5.083832000000000052e-16
1.888544229999999970e+03 1.269056999999999906e-15
1.891552492000000257e+03 8.875782000000000463e-16
1.894560754999999972e+03 4.876230999999999580e-16
1.897569017000000258e+03 4.173430000000000449e-16
1.900577279999999973e+03 4.491479999999999769e-16
1.903585542999999916e+03 4.900523000000000251e-16
1.906593804999999975e+03 5.389582000000000139e-16
1.909602067999999917e+03 5.946679000000000403e-16
1.912610329999999976e+03 6.558763000000000943e-16
1.915618592999999919e+03 7.211369999999999677e-16
1.918626854999999978e+03 7.889655999999999829e-16
1.921635117999999920e+03 8.806792999999998741e-16
1.924643379999999979e+03 1.082291000000000097e-15
1.927651642999999922e+03 1.271651000000000082e-15
1.930659905999999864e+03 9.314824000000000626e-16
1.933668167999999923e+03 5.241630999999999561e-16
1.936676430999999866e+03 4.815316000000000640e-16
1.939684692999999925e+03 6.309757000000000344e-16
1.942692955999999867e+03 5.175844000000000175e-16
1.945701217999999926e+03 1.077301000000000187e-15
1.948709480999999869e+03 1.074973000000000044e-15
1.951717742999999928e+03 1.065989999999999992e-15
1.954726005999999870e+03 1.606172000000000060e-15
1.957734269000000040e+03 1.664365999999999995e-15
1.960742530999999872e+03 1.490153999999999838e-15
1.963750794000000042e+03 1.324558999999999954e-15
1.966759055999999873e+03 1.474070999999999927e-15
1.969767319000000043e+03 1.776647000000000330e-15
1.972775580999999875e+03 1.318761999999999991e-15
1.975783844000000045e+03 1.214465999999999922e-15
1.978792105999999876e+03 1.410190000000000142e-15
1.981800369000000046e+03 9.292521000000000784e-16
1.984808631999999989e+03 3.290715000000000166e-16
1.987816894000000048e+03 5.262003999999999784e-16
1.990825156999999990e+03 7.777692999999999433e-16
1.993833419000000049e+03 7.232807000000000621e-16
1.996841681999999992e+03 1.131771000000000065e-15
1.999849944000000050e+03 1.256439999999999961e-15
2.002858206999999993e+03 1.350463999999999929e-15
2.005866469999999936e+03 1.123863999999999954e-15
2.008874731999999995e+03 1.016235000000000035e-15
2.011882994999999937e+03 1.165085999999999897e-15
2.014891256999999996e+03 1.034593999999999787e-15
2.017899519999999939e+03 9.374855999999999784e-16
2.020907781999999997e+03 9.386658000000000917e-16
2.023916044999999940e+03 8.202278999999999032e-16
2.026924306999999999e+03 4.831901000000000494e-16
2.029932569999999942e+03 3.013300000000000075e-16
2.032940832999999884e+03 9.709004999999999438e-17
2.035949094999999943e+03 9.889125999999999806e-17
2.038957357999999886e+03 1.427234999999999909e-16
2.041965619999999944e+03 2.201957000000000185e-17
2.044973882999999887e+03 1.222922000000000063e-17
2.047982144999999946e+03 1.739731000000000038e-17
2.050990407999999661e+03 2.779455999999999642e-17
2.053998669999999947e+03 4.195810000000000479e-17
2.057006932999999663e+03 6.494409000000000431e-17
2.060015196000000287e+03 1.088646999999999874e-16
2.063023457999999664e+03 2.363077999999999899e-16
2.066031721000000289e+03 5.474984000000000141e-16
2.069039982999999665e+03 5.704566000000000249e-16
2.072048246000000290e+03 2.721758000000000336e-16
2.075056507999999667e+03 2.939804999999999558e-16
2.078064771000000292e+03 5.698760000000000328e-16
2.081073032999999668e+03 7.473561999999999738e-16
2.084081296000000293e+03 5.803006999999999555e-16
2.087089559000000008e+03 2.194508000000000249e-16
2.090097821000000295e+03 3.714405999999999678e-16
2.093106084000000010e+03 3.859219000000000203e-16
2.096114346000000296e+03 3.471594000000000141e-16
2.099122609000000011e+03 1.789795999999999994e-16
2.102130871000000297e+03 1.447525000000000038e-16
2.105139134000000013e+03 1.576970000000000014e-16
2.108147396000000299e+03 1.258743000000000020e-16
2.111155659000000014e+03 9.008853999999999226e-17
2.114163921999999729e+03 7.494522000000000033e-17
2.117172184000000016e+03 6.178415999999999311e-17
2.120180446999999731e+03 5.162260000000000756e-17
2.123188709000000017e+03 5.498993000000000735e-17
2.126196971999999732e+03 9.083286000000000402e-17
2.129205234000000019e+03 1.046329000000000066e-16
2.132213496999999734e+03 6.411219000000000799e-17
2.135221759000000020e+03 -5.979336999999999879e-18
2.138230021999999735e+03 1.615868999999999949e-16
2.141238285000000360e+03 1.498370999999999898e-16
2.144246546999999737e+03 1.359035000000000103e-16
2.147254810000000361e+03 1.273372000000000006e-16
2.150263071999999738e+03 2.128572000000000078e-16
2.153271335000000363e+03 3.230520000000000279e-16
2.156279596999999740e+03 4.319900999999999767e-16
2.159287860000000364e+03 1.270358000000000062e-16
2.162296121999999741e+03 3.421441000000000251e-16
2.165304385000000366e+03 3.552434999999999910e-16
2.168312648000000081e+03 1.077960000000000017e-16
2.171320910000000367e+03 1.009930000000000049e-16
2.174329173000000083e+03 1.233832000000000107e-16
2.177337435000000369e+03 1.626101000000000004e-16
2.180345698000000084e+03 1.362193000000000005e-16
2.183353960000000370e+03 6.775191999999999101e-17
2.186362223000000085e+03 1.254012999999999892e-16
2.189370485000000372e+03 8.142064999999999361e-17
2.192378748000000087e+03 7.681373000000000365e-17
2.195387010999999802e+03 7.359948000000001014e-17
2.198395273000000088e+03 7.191098000000001485e-17
2.201403535999999804e+03 7.184843999999999638e-17
2.204411798000000090e+03 7.347786000000000354e-17
2.207420060999999805e+03 7.682630999999999438e-17
2.210428323000000091e+03 8.350131999999999751e-17
2.213436585999999807e+03 1.625554000000000125e-16
2.216444848000000093e+03 1.935629000000000041e-16
2.219453110999999808e+03 7.181695999999999414e-17
2.222461373999999978e+03 7.526218999999998949e-17
2.225469635999999809e+03 2.220671999999999888e-16
2.228477898999999979e+03 2.946780999999999851e-16
2.231486160999999811e+03 1.318176000000000034e-16
2.234494423999999981e+03 5.298750000000000559e-16
2.237502685999999812e+03 7.882992999999999389e-16
2.240510948999999982e+03 9.498206000000000102e-16
2.243519212000000152e+03 5.963875999999999527e-16
2.246527473999999984e+03 4.426209000000000173e-16
2.249535737000000154e+03 5.297248000000000796e-16
2.252543998999999985e+03 2.581481000000000108e-16
2.255552262000000155e+03 9.814079999999999474e-17
2.258560523999999987e+03 4.902215000000000073e-17
2.261568787000000157e+03 3.728252999999999940e-16
2.264577048999999988e+03 7.901528000000000192e-16
2.267585312000000158e+03 6.453906000000000115e-16
2.270593574999999873e+03 8.161385000000000581e-16
2.273601837000000160e+03 7.026735999999999801e-16
2.276610099999999875e+03 7.758134000000000568e-16
2.279618362000000161e+03 6.689731000000000353e-16
2.282626624999999876e+03 2.437429000000000129e-16
2.285634887000000163e+03 2.805433000000000162e-16
2.288643149999999878e+03 3.530916999999999745e-16
2.291651412000000164e+03 5.920999000000000151e-16
2.294659674999999879e+03 6.205351999999999982e-16
2.297667938000000049e+03 4.993139999999999918e-16
2.300676199999999881e+03 6.130971999999999550e-16
2.303684463000000051e+03 7.255671000000000040e-16
2.306692724999999882e+03 4.814605999999999293e-16
2.309700988000000052e+03 3.150903000000000035e-16
2.312709249999999884e+03 3.373472999999999922e-16
2.315717513000000054e+03 3.431278999999999998e-16
2.318725774999999885e+03 2.975450999999999684e-16
2.321734038000000055e+03 1.257896999999999987e-16
2.324742301000000225e+03 1.943324999999999880e-16
2.327750563000000056e+03 1.092402999999999964e-16
2.330758826000000226e+03 5.124124000000000022e-17
2.333767088000000058e+03 1.584934999999999987e-16
2.336775351000000228e+03 1.005954999999999945e-16
2.339783613000000059e+03 7.713395000000001164e-17
2.342791876000000229e+03 2.096172000000000035e-16
2.345800138000000061e+03 3.364294000000000350e-16
2.348808401000000231e+03 3.840461000000000106e-16
2.351816663999999946e+03 3.153291999999999845e-16
2.354824926000000232e+03 4.292174000000000254e-16
2.357833188999999948e+03 4.502169000000000129e-16
2.360841451000000234e+03 4.442441000000000473e-16
2.363849713999999949e+03 3.977808999999999631e-16
2.366857976000000235e+03 4.892173999999999650e-16
2.369866238999999950e+03 5.153609999999999743e-16
2.372874501000000237e+03 4.963752999999999506e-16
2.375882763999999952e+03 6.806955000000000185e-16
2.378891027000000122e+03 6.780946000000000988e-16
2.381899288999999953e+03 5.801034999999999609e-16
2.384907552000000123e+03 5.307653999999999846e-16
2.387915813999999955e+03 6.048798999999999980e-16
2.390924077000000125e+03 5.822066999999999513e-16
2.393932338999999956e+03 3.310616000000000565e-16
2.396940602000000126e+03 2.697865000000000304e-16
2.399948863999999958e+03 3.110031000000000088e-16
2.402957127000000128e+03 3.070349000000000363e-16
2.405965389999999843e+03 2.158970000000000153e-16
2.408973652000000129e+03 1.517343000000000170e-16
2.411981914999999844e+03 2.605236000000000333e-16
2.414990177000000131e+03 3.245528999999999889e-16
2.417998439999999846e+03 4.141155999999999660e-16
2.421006702000000132e+03 4.525550000000000144e-16
2.424014964999999847e+03 4.620573999999999338e-16
2.427023227000000134e+03 4.451901000000000236e-16
2.430031489999999849e+03 4.664194000000000035e-16
2.433039753000000019e+03 4.903207000000000198e-16
2.436048014999999850e+03 4.298373999999999743e-16
2.439056278000000020e+03 4.597223000000000825e-16
2.442064539999999852e+03 4.602094999999999300e-16
2.445072803000000022e+03 4.460939999999999869e-16
2.448081064999999853e+03 4.280687000000000586e-16
2.451089328000000023e+03 3.439677999999999979e-16
2.454097589999999855e+03 3.479423000000000194e-16
2.457105853000000025e+03 3.278862999999999653e-16
2.460114116000000195e+03 3.097190999999999962e-16
2.463122378000000026e+03 4.339141000000000352e-16
2.466130641000000196e+03 5.149445000000000197e-16
2.469138903000000028e+03 6.103387000000000109e-16
2.472147166000000198e+03 7.043439999999999925e-16
2.475155428000000029e+03 7.194478999999999695e-16
2.478163691000000199e+03 7.404329999999999365e-16
2.481171953999999914e+03 6.773200000000000290e-16
2.484180216000000200e+03 5.848372000000000638e-16
2.487188478999999916e+03 5.273751999999999793e-16
2.490196741000000202e+03 4.781680000000001014e-16
2.493205003999999917e+03 4.821544999999999346e-16
2.496213266000000203e+03 4.896937999999999819e-16
2.499221528999999919e+03 5.298642000000000282e-16
2.502229791000000205e+03 6.483041000000000539e-16
2.505238053999999920e+03 7.768447000000000584e-16
2.508246317000000090e+03 7.599230000000000817e-16
2.511254578999999922e+03 7.412031000000000277e-16
2.514262842000000092e+03 7.090235999999999749e-16
2.517271103999999923e+03 6.824305000000000358e-16
2.520279367000000093e+03 6.083251000000000604e-16
2.523287628999999924e+03 5.695689000000000046e-16
2.526295892000000094e+03 5.763885000000000573e-16
2.529304153999999926e+03 5.227257000000000011e-16
2.532312417000000096e+03 5.342076999999999774e-16
2.535320680000000266e+03 5.807662000000000613e-16
2.538328942000000097e+03 5.385169999999999703e-16
2.541337205000000267e+03 4.784072000000000285e-16
2.544345467000000099e+03 4.630730000000000997e-16
2.547353730000000269e+03 5.053632000000000074e-16
2.550361992000000100e+03 5.090187999999999558e-16
2.553370255000000270e+03 4.917009999999999014e-16
2.556378517000000102e+03 5.073584999999999986e-16
2.559386780000000272e+03 5.245390000000000221e-16
2.562395042999999987e+03 5.131173000000000361e-16
2.565403305000000273e+03 4.497388999999999882e-16
2.568411567999999988e+03 4.119683000000000268e-16
2.571419830000000275e+03 3.613414000000000146e-16
2.574428092999999990e+03 2.738880999999999963e-16
2.577436355000000276e+03 2.257386000000000015e-16
2.580444617999999991e+03 1.732778000000000041e-16
2.583452880000000278e+03 1.472851999999999996e-16
2.586461142999999993e+03 1.545472000000000030e-16
2.589469405999999708e+03 1.701561999999999821e-16
2.592477667999999994e+03 2.527355999999999943e-16
2.595485930999999709e+03 2.828910999999999969e-16
2.598494192999999996e+03 3.263075000000000273e-16
2.601502455999999711e+03 3.774733999999999778e-16
2.604510717999999997e+03 4.112491000000000407e-16
2.607518980999999712e+03 4.215384999999999668e-16
2.610527242999999999e+03 3.449182000000000202e-16
2.613535505999999714e+03 3.281798000000000262e-16
2.616543769000000339e+03 3.071874999999999749e-16
2.619552030999999715e+03 2.930486000000000047e-16
2.622560294000000340e+03 3.398773999999999877e-16
2.625568555999999717e+03 3.415675000000000031e-16
2.628576819000000341e+03 3.819344999999999548e-16
2.631585080999999718e+03 3.907055000000000139e-16
2.634593344000000343e+03 3.787909999999999560e-16
2.637601605999999720e+03 3.817991000000000256e-16
2.640609869000000344e+03 3.167858000000000327e-16
2.643618132000000060e+03 2.843316999999999675e-16
2.646626394000000346e+03 2.801682000000000035e-16
2.649634657000000061e+03 2.604017999999999728e-16
2.652642919000000347e+03 2.636556000000000317e-16
2.655651182000000063e+03 2.940740000000000331e-16
2.658659444000000349e+03 3.380058999999999927e-16
2.661667707000000064e+03 3.527353999999999789e-16
2.664675969000000350e+03 3.558888999999999522e-16
2.667684232000000065e+03 3.647980000000000460e-16
2.670692494999999781e+03 4.001405999999999214e-16
2.673700757000000067e+03 4.407483000000000231e-16
2.676709019999999782e+03 5.130787999999999665e-16
2.679717282000000068e+03 5.896048999999999618e-16
2.682725544999999784e+03 6.887352999999999840e-16
2.685733807000000070e+03 8.114752000000000992e-16
2.688742069999999785e+03 9.154038999999999336e-16
2.691750332000000071e+03 9.319400999999998965e-16
2.694758594999999787e+03 8.764299000000001408e-16
2.697766857999999957e+03 8.845271000000000271e-16
2.700775119999999788e+03 8.783522999999998464e-16
2.703783382999999958e+03 8.668500999999999570e-16
2.706791644999999789e+03 8.632946000000000317e-16
2.709799907999999959e+03 9.137300999999999417e-16
2.712808169999999791e+03 1.012128000000000104e-15
2.715816432999999961e+03 1.050916999999999875e-15
2.718824696000000131e+03 1.052155000000000035e-15
2.721832957999999962e+03 1.050732999999999871e-15
2.724841221000000132e+03 1.058236000000000143e-15
2.727849482999999964e+03 1.075532999999999998e-15
2.730857746000000134e+03 1.045914999999999957e-15
2.733866007999999965e+03 1.010543999999999919e-15
2.736874271000000135e+03 1.020469999999999994e-15
2.739882532999999967e+03 1.032886000000000037e-15
2.742890796000000137e+03 1.028893000000000092e-15
2.745899058999999852e+03 1.018638999999999906e-15
2.748907321000000138e+03 1.038044999999999890e-15
2.751915583999999853e+03 1.028024999999999976e-15
2.754923846000000140e+03 9.914366000000000143e-16
2.757932108999999855e+03 9.628136999999998860e-16
2.760940371000000141e+03 9.836258999999999208e-16
2.763948633999999856e+03 9.917811000000001129e-16
2.766956896000000143e+03 9.518416999999999909e-16
2.769965158999999858e+03 9.394722999999998416e-16
2.772973422000000028e+03 9.527219000000000797e-16
2.775981683999999859e+03 9.949441999999999848e-16
2.778989947000000029e+03 1.012328999999999809e-15
2.781998208999999861e+03 9.914655999999999207e-16
2.785006472000000031e+03 9.811390999999999688e-16
2.788014733999999862e+03 1.007360000000000063e-15
2.791022997000000032e+03 1.030033999999999966e-15
2.794031258999999864e+03 1.029989999999999999e-15
2.797039522000000034e+03 9.969872999999999489e-16
2.800047785000000204e+03 9.848350999999999405e-16
2.803056047000000035e+03 1.017451000000000014e-15
2.806064310000000205e+03 1.054793000000000177e-15
2.809072572000000036e+03 1.090489000000000077e-15
2.812080835000000206e+03 1.077977999999999981e-15
2.815089097000000038e+03 1.046539000000000024e-15
2.818097360000000208e+03 1.036848000000000041e-15
2.821105622000000039e+03 1.006259999999999907e-15
2.824113885000000209e+03 9.118441000000000921e-16
2.827122147999999925e+03 7.508380000000000534e-16
2.830130410000000211e+03 6.544539000000000024e-16
2.833138672999999926e+03 6.614736000000000206e-16
2.836146935000000212e+03 7.010535000000000823e-16
2.839155197999999928e+03 7.082117999999999959e-16
2.842163460000000214e+03 7.624960000000000941e-16
2.845171722999999929e+03 8.935036999999999490e-16
2.848179985000000215e+03 1.001059999999999941e-15
2.851188247999999930e+03 1.076701000000000138e-15
2.854196511000000100e+03 1.095163999999999902e-15
2.857204772999999932e+03 1.155398000000000162e-15
2.860213036000000102e+03 1.251087999999999948e-15
2.863221297999999933e+03 1.328765000000000007e-15
2.866229561000000103e+03 1.395977999999999824e-15
2.869237822999999935e+03 1.470814000000000001e-15
2.872246086000000105e+03 1.566898999999999865e-15
2.875254347999999936e+03 1.631763999999999983e-15
2.878262611000000106e+03 1.620918000000000083e-15
2.881270873999999822e+03 1.624063999999999878e-15
2.884279136000000108e+03 1.633842999999999795e-15
2.887287398999999823e+03 1.627211000000000085e-15
2.890295661000000109e+03 1.591287000000000213e-15
2.893303923999999824e+03 1.597902000000000223e-15
2.896312186000000111e+03 1.651303000000000083e-15
2.899320448999999826e+03 1.669091000000000284e-15
2.902328711000000112e+03 1.699095000000000249e-15
2.905336973999999827e+03 1.687292000000000084e-15
2.908345236999999997e+03 1.680157000000000216e-15
2.911353498999999829e+03 1.694572999999999699e-15
2.914361761999999999e+03 1.665458000000000014e-15
2.917370023999999830e+03 1.670247999999999841e-15
2.920378287000000000e+03 1.675018000000000114e-15
2.923386548999999832e+03 1.682366999999999910e-15
2.926394812000000002e+03 1.708620000000000142e-15
2.929403075000000172e+03 1.680738999999999759e-15
2.932411337000000003e+03 1.678614999999999963e-15
2.935419600000000173e+03 1.694255999999999974e-15
2.938427862000000005e+03 1.647936999999999862e-15
2.941436125000000175e+03 1.597102000000000092e-15
2.944444387000000006e+03 1.562847000000000090e-15
2.947452650000000176e+03 1.522930000000000077e-15
2.950460912000000008e+03 1.472171000000000035e-15
2.953469175000000178e+03 1.411695999999999974e-15
2.956477437999999893e+03 1.384916000000000158e-15
2.959485700000000179e+03 1.429988999999999973e-15
2.962493962999999894e+03 1.462474999999999965e-15
2.965502225000000180e+03 1.464428999999999997e-15
2.968510487999999896e+03 1.491382000000000023e-15
2.971518750000000182e+03 1.526943999999999988e-15
2.974527012999999897e+03 1.497401000000000052e-15
2.977535275000000183e+03 1.405240999999999951e-15
2.980543537999999899e+03 1.307256000000000194e-15
2.983551801000000069e+03 1.267668999999999931e-15
2.986560062999999900e+03 1.194668000000000108e-15
2.989568326000000070e+03 1.107358999999999896e-15
2.992576587999999902e+03 1.061228000000000054e-15
2.995584851000000072e+03 1.106597000000000023e-15
2.998593112999999903e+03 1.182406999999999967e-15
3.001601376000000073e+03 1.237816999999999816e-15
3.004609637999999904e+03 1.288181999999999995e-15
3.007617901000000074e+03 1.313303999999999932e-15
3.010626164000000244e+03 1.329344999999999910e-15
3.013634426000000076e+03 1.373237000000000151e-15
3.016642689000000246e+03 1.356552999999999977e-15
3.019650951000000077e+03 1.310702000000000013e-15
3.022659214000000247e+03 1.257791999999999909e-15
3.025667476000000079e+03 1.083533999999999948e-15
3.028675739000000249e+03 7.476011999999999413e-16
3.031684001000000080e+03 4.583896999999999946e-16
3.034692264000000250e+03 4.209749999999999528e-16
3.037700526999999965e+03 4.729106999999999992e-16
3.040708789000000252e+03 5.670042999999999590e-16
3.043717051999999967e+03 7.833491000000000621e-16
3.046725314000000253e+03 1.218808000000000142e-15
3.049733576999999968e+03 1.620582999999999852e-15
3.052741839000000255e+03 1.829426000000000157e-15
3.055750101999999970e+03 1.929009999999999765e-15
3.058758364000000256e+03 2.006117999999999913e-15
3.061766626999999971e+03 2.049987000000000153e-15
3.064774889999999687e+03 2.119467000000000249e-15
3.067783151999999973e+03 2.133362999999999873e-15
3.070791414999999688e+03 2.087049999999999864e-15
3.073799676999999974e+03 1.939348000000000210e-15
3.076807939999999689e+03 1.715710000000000026e-15
3.079816201999999976e+03 1.533341000000000001e-15
3.082824464999999691e+03 1.447581999999999981e-15
3.085832726999999977e+03 1.399757999999999858e-15
3.088840989999999692e+03 1.270441000000000206e-15
3.091849253000000317e+03 1.151771000000000192e-15
3.094857514999999694e+03 1.165716000000000067e-15
3.097865778000000319e+03 1.196950000000000054e-15
3.100874039999999695e+03 1.134421000000000019e-15
3.103882303000000320e+03 1.043285999999999969e-15
3.106890564999999697e+03 1.080508000000000044e-15
3.109898828000000321e+03 1.223163999999999813e-15
3.112907089999999698e+03 1.386871000000000009e-15
3.115915353000000323e+03 1.514797000000000029e-15
3.118923616000000038e+03 1.585874999999999959e-15
3.121931878000000324e+03 1.674278999999999847e-15
3.124940141000000040e+03 1.845583999999999975e-15
3.127948403000000326e+03 1.913357999999999960e-15
3.130956666000000041e+03 1.945840000000000080e-15
3.133964928000000327e+03 2.024423999999999939e-15
3.136973191000000043e+03 2.213005999999999972e-15
3.139981453000000329e+03 2.326742000000000052e-15
3.142989716000000044e+03 2.239919000000000100e-15
3.145997978999999759e+03 2.276930000000000102e-15
3.149006241000000045e+03 2.416112000000000161e-15
3.152014503999999761e+03 2.502227000000000181e-15
3.155022766000000047e+03 2.424214999999999891e-15
3.158031028999999762e+03 2.400772000000000192e-15
3.161039291000000048e+03 2.501115000000000016e-15
3.164047553999999764e+03 2.651463000000000147e-15
3.167055817000000388e+03 3.028704999999999977e-15
3.170064078999999765e+03 3.341765000000000374e-15
3.173072342000000390e+03 3.456701999999999977e-15
3.176080603999999767e+03 3.593775999999999727e-15
3.179088867000000391e+03 3.851294000000000375e-15
3.182097128999999768e+03 4.049439999999999789e-15
3.185105392000000393e+03 3.895582000000000514e-15
3.188113653999999769e+03 3.516448999999999960e-15
3.191121917000000394e+03 3.395197000000000174e-15
3.194130180000000109e+03 3.186044000000000461e-15
3.197138442000000396e+03 3.043280999999999447e-15
3.200146705000000111e+03 2.916945000000000306e-15
3.203154967000000397e+03 2.806725000000000263e-15
3.206163230000000112e+03 2.589892999999999819e-15
3.209171492000000399e+03 2.436918000000000129e-15
3.212179755000000114e+03 2.264963999999999702e-15
3.215188017000000400e+03 2.115132000000000150e-15
3.218196280000000115e+03 1.737334999999999860e-15
3.221204542999999830e+03 1.943590999999999913e-15
3.224212805000000117e+03 1.990532999999999878e-15
3.227221067999999832e+03 2.324309999999999700e-15
3.230229330000000118e+03 2.928437999999999880e-15
3.233237592999999833e+03 2.684819999999999715e-15
3.236245855000000120e+03 2.693919000000000378e-15
3.239254117999999835e+03 2.758445999999999622e-15
3.242262380000000121e+03 2.729681999999999851e-15
3.245270642999999836e+03 2.766853000000000233e-15
3.248278906000000006e+03 2.262359999999999946e-15
3.251287167999999838e+03 2.909189999999999848e-15
3.254295431000000008e+03 3.460877000000000090e-15
3.257303692999999839e+03 3.930109999999999485e-15
3.260311956000000009e+03 3.581355999999999419e-15
3.263320217999999841e+03 3.123602000000000146e-15
3.266328481000000011e+03 3.003570000000000013e-15
3.269336742999999842e+03 2.648992000000000111e-15
3.272345006000000012e+03 2.156777999999999880e-15
3.275353269000000182e+03 1.902690999999999978e-15
3.278361531000000014e+03 3.003346999999999930e-15
3.281369794000000184e+03 2.053972000000000158e-15
3.284378056000000015e+03 2.778318999999999935e-15
3.287386319000000185e+03 2.912422999999999560e-15
3.290394581000000017e+03 3.074212999999999769e-15
3.293402844000000186e+03 3.062499000000000541e-15
3.296411106000000018e+03 3.039012000000000087e-15
3.299419369000000188e+03 3.175880999999999669e-15
3.302427631999999903e+03 2.977329999999999808e-15
3.305435894000000189e+03 2.474012999999999601e-15
3.308444156999999905e+03 2.796737000000000306e-15
3.311452419000000191e+03 3.224594000000000269e-15
3.314460681999999906e+03 3.275672999999999694e-15
3.317468944000000192e+03 3.106355999999999786e-15
3.320477206999999908e+03 3.772292999999999863e-15
3.323485469000000194e+03 3.921741000000000315e-15
3.326493731999999909e+03 3.286782000000000167e-15
3.329501995000000079e+03 3.078990999999999785e-15
3.332510256999999910e+03 3.066645999999999778e-15
3.335518520000000080e+03 3.199650999999999659e-15
3.338526781999999912e+03 4.182184999999999543e-15
3.341535045000000082e+03 3.247301999999999770e-15
3.344543306999999913e+03 4.006423000000000376e-15
3.347551570000000083e+03 3.131642999999999994e-15
3.350559831999999915e+03 2.922769999999999962e-15
3.353568095000000085e+03 3.477830999999999773e-15
3.356576357999999800e+03 3.373272999999999544e-15
3.359584620000000086e+03 3.370602999999999838e-15
3.362592882999999802e+03 3.493249999999999719e-15
3.365601145000000088e+03 3.676594000000000120e-15
3.368609407999999803e+03 3.739149000000000206e-15
3.371617670000000089e+03 3.706166999999999782e-15
3.374625932999999804e+03 3.785227999999999747e-15
3.377634195000000091e+03 3.869755000000000104e-15
3.380642457999999806e+03 3.899642999999999852e-15
3.383650720999999976e+03 3.968992000000000261e-15
3.386658982999999807e+03 3.997394000000000126e-15
3.389667245999999977e+03 4.103156000000000128e-15
3.392675507999999809e+03 4.176460999999999847e-15
3.395683770999999979e+03 4.199477999999999723e-15
3.398692032999999810e+03 4.251512999999999789e-15
3.401700295999999980e+03 4.300970000000000151e-15
3.404708559000000150e+03 4.255843000000000394e-15
3.407716820999999982e+03 4.200873000000000213e-15
3.410725084000000152e+03 4.157889999999999411e-15
3.413733345999999983e+03 4.116004999999999718e-15
3.416741609000000153e+03 4.122727000000000382e-15
3.419749870999999985e+03 4.173001000000000378e-15
3.422758134000000155e+03 4.200747999999999841e-15
3.425766395999999986e+03 4.210553000000000007e-15
3.428774659000000156e+03 4.204234000000000150e-15
3.431782921999999871e+03 4.201070999999999274e-15
3.434791184000000158e+03 4.266305999999999633e-15
3.437799446999999873e+03 4.318619000000000134e-15
3.440807709000000159e+03 4.338240999999999884e-15
3.443815971999999874e+03 4.430306999999999751e-15
3.446824234000000160e+03 4.427270999999999676e-15
3.449832496999999876e+03 4.394839000000000414e-15
3.452840759000000162e+03 4.458785000000000133e-15
3.455849021999999877e+03 4.598250000000000122e-15
3.458857285000000047e+03 4.644536000000000259e-15
3.461865546999999879e+03 4.529232999999999892e-15
3.464873810000000049e+03 4.399375999999999249e-15
3.467882071999999880e+03 4.300663000000000203e-15
3.470890335000000050e+03 4.417919999999999813e-15
3.473898596999999882e+03 4.508551000000000082e-15
3.476906860000000052e+03 4.567165999999999556e-15
3.479915121999999883e+03 4.727852999999999952e-15
3.482923385000000053e+03 4.821013999999999890e-15
3.485931647999999768e+03 4.920062999999999973e-15
3.488939910000000054e+03 5.086874999999999655e-15
3.491948172999999770e+03 5.244234999999999515e-15
3.494956435000000056e+03 5.342538999999999623e-15
3.497964697999999771e+03 5.427288000000001032e-15
3.500972960000000057e+03 5.500039000000000308e-15
3.503981222999999773e+03 5.501732999999999819e-15
3.506989485000000059e+03 5.571469000000000761e-15
3.509997747999999774e+03 5.606186999999999445e-15
3.513006010999999944e+03 5.678319000000000515e-15
3.516014272999999775e+03 5.819104000000000297e-15
3.519022535999999945e+03 5.880414000000000499e-15
3.522030797999999777e+03 5.824688000000000745e-15
3.525039060999999947e+03 5.835339999999999877e-15
3.528047322999999778e+03 5.919374000000000643e-15
3.531055585999999948e+03 5.945494000000000365e-15
3.534063847999999780e+03 5.871079999999999941e-15
3.537072110999999950e+03 5.851638000000000127e-15
3.540080374000000120e+03 5.996681999999999887e-15
3.543088635999999951e+03 6.131738000000000873e-15
3.546096899000000121e+03 6.157846999999999420e-15
3.549105160999999953e+03 6.209649000000000414e-15
3.552113424000000123e+03 6.348330000000000350e-15
3.555121685999999954e+03 6.353618000000000447e-15
3.558129949000000124e+03 6.155052999999999951e-15
3.561138210999999956e+03 6.105284999999999573e-15
3.564146474000000126e+03 6.343084000000000580e-15
3.567154736999999841e+03 6.557632999999999483e-15
3.570162999000000127e+03 6.588463000000000026e-15
3.573171261999999842e+03 6.435520999999999916e-15
3.576179524000000129e+03 6.253550999999999841e-15
3.579187786999999844e+03 6.220499000000000186e-15
3.582196049000000130e+03 6.268178000000000384e-15
3.585204311999999845e+03 6.271185999999999189e-15
3.588212574000000131e+03 6.280768999999999882e-15
3.591220836999999847e+03 6.265561999999998844e-15
3.594229100000000017e+03 6.234901000000000218e-15
3.597237361999999848e+03 6.225543000000000037e-15
3.600245625000000018e+03 6.182645000000000499e-15
3.603253886999999850e+03 6.147618000000000649e-15
3.606262150000000020e+03 6.184565999999999372e-15
3.609270411999999851e+03 6.258491000000000272e-15
3.612278675000000021e+03 6.316315000000000164e-15
3.615286936999999853e+03 6.441440000000000003e-15
3.618295200000000023e+03 6.684857999999999889e-15
3.621303463000000193e+03 6.875253999999999917e-15
3.624311725000000024e+03 7.077840000000000641e-15
3.627319988000000194e+03 7.324564999999999143e-15
3.630328250000000025e+03 7.578083000000000515e-15
3.633336513000000195e+03 7.824871999999998538e-15
3.636344775000000027e+03 8.038774000000001121e-15
3.639353038000000197e+03 8.263253000000000563e-15
3.642361300999999912e+03 8.706114000000000641e-15
3.645369563000000198e+03 9.142275000000000038e-15
3.648377825999999914e+03 9.414624999999999819e-15
3.651386088000000200e+03 9.666840999999998946e-15
3.654394350999999915e+03 1.004237999999999970e-14
3.657402613000000201e+03 1.027400999999999909e-14
3.660410875999999917e+03 1.057192000000000081e-14
3.663419138000000203e+03 1.082265000000000084e-14
3.666427400999999918e+03 1.093419000000000028e-14
3.669435664000000088e+03 1.092697999999999992e-14
3.672443925999999919e+03 1.087686999999999879e-14
3.675452189000000089e+03 1.081225000000000052e-14
3.678460450999999921e+03 1.070026000000000005e-14
3.681468714000000091e+03 1.055636999999999999e-14
3.684476975999999922e+03 1.017798999999999955e-14
3.687485239000000092e+03 9.891393999999999264e-15
3.690493500999999924e+03 9.726963999999999075e-15
3.693501764000000094e+03 9.466300999999999833e-15
3.696510027000000264e+03 9.181805000000000111e-15
3.699518289000000095e+03 8.993320999999999788e-15
3.702526552000000265e+03 8.837661999999998179e-15
3.705534814000000097e+03 8.767359000000000712e-15
3.708543077000000267e+03 8.695809000000000565e-15
3.711551339000000098e+03 8.551104000000000514e-15
3.714559602000000268e+03 8.369000000000000110e-15
3.717567864000000100e+03 8.190245999999999256e-15
3.720576127000000270e+03 8.109121999999999952e-15
3.723584389999999985e+03 8.053326000000000179e-15
3.726592652000000271e+03 7.978730999999999210e-15
3.729600914999999986e+03 7.786654000000000487e-15
3.732609177000000273e+03 7.467756000000000408e-15
3.735617439999999988e+03 7.201897999999999314e-15
3.738625702000000274e+03 7.060151000000000760e-15
3.741633964999999989e+03 6.848676999999999643e-15
3.744642227000000275e+03 6.653896000000000235e-15
3.747650489999999991e+03 6.458343000000000980e-15
3.750658753000000161e+03 6.246686999999999499e-15
3.753667014999999992e+03 6.096234999999999948e-15
3.756675278000000162e+03 5.974393000000000679e-15
3.759683539999999994e+03 5.799323000000000775e-15
3.762691803000000164e+03 5.622610000000000067e-15
3.765700064999999995e+03 5.481782000000000138e-15
3.768708328000000165e+03 5.353450000000000245e-15
3.771716589999999997e+03 5.278940999999999570e-15
3.774724853000000167e+03 5.292450000000000240e-15
3.777733115999999427e+03 5.253645999999999620e-15
3.780741378000000168e+03 5.216500000000000258e-15
3.783749640999999428e+03 5.193182999999999962e-15
3.786757903000000169e+03 5.205545999999999489e-15
3.789766165999999430e+03 5.239705999999999239e-15
3.792774428000000171e+03 5.302043000000000710e-15
3.795782690999999431e+03 5.440371999999999333e-15
3.798790953000000172e+03 5.543864000000000187e-15
3.801799215999999433e+03 5.780324000000000089e-15
3.804807479000000058e+03 6.004365000000000292e-15
3.807815740999999434e+03 6.161578000000000584e-15
3.810824004000000059e+03 6.393313000000000789e-15
3.813832265999999436e+03 6.691370999999999528e-15
3.816840529000000060e+03 6.911415999999999734e-15
3.819848790999999437e+03 7.134366999999998177e-15
3.822857054000000062e+03 7.468843000000000341e-15
3.825865315999999439e+03 7.832836999999998659e-15
3.828873579000000063e+03 8.123729999999999972e-15
3.831881842000000233e+03 8.400324000000000853e-15
3.834890104000000065e+03 8.772209999999999812e-15
3.837898367000000235e+03 9.197418000000000627e-15
3.840906629000000066e+03 9.562273000000000123e-15
3.843914892000000236e+03 9.835110000000000577e-15
3.846923154000000068e+03 1.012638000000000028e-14
3.849931417000000238e+03 1.045902000000000010e-14
3.852939679000000069e+03 1.076145000000000056e-14
3.855947942000000239e+03 1.110311999999999966e-14
3.858956204999999500e+03 1.130765999999999963e-14
3.861964467000000241e+03 1.152631999999999912e-14
3.864972729999999501e+03 1.183828000000000035e-14
3.867980992000000242e+03 1.220676000000000037e-14
3.870989254999999503e+03 1.253435000000000063e-14
3.873997517000000244e+03 1.270368000000000057e-14
3.877005779999999504e+03 1.291257999999999968e-14
3.880014043000000129e+03 1.318849999999999885e-14
3.883022304999999506e+03 1.341911000000000044e-14
3.886030568000000130e+03 1.361385999999999912e-14
3.889038829999999507e+03 1.382444999999999846e-14
3.892047093000000132e+03 1.396134999999999798e-14
3.895055354999999508e+03 1.397303999999999956e-14
3.898063618000000133e+03 1.410146999999999995e-14
3.901071879999999510e+03 1.443123000000000080e-14
3.904080143000000135e+03 1.473955999999999924e-14
3.907088406000000305e+03 1.485943000000000093e-14
3.910096668000000136e+03 1.492140000000000143e-14
3.913104931000000306e+03 1.512041999999999968e-14
3.916113193000000138e+03 1.541259999999999963e-14
3.919121456000000308e+03 1.567399000000000209e-14
3.922129718000000139e+03 1.588478999999999991e-14
3.925137981000000309e+03 1.610746000000000004e-14
3.928146243000000140e+03 1.639005000000000055e-14
3.931154506000000310e+03 1.656424000000000112e-14
3.934162768999999571e+03 1.680585000000000230e-14
3.937171031000000312e+03 1.700758999999999993e-14
3.940179293999999572e+03 1.700958999999999957e-14
3.943187556000000313e+03 1.692313000000000013e-14
3.946195818999999574e+03 1.698096999999999951e-14
3.949204081000000315e+03 1.714641000000000087e-14
3.952212343999999575e+03 1.714655999999999911e-14
3.955220606000000316e+03 1.702710999999999754e-14
3.958228868999999577e+03 1.685134999999999880e-14
3.961237132000000202e+03 1.657120000000000074e-14
3.964245393999999578e+03 1.624730999999999855e-14
3.967253657000000203e+03 1.600365000000000042e-14
3.970261918999999580e+03 1.576492000000000138e-14
3.973270182000000204e+03 1.537733000000000093e-14
3.976278443999999581e+03 1.511424999999999982e-14
3.979286707000000206e+03 1.476750000000000182e-14
3.982294968999999583e+03 1.445641999999999993e-14
3.985303232000000207e+03 1.420543000000000096e-14
3.988311495000000377e+03 1.385222999999999987e-14
3.991319757000000209e+03 1.365416999999999917e-14
3.994328020000000379e+03 1.346296000000000055e-14
3.997336282000000210e+03 1.321649999999999851e-14
4.000344545000000380e+03 1.289282000000000111e-14
4.003352807000000212e+03 1.258331000000000054e-14
4.006361070000000382e+03 1.239948000000000008e-14
4.009369332000000213e+03 1.229506999999999963e-14
4.012377595000000383e+03 1.215485999999999967e-14
4.015385857999999644e+03 1.198332000000000004e-14
4.018394120000000385e+03 1.189912999999999896e-14
4.021402382999999645e+03 1.194256000000000054e-14
4.024410645000000386e+03 1.192847000000000034e-14
4.027418907999999647e+03 1.181346999999999906e-14
4.030427170000000388e+03 1.188097999999999925e-14
4.033435432999999648e+03 1.191752999999999942e-14
4.036443695000000389e+03 1.192362999999999926e-14
4.039451957999999649e+03 1.202411000000000045e-14
4.042460221000000274e+03 1.214434000000000043e-14
4.045468482999999651e+03 1.218314000000000099e-14
4.048476746000000276e+03 1.221648999999999984e-14
4.051485007999999652e+03 1.222094999999999992e-14
4.054493271000000277e+03 1.216710999999999982e-14
4.057501532999999654e+03 1.212671000000000019e-14
4.060509796000000279e+03 1.203102999999999939e-14
4.063518057999999655e+03 1.184428999999999904e-14
4.066526321000000280e+03 1.165281999999999989e-14
4.069534584000000450e+03 1.145791000000000005e-14
4.072542846000000281e+03 1.131444000000000010e-14
4.075551109000000451e+03 1.122866000000000130e-14
4.078559371000000283e+03 1.114511000000000017e-14
4.081567634000000453e+03 1.107200000000000005e-14
4.084575896000000284e+03 1.104193999999999893e-14
4.087584159000000454e+03 1.103898000000000016e-14
4.090592421000000286e+03 1.107053999999999943e-14
4.093600684000000456e+03 1.102268000000000027e-14
4.096608946999999716e+03 1.090728999999999979e-14
4.099617209000000003e+03 1.083819000000000030e-14
4.102625471999999718e+03 1.086260000000000103e-14
4.105633734000000004e+03 1.088345000000000057e-14
4.108641996999999719e+03 1.078944000000000045e-14
4.111650259000000005e+03 1.065246000000000113e-14
4.114658521999999721e+03 1.051511000000000058e-14
4.117666785000000345e+03 1.038315999999999969e-14
4.120675046999999722e+03 1.025170000000000051e-14
4.123683310000000347e+03 1.018350999999999969e-14
4.126691571999999724e+03 1.019762000000000102e-14
4.129699835000000348e+03 1.009729999999999942e-14
4.132708096999999725e+03 1.009478000000000032e-14
4.135716360000000350e+03 1.016295999999999978e-14
4.138724621999999727e+03 1.018612999999999972e-14
4.141732885000000351e+03 1.024343000000000008e-14
4.144741148000000067e+03 1.039832999999999950e-14
4.147749410000000353e+03 1.048478999999999894e-14
4.150757673000000068e+03 1.060126000000000061e-14
4.153765935000000354e+03 1.075453999999999982e-14
4.156774198000000069e+03 1.093341000000000030e-14
4.159782460000000356e+03 1.114464999999999937e-14
4.162790723000000071e+03 1.132252999999999981e-14
4.165798985000000357e+03 1.139886999999999899e-14
4.168807248000000072e+03 1.150252000000000059e-14
4.171815510999999788e+03 1.161804999999999953e-14
4.174823773000000074e+03 1.164746999999999913e-14
4.177832035999999789e+03 1.163102999999999920e-14
4.180840298000000075e+03 1.164218999999999996e-14
4.183848560999999791e+03 1.164465000000000039e-14
4.186856823000000077e+03 1.160881000000000019e-14
4.189865085999999792e+03 1.159184000000000102e-14
4.192873348000000078e+03 1.155760999999999967e-14
4.195881610999999793e+03 1.151908999999999920e-14
4.198889874000000418e+03 1.149741000000000079e-14
4.201898135999999795e+03 1.149370000000000136e-14
4.204906399000000420e+03 1.150859999999999930e-14
4.207914660999999796e+03 1.147970000000000074e-14
4.210922924000000421e+03 1.141679000000000067e-14
4.213931185999999798e+03 1.141575000000000017e-14
4.216939449000000423e+03 1.145350000000000043e-14
4.219947710999999799e+03 1.149593000000000061e-14
4.222955974000000424e+03 1.154115999999999997e-14
4.225964237000000139e+03 1.147477999999999986e-14
4.228972499000000425e+03 1.135976000000000061e-14
4.231980762000000141e+03 1.140130999999999988e-14
4.234989024000000427e+03 1.136436000000000072e-14
4.237997287000000142e+03 1.127230999999999955e-14
4.241005549000000428e+03 1.133647999999999996e-14
4.244013812000000144e+03 1.134448999999999987e-14
4.247022074000000430e+03 1.129529000000000057e-14
4.250030337000000145e+03 1.131203000000000013e-14
4.253038599999999860e+03 1.140189999999999936e-14
4.256046862000000147e+03 1.150445000000000021e-14
4.259055124999999862e+03 1.158846999999999876e-14
4.262063387000000148e+03 1.165776999999999852e-14
4.265071649999999863e+03 1.171205000000000145e-14
4.268079912000000149e+03 1.173364000000000029e-14
4.271088174999999865e+03 1.175883000000000100e-14
4.274096437000000151e+03 1.194071000000000071e-14
4.277104699999999866e+03 1.213944000000000069e-14
4.280112963000000491e+03 1.224900000000000005e-14
4.283121224999999868e+03 1.249776999999999955e-14
4.286129488000000492e+03 1.261038000000000041e-14
4.289137749999999869e+03 1.260185000000000104e-14
4.292146013000000494e+03 1.268834999999999958e-14
4.295154274999999870e+03 1.276201999999999985e-14
4.298162538000000495e+03 1.273021999999999961e-14
4.301170799999999872e+03 1.269349000000000030e-14
4.304179063000000497e+03 1.252220999999999961e-14
4.307187326000000212e+03 1.243782000000000141e-14
4.310195588000000498e+03 1.245858000000000138e-14
4.313203851000000213e+03 1.238275000000000030e-14
4.316212113000000500e+03 1.219036999999999933e-14
4.319220376000000215e+03 1.199067000000000044e-14
4.322228638000000501e+03 1.175580999999999883e-14
4.325236901000000216e+03 1.154839999999999967e-14
4.328245163000000503e+03 1.133868999999999966e-14
4.331253426000000218e+03 1.103884000000000012e-14
4.334261688999999933e+03 1.076094999999999907e-14
4.337269951000000219e+03 1.058191999999999900e-14
4.340278213999999934e+03 1.035181000000000047e-14
4.343286476000000221e+03 1.004274999999999935e-14
4.346294738999999936e+03 9.820575000000000036e-15
4.349303001000000222e+03 9.592734000000000048e-15
4.352311263999999937e+03 9.429047000000000194e-15
4.355319527000000562e+03 9.339606999999999278e-15
4.358327788999999939e+03 9.186718000000000670e-15
4.361336052000000564e+03 9.003354999999999745e-15
4.364344313999999940e+03 8.860211999999999304e-15
4.367352577000000565e+03 8.615784999999998853e-15
4.370360838999999942e+03 8.467621999999999762e-15
4.373369102000000566e+03 8.372616999999998922e-15
4.376377363999999943e+03 8.165168000000000469e-15
4.379385627000000568e+03 7.982174000000000951e-15
4.382393890000000283e+03 7.909686999999999109e-15
4.385402152000000569e+03 7.816547000000000123e-15
4.388410415000000285e+03 7.609636999999999292e-15
4.391418677000000571e+03 7.471316000000000017e-15
4.394426940000000286e+03 7.471519000000001333e-15
4.397435202000000572e+03 7.480095000000000312e-15
4.400443465000000288e+03 7.463895999999999592e-15
4.403451727000000574e+03 7.391575000000000995e-15
4.406459990000000289e+03 7.403506999999998445e-15
4.409468253000000004e+03 7.481333000000001457e-15
4.412476515000000290e+03 7.526463000000001463e-15
4.415484778000000006e+03 7.522700000000000537e-15
4.418493040000000292e+03 7.525853999999999090e-15
4.421501303000000007e+03 7.578585000000000064e-15
4.424509565000000293e+03 7.691251000000000306e-15
4.427517828000000009e+03 7.755540999999999621e-15
4.430526090000000295e+03 7.763708000000001238e-15
4.433534353000000010e+03 7.806200999999999541e-15
4.436542615999999725e+03 7.881480999999998666e-15
4.439550878000000012e+03 7.916566000000000694e-15
4.442559140999999727e+03 8.011774999999999516e-15
4.445567403000000013e+03 8.088680999999999350e-15
4.448575665999999728e+03 8.143525000000000129e-15
4.451583928000000014e+03 8.169436999999998645e-15
4.454592190999999730e+03 8.199009000000000854e-15
4.457600453000000016e+03 8.333676999999999910e-15
4.460608715999999731e+03 8.528055000000000877e-15
4.463616979000000356e+03 8.689981999999998903e-15
4.466625240999999733e+03 8.823806000000000030e-15
4.469633504000000357e+03 8.996004999999999340e-15
4.472641765999999734e+03 9.201960000000000139e-15
4.475650029000000359e+03 9.437416000000000154e-15
4.478658290999999736e+03 9.719609999999999390e-15
4.481666554000000360e+03 9.825021999999999297e-15
4.484674815999999737e+03 9.967339999999999966e-15
4.487683079000000362e+03 1.018448000000000018e-14
4.490691342000000077e+03 1.041446000000000002e-14
4.493699604000000363e+03 1.068238999999999884e-14
4.496707867000000078e+03 1.101684999999999915e-14
4.499716129000000365e+03 1.136790000000000078e-14
4.502724392000000080e+03 1.165943999999999920e-14
4.505732653999999457e+03 1.200417999999999936e-14
4.508740917000000081e+03 1.240348000000000093e-14
4.511749178999999458e+03 1.288309000000000164e-14
4.514757442000000083e+03 1.349508999999999975e-14
4.517765704999999798e+03 1.409103000000000052e-14
4.520773967000000084e+03 1.464230000000000050e-14
4.523782229999999799e+03 1.529567000000000189e-14
4.526790492000000086e+03 1.591475000000000168e-14
4.529798754999999801e+03 1.643352999999999786e-14
4.532807017000000087e+03 1.698702999999999709e-14
4.535815279999999802e+03 1.761091999999999863e-14
4.538823542000000089e+03 1.819834999999999801e-14
4.541831804999999804e+03 1.876442999999999793e-14
4.544840067999999519e+03 1.933593000000000021e-14
4.547848329999999805e+03 1.992896000000000109e-14
4.550856592999999521e+03 2.045410999999999899e-14
4.553864854999999807e+03 2.084818000000000028e-14
4.556873117999999522e+03 2.128540000000000150e-14
4.559881379999999808e+03 2.185367999999999976e-14
4.562889642999999523e+03 2.219517999999999949e-14
4.565897904999999810e+03 2.253163999999999786e-14
4.568906167999999525e+03 2.303145999999999974e-14
4.571914431000000150e+03 2.348554000000000100e-14
4.574922692999999526e+03 2.377127999999999921e-14
4.577930956000000151e+03 2.395554999999999934e-14
4.580939217999999528e+03 2.423135000000000118e-14
4.583947481000000153e+03 2.440890000000000265e-14
4.586955742999999529e+03 2.452763999999999953e-14
4.589964006000000154e+03 2.484647999999999901e-14
4.592972268999999869e+03 2.528611999999999997e-14
4.595980531000000155e+03 2.550244999999999929e-14
4.598988793999999871e+03 2.567717999999999730e-14
4.601997056000000157e+03 2.578650000000000200e-14
4.605005318999999872e+03 2.583500999999999931e-14
4.608013581000000158e+03 2.590188000000000113e-14
4.611021843999999874e+03 2.595446999999999909e-14
4.614030106000000160e+03 2.585195000000000073e-14
4.617038368999999875e+03 2.560550000000000005e-14
4.620046631999999590e+03 2.535746000000000164e-14
4.623054893999999877e+03 2.498778999999999972e-14
4.626063156999999592e+03 2.437610000000000101e-14
4.629071418999999878e+03 2.370040000000000307e-14
4.632079681999999593e+03 2.311062000000000081e-14
4.635087943999999879e+03 2.239322000000000063e-14
4.638096206999999595e+03 2.158463999999999884e-14
4.641104468999999881e+03 2.068811000000000082e-14
4.644112731999999596e+03 2.014424000000000013e-14
4.647120995000000221e+03 1.982235000000000073e-14
4.650129256999999598e+03 1.903448999999999822e-14
4.653137520000000222e+03 1.785184999999999918e-14
4.656145781999999599e+03 1.712463999999999816e-14
4.659154045000000224e+03 1.644363000000000013e-14
4.662162306999999601e+03 1.580005000000000004e-14
4.665170570000000225e+03 1.531764000000000015e-14
4.668178831999999602e+03 1.489651000000000192e-14
4.671187095000000227e+03 1.444592000000000026e-14
4.674195357999999942e+03 1.401843000000000009e-14
4.677203620000000228e+03 1.361066999999999916e-14
4.680211882999999943e+03 1.324236000000000008e-14
4.683220145000000230e+03 1.293537000000000019e-14
4.686228407999999945e+03 1.262991999999999915e-14
4.689236670000000231e+03 1.232001000000000118e-14
4.692244932999999946e+03 1.209820000000000083e-14
4.695253195000000233e+03 1.188866999999999997e-14
4.698261457999999948e+03 1.164854000000000054e-14
4.701269720999999663e+03 1.140908000000000039e-14
4.704277982999999949e+03 1.124111999999999993e-14
4.707286245999999664e+03 1.114261999999999882e-14
4.710294507999999951e+03 1.105905999999999949e-14
4.713302770999999666e+03 1.098324000000000135e-14
4.716311032999999952e+03 1.083861000000000042e-14
4.719319295999999667e+03 1.062831999999999912e-14
4.722327557999999954e+03 1.047711000000000115e-14
4.725335820999999669e+03 1.043266000000000020e-14
4.728344084000000294e+03 1.038906000000000083e-14
4.731352345999999670e+03 1.025916999999999982e-14
4.734360609000000295e+03 1.012848999999999904e-14
4.737368870999999672e+03 1.010945000000000022e-14
4.740377134000000297e+03 1.016488999999999940e-14
4.743385395999999673e+03 1.021899000000000002e-14
4.746393659000000298e+03 1.023670000000000007e-14
4.749401920999999675e+03 1.024817000000000023e-14
4.752410184000000299e+03 1.035623999999999964e-14
4.755418447000000015e+03 1.060113000000000035e-14
4.758426709000000301e+03 1.084373999999999977e-14
4.761434972000000016e+03 1.110806000000000009e-14
4.764443234000000302e+03 1.141174000000000111e-14
4.767451497000000018e+03 1.168327000000000022e-14
4.770459759000000304e+03 1.196805999999999908e-14
4.773468022000000019e+03 1.236513999999999960e-14
4.776476284000000305e+03 1.266077000000000003e-14
4.779484547000000020e+03 1.283741999999999946e-14
4.782492809999999736e+03 1.304558000000000086e-14
4.785501072000000022e+03 1.331135999999999864e-14
4.788509334999999737e+03 1.353334999999999813e-14
4.791517597000000023e+03 1.371888999999999838e-14
4.794525859999999739e+03 1.390949999999999932e-14
4.797534122000000025e+03 1.405886999999999883e-14
4.800542384999999740e+03 1.415015999999999957e-14
4.803550647000000026e+03 1.420947999999999912e-14
4.806558909999999742e+03 1.420749999999999904e-14
4.809567172999999457e+03 1.405447000000000057e-14
4.812575434999999743e+03 1.377427000000000205e-14
4.815583697999999458e+03 1.357547000000000206e-14
4.818591959999999744e+03 1.342846999999999868e-14
4.821600222999999460e+03 1.323600000000000130e-14
4.824608484999999746e+03 1.302491000000000046e-14
4.827616747999999461e+03 1.287641999999999871e-14
4.830625011000000086e+03 1.281459000000000142e-14
4.833633272999999463e+03 1.285035000000000024e-14
4.836641536000000087e+03 1.287653999999999920e-14
4.839649797999999464e+03 1.285240000000000035e-14
4.842658061000000089e+03 1.293291000000000133e-14
4.845666322999999466e+03 1.315603000000000090e-14
4.848674586000000090e+03 1.328481999999999959e-14
4.851682847999999467e+03 1.335521000000000033e-14
4.854691111000000092e+03 1.358077000000000078e-14
4.857699373999999807e+03 1.391461999999999890e-14
4.860707636000000093e+03 1.427262000000000038e-14
4.863715898999999808e+03 1.458585999999999834e-14
4.866724161000000095e+03 1.478694999999999941e-14
4.869732423999999810e+03 1.496746000000000123e-14
4.872740686000000096e+03 1.517502000000000179e-14
4.875748948999999811e+03 1.535164000000000031e-14
4.878757211000000098e+03 1.560174000000000017e-14
4.881765473999999813e+03 1.589132999999999942e-14
4.884773736999999528e+03 1.608598000000000190e-14
4.887781998999999814e+03 1.631628000000000093e-14
4.890790261999999530e+03 1.669463000000000204e-14
4.893798523999999816e+03 1.703398999999999894e-14
4.896806786999999531e+03 1.732167999999999948e-14
4.899815048999999817e+03 1.763199999999999936e-14
4.902823311999999532e+03 1.797906999999999970e-14
4.905831573999999819e+03 1.834599000000000133e-14
4.908839836999999534e+03 1.867783000000000161e-14
4.911848100000000159e+03 1.883040000000000085e-14
4.914856361999999535e+03 1.895096999999999957e-14
4.917864625000000160e+03 1.914628999999999818e-14
4.920872886999999537e+03 1.937601999999999886e-14
4.923881150000000162e+03 1.950684000000000125e-14
4.926889411999999538e+03 1.943313000000000029e-14
4.929897675000000163e+03 1.930837999999999999e-14
4.932905936999999540e+03 1.924430999999999893e-14
4.935914200000000164e+03 1.912088999999999899e-14
4.938922462999999880e+03 1.894354999999999757e-14
4.941930725000000166e+03 1.875130000000000160e-14
4.944938987999999881e+03 1.846118999999999815e-14
4.947947250000000167e+03 1.812805999999999978e-14
4.950955512999999883e+03 1.777697000000000061e-14
4.953963775000000169e+03 1.726435999999999799e-14
4.956972037999999884e+03 1.664709999999999868e-14
4.959980300000000170e+03 1.609813999999999932e-14
4.962988562999999886e+03 1.566877999999999978e-14
4.965996825999999601e+03 1.527175999999999949e-14
4.969005087999999887e+03 1.478596999999999915e-14
4.972013350999999602e+03 1.431510000000000102e-14
4.975021612999999888e+03 1.394398999999999961e-14
4.978029875999999604e+03 1.362538999999999952e-14
4.981038137999999890e+03 1.334816999999999933e-14
4.984046400999999605e+03 1.315273000000000024e-14
4.987054662999999891e+03 1.293105999999999993e-14
4.990062925999999607e+03 1.268212000000000106e-14
4.993071189000000231e+03 1.250520999999999953e-14
4.996079450999999608e+03 1.241757000000000113e-14
4.999087714000000233e+03 1.229759000000000031e-14
5.002095975999999609e+03 1.211518999999999956e-14
5.005104239000000234e+03 1.201010999999999983e-14
5.008112500999999611e+03 1.190142000000000003e-14
5.011120764000000236e+03 1.176320999999999970e-14
5.014129025999999612e+03 1.159828999999999938e-14
5.017137289000000237e+03 1.144317999999999990e-14
5.020145551999999952e+03 1.126875999999999972e-14
5.023153814000000239e+03 1.101837999999999978e-14
5.026162076999999954e+03 1.082647000000000097e-14
5.029170339000000240e+03 1.077738999999999900e-14
5.032178601999999955e+03 1.068142999999999970e-14
5.035186864000000242e+03 1.049345000000000015e-14
5.038195126999999957e+03 1.035318999999999972e-14
5.041203389000000243e+03 1.032228000000000017e-14
5.044211651999999958e+03 1.030642999999999972e-14
5.047219914999999673e+03 1.024397000000000068e-14
5.050228176999999960e+03 1.018172999999999989e-14
5.053236439999999675e+03 1.009401999999999989e-14
5.056244701999999961e+03 9.981021999999999466e-15
5.059252964999999676e+03 9.879976999999999024e-15
5.062261226999999963e+03 9.795022999999999813e-15
5.065269489999999678e+03 9.752564000000000122e-15
5.068277753000000303e+03 9.778196999999999961e-15
5.071286014999999679e+03 9.786648000000000934e-15
5.074294278000000304e+03 9.781319000000001119e-15
5.077302539999999681e+03 9.749712999999999083e-15
5.080310803000000305e+03 9.655925999999999833e-15
5.083319064999999682e+03 9.605204000000000031e-15
5.086327328000000307e+03 9.629931999999998725e-15
5.089335589999999684e+03 9.561590999999999849e-15
5.092343853000000308e+03 9.467732999999999183e-15
5.095352116000000024e+03 9.435705000000000548e-15
5.098360378000000310e+03 9.387597000000000280e-15
5.101368641000000025e+03 9.283504000000001135e-15
5.104376903000000311e+03 9.263706999999999760e-15
5.107385166000000027e+03 9.341680999999999792e-15
5.110393428000000313e+03 9.425133000000001212e-15
5.113401691000000028e+03 9.460226000000000222e-15
5.116409953000000314e+03 9.470096999999999550e-15
5.119418216000000029e+03 9.469105999999999688e-15
5.122426478999999745e+03 9.448579000000000371e-15
5.125434741000000031e+03 9.504118000000000660e-15
5.128443003999999746e+03 9.592777000000000195e-15
5.131451266000000032e+03 9.669518000000001336e-15
5.134459528999999748e+03 9.799105000000000103e-15
5.137467791000000034e+03 9.983911999999999795e-15
5.140476053999999749e+03 1.014756000000000036e-14
5.143484316000000035e+03 1.037806999999999944e-14
5.146492578999999751e+03 1.055642000000000046e-14
5.149500842000000375e+03 1.074732000000000125e-14
5.152509103999999752e+03 1.097610999999999920e-14
5.155517367000000377e+03 1.116429999999999881e-14
5.158525628999999753e+03 1.129177999999999985e-14
5.161533892000000378e+03 1.143864999999999981e-14
5.164542153999999755e+03 1.164360999999999989e-14
5.167550417000000380e+03 1.184450999999999887e-14
5.170558678999999756e+03 1.213727999999999988e-14
5.173566942000000381e+03 1.246713000000000030e-14
5.176575205000000096e+03 1.274005000000000001e-14
5.179583467000000383e+03 1.302460000000000105e-14
5.182591730000000098e+03 1.323522000000000131e-14
5.185599992000000384e+03 1.348138999999999876e-14
5.188608255000000099e+03 1.379165999999999818e-14
5.191616517000000385e+03 1.414412000000000154e-14
5.194624780000000101e+03 1.447845000000000002e-14
5.197633042000000387e+03 1.479918000000000000e-14
5.200641305000000102e+03 1.521549999999999964e-14
5.203649567999999817e+03 1.557499000000000107e-14
5.206657830000000104e+03 1.584584000000000112e-14
5.209666092999999819e+03 1.613831999999999754e-14
5.212674355000000105e+03 1.653119000000000032e-14
5.215682617999999820e+03 1.694141000000000011e-14
5.218690880000000107e+03 1.724538000000000098e-14
5.221699142999999822e+03 1.750726999999999862e-14
5.224707405000000108e+03 1.776850999999999968e-14
5.227715667999999823e+03 1.812981000000000025e-14
5.230723931000000448e+03 1.844971999999999956e-14
5.233732192999999825e+03 1.865945000000000071e-14
5.236740456000000449e+03 1.893375999999999944e-14
5.239748717999999826e+03 1.925653999999999953e-14
5.242756981000000451e+03 1.944464999999999934e-14
5.245765242999999828e+03 1.971083000000000084e-14
5.248773506000000452e+03 2.000096000000000069e-14
5.251781767999999829e+03 2.016597999999999878e-14
5.254790031000000454e+03 2.035988999999999881e-14
5.257798294000000169e+03 2.074668000000000129e-14
5.260806556000000455e+03 2.099648999999999973e-14
5.263814819000000170e+03 2.100242999999999998e-14
5.266823081000000457e+03 2.113133999999999915e-14
5.269831344000000172e+03 2.135135999999999991e-14
5.272839606000000458e+03 2.145720000000000007e-14
5.275847869000000173e+03 2.151562999999999735e-14
5.278856131000000460e+03 2.156191000000000172e-14
5.281864394000000175e+03 2.160627999999999972e-14
5.284872656999999890e+03 2.157195000000000218e-14
5.287880919000000176e+03 2.158645999999999933e-14
5.290889181999999892e+03 2.168409000000000088e-14
5.293897444000000178e+03 2.169581999999999999e-14
5.296905706999999893e+03 2.156853999999999765e-14
5.299913969000000179e+03 2.146649999999999807e-14
5.302922231999999894e+03 2.145432000000000109e-14
5.305930495000000519e+03 2.141324999999999903e-14
5.308938756999999896e+03 2.128986999999999820e-14
5.311947020000000521e+03 2.116020000000000017e-14
5.314955281999999897e+03 2.103126000000000009e-14
5.317963545000000522e+03 2.085247999999999919e-14
5.320971806999999899e+03 2.087320999999999982e-14
5.323980070000000524e+03 2.070800000000000123e-14
5.326988331999999900e+03 2.064445000000000121e-14
5.329996595000000525e+03 2.067612000000000119e-14
5.333004858000000240e+03 2.056788000000000083e-14
5.336013120000000526e+03 2.061829999999999821e-14
5.339021383000000242e+03 2.052357999999999970e-14
5.342029645000000528e+03 2.043405999999999899e-14
5.345037908000000243e+03 2.045490000000000191e-14
5.348046170000000529e+03 2.047304000000000184e-14
5.351054433000000245e+03 2.045995000000000146e-14
5.354062695000000531e+03 2.054001000000000143e-14
5.357070958000000246e+03 2.069384000000000101e-14
5.360079220999999961e+03 2.085673999999999898e-14
5.363087483000000248e+03 2.119272999999999993e-14
5.366095745999999963e+03 2.143822999999999811e-14
5.369104008000000249e+03 2.153600000000000285e-14
5.372112270999999964e+03 2.170533000000000120e-14
5.375120533000000250e+03 2.185774999999999905e-14
5.378128795999999966e+03 2.200663000000000000e-14
5.381137058000000252e+03 2.239008999999999934e-14
5.384145320999999967e+03 2.269329999999999820e-14
5.387153584000000592e+03 2.299293000000000106e-14
5.390161845999999969e+03 2.340852999999999780e-14
5.393170109000000593e+03 2.360316999999999893e-14
5.396178370999999970e+03 2.361236000000000095e-14
5.399186634000000595e+03 2.379458999999999918e-14
5.402194895999999972e+03 2.405055000000000108e-14
5.405203159000000596e+03 2.426244000000000145e-14
5.408211420999999973e+03 2.444401999999999996e-14
5.411219684000000598e+03 2.458508999999999970e-14
5.414227947000000313e+03 2.467431000000000079e-14
5.417236209000000599e+03 2.482800000000000033e-14
5.420244472000000314e+03 2.498256000000000101e-14
5.423252734000000601e+03 2.505492000000000205e-14
5.426260997000000316e+03 2.497357000000000084e-14
5.429269259000000602e+03 2.490692000000000044e-14
5.432277522000000317e+03 2.501031999999999813e-14
5.435285784000000604e+03 2.496287000000000246e-14
5.438294047000000319e+03 2.487318999999999900e-14
5.441302310000000034e+03 2.481634999999999944e-14
5.444310572000000320e+03 2.480952999999999986e-14
5.447318835000000036e+03 2.476977999999999995e-14
5.450327097000000322e+03 2.465649999999999823e-14
5.453335360000000037e+03 2.459322999999999829e-14
5.456343622000000323e+03 2.456570000000000078e-14
5.459351885000000038e+03 2.445709999999999898e-14
5.462360147000000325e+03 2.418782999999999845e-14
5.465368410000000040e+03 2.391938000000000175e-14
5.468376672999999755e+03 2.377129000000000056e-14
5.471384935000000041e+03 2.369423999999999825e-14
5.474393197999999757e+03 2.372405999999999999e-14
5.477401460000000043e+03 2.362047999999999999e-14
5.480409722999999758e+03 2.336561000000000064e-14
5.483417985000000044e+03 2.318333000000000195e-14
5.486426247999999759e+03 2.304892000000000220e-14
5.489434510000000046e+03 2.287606000000000199e-14
5.492442772999999761e+03 2.286934000000000017e-14
5.495451036000000386e+03 2.287908999999999920e-14
5.498459297999999762e+03 2.274120999999999941e-14
5.501467561000000387e+03 2.255246999999999942e-14
5.504475822999999764e+03 2.242056000000000080e-14
5.507484086000000389e+03 2.233657000000000158e-14
5.510492347999999765e+03 2.224030999999999949e-14
5.513500611000000390e+03 2.206793000000000122e-14
5.516508872999999767e+03 2.188741999999999940e-14
5.519517136000000392e+03 2.178140999999999829e-14
5.522525399000000107e+03 2.171672000000000157e-14
5.525533661000000393e+03 2.161397000000000044e-14
5.528541924000000108e+03 2.142637000000000031e-14
5.531550186000000394e+03 2.117733000000000209e-14
5.534558449000000110e+03 2.099938999999999826e-14
5.537566710999999486e+03 2.082067000000000232e-14
5.540574974000000111e+03 2.063863999999999964e-14
5.543583236999999826e+03 2.045867999999999977e-14
5.546591499000000113e+03 2.029992000000000111e-14
5.549599761999999828e+03 2.018414999999999963e-14
5.552608024000000114e+03 2.001591999999999886e-14
5.555616286999999829e+03 1.984740000000000298e-14
5.558624549000000115e+03 1.965363999999999803e-14
5.561632811999999831e+03 1.935237999999999834e-14
5.564641074000000117e+03 1.910632000000000002e-14
5.567649336999999832e+03 1.903735000000000079e-14
5.570657599999999547e+03 1.885809000000000111e-14
5.573665861999999834e+03 1.854381999999999926e-14
5.576674124999999549e+03 1.829157999999999972e-14
5.579682386999999835e+03 1.808133000000000069e-14
5.582690649999999550e+03 1.791250999999999887e-14
5.585698911999999837e+03 1.775827999999999873e-14
5.588707174999999552e+03 1.749311999999999976e-14
5.591715436999999838e+03 1.722431999999999981e-14
5.594723699999999553e+03 1.703426000000000082e-14
5.597731963000000178e+03 1.676932000000000010e-14
5.600740224999999555e+03 1.651505000000000002e-14
5.603748488000000179e+03 1.638942000000000038e-14
5.606756749999999556e+03 1.625292000000000142e-14
5.609765013000000181e+03 1.598274000000000064e-14
5.612773274999999558e+03 1.573559999999999797e-14
5.615781538000000182e+03 1.552042999999999807e-14
5.618789799999999559e+03 1.525349000000000087e-14
5.621798063000000184e+03 1.504162000000000006e-14
5.624806325999999899e+03 1.495256999999999992e-14
5.627814588000000185e+03 1.482543000000000078e-14
5.630822850999999901e+03 1.462144000000000118e-14
5.633831113000000187e+03 1.434467999999999863e-14
5.636839375999999902e+03 1.425800999999999914e-14
5.639847638000000188e+03 1.422149999999999966e-14
5.642855900999999903e+03 1.399310000000000092e-14
5.645864163000000190e+03 1.372951999999999990e-14
5.648872425999999905e+03 1.367233000000000024e-14
5.651880688999999620e+03 1.364235999999999869e-14
5.654888950999999906e+03 1.346074000000000108e-14
5.657897213999999622e+03 1.320245999999999878e-14
5.660905475999999908e+03 1.303170000000000072e-14
5.663913738999999623e+03 1.295083999999999964e-14
5.666922000999999909e+03 1.284850999999999862e-14
5.669930263999999625e+03 1.274481999999999949e-14
5.672938525999999911e+03 1.263837000000000030e-14
5.675946788999999626e+03 1.246321999999999902e-14
5.678955052000000251e+03 1.230816999999999978e-14
5.681963313999999627e+03 1.222940999999999927e-14
5.684971577000000252e+03 1.212861999999999867e-14
5.687979838999999629e+03 1.195393999999999955e-14
5.690988102000000254e+03 1.174993000000000040e-14
5.693996363999999630e+03 1.170525999999999962e-14
5.697004627000000255e+03 1.168262000000000050e-14
5.700012888999999632e+03 1.158807999999999956e-14
5.703021152000000257e+03 1.149439000000000020e-14
5.706029414999999972e+03 1.142407000000000106e-14
5.709037677000000258e+03 1.140412000000000041e-14
5.712045939999999973e+03 1.137012000000000025e-14
5.715054202000000259e+03 1.136947000000000053e-14
5.718062464999999975e+03 1.130507000000000050e-14
5.721070727000000261e+03 1.122120999999999997e-14
5.724078989999999976e+03 1.129428999999999917e-14
5.727087252000000262e+03 1.140950000000000051e-14
5.730095514999999978e+03 1.150885999999999982e-14
5.733103777999999693e+03 1.157629999999999841e-14
5.736112039999999979e+03 1.167116000000000011e-14
5.739120302999999694e+03 1.178473999999999988e-14
5.742128564999999981e+03 1.186096000000000016e-14
5.745136827999999696e+03 1.198208999999999903e-14
5.748145089999999982e+03 1.228685999999999944e-14
5.751153352999999697e+03 1.251358000000000089e-14
5.754161614999999983e+03 1.271380999999999902e-14
5.757169877999999699e+03 1.293128000000000135e-14
5.760178140999999414e+03 1.314018000000000046e-14
5.763186402999999700e+03 1.334196000000000036e-14
5.766194665999999415e+03 1.349942000000000115e-14
5.769202927999999702e+03 1.369079000000000094e-14
5.772211190999999417e+03 1.387528000000000091e-14
5.775219452999999703e+03 1.405073999999999844e-14
5.778227715999999418e+03 1.425632000000000049e-14
5.781235979000000043e+03 1.442639000000000130e-14
5.784244240999999420e+03 1.450118000000000029e-14
5.787252504000000044e+03 1.467740999999999961e-14
5.790260765999999421e+03 1.489196000000000070e-14
5.793269029000000046e+03 1.511100000000000119e-14
5.796277290999999423e+03 1.532274000000000017e-14
5.799285554000000047e+03 1.555954000000000276e-14
5.802293815999999424e+03 1.581390000000000242e-14
5.805302079000000049e+03 1.599680999999999813e-14
5.808310341999999764e+03 1.630774999999999998e-14
5.811318604000000050e+03 1.660963999999999985e-14
5.814326866999999766e+03 1.689519000000000071e-14
5.817335129000000052e+03 1.718385000000000016e-14
5.820343391999999767e+03 1.741759999999999967e-14
5.823351654000000053e+03 1.764359000000000159e-14
5.826359916999999768e+03 1.796083000000000199e-14
5.829368179000000055e+03 1.822589000000000003e-14
5.832376441999999770e+03 1.830809000000000282e-14
5.835384704999999485e+03 1.836557000000000075e-14
5.838392966999999771e+03 1.850129999999999951e-14
5.841401229999999487e+03 1.858605000000000074e-14
5.844409491999999773e+03 1.860449999999999850e-14
5.847417754999999488e+03 1.862829000000000041e-14
5.850426016999999774e+03 1.868025000000000136e-14
5.853434279999999490e+03 1.873592000000000015e-14
5.856442541999999776e+03 1.874542000000000001e-14
5.859450804999999491e+03 1.873550999999999824e-14
5.862459068000000116e+03 1.878469999999999934e-14
5.865467329999999492e+03 1.880134999999999932e-14
5.868475593000000117e+03 1.871816000000000122e-14
5.871483854999999494e+03 1.861200000000000188e-14
5.874492118000000119e+03 1.855066999999999975e-14
5.877500379999999495e+03 1.851056000000000155e-14
5.880508643000000120e+03 1.841569999999999985e-14
5.883516904999999497e+03 1.825442999999999871e-14
5.886525168000000122e+03 1.820158999999999843e-14
5.889533430999999837e+03 1.812422000000000009e-14
5.892541693000000123e+03 1.793201000000000007e-14
5.895549955999999838e+03 1.775973999999999777e-14
5.898558218000000124e+03 1.767285000000000002e-14
5.901566480999999840e+03 1.749799999999999837e-14
5.904574743000000126e+03 1.719462999999999991e-14
5.907583005999999841e+03 1.689435000000000048e-14
5.910591268000000127e+03 1.666072999999999966e-14
5.913599530999999843e+03 1.649996000000000000e-14
5.916607793999999558e+03 1.635261999999999947e-14
5.919616055999999844e+03 1.610884000000000086e-14
5.922624318999999559e+03 1.576920000000000073e-14
5.925632580999999846e+03 1.551170000000000157e-14
5.928640843999999561e+03 1.530100999999999972e-14
5.931649105999999847e+03 1.508907000000000204e-14
5.934657368999999562e+03 1.487146999999999787e-14
5.937665630999999848e+03 1.464525999999999769e-14
5.940673893999999564e+03 1.445244000000000021e-14
5.943682157000000188e+03 1.437304000000000133e-14
5.946690418999999565e+03 1.428163000000000010e-14
5.949698682000000190e+03 1.411632999999999878e-14
5.952706943999999567e+03 1.398904999999999960e-14
5.955715207000000191e+03 1.392558999999999915e-14
5.958723468999999568e+03 1.380372000000000098e-14
5.961731732000000193e+03 1.366588999999999850e-14
5.964739993999999569e+03 1.366468000000000178e-14
5.967748257000000194e+03 1.362983999999999824e-14
5.970756519999999909e+03 1.351451999999999936e-14
5.973764782000000196e+03 1.345637999999999877e-14
5.976773044999999911e+03 1.347059000000000103e-14
5.979781307000000197e+03 1.341007999999999958e-14
5.982789569999999912e+03 1.331207999999999996e-14
5.985797832000000199e+03 1.328730999999999936e-14
5.988806094999999914e+03 1.324286999999999977e-14
5.991814357999999629e+03 1.313034000000000028e-14
5.994822619999999915e+03 1.300354000000000146e-14
5.997830882999999631e+03 1.287427000000000084e-14
6.000839144999999917e+03 1.273333999999999955e-14
6.003847407999999632e+03 1.262464999999999975e-14
6.006855669999999918e+03 1.251199999999999979e-14
6.009863932999999633e+03 1.238112000000000031e-14
6.012872194999999920e+03 1.220781999999999885e-14
6.015880457999999635e+03 1.201039999999999968e-14
6.018888721000000260e+03 1.188610999999999860e-14
6.021896982999999636e+03 1.177725999999999921e-14
6.024905246000000261e+03 1.158693999999999970e-14
6.027913507999999638e+03 1.145893999999999920e-14
6.030921771000000263e+03 1.137092999999999957e-14
6.033930032999999639e+03 1.119579999999999942e-14
6.036938296000000264e+03 1.100966999999999969e-14
6.039946557999999641e+03 1.092310000000000112e-14
6.042954821000000265e+03 1.085233000000000096e-14
6.045963083999999981e+03 1.074161000000000061e-14
6.048971346000000267e+03 1.061948000000000034e-14
6.051979608999999982e+03 1.053219000000000046e-14
6.054987871000000268e+03 1.041714000000000029e-14
6.057996133999999984e+03 1.019270999999999992e-14
6.061004396000000270e+03 1.002997999999999974e-14
6.064012658999999985e+03 9.818739999999999090e-15
6.067020921000000271e+03 9.612801999999999963e-15
6.070029183999999987e+03 9.381829999999998859e-15
6.073037446999999702e+03 9.112098000000001047e-15
6.076045708999999988e+03 8.886428999999999706e-15
6.079053971999999703e+03 8.588881999999998897e-15
6.082062233999999989e+03 8.384338999999999470e-15
6.085070496999999705e+03 8.136530000000000495e-15
6.088078758999999991e+03 7.905806000000000496e-15
6.091087021999999706e+03 7.756298000000000591e-15
6.094095283999999992e+03 7.576793999999999085e-15
6.097103546999999708e+03 7.379496999999999855e-15
6.100111810000000332e+03 7.256409999999999912e-15
6.103120071999999709e+03 7.065693000000000091e-15
6.106128335000000334e+03 6.896054999999999601e-15
6.109136596999999711e+03 6.834288000000000426e-15
6.112144860000000335e+03 6.781926999999999101e-15
6.115153121999999712e+03 6.673763999999999871e-15
6.118161385000000337e+03 6.614907999999999610e-15
6.121169646999999713e+03 6.572830999999998986e-15
6.124177910000000338e+03 6.542126999999999424e-15
6.127186173000000053e+03 6.507165000000000494e-15
6.130194435000000340e+03 6.513490000000000060e-15
6.133202698000000055e+03 6.585715999999999194e-15
6.136210960000000341e+03 6.623425000000000534e-15
6.139219223000000056e+03 6.649819000000000623e-15
6.142227485000000343e+03 6.643595000000000228e-15
6.145235748000000058e+03 6.686153000000000239e-15
6.148244010000000344e+03 6.808018999999999920e-15
6.151252273000000059e+03 6.909723000000000832e-15
6.154260535999999775e+03 6.956385999999999358e-15
6.157268798000000061e+03 7.076397000000000117e-15
6.160277060999999776e+03 7.177575999999998521e-15
6.163285323000000062e+03 7.214289000000000899e-15
6.166293585999999777e+03 7.336926999999999639e-15
6.169301848000000064e+03 7.538306000000000736e-15
6.172310110999999779e+03 7.666082000000000547e-15
6.175318373000000065e+03 7.781265999999998673e-15
6.178326635999999780e+03 7.925620000000000387e-15
6.181334899000000405e+03 8.060302000000000078e-15
6.184343160999999782e+03 8.168043000000000343e-15
6.187351424000000407e+03 8.252410999999999350e-15
6.190359685999999783e+03 8.337692999999999461e-15
6.193367949000000408e+03 8.462255000000000478e-15
6.196376210999999785e+03 8.623194999999999500e-15
6.199384474000000409e+03 8.796715000000000789e-15
6.202392735999999786e+03 8.926229999999999897e-15
6.205400999000000411e+03 9.015850999999999781e-15
6.208409262000000126e+03 9.108428999999998975e-15
6.211417524000000412e+03 9.232561999999999921e-15
6.214425787000000128e+03 9.386151000000000296e-15
6.217434049000000414e+03 9.509590999999999793e-15
6.220442312000000129e+03 9.614771999999998691e-15
6.223450574000000415e+03 9.702297000000000444e-15
6.226458837000000131e+03 9.820452999999999913e-15
6.229467099999999846e+03 9.979926999999999396e-15
6.232475362000000132e+03 1.006227000000000011e-14
6.235483624999999847e+03 1.002960000000000031e-14
6.238491887000000133e+03 1.011308999999999962e-14
6.241500149999999849e+03 1.030775000000000031e-14
6.244508412000000135e+03 1.047907000000000010e-14
6.247516674999999850e+03 1.061872999999999969e-14
6.250524937000000136e+03 1.077342000000000063e-14
6.253533199999999852e+03 1.089743000000000006e-14
6.256541463000000476e+03 1.106546000000000054e-14
6.259549724999999853e+03 1.126786000000000083e-14
6.262557988000000478e+03 1.140599999999999956e-14
6.265566249999999854e+03 1.157065999999999936e-14
6.268574513000000479e+03 1.184225000000000029e-14
6.271582774999999856e+03 1.208555000000000012e-14
6.274591038000000481e+03 1.229730000000000046e-14
6.277599299999999857e+03 1.246934000000000000e-14
6.280607563000000482e+03 1.263824999999999982e-14
6.283615826000000197e+03 1.284380999999999916e-14
6.286624088000000484e+03 1.299472000000000066e-14
6.289632351000000199e+03 1.305886999999999836e-14
6.292640613000000485e+03 1.323326000000000078e-14
6.295648876000000200e+03 1.343503000000000090e-14
6.298657138000000486e+03 1.360038000000000111e-14
6.301665401000000202e+03 1.378866999999999850e-14
6.304673663000000488e+03 1.404179000000000053e-14
6.307681926000000203e+03 1.427359999999999749e-14
6.310690188999999918e+03 1.440547000000000016e-14
6.313698451000000205e+03 1.454193999999999821e-14
6.316706713999999920e+03 1.468261000000000056e-14
6.319714976000000206e+03 1.493345999999999792e-14
6.322723238999999921e+03 1.519777999999999982e-14
6.325731501000000208e+03 1.536568000000000004e-14
6.328739763999999923e+03 1.549246999999999909e-14
6.331748026000000209e+03 1.559680999999999794e-14
6.334756288999999924e+03 1.573395999999999978e-14
6.337764552000000549e+03 1.591144999999999944e-14
6.340772813999999926e+03 1.608269000000000102e-14
6.343781077000000550e+03 1.622961999999999964e-14
6.346789338999999927e+03 1.633754000000000081e-14
6.349797602000000552e+03 1.638886000000000023e-14
6.352805863999999929e+03 1.646481999999999999e-14
6.355814127000000553e+03 1.655286000000000211e-14
6.358822388999999930e+03 1.665094999999999972e-14
6.361830652000000555e+03 1.678488000000000070e-14
6.364838915000000270e+03 1.692327999999999837e-14
6.367847177000000556e+03 1.700254000000000037e-14
6.370855440000000272e+03 1.706695000000000017e-14
6.373863702000000558e+03 1.720530999999999873e-14
6.376871965000000273e+03 1.718237999999999976e-14
6.379880227000000559e+03 1.711208000000000018e-14
6.382888490000000274e+03 1.715831000000000093e-14
6.385896752000000561e+03 1.723693000000000141e-14
6.388905015000000276e+03 1.725982999999999947e-14
6.391913277999999991e+03 1.728061999999999877e-14
6.394921540000000277e+03 1.732754999999999971e-14
6.397929802999999993e+03 1.743382000000000134e-14
6.400938065000000279e+03 1.751235000000000224e-14
6.403946327999999994e+03 1.750246999999999822e-14
6.406954590000000280e+03 1.752076000000000271e-14
6.409962852999999996e+03 1.764148999999999787e-14
6.412971115000000282e+03 1.766151999999999831e-14
6.415979377999999997e+03 1.770497000000000102e-14
6.418987640999999712e+03 1.773999000000000055e-14
6.421995902999999998e+03 1.780413999999999983e-14
6.425004165999999714e+03 1.790291999999999943e-14
6.428012428000000000e+03 1.787944999999999986e-14
6.431020690999999715e+03 1.796627000000000075e-14
6.434028953000000001e+03 1.799442999999999843e-14
6.437037215999999717e+03 1.792764999999999935e-14
6.440045478000000003e+03 1.794309999999999765e-14
6.443053740999999718e+03 1.804172000000000082e-14
6.446062004000000343e+03 1.806230999999999826e-14
6.449070265999999719e+03 1.806818999999999985e-14
6.452078529000000344e+03 1.807711000000000000e-14
6.455086790999999721e+03 1.807778000000000244e-14
6.458095054000000346e+03 1.809458000000000066e-14
6.461103315999999722e+03 1.816136999999999794e-14
6.464111579000000347e+03 1.821257999999999824e-14
6.467119842000000062e+03 1.815867000000000127e-14
6.470128104000000349e+03 1.813612000000000015e-14
6.473136367000000064e+03 1.819847000000000164e-14
6.476144629000000350e+03 1.818030999999999900e-14
6.479152892000000065e+03 1.811940000000000014e-14
6.482161154000000352e+03 1.817434000000000099e-14
6.485169417000000067e+03 1.826826999999999974e-14
6.488177679000000353e+03 1.820733999999999818e-14
6.491185942000000068e+03 1.811982000000000026e-14
6.494194204999999783e+03 1.818407000000000046e-14
6.497202467000000070e+03 1.818706999999999992e-14
6.500210729999999785e+03 1.805984999999999940e-14
6.503218992000000071e+03 1.798729999999999786e-14
6.506227254999999786e+03 1.797247999999999972e-14
6.509235517000000073e+03 1.797365000000000049e-14
6.512243779999999788e+03 1.797324000000000173e-14
6.515252042000000074e+03 1.781970000000000042e-14
6.518260304999999789e+03 1.768987999999999785e-14
6.521268568000000414e+03 1.770916000000000080e-14
6.524276829999999791e+03 1.766533000000000024e-14
6.527285093000000415e+03 1.754762000000000094e-14
6.530293354999999792e+03 1.740771000000000060e-14
6.533301618000000417e+03 1.729077999999999971e-14
6.536309879999999794e+03 1.731646000000000213e-14
6.539318143000000418e+03 1.728159000000000083e-14
6.542326404999999795e+03 1.700336000000000104e-14
6.545334668000000420e+03 1.680088000000000096e-14
6.548342931000000135e+03 1.672622000000000065e-14
6.551351193000000421e+03 1.662774000000000067e-14
6.554359456000000137e+03 1.656531999999999916e-14
6.557367718000000423e+03 1.640972999999999775e-14
6.560375981000000138e+03 1.613632000000000106e-14
6.563384243000000424e+03 1.596705999999999957e-14
6.566392506000000139e+03 1.579596999999999939e-14
6.569400767999999516e+03 1.562857000000000065e-14
6.572409031000000141e+03 1.550184000000000026e-14
6.575417293999999856e+03 1.535786000000000063e-14
6.578425556000000142e+03 1.516493000000000087e-14
6.581433818999999858e+03 1.498781999999999906e-14
6.584442081000000144e+03 1.485104000000000002e-14
6.587450343999999859e+03 1.466766000000000058e-14
6.590458606000000145e+03 1.448736000000000197e-14
6.593466868999999861e+03 1.428111000000000222e-14
6.596475131000000147e+03 1.407490999999999977e-14
6.599483393999999862e+03 1.395172000000000102e-14
6.602491656999999577e+03 1.385767999999999841e-14
6.605499918999999863e+03 1.363625999999999885e-14
6.608508181999999579e+03 1.339626000000000126e-14
6.611516443999999865e+03 1.326256999999999967e-14
6.614524706999999580e+03 1.325379999999999776e-14
6.617532968999999866e+03 1.317821999999999900e-14
6.620541231999999582e+03 1.294670000000000190e-14
6.623549493999999868e+03 1.279043999999999963e-14
6.626557756999999583e+03 1.270395000000000086e-14
6.629566020000000208e+03 1.259881000000000089e-14
6.632574281999999585e+03 1.240657999999999974e-14
6.635582545000000209e+03 1.221965000000000047e-14
6.638590806999999586e+03 1.206760000000000069e-14
6.641599070000000211e+03 1.189888999999999957e-14
6.644607331999999587e+03 1.185632999999999913e-14
6.647615595000000212e+03 1.178374000000000006e-14
6.650623856999999589e+03 1.171237000000000063e-14
6.653632120000000214e+03 1.159479999999999979e-14
6.656640382999999929e+03 1.145353000000000134e-14
6.659648645000000215e+03 1.137962000000000011e-14
6.662656907999999930e+03 1.130564000000000043e-14
6.665665170000000217e+03 1.123720000000000203e-14
6.668673432999999932e+03 1.106647999999999992e-14
6.671681695000000218e+03 1.086485999999999961e-14
6.674689957999999933e+03 1.069544000000000010e-14
6.677698220000000219e+03 1.056763000000000010e-14
6.680706482999999935e+03 1.053721000000000068e-14
6.683714745999999650e+03 1.056144000000000069e-14
6.686723007999999936e+03 1.040325000000000038e-14
6.689731270999999651e+03 1.021014999999999967e-14
6.692739532999999938e+03 1.011753999999999992e-14
6.695747795999999653e+03 1.007143999999999943e-14
6.698756057999999939e+03 1.002286000000000052e-14
6.701764320999999654e+03 9.979204000000000192e-15
6.704772584000000279e+03 9.827528999999999162e-15
6.707780845999999656e+03 9.701818999999999729e-15
6.710789109000000281e+03 9.676909999999998913e-15
6.713797370999999657e+03 9.609925000000000449e-15
6.716805634000000282e+03 9.433601999999998944e-15
6.719813895999999659e+03 9.290689999999999512e-15
6.722822159000000283e+03 9.196235000000000623e-15
6.725830420999999660e+03 9.062180999999999885e-15
6.728838684000000285e+03 8.950008000000000813e-15
6.731846947000000000e+03 8.856924999999999454e-15
6.734855209000000286e+03 8.798203999999999343e-15
6.737863472000000002e+03 8.778258999999999371e-15
6.740871734000000288e+03 8.686181999999999906e-15
6.743879997000000003e+03 8.632984000000000969e-15
6.746888259000000289e+03 8.602190999999999287e-15
6.749896522000000004e+03 8.476415000000000692e-15
6.752904784000000291e+03 8.315038999999999705e-15
6.755913047000000006e+03 8.246319999999999465e-15
6.758921309999999721e+03 8.224079999999999325e-15
6.761929572000000007e+03 8.158840999999998897e-15
6.764937834999999723e+03 8.096094999999999277e-15
6.767946097000000009e+03 8.064488000000000576e-15
6.770954359999999724e+03 8.032899000000000212e-15
6.773962622000000010e+03 7.979165999999999779e-15
6.776970884999999726e+03 7.914992999999999909e-15
6.779979147000000012e+03 7.859995999999999856e-15
6.782987409999999727e+03 7.851335000000000404e-15
6.785995673000000352e+03 7.816703000000000436e-15
6.789003934999999728e+03 7.802009000000000123e-15
6.792012198000000353e+03 7.783243000000000874e-15
6.795020459999999730e+03 7.714501000000000043e-15
6.798028723000000355e+03 7.657746000000000957e-15
6.801036984999999731e+03 7.588082000000000463e-15
6.804045248000000356e+03 7.490572000000000975e-15
6.807053509999999733e+03 7.399070999999998780e-15
6.810061773000000358e+03 7.343474999999999287e-15
6.813070036000000073e+03 7.256543000000001210e-15
6.816078298000000359e+03 7.108465999999999258e-15
6.819086561000000074e+03 6.951404999999999998e-15
6.822094823000000360e+03 6.541189000000000276e-15
6.825103086000000076e+03 6.050764000000000595e-15
6.828111348000000362e+03 5.919811999999999882e-15
6.831119611000000077e+03 6.124831999999999415e-15
6.834127873000000363e+03 6.410715999999999309e-15
6.837136136000000079e+03 6.723264000000000380e-15
6.840144398999999794e+03 6.827812000000000437e-15
6.843152661000000080e+03 6.718735999999999924e-15
6.846160923999999795e+03 6.652415999999999273e-15
6.849169186000000082e+03 6.683741999999999656e-15
6.852177448999999797e+03 6.725186999999999681e-15
6.855185711000000083e+03 6.798503000000000575e-15
6.858193973999999798e+03 6.940149999999999778e-15
6.861202236000000084e+03 7.035573000000001093e-15
6.864210498999999800e+03 7.064598999999999841e-15
6.867218762000000424e+03 7.127486999999999927e-15
6.870227023999999801e+03 7.222834000000000725e-15
6.873235287000000426e+03 7.265943000000000140e-15
6.876243548999999803e+03 7.277283999999999864e-15
6.879251812000000427e+03 7.337228000000000667e-15
6.882260073999999804e+03 7.393052999999999952e-15
6.885268337000000429e+03 7.362899999999999795e-15
6.888276598999999806e+03 7.335573000000000445e-15
6.891284862000000430e+03 7.334958000000000730e-15
6.894293125000000146e+03 7.298863000000000683e-15
6.897301387000000432e+03 7.325564000000000720e-15
6.900309650000000147e+03 7.362111999999999672e-15
6.903317912000000433e+03 7.384851999999999722e-15
6.906326175000000148e+03 7.417926999999999180e-15
6.909334437000000435e+03 7.407355999999999664e-15
6.912342700000000150e+03 7.359029999999999201e-15
6.915350962000000436e+03 7.391371999999999678e-15
6.918359225000000151e+03 7.416753000000000711e-15
6.921367487999999867e+03 7.361490000000001217e-15
6.924375750000000153e+03 7.288469999999999096e-15
6.927384012999999868e+03 7.299731000000000602e-15
6.930392275000000154e+03 7.355676000000000370e-15
6.933400537999999869e+03 7.336735999999999317e-15
6.936408800000000156e+03 7.278666000000000327e-15
6.939417062999999871e+03 7.286598999999999898e-15
6.942425326000000496e+03 7.244662999999999132e-15
6.945433587999999872e+03 7.158865000000000415e-15
6.948441851000000497e+03 7.109736999999999195e-15
6.951450112999999874e+03 7.086835000000000702e-15
6.954458376000000499e+03 7.053709999999999202e-15
6.957466637999999875e+03 7.061669999999999434e-15
6.960474901000000500e+03 7.080954999999999904e-15
6.963483162999999877e+03 7.073075000000000257e-15
6.966491426000000502e+03 7.022181999999999688e-15
6.969499689000000217e+03 6.938659999999999827e-15
6.972507951000000503e+03 6.874554000000000517e-15
6.975516214000000218e+03 6.876908000000000318e-15
6.978524476000000504e+03 6.856354000000000339e-15
6.981532739000000220e+03 6.805757000000000121e-15
6.984541001000000506e+03 6.795653000000000144e-15
6.987549264000000221e+03 6.849061999999998958e-15
6.990557526000000507e+03 6.914832000000000025e-15
6.993565789000000223e+03 6.941946999999998888e-15
6.996574051999999938e+03 6.924528000000000883e-15
6.999582314000000224e+03 6.909562999999999662e-15
7.002590576999999939e+03 6.867388999999999936e-15
7.005598839000000225e+03 6.839390000000000090e-15
7.008607101999999941e+03 6.847620999999999651e-15
7.011615364000000227e+03 6.819234000000000241e-15
7.014623626999999942e+03 6.762944000000000267e-15
7.017631889000000228e+03 6.763650000000000165e-15
7.020640151999999944e+03 6.759137000000000164e-15
7.023648415000000568e+03 6.733799000000000855e-15
7.026656676999999945e+03 6.734613000000000241e-15
7.029664940000000570e+03 6.761105000000000830e-15
7.032673201999999947e+03 6.747704000000000438e-15
7.035681465000000571e+03 6.669589000000000548e-15
7.038689726999999948e+03 6.624635999999999440e-15
7.041697990000000573e+03 6.621944999999999571e-15
7.044706251999999949e+03 6.642421999999999213e-15
7.047714515000000574e+03 6.645939000000000252e-15
7.050722778000000289e+03 6.592940000000000197e-15
7.053731040000000576e+03 6.549916999999999498e-15
7.056739303000000291e+03 6.577820999999999882e-15
7.059747565000000577e+03 6.580866999999998945e-15
7.062755828000000292e+03 6.604001999999999666e-15
7.065764090000000579e+03 6.631551999999999098e-15
7.068772353000000294e+03 6.599756999999999534e-15
7.071780615000000580e+03 6.602066999999999369e-15
7.074788878000000295e+03 6.637479999999999142e-15
7.077797141000000011e+03 6.638282999999999719e-15
7.080805403000000297e+03 6.623766999999999702e-15
7.083813666000000012e+03 6.659773999999999815e-15
7.086821928000000298e+03 6.764253999999999494e-15
7.089830191000000013e+03 6.840213000000000222e-15
7.092838453000000300e+03 6.790088000000000221e-15
7.095846716000000015e+03 6.837115000000000265e-15
7.098854978000000301e+03 6.885545000000000146e-15
7.101863241000000016e+03 6.911489000000000002e-15
7.104871504000000641e+03 6.931839000000000421e-15
7.107879766000000018e+03 6.917566999999999861e-15
7.110888029000000643e+03 6.874805999999999323e-15
7.113896291000000019e+03 6.791054999999999670e-15
7.116904554000000644e+03 6.905223000000000858e-15
7.119912816000000021e+03 6.906546000000000110e-15
7.122921079000000645e+03 6.774359000000000079e-15
7.125929341000000022e+03 6.720879999999999669e-15
7.128937604000000647e+03 6.693461999999999348e-15
7.131945867000000362e+03 6.703591999999999377e-15
7.134954129000000648e+03 6.770973000000000698e-15
7.137962392000000364e+03 6.673789999999999923e-15
7.140970654000000650e+03 6.549531999999999394e-15
7.143978917000000365e+03 6.581505999999999862e-15
7.146987179000000651e+03 6.661091000000000148e-15
7.149995442000000367e+03 6.676978000000001031e-15
7.153003704000000653e+03 6.683705999999999037e-15
7.156011967000000368e+03 6.580065999999999586e-15
7.159020230000000083e+03 6.597971999999999842e-15
7.162028492000000369e+03 6.732388000000000092e-15
7.165036755000000085e+03 6.846566000000000268e-15
7.168045017000000371e+03 6.965916000000000127e-15
7.171053280000000086e+03 6.993233000000000487e-15
7.174061542000000372e+03 7.056054000000000015e-15
7.177069805000000088e+03 7.000634999999999419e-15
7.180078068000000712e+03 6.929026000000000428e-15
7.183086330000000089e+03 6.884853000000000884e-15
7.186094593000000714e+03 6.708769999999999557e-15
7.189102855000000091e+03 6.517454999999999326e-15
7.192111118000000715e+03 6.564321999999999778e-15
7.195119380000000092e+03 6.513139999999999965e-15
7.198127643000000717e+03 6.522580000000000371e-15
7.201135905000000093e+03 6.576161999999999592e-15
7.204144168000000718e+03 6.508136999999999044e-15
7.207152431000000433e+03 6.499566999999998985e-15
7.210160693000000720e+03 6.644531999999999557e-15
7.213168956000000435e+03 6.735985999999999958e-15
7.216177218000000721e+03 6.670430000000000594e-15
7.219185481000000436e+03 6.640404000000001238e-15
7.222193743000000723e+03 6.771817000000000204e-15
7.225202006000000438e+03 6.853860000000000500e-15
7.228210268000000724e+03 6.693519000000000919e-15
7.231218531000000439e+03 6.608295999999999652e-15
7.234226794000000154e+03 6.749396999999999339e-15
7.237235056000000441e+03 6.877464000000000400e-15
7.240243319000000156e+03 6.811206999999998661e-15
7.243251581000000442e+03 6.729036999999999931e-15
7.246259844000000157e+03 6.847098999999999758e-15
7.249268106000000444e+03 6.987151999999998802e-15
7.252276369000000159e+03 7.007583000000001204e-15
7.255284631000000445e+03 6.953248999999999323e-15
7.258292894000000160e+03 6.981828000000000453e-15
7.261301156999998966e+03 7.072266999999999002e-15
7.264309419000000162e+03 7.111069999999999014e-15
7.267317681999998968e+03 7.149858999999999968e-15
7.270325944000000163e+03 7.169511999999998870e-15
7.273334206999998969e+03 7.263758000000000678e-15
7.276342469000000165e+03 7.408724999999999312e-15
7.279350731999998970e+03 7.456333999999999490e-15
7.282358994000000166e+03 7.403516999999999800e-15
7.285367256999998972e+03 7.434931999999999936e-15
7.288375520000000506e+03 7.602949999999999426e-15
7.291383781999998973e+03 7.812657999999999795e-15
7.294392045000000508e+03 7.830554000000001063e-15
7.297400306999998975e+03 7.717038999999999059e-15
7.300408570000000509e+03 7.647957999999999308e-15
7.303416831999998976e+03 7.625126999999999865e-15
7.306425095000000510e+03 7.592225999999999057e-15
7.309433356999998978e+03 7.589136999999999846e-15
7.312441620000000512e+03 7.647150000000001209e-15
7.315449883000000227e+03 7.701779999999999495e-15
7.318458145000000513e+03 7.739089000000000276e-15
7.321466408000000229e+03 7.796954999999999706e-15
7.324474670000000515e+03 7.848743000000000065e-15
7.327482933000000230e+03 7.860781000000000518e-15
7.330491195000000516e+03 7.931124000000000250e-15
7.333499458000000232e+03 8.025486000000000105e-15
7.336507720000000518e+03 7.996635999999998858e-15
7.339515983000000233e+03 7.943985999999999077e-15
7.342524245999999039e+03 8.072674000000000351e-15
7.345532508000000234e+03 8.233384000000001339e-15
7.348540770999999040e+03 8.218144999999999752e-15
7.351549033000000236e+03 8.012739999999999326e-15
7.354557295999999042e+03 7.858265000000000696e-15
7.357565558000000237e+03 7.791221000000000232e-15
7.360573820999999043e+03 7.685846999999999794e-15
7.363582083000000239e+03 7.580917999999999702e-15
7.366590345999999045e+03 7.544660999999998845e-15
7.369598609000000579e+03 7.559624999999999456e-15
7.372606870999999046e+03 7.710753000000001150e-15
7.375615134000000580e+03 7.797303000000000160e-15
7.378623395999999047e+03 7.757136999999999420e-15
7.381631659000000582e+03 7.684874999999999667e-15
7.384639920999999049e+03 7.460491999999998719e-15
7.387648184000000583e+03 7.430409999999999979e-15
7.390656445999999050e+03 7.305091999999999389e-15
7.393664709000000585e+03 7.099016999999998895e-15
7.396672972000000300e+03 7.122329000000000880e-15
7.399681234000000586e+03 7.283364000000000153e-15
7.402689497000000301e+03 7.153364999999999832e-15
7.405697759000000588e+03 6.838125999999999681e-15
7.408706022000000303e+03 6.700213000000001102e-15
7.411714284000000589e+03 6.854443000000000455e-15
7.414722547000000304e+03 6.952180000000000094e-15
7.417730809999999110e+03 6.658914000000000034e-15
7.420739072000000306e+03 6.279270999999999793e-15
7.423747334999999111e+03 6.500666999999999733e-15
7.426755597000000307e+03 7.139480999999998836e-15
7.429763859999999113e+03 7.238490999999999630e-15
7.432772122000000309e+03 7.067929999999999658e-15
7.435780384999999114e+03 6.989703000000000211e-15
7.438788647000000310e+03 6.850406999999999772e-15
7.441796909999999116e+03 6.713979000000000466e-15
