3.799999439060000441e+03 3.857720000000000147e-17
3.803040901560000293e+03 7.432700000000000209e-17
3.806082258270000239e+03 7.790869999999999282e-17
3.809123720770000091e+03 8.219479999999998421e-17
3.812165077480000491e+03 7.338609999999999503e-17
3.815206539980000343e+03 8.556419999999999958e-17
3.818247896690000289e+03 8.045869999999999235e-17
3.821289359190000141e+03 6.595200000000000159e-17
3.824330715900000087e+03 7.220609999999999360e-17
3.827372178399999939e+03 8.269700000000001533e-17
3.830413535110000339e+03 7.941390000000000543e-17
3.833454997610000191e+03 8.569500000000000508e-17
3.836496354320000137e+03 9.522539999999999868e-17
3.839537816819999989e+03 9.285380000000000122e-17
3.842579173530000389e+03 9.053389999999998940e-17
3.845620636030000242e+03 1.003710000000000093e-16
3.848661992740000187e+03 1.339560000000000166e-16
3.851703455240000039e+03 1.170190000000000088e-16
3.854744811950000440e+03 8.902839999999999383e-17
3.857786274450000292e+03 9.981170000000000331e-17
3.860827631160000237e+03 1.193659999999999856e-16
3.863869093660000090e+03 1.097450000000000088e-16
3.866910450370000490e+03 1.141660000000000194e-16
3.869951912870000342e+03 1.170079999999999925e-16
3.872993269580000288e+03 9.277390000000000213e-17
3.876034732080000140e+03 1.108910000000000057e-16
3.879076088790000540e+03 1.119809999999999899e-16
3.882117551290000392e+03 1.398810000000000093e-16
3.885158908000000338e+03 1.067990000000000000e-16
3.888200370500000190e+03 9.985409999999999933e-17
3.891241727210000136e+03 1.186539999999999851e-16
3.894283189709999988e+03 1.206979999999999844e-16
3.897324546420000388e+03 1.184540000000000016e-16
3.900366008920000240e+03 1.087209999999999995e-16
3.903407365630000186e+03 1.192160000000000226e-16
3.906448828130000038e+03 1.296079999999999901e-16
3.909490184840000438e+03 1.035660000000000050e-16
3.912531647340000291e+03 1.045839999999999852e-16
3.915573004050000236e+03 9.156200000000001246e-17
3.918614466550000088e+03 1.040110000000000053e-16
3.921655823260000489e+03 8.712589999999999644e-17
3.924697285760000341e+03 1.205220000000000186e-16
3.927738642470000286e+03 1.095250000000000023e-16
3.930780104970000139e+03 1.028929999999999840e-16
3.933821461680000539e+03 8.191220000000000700e-17
3.936862924180000391e+03 9.667100000000000584e-17
3.939904280890000337e+03 1.393589999999999932e-16
3.942945743390000189e+03 1.508660000000000044e-16
3.945987100100000589e+03 1.240519999999999990e-16
3.949028562600000441e+03 8.685970000000000012e-17
3.952069919310000387e+03 5.763950000000000210e-17
3.955111381810000239e+03 9.403990000000000141e-17
3.958152738520000185e+03 8.718319999999999690e-17
3.961194201020000037e+03 8.658759999999999369e-17
3.964235557730000437e+03 7.280429999999999709e-17
3.967277020230000289e+03 8.353270000000000542e-17
3.970318376940000235e+03 8.293389999999999903e-17
3.973359839440000087e+03 8.810489999999999716e-17
3.976401196150000487e+03 7.720520000000000269e-17
3.979442658650000340e+03 8.432830000000000449e-17
3.982484015360000285e+03 7.182760000000000135e-17
3.985525477860000137e+03 9.565120000000000453e-17
3.988566834570000537e+03 7.678149999999998853e-17
3.991608297070000390e+03 7.513250000000000601e-17
3.994649653780000335e+03 8.897989999999999906e-17
3.997691116280000188e+03 8.459019999999999845e-17
4.000732472990000133e+03 1.034629999999999987e-16
4.003773935489999985e+03 9.157879999999999530e-17
4.006815292200000385e+03 1.013080000000000036e-16
4.009856754700000238e+03 6.625880000000000985e-17
4.012898111410000183e+03 7.715499999999999351e-17
4.015939573910000036e+03 7.510229999999999518e-17
4.018980930620000436e+03 9.168480000000000382e-17
4.022022393120000288e+03 1.012770000000000135e-16
4.025063749830000233e+03 1.129199999999999939e-16
4.028105212330000086e+03 9.397770000000000801e-17
4.031146569040000486e+03 9.549340000000000372e-17
4.034188031540000338e+03 7.971339999999999679e-17
4.037229388250000284e+03 9.731690000000000022e-17
4.040270850750000136e+03 1.155049999999999905e-16
4.043312207460000536e+03 1.054960000000000063e-16
4.046353669960000389e+03 1.023129999999999824e-16
4.049395132460000241e+03 1.109989999999999992e-16
4.052436489170000186e+03 1.012520000000000033e-16
4.055477951670000039e+03 9.706479999999999214e-17
4.058519308379999984e+03 1.014310000000000082e-16
4.061560770879999836e+03 1.040149999999999877e-16
4.064602127590000237e+03 1.241100000000000091e-16
4.067643590090000089e+03 1.224250000000000122e-16
4.070684946800000489e+03 1.340709999999999948e-16
4.073726409300000341e+03 1.375749999999999971e-16
4.076767766010000287e+03 1.334370000000000026e-16
4.079809228510000139e+03 1.326130000000000015e-16
4.082850585220000085e+03 1.330920000000000187e-16
4.085892047719999937e+03 1.403850000000000122e-16
4.088933404430000337e+03 1.501979999999999953e-16
4.091974866930000189e+03 1.646309999999999924e-16
4.095016223640000135e+03 1.708129999999999862e-16
4.098057686140000442e+03 1.627529999999999844e-16
4.101099042850000842e+03 1.624419999999999928e-16
4.104140505350000240e+03 1.598590000000000058e-16
4.107181862060000640e+03 1.596779999999999788e-16
4.110223324560000037e+03 1.634929999999999974e-16
4.113264681270000438e+03 1.617469999999999884e-16
4.116306143769999835e+03 1.464820000000000006e-16
4.119347500480000235e+03 1.659650000000000009e-16
4.122388962980000542e+03 1.477009999999999816e-16
4.125430319690000033e+03 1.509439999999999881e-16
4.128471782190000340e+03 1.714029999999999869e-16
4.131513138899999831e+03 1.681790000000000108e-16
4.134554601400000138e+03 1.826020000000000087e-16
4.137595958110000538e+03 1.787040000000000192e-16
4.140637420609999936e+03 1.741100000000000080e-16
4.143678777320000336e+03 1.920979999999999958e-16
4.146720239820000643e+03 1.929559999999999892e-16
4.149761596530000133e+03 1.616549999999999861e-16
4.152803059030000441e+03 1.569290000000000006e-16
4.155844415740000841e+03 1.602470000000000133e-16
4.158885878240000238e+03 1.494550000000000048e-16
4.161927234950000638e+03 1.524760000000000197e-16
4.164968697450000036e+03 1.678619999999999901e-16
4.168010054160000436e+03 1.763220000000000083e-16
4.171051516660000743e+03 1.795359999999999851e-16
4.174092873370000234e+03 1.761649999999999990e-16
4.177134335870000541e+03 1.923570000000000065e-16
4.180175692580000032e+03 2.018270000000000154e-16
4.183217155080000339e+03 1.757640000000000148e-16
4.186258511790000739e+03 1.753209999999999995e-16
4.189299974290000137e+03 1.743370000000000115e-16
4.192341331000000537e+03 1.634479999999999888e-16
4.195382793499999934e+03 1.306629999999999895e-16
4.198424150210000334e+03 1.282770000000000085e-16
4.201465612710000642e+03 1.541760000000000030e-16
4.204506969420000132e+03 1.671990000000000176e-16
4.207548431920000439e+03 1.530789999999999972e-16
4.210589788630000839e+03 1.425340000000000152e-16
4.213631251130000237e+03 1.645440000000000267e-16
4.216672607840000637e+03 1.565670000000000205e-16
4.219714070340000035e+03 1.659859999999999918e-16
4.222755427050000435e+03 1.546310000000000025e-16
4.225796889550000742e+03 1.423820000000000178e-16
4.228838246260000233e+03 1.597399999999999836e-16
4.231879708760000540e+03 1.575639999999999853e-16
4.234921065470000030e+03 1.500910000000000066e-16
4.237962527970000338e+03 1.393370000000000098e-16
4.241003884680000738e+03 1.405629999999999877e-16
4.244045347180000135e+03 1.566239999999999887e-16
4.247086703890000535e+03 1.494369999999999915e-16
4.250128166389999933e+03 1.577499999999999995e-16
4.253169523100000333e+03 1.505699999999999992e-16
4.256210985600000640e+03 1.461179999999999862e-16
4.259252342310000131e+03 1.498940000000000007e-16
4.262293804810000438e+03 1.566679999999999802e-16
4.265335161520000838e+03 1.488320000000000043e-16
4.268376624020000236e+03 1.532939999999999918e-16
4.271417980730000636e+03 1.687659999999999847e-16
4.274459443230000034e+03 1.505960000000000020e-16
4.277500799940000434e+03 1.547870000000000192e-16
4.280542262440000741e+03 1.541710000000000157e-16
4.283583619150000231e+03 1.400449999999999909e-16
4.286625081650000539e+03 1.484920000000000077e-16
4.289666438360000029e+03 1.462180000000000027e-16
4.292707900860000336e+03 1.443399999999999946e-16
4.295749257570000736e+03 1.473659999999999969e-16
4.298790720070000134e+03 1.403550000000000147e-16
4.301832076780000534e+03 1.438060000000000189e-16
4.304873539279999932e+03 1.457510000000000189e-16
4.307914895990000332e+03 1.492779999999999972e-16
4.310956358490000639e+03 1.441159999999999934e-16
4.313997715200000130e+03 1.440180000000000113e-16
4.317039177700000437e+03 1.428139999999999921e-16
4.320080534410000837e+03 1.403240000000000000e-16
4.323121996910000234e+03 1.452180000000000111e-16
4.326163353620000635e+03 1.458239999999999907e-16
4.329204816120000032e+03 1.396259999999999934e-16
4.332246172830000432e+03 1.442300000000000037e-16
4.335287635330000739e+03 1.334210000000000237e-16
4.338328992040000230e+03 1.336729999999999881e-16
4.341370454540000537e+03 1.414979999999999970e-16
4.344411811250000028e+03 1.394579999999999924e-16
4.347453273750000335e+03 1.443629999999999952e-16
4.350494630459999826e+03 1.407950000000000031e-16
4.353536092960000133e+03 1.377910000000000089e-16
4.356577449670000533e+03 1.357670000000000080e-16
4.359618912170000840e+03 1.457899999999999985e-16
4.362660268880000331e+03 1.411240000000000080e-16
4.365701731380000638e+03 1.425620000000000030e-16
4.368743088090000128e+03 1.372970000000000052e-16
4.371784550590000435e+03 1.466100000000000049e-16
4.374825907299999926e+03 1.562239999999999970e-16
4.377867369800000233e+03 1.511029999999999824e-16
4.380908726510000633e+03 1.513139999999999823e-16
4.383950189010000940e+03 1.458339999999999899e-16
4.386991545720000431e+03 1.711240000000000025e-16
4.390033008220000738e+03 1.631920000000000049e-16
4.393074364930000229e+03 1.661850000000000074e-16
4.396115827430000536e+03 1.589820000000000065e-16
4.399157184140000027e+03 1.610160000000000067e-16
4.402198646640000334e+03 1.706950000000000058e-16
4.405240003349999824e+03 1.684490000000000133e-16
4.408281465850000131e+03 1.616879999999999858e-16
4.411322822560000532e+03 1.481460000000000066e-16
4.414364285060000839e+03 1.368570000000000168e-16
4.417405641770000329e+03 1.496420000000000116e-16
4.420447104270000636e+03 1.504379999999999756e-16
4.423488460980000127e+03 1.523309999999999947e-16
4.426529923480000434e+03 1.688470000000000199e-16
4.429571280189999925e+03 1.538330000000000041e-16
4.432612742690000232e+03 1.647949999999999986e-16
4.435654099399999723e+03 1.745909999999999857e-16
4.438695561900000030e+03 1.680050000000000054e-16
4.441736918610000430e+03 1.514550000000000126e-16
4.444778381110000737e+03 1.478820000000000086e-16
4.447819737820000228e+03 1.668580000000000038e-16
4.450861200320000535e+03 1.584059999999999997e-16
4.453902557030000025e+03 1.614100000000000186e-16
4.456944019530000332e+03 1.652020000000000120e-16
4.459985376239999823e+03 1.609790000000000122e-16
4.463026838740000130e+03 1.621820000000000142e-16
4.466068195450000530e+03 1.668289999999999988e-16
4.469109657950000837e+03 1.518199999999999949e-16
4.472151014660000328e+03 1.528879999999999957e-16
4.475192477160000635e+03 1.696629999999999823e-16
4.478233833870000126e+03 1.541749999999999858e-16
4.481275296370000433e+03 1.582189999999999930e-16
4.484316653079999924e+03 1.483180000000000023e-16
4.487358115580000231e+03 1.630139999999999802e-16
4.490399472290000631e+03 1.760350000000000097e-16
4.493440934790000938e+03 1.656209999999999848e-16
4.496482291500000429e+03 1.743319999999999996e-16
4.499523754000000736e+03 1.660949999999999902e-16
4.502565110710000226e+03 1.650820000000000218e-16
4.505606573210000533e+03 1.691299999999999991e-16
4.508647929920000024e+03 1.775599999999999950e-16
4.511689392420000331e+03 1.697709999999999882e-16
4.514730749129999822e+03 1.688750000000000077e-16
4.517772211630000129e+03 1.647809999999999801e-16
4.520813568340000529e+03 1.756429999999999828e-16
4.523855030840000836e+03 1.670459999999999784e-16
4.526896387550000327e+03 1.703629999999999986e-16
4.529937850050000634e+03 1.713929999999999877e-16
4.532979206760000125e+03 1.748079999999999900e-16
4.536020669260000432e+03 1.824170000000000116e-16
4.539062025969999922e+03 1.745109999999999922e-16
4.542103488470000229e+03 1.766499999999999960e-16
4.545144845180000630e+03 1.559290000000000090e-16
4.548186307680000937e+03 1.558729999999999840e-16
4.551227664390000427e+03 1.427620000000000112e-16
4.554269126890000734e+03 1.532160000000000081e-16
4.557310483600000225e+03 1.497879999999999798e-16
4.560351946100000532e+03 1.544799999999999977e-16
4.563393302810000023e+03 1.568100000000000030e-16
4.566434765310000330e+03 1.548269999999999913e-16
4.569476122019999821e+03 1.592820000000000065e-16
4.572517584520000128e+03 1.633210000000000017e-16
4.575558941230000528e+03 1.496479999999999913e-16
4.578600403730000835e+03 1.558359999999999895e-16
4.581641760440000326e+03 1.623099999999999938e-16
4.584683222940000633e+03 1.622959999999999998e-16
4.587724579650000123e+03 1.325620000000000131e-16
4.590766042150000430e+03 1.281420000000000073e-16
4.593807398859999921e+03 1.450219999999999976e-16
4.596848861360000228e+03 1.311160000000000040e-16
4.599890218070000628e+03 1.378630000000000128e-16
4.602931680570000935e+03 1.393040000000000100e-16
4.605973037280000426e+03 1.467399999999999942e-16
4.609014499780000733e+03 1.321170000000000127e-16
4.612055856490000224e+03 1.397179999999999956e-16
4.615097318990000531e+03 1.514450000000000134e-16
4.618138675700000022e+03 1.429110000000000063e-16
4.621180138200000329e+03 1.245249999999999872e-16
4.624221494909999819e+03 1.296379999999999877e-16
4.627262957410000126e+03 1.332079999999999895e-16
4.630304314120000527e+03 1.436760000000000049e-16
4.633345776620000834e+03 1.319420000000000148e-16
4.636387133330000324e+03 1.255720000000000218e-16
4.639428595830000631e+03 1.237310000000000082e-16
4.642469952540000122e+03 1.242690000000000034e-16
4.645511415040000429e+03 1.282810000000000033e-16
4.648552771749999920e+03 1.243559999999999937e-16
4.651594234250000227e+03 1.244489999999999885e-16
4.654635590960000627e+03 1.218550000000000099e-16
4.657677053460000934e+03 1.290860000000000233e-16
4.660718410170000425e+03 1.242850000000000070e-16
4.663759872670000732e+03 1.279239999999999858e-16
4.666801229380000223e+03 1.275279999999999889e-16
4.669842691880000530e+03 1.412660000000000062e-16
4.672884048590000020e+03 1.303930000000000118e-16
4.675925511090000327e+03 1.364090000000000143e-16
4.678966867800000728e+03 1.455379999999999847e-16
4.682008330300001035e+03 1.348089999999999981e-16
4.685049687010000525e+03 1.349999999999999996e-16
4.688091149510000832e+03 1.507570000000000060e-16
4.691132506220000323e+03 1.440420000000000044e-16
4.694173968720000630e+03 1.399370000000000097e-16
4.697215325430000121e+03 1.541449999999999883e-16
4.700256787930000428e+03 1.432529999999999880e-16
4.703298144639999919e+03 1.455899999999999903e-16
4.706339607140000226e+03 1.499160000000000087e-16
4.709380963850000626e+03 1.446509999999999863e-16
4.712422426350000933e+03 1.497779999999999806e-16
4.715463783060000424e+03 1.413129999999999999e-16
4.718505245560000731e+03 1.443669999999999899e-16
4.721546602270000221e+03 1.492649999999999958e-16
4.724588064770000528e+03 1.504379999999999756e-16
4.727629421480000019e+03 1.677479999999999798e-16
4.730670883980000326e+03 1.604879999999999860e-16
4.733712240689999817e+03 1.678270000000000053e-16
4.736753703190000124e+03 1.720059999999999890e-16
4.739795059899999615e+03 1.700550000000000092e-16
4.742836522399999922e+03 1.716329999999999926e-16
4.745877879110000322e+03 1.668780000000000021e-16
4.748919341610000629e+03 1.633079999999999757e-16
4.751960698320000120e+03 1.714059999999999891e-16
4.755002160820000427e+03 1.863540000000000301e-16
4.758043517529999917e+03 1.890119999999999985e-16
4.761084980030000224e+03 1.902370000000000086e-16
4.764126336740000625e+03 1.871780000000000066e-16
4.767167799240000932e+03 1.956349999999999979e-16
4.770209155950000422e+03 2.071940000000000147e-16
4.773250618450000729e+03 2.022549999999999950e-16
4.776291975160000220e+03 2.076509999999999746e-16
4.779333437660000527e+03 2.078859999999999676e-16
4.782374794370000018e+03 2.125880000000000093e-16
4.785416256870000325e+03 2.169539999999999997e-16
4.788457613579999816e+03 2.113440000000000180e-16
4.791499076080000123e+03 2.202920000000000108e-16
4.794540432790000523e+03 2.209659999999999997e-16
4.797581895290000830e+03 2.341209999999999639e-16
4.800623252000000321e+03 2.318209999999999562e-16
4.803664714500000628e+03 2.355570000000000232e-16
4.806706071210000118e+03 2.346309999999999959e-16
4.809747533710000425e+03 2.349360000000000078e-16
4.812788890419999916e+03 2.424300000000000266e-16
4.815830352920000223e+03 2.481430000000000269e-16
4.818871709630000623e+03 2.579400000000000065e-16
4.821913172130000930e+03 2.606029999999999868e-16
4.824954528840000421e+03 2.602929999999999877e-16
4.827995991340000728e+03 2.591079999999999990e-16
4.831037348050000219e+03 2.808590000000000245e-16
4.834078810550000526e+03 2.884709999999999498e-16
4.837120167260000017e+03 2.750730000000000030e-16
4.840161629760000324e+03 2.723419999999999888e-16
4.843202986469999814e+03 2.727599999999999692e-16
4.846244448970000121e+03 2.793590000000000001e-16
4.849285805680000522e+03 2.768669999999999983e-16
4.852327268180000829e+03 2.797059999999999444e-16
4.855368624890000319e+03 3.051940000000000048e-16
4.858410087390000626e+03 3.026910000000000112e-16
4.861451444100000117e+03 2.813969999999999950e-16
4.864492906600000424e+03 2.901430000000000191e-16
4.867534263309999915e+03 3.052060000000000136e-16
4.870575725810000222e+03 2.974639999999999758e-16
4.873617188309999619e+03 2.991159999999999975e-16
4.876658545020000929e+03 2.888560000000000043e-16
4.879700007520000327e+03 2.937890000000000196e-16
4.882741364230000727e+03 2.890499999999999834e-16
4.885782826730000124e+03 2.944200000000000096e-16
4.888824183440000525e+03 2.868619999999999763e-16
4.891865645939999922e+03 2.755050000000000266e-16
4.894907002650000322e+03 2.813699999999999750e-16
4.897948465149999720e+03 2.667170000000000207e-16
4.900989821860000120e+03 2.638809999999999782e-16
4.904031284359999518e+03 2.757940000000000102e-16
4.907072641070000827e+03 2.607110000000000174e-16
4.910114103570000225e+03 2.468960000000000088e-16
4.913155460280000625e+03 2.424049999999999917e-16
4.916196922780000023e+03 2.365750000000000034e-16
4.919238279490000423e+03 2.341559999999999734e-16
4.922279741989999820e+03 2.339000000000000142e-16
4.925321098700000221e+03 2.399400000000000098e-16
4.928362561199999618e+03 2.280529999999999805e-16
4.931403917910000928e+03 2.174410000000000065e-16
4.934445380410000325e+03 2.222599999999999868e-16
4.937486737120000726e+03 2.156350000000000270e-16
4.940528199620000123e+03 2.161900000000000183e-16
4.943569556330000523e+03 2.166760000000000079e-16
4.946611018829999921e+03 2.075589999999999970e-16
4.949652375540000321e+03 2.108940000000000058e-16
4.952693838039999719e+03 2.128470000000000200e-16
4.955735194750000119e+03 1.932199999999999872e-16
4.958776657249999516e+03 2.120719999999999975e-16
4.961818013960000826e+03 1.968370000000000073e-16
4.964859476460000224e+03 1.943370000000000160e-16
4.967900833170000624e+03 2.014100000000000030e-16
4.970942295670000021e+03 2.002009999999999965e-16
4.973983652380000422e+03 1.869919999999999923e-16
4.977025114879999819e+03 1.785459999999999927e-16
4.980066471590000219e+03 1.808579999999999847e-16
4.983107934089999617e+03 1.808469999999999930e-16
4.986149290800000927e+03 1.819290000000000124e-16
4.989190753300000324e+03 1.709259999999999793e-16
4.992232110010000724e+03 1.715750000000000072e-16
4.995273466720000215e+03 1.674509999999999820e-16
4.998314929220000522e+03 1.792709999999999700e-16
5.001356285930000013e+03 1.664250000000000123e-16
5.004397748430000320e+03 1.679320000000000090e-16
5.007439105139999810e+03 1.607369999999999976e-16
5.010480567640000118e+03 1.596920000000000220e-16
5.013521924350000518e+03 1.645429999999999849e-16
5.016563386850000825e+03 1.718800000000000191e-16
5.019604743560000315e+03 1.591800000000000050e-16
5.022646206060000623e+03 1.692020000000000030e-16
5.025687562770000113e+03 1.651909999999999710e-16
5.028729025270000420e+03 1.730909999999999859e-16
5.031770381979999911e+03 1.675740000000000237e-16
5.034811844480000218e+03 1.598449999999999872e-16
5.037853306979999616e+03 1.606800000000000047e-16
5.040894663690000925e+03 1.614589999999999973e-16
5.043936126190000323e+03 1.791690000000000178e-16
5.046977482900000723e+03 1.766139999999999941e-16
5.050018945400000121e+03 1.772290000000000051e-16
5.053060302110000521e+03 1.703569999999999942e-16
5.056101764609999918e+03 1.754580000000000104e-16
5.059143121320000319e+03 1.681530000000000080e-16
5.062184583819999716e+03 1.661030000000000043e-16
5.065225940530000116e+03 1.740279999999999803e-16
5.068267403029999514e+03 1.843709999999999937e-16
5.071308759740000824e+03 1.870730000000000029e-16
5.074350222240000221e+03 1.764770000000000078e-16
5.077391578950000621e+03 1.711959999999999818e-16
5.080433041450000019e+03 1.668800000000000118e-16
5.083474398160000419e+03 1.738549999999999920e-16
5.086515860659999817e+03 1.739570000000000181e-16
5.089557217370000217e+03 1.668080000000000079e-16
5.092598679869999614e+03 1.759859999999999817e-16
5.095640036580000924e+03 1.728699999999999869e-16
5.098681499080000322e+03 1.679190000000000076e-16
5.101722855790000722e+03 1.758140000000000107e-16
5.104764318290000119e+03 1.732490000000000124e-16
5.107805675000000520e+03 1.752159999999999958e-16
5.110847137499999917e+03 1.752619999999999970e-16
5.113888494210000317e+03 1.748099999999999997e-16
5.116929956709999715e+03 1.715529999999999992e-16
5.119971313420000115e+03 1.745240000000000183e-16
5.123012775919999513e+03 1.726649999999999914e-16
5.126054132630000822e+03 1.744979999999999908e-16
5.129095595130000220e+03 1.808609999999999870e-16
5.132136951840000620e+03 1.734709999999999793e-16
5.135178414340000018e+03 1.712180000000000145e-16
5.138219771050000418e+03 1.704599999999999881e-16
5.141261233549999815e+03 1.715020000000000108e-16
5.144302590260000215e+03 1.793740000000000133e-16
5.147344052759999613e+03 1.651520000000000161e-16
5.150385409470000923e+03 1.748780000000000089e-16
5.153426871970000320e+03 1.705210000000000004e-16
5.156468228680000720e+03 1.767879999999999995e-16
5.159509691180000118e+03 1.819299999999999803e-16
5.162551047890000518e+03 1.910170000000000183e-16
5.165592510389999916e+03 2.016609999999999995e-16
5.168633867100000316e+03 1.928950000000000017e-16
5.171675329599999714e+03 1.844249999999999843e-16
5.174716686310000114e+03 1.959500000000000089e-16
5.177758148809999511e+03 2.055049999999999985e-16
5.180799505520000821e+03 2.079040000000000055e-16
5.183840968020000219e+03 2.083330000000000022e-16
5.186882324730000619e+03 2.145750000000000157e-16
5.189923787230000016e+03 2.125240000000000195e-16
5.192965143940000416e+03 2.055409999999999758e-16
5.196006606439999814e+03 2.138199999999999916e-16
5.199047963150000214e+03 2.121920000000000369e-16
5.202089425649999612e+03 2.085340000000000029e-16
5.205130782360000921e+03 2.048900000000000122e-16
5.208172244860000319e+03 2.072020000000000288e-16
5.211213601570000719e+03 2.076409999999999754e-16
5.214255064070000117e+03 2.184499999999999801e-16
5.217296420780000517e+03 2.161909999999999862e-16
5.220337883279999915e+03 2.011759999999999779e-16
5.223379239990000315e+03 2.010110000000000038e-16
5.226420702489999712e+03 2.049210000000000022e-16
5.229462059200000112e+03 2.089729999999999988e-16
5.232503521699999510e+03 1.977900000000000053e-16
5.235544878410000820e+03 2.020809999999999896e-16
5.238586340910000217e+03 1.966820000000000078e-16
5.241627697620000617e+03 1.963840000000000175e-16
5.244669160120000015e+03 1.958720000000000005e-16
5.247710516830000415e+03 1.852070000000000037e-16
5.250751979329999813e+03 1.931420000000000035e-16
5.253793336040000213e+03 1.830609999999999783e-16
5.256834798539999611e+03 1.774890000000000083e-16
5.259876155250000920e+03 1.746580000000000023e-16
5.262917617750000318e+03 1.770379999999999789e-16
5.265958974460000718e+03 1.786300000000000055e-16
5.269000436960000116e+03 1.740870000000000074e-16
5.272041793670000516e+03 1.741259999999999870e-16
5.275083256169999913e+03 1.635289999999999994e-16
5.278124612880000313e+03 1.757690000000000267e-16
5.281166075379999711e+03 1.750220000000000167e-16
5.284207432090000111e+03 1.714190000000000152e-16
5.287248894589999509e+03 1.701459999999999696e-16
5.290290251300000818e+03 1.661379999999999891e-16
5.293331713800000216e+03 1.814309999999999893e-16
5.296373070510000616e+03 1.938679999999999979e-16
5.299414533010000014e+03 1.830329999999999905e-16
5.302455889720000414e+03 1.737950000000000216e-16
5.305497352219999811e+03 1.687220000000000179e-16
5.308538708930000212e+03 1.691199999999999999e-16
5.311580171429999609e+03 1.705159999999999885e-16
5.314621528140000919e+03 1.676509999999999902e-16
5.317662990640000316e+03 1.663629999999999829e-16
5.320704347350000717e+03 1.706280000000000138e-16
5.323745809850000114e+03 1.667599999999999970e-16
5.326787166560000514e+03 1.739209999999999915e-16
5.329828629059999912e+03 1.632589999999999970e-16
5.332869985770000312e+03 1.586400000000000002e-16
5.335911448269999710e+03 1.679740000000000154e-16
5.338952804980000110e+03 1.618349999999999959e-16
5.341994267479999507e+03 1.673509999999999903e-16
5.345035624190000817e+03 1.616090000000000096e-16
5.348077086690000215e+03 1.673699999999999961e-16
5.351118443400000615e+03 1.738590000000000114e-16
5.354159905900000012e+03 1.727140000000000194e-16
5.357201262610000413e+03 1.639270000000000060e-16
5.360242725109999810e+03 1.621489999999999898e-16
5.363284081820000210e+03 1.702249999999999952e-16
5.366325544319999608e+03 1.663509999999999740e-16
5.369366901030000918e+03 1.651890000000000106e-16
5.372408363530000315e+03 1.484209999999999963e-16
5.375449720240000715e+03 1.500020000000000066e-16
5.378491182740000113e+03 1.675920000000000123e-16
5.381532539450000513e+03 1.648129999999999873e-16
5.384574001949999911e+03 1.715850000000000064e-16
5.387615358660000311e+03 1.705049999999999968e-16
5.390656821159999708e+03 1.716340000000000098e-16
5.393698177870000109e+03 1.609549999999999944e-16
5.396739640369999506e+03 1.628300000000000002e-16
5.399780997080000816e+03 1.616430000000000019e-16
5.402822459580000213e+03 1.585939999999999991e-16
5.405863816290000614e+03 1.664200000000000004e-16
5.408905278790000011e+03 1.667179999999999906e-16
5.411946635500000411e+03 1.692040000000000127e-16
5.414988097999999809e+03 1.663629999999999829e-16
5.418029454710000209e+03 1.664350000000000115e-16
5.421070917209999607e+03 1.651279999999999737e-16
5.424112273920000916e+03 1.677390000000000224e-16
5.427153736420000314e+03 1.704680000000000023e-16
5.430195093130000714e+03 1.794350000000000009e-16
5.433236555630000112e+03 1.774609999999999712e-16
5.436277912340000512e+03 1.750200000000000070e-16
5.439319374839999909e+03 1.722529999999999909e-16
5.442360731550000310e+03 1.762959999999999808e-16
5.445402194049999707e+03 1.751359999999999777e-16
5.448443550760000107e+03 1.729029999999999866e-16
5.451485013259999505e+03 1.816779999999999912e-16
5.454526369970000815e+03 1.936190000000000111e-16
5.457567832470000212e+03 1.945699999999999993e-16
5.460609189180000612e+03 1.961140000000000151e-16
5.463650651680000010e+03 1.825279999999999951e-16
5.466692008390000410e+03 1.720790000000000101e-16
5.469733470889999808e+03 1.748009999999999930e-16
5.472774827600001117e+03 1.818849999999999963e-16
5.475816290100000515e+03 1.949299999999999943e-16
5.478857646810000915e+03 2.068080000000000169e-16
5.481899109310000313e+03 2.061609999999999987e-16
5.484940466020000713e+03 2.004640000000000266e-16
5.487981928520000110e+03 2.047109999999999949e-16
5.491023285230000511e+03 2.064879999999999940e-16
5.494064747729999908e+03 2.147949999999999729e-16
5.497106104440000308e+03 2.245629999999999968e-16
5.500147566939999706e+03 2.292720000000000108e-16
5.503188923650000106e+03 2.238600000000000029e-16
5.506230386149999504e+03 2.184020000000000185e-16
5.509271742860000813e+03 2.212009999999999926e-16
5.512313205360000211e+03 2.250229999999999589e-16
5.515354562070000611e+03 2.347760000000000209e-16
5.518396024570000009e+03 2.333290000000000193e-16
5.521437381280000409e+03 2.333209999999999805e-16
5.524478843779999806e+03 2.359329999999999725e-16
5.527520200490000207e+03 2.401180000000000099e-16
5.530561662989999604e+03 2.376540000000000452e-16
5.533603019700000004e+03 2.475650000000000104e-16
5.536644482199999402e+03 2.518370000000000136e-16
5.539685838910000712e+03 2.428009999999999886e-16
5.542727301410000109e+03 2.504330000000000109e-16
5.545768658120000509e+03 2.548200000000000169e-16
5.548810120619999907e+03 2.563359999999999709e-16
5.551851477330000307e+03 2.634950000000000050e-16
5.554892939829999705e+03 2.550999999999999938e-16
5.557934296540000105e+03 2.559169999999999734e-16
5.560975759039999502e+03 2.454279999999999917e-16
5.564017115750000812e+03 2.505920000000000298e-16
5.567058578250000210e+03 2.442640000000000185e-16
5.570099934960000610e+03 2.111009999999999863e-16
5.573141397460000007e+03 2.023249999999999892e-16
5.576182754170000408e+03 2.868269999999999668e-16
5.579224216669999805e+03 2.854240000000000306e-16
5.582265573380000205e+03 2.785159999999999685e-16
5.585307035879999603e+03 2.631370000000000197e-16
5.588348392590000913e+03 2.567550000000000178e-16
5.591389855090000310e+03 2.628789999999999769e-16
5.594431211799999801e+03 2.607620000000000058e-16
5.597472674299999198e+03 2.667979999999999820e-16
5.600514031010000508e+03 2.549879999999999932e-16
5.603555493509999906e+03 2.529199999999999762e-16
5.606596850220000306e+03 2.537690000000000122e-16
5.609638312719999703e+03 2.595360000000000032e-16
5.612679669430000104e+03 2.606940000000000212e-16
5.615721131929999501e+03 2.636650000000000157e-16
5.618762488640000811e+03 2.629040000000000118e-16
5.621803951140000208e+03 2.500450000000000034e-16
5.624845307850000609e+03 2.531739999999999996e-16
5.627886770350000006e+03 2.507759999999999851e-16
5.630928127060000406e+03 2.524600000000000140e-16
5.633969589559999804e+03 2.439149999999999906e-16
5.637010946270000204e+03 2.439899999999999967e-16
5.640052408769999602e+03 2.429490000000000159e-16
5.643093765480000911e+03 2.517809999999999886e-16
5.646135227980000309e+03 2.533410000000000080e-16
5.649176584690000709e+03 2.507290000000000161e-16
5.652218047190000107e+03 2.475559999999999545e-16
5.655259403900000507e+03 2.433059999999999840e-16
5.658300866399999904e+03 2.510820000000000141e-16
5.661342223110000305e+03 2.531129999999999874e-16
5.664383685609999702e+03 2.563249999999999792e-16
5.667425042320000102e+03 2.578069999999999903e-16
5.670466504819999500e+03 2.491299999999999678e-16
5.673507861530000810e+03 2.465609999999999748e-16
5.676549324030000207e+03 2.432120000000000460e-16
5.679590680740000607e+03 2.410169999999999679e-16
5.682632143240000005e+03 2.516220000000000190e-16
5.685673499950000405e+03 2.539569999999999869e-16
5.688714962449999803e+03 2.549879999999999932e-16
5.691756319160000203e+03 2.590749999999999746e-16
5.694797781659999600e+03 2.504289999999999915e-16
5.697839138370000910e+03 2.434439999999999874e-16
5.700880600870000308e+03 2.432029999999999900e-16
5.703921957580000708e+03 2.473550000000000031e-16
5.706963420080000105e+03 2.417520000000000183e-16
5.710004776790000506e+03 2.473900000000000125e-16
5.713046239289999903e+03 2.466530000000000264e-16
5.716087596000000303e+03 2.419099999999999708e-16
5.719129058499999701e+03 2.433029999999999818e-16
5.722170415210000101e+03 2.483550000000000193e-16
5.725211877709999499e+03 2.384170000000000341e-16
5.728253234420000808e+03 2.440090000000000272e-16
5.731294696920000206e+03 2.552330000000000100e-16
5.734336053630000606e+03 2.472060000000000079e-16
5.737377516130000004e+03 2.426609999999999509e-16
5.740418872840000404e+03 2.502070000000000246e-16
5.743460335339999801e+03 2.420210000000000036e-16
5.746501692050000202e+03 2.395670000000000134e-16
5.749543154549999599e+03 2.482579999999999805e-16
5.752584511260000909e+03 2.400430000000000038e-16
5.755625973760000306e+03 2.423370000000000071e-16
5.758667330470000707e+03 2.504939999999999738e-16
5.761708792970000104e+03 2.348109999999999811e-16
5.764750149680000504e+03 2.337319999999999886e-16
5.767791612179999902e+03 2.363100000000000376e-16
5.770832968890000302e+03 2.413930000000000158e-16
5.773874431389999700e+03 2.420999999999999798e-16
5.776915788100001009e+03 2.298550000000000145e-16
5.779957250600000407e+03 2.327929999999999846e-16
5.782998607310000807e+03 2.295199999999999805e-16
5.786040069810000205e+03 2.305609999999999613e-16
5.789081426520000605e+03 2.269399999999999958e-16
5.792122889020000002e+03 2.256600000000000026e-16
5.795164245730000403e+03 2.370380000000000171e-16
5.798205708229999800e+03 2.327669999999999818e-16
5.801247064940000200e+03 2.289940000000000189e-16
5.804288527439999598e+03 2.410989999999999957e-16
5.807329884150000908e+03 2.458359999999999975e-16
5.810371346650000305e+03 2.387429999999999629e-16
5.813412703360000705e+03 2.250759999999999816e-16
5.816454165860000103e+03 2.267859999999999641e-16
5.819495522570000503e+03 2.347960000000000193e-16
5.822536985069999901e+03 2.291920000000000174e-16
5.825578341780000301e+03 2.358840000000000184e-16
5.828619804279999698e+03 2.297389999999999945e-16
5.831661160990000099e+03 2.321529999999999880e-16
5.834702623489999496e+03 2.241090000000000391e-16
5.837743980200000806e+03 2.228969999999999811e-16
5.840785442700000203e+03 2.265190000000000132e-16
5.843826799410000604e+03 2.174949999999999971e-16
5.846868261910000001e+03 2.233810000000000103e-16
5.849909618620000401e+03 2.305759999999999724e-16
5.852951081119999799e+03 2.204959999999999891e-16
5.855992437830000199e+03 2.204530000000000148e-16
5.859033900329999597e+03 2.159759999999999915e-16
5.862075362829999904e+03 2.225900000000000335e-16
5.865116719540000304e+03 2.245520000000000051e-16
5.868158182040000611e+03 2.274090000000000138e-16
5.871199538750000102e+03 2.189179999999999810e-16
5.874241001250000409e+03 2.211780000000000167e-16
5.877282357959999899e+03 2.177370000000000363e-16
5.880323820460000206e+03 2.184629999999999815e-16
5.883365177169999697e+03 2.136809999999999710e-16
5.886406639670000004e+03 2.001160000000000158e-16
5.889447996379999495e+03 1.931129999999999985e-16
5.892489458879999802e+03 1.979359999999999735e-16
5.895530815590000202e+03 2.102720000000000225e-16
5.898572278090000509e+03 2.104540000000000174e-16
5.901613634799999090e+03 2.021159999999999990e-16
5.904655097299999397e+03 2.113390000000000308e-16
5.907696454009999798e+03 2.038990000000000026e-16
5.910737916510000105e+03 1.940270000000000169e-16
5.913779273219999595e+03 1.949829999999999924e-16
5.916820735719999902e+03 1.977630000000000100e-16
5.919862092430000303e+03 1.939220000000000132e-16
5.922903554930000610e+03 1.942329999999999802e-16
5.925944911640000100e+03 1.911209999999999801e-16
5.928986374140000407e+03 1.971280000000000006e-16
5.932027730849999898e+03 1.982670000000000128e-16
5.935069193350000205e+03 1.912949999999999855e-16
5.938110550059999696e+03 1.959109999999999801e-16
5.941152012560000003e+03 1.787250000000000100e-16
5.944193369269999494e+03 1.843909999999999921e-16
5.947234831769999801e+03 1.843209999999999732e-16
5.950276188480000201e+03 1.816170000000000036e-16
5.953317650980000508e+03 1.879150000000000174e-16
5.956359007689999999e+03 1.866649999999999971e-16
5.959400470190000306e+03 1.819659999999999822e-16
5.962441826899999796e+03 1.904390000000000264e-16
5.965483289400000103e+03 1.887420000000000207e-16
5.968524646109999594e+03 1.899479999999999757e-16
5.971566108609999901e+03 1.915309999999999957e-16
5.974607465320001211e+03 1.840520000000000126e-16
5.977648927820000608e+03 1.818790000000000165e-16
5.980690284530000099e+03 1.786240000000000011e-16
5.983731747030000406e+03 1.755720000000000207e-16
5.986773103739999897e+03 1.740770000000000083e-16
5.989814566240000204e+03 1.742770000000000164e-16
5.992855922949999695e+03 1.815029999999999932e-16
5.995897385450000002e+03 1.756929999999999787e-16
5.998938742159999492e+03 1.796970000000000138e-16
6.001980204659999799e+03 1.824759999999999895e-16
6.005021561370000200e+03 1.797270000000000113e-16
6.008063023870000507e+03 1.810390000000000117e-16
6.011104380579999997e+03 1.818649999999999979e-16
6.014145843080000304e+03 1.739709999999999874e-16
6.017187199789999795e+03 1.746919999999999946e-16
6.020228662290000102e+03 1.746780000000000007e-16
6.023270018999999593e+03 1.748540000000000158e-16
6.026311481499999900e+03 1.751440000000000165e-16
6.029352838210001210e+03 1.741679999999999934e-16
6.032394300710000607e+03 1.732209999999999752e-16
6.035435657420000098e+03 1.705720000000000134e-16
6.038477119920000405e+03 1.693740000000000234e-16
6.041518476629999896e+03 1.731259999999999707e-16
6.044559939130000203e+03 1.684540000000000252e-16
6.047601295839999693e+03 1.764009999999999845e-16
6.050642758340000000e+03 1.767370000000000111e-16
6.053684115049999491e+03 1.828809999999999932e-16
6.056725577549999798e+03 1.857679999999999994e-16
6.059766934260000198e+03 1.860250000000000005e-16
6.062808396760000505e+03 1.851079999999999798e-16
6.065849753469999996e+03 1.816850000000000128e-16
6.068891215970000303e+03 1.740519999999999980e-16
6.071932572679999794e+03 1.847599999999999937e-16
6.074974035180000101e+03 1.899770000000000300e-16
6.078015391889999592e+03 1.907409999999999868e-16
6.081056854389999899e+03 1.835929999999999937e-16
6.084098211100001208e+03 1.771709999999999950e-16
6.087139673600000606e+03 1.895850000000000031e-16
6.090181030310000097e+03 1.922329999999999970e-16
6.093222492810000404e+03 1.928670000000000138e-16
6.096263849519999894e+03 1.960379999999999918e-16
6.099305312020000201e+03 1.988729999999999925e-16
6.102346668729999692e+03 2.068359999999999801e-16
6.105388131229999999e+03 2.063709999999999814e-16
6.108429487939999490e+03 1.997370000000000150e-16
6.111470950439999797e+03 1.953370000000000076e-16
6.114512307150001106e+03 1.927279999999999932e-16
6.117553769650000504e+03 1.952440000000000128e-16
6.120595126359999995e+03 1.969790000000000055e-16
6.123636588860000302e+03 2.033209999999999861e-16
6.126677945569999792e+03 2.139959999999999821e-16
6.129719408070000100e+03 2.128049999999999889e-16
6.132760764779999590e+03 2.129749999999999996e-16
6.135802227279999897e+03 2.061449999999999704e-16
6.138843583990001207e+03 2.147349999999999779e-16
6.141885046490000605e+03 2.198199999999999905e-16
6.144926403200000095e+03 2.218170000000000208e-16
6.147967865700000402e+03 2.219580000000000018e-16
6.151009222409999893e+03 2.333320000000000215e-16
6.154050684910000200e+03 2.210230000000000172e-16
6.157092041619999691e+03 2.229909999999999685e-16
6.160133504119999998e+03 2.309849999999999954e-16
6.163174860829999488e+03 2.402490000000000410e-16
6.166216323329999796e+03 2.406720000000000087e-16
6.169257680040001105e+03 2.416620000000000011e-16
6.172299142540000503e+03 2.312119999999999989e-16
6.175340499249999993e+03 2.361930000000000004e-16
6.178381961750000301e+03 2.408089999999999949e-16
6.181423318459999791e+03 2.383870000000000120e-16
6.184464780960000098e+03 2.404799999999999653e-16
6.187506137669999589e+03 2.399159999999999920e-16
6.190547600169999896e+03 2.422829999999999672e-16
6.193588956880001206e+03 2.467990000000000193e-16
6.196630419380000603e+03 2.403449999999999641e-16
6.199671776090001003e+03 2.327009999999999823e-16
6.202713238590000401e+03 2.338020000000000075e-16
6.205754595299999892e+03 2.386099999999999961e-16
6.208796057800000199e+03 2.432790000000000134e-16
6.211837414509999689e+03 2.465120000000000207e-16
6.214878877009999997e+03 2.531609999999999736e-16
6.217920233719999487e+03 2.466730000000000247e-16
6.220961696219999794e+03 2.418490000000000079e-16
6.224003052930001104e+03 2.479290000000000002e-16
6.227044515430000502e+03 2.229369999999999778e-16
6.230085872139999992e+03 2.042619999999999998e-16
6.233127334640000299e+03 2.040290000000000165e-16
6.236168691349999790e+03 2.144540000000000084e-16
6.239210153850000097e+03 2.152120000000000101e-16
6.242251510559999588e+03 2.255909999999999516e-16
6.245292973059999895e+03 2.266469999999999928e-16
6.248334329770001204e+03 2.395449999999999807e-16
6.251375792270000602e+03 2.345209999999999803e-16
6.254417148980001002e+03 2.207749999999999981e-16
6.257458611480000400e+03 2.247309999999999731e-16
6.260499968189999890e+03 2.243790000000000415e-16
6.263541430690000198e+03 2.328830000000000018e-16
6.266582787399999688e+03 2.359579999999999581e-16
6.269624249899999995e+03 2.299249999999999841e-16
6.272665606609999486e+03 2.284949999999999786e-16
6.275707069109999793e+03 2.178549999999999921e-16
6.278748425820001103e+03 2.097920000000000127e-16
6.281789888320000500e+03 2.140520000000000070e-16
6.284831245029999991e+03 2.209849999999999808e-16
6.287872707530000298e+03 2.172979999999999911e-16
6.290914064239999789e+03 2.101420000000000086e-16
6.293955526740000096e+03 1.978770000000000203e-16
6.296996883449999586e+03 1.997520000000000015e-16
6.300038345949999893e+03 2.173649999999999832e-16
6.303079702660001203e+03 2.208330000000000081e-16
6.306121165160000601e+03 2.129749999999999996e-16
6.309162521870001001e+03 2.142529999999999831e-16
6.312203984370000398e+03 2.237480000000000023e-16
6.315245341079999889e+03 2.133870000000000002e-16
6.318286803580000196e+03 2.068530000000000009e-16
6.321328160289999687e+03 2.047349999999999880e-16
6.324369622789999994e+03 2.120829999999999892e-16
6.327410979499999485e+03 2.081920000000000213e-16
6.330452441999999792e+03 2.041230000000000038e-16
6.333493798710001101e+03 1.936109999999999723e-16
6.336535261210000499e+03 1.912220000000000137e-16
6.339576617920000899e+03 1.865220000000000064e-16
6.342618080420000297e+03 1.961640000000000110e-16
6.345659437129999787e+03 2.034310000000000017e-16
6.348700899630000094e+03 1.898729999999999942e-16
6.351742256339999585e+03 1.922650000000000042e-16
6.354783718839999892e+03 1.874740000000000118e-16
6.357825075550001202e+03 1.866909999999999752e-16
6.360866538050000599e+03 1.918490000000000336e-16
6.363907894760001000e+03 1.953029999999999907e-16
6.366949357260000397e+03 1.854729999999999868e-16
6.369990713969999888e+03 1.884909999999999749e-16
6.373032176470000195e+03 1.902959999999999864e-16
6.376073533179999686e+03 1.847609999999999862e-16
6.379114995679999993e+03 1.960690000000000065e-16
6.382156352389999483e+03 1.933860000000000031e-16
6.385197814889999790e+03 1.905579999999999747e-16
6.388239171600001100e+03 1.993920000000000065e-16
6.391280634100000498e+03 1.934829999999999927e-16
6.394321990810000898e+03 1.962309999999999784e-16
6.397363453310000295e+03 1.883409999999999872e-16
6.400404810019999786e+03 1.943090000000000282e-16
6.403446272520000093e+03 1.923409999999999783e-16
6.406487629229999584e+03 1.866370000000000092e-16
6.409529091729999891e+03 1.800809999999999772e-16
6.412570448440001201e+03 1.741319999999999914e-16
6.415611910940000598e+03 1.781520000000000055e-16
6.418653267650000998e+03 1.762559999999999841e-16
6.421694730150000396e+03 1.793709999999999864e-16
6.424736086860000796e+03 1.777179999999999968e-16
6.427777549360000194e+03 1.754420000000000068e-16
6.430818906069999684e+03 1.741170000000000050e-16
6.433860368569999991e+03 1.697349999999999862e-16
6.436901725279999482e+03 1.629199999999999928e-16
6.439943187779999789e+03 1.594959999999999839e-16
6.442984544490001099e+03 1.589720000000000074e-16
6.446026006990000496e+03 1.628139999999999966e-16
6.449067363700000897e+03 1.621929999999999812e-16
6.452108826200000294e+03 1.605699999999999892e-16
6.455150182909999785e+03 1.551719999999999999e-16
6.458191645410000092e+03 1.552329999999999874e-16
6.461233002119999583e+03 1.563450000000000043e-16
6.464274464619999890e+03 1.616490000000000063e-16
6.467315821330001199e+03 1.633159999999999898e-16
6.470357283830000597e+03 1.615640000000000010e-16
6.473398640540000997e+03 1.574079999999999932e-16
6.476440103040000395e+03 1.541149999999999908e-16
6.479481459750000795e+03 1.475749999999999870e-16
6.482522922250000192e+03 1.578220000000000281e-16
6.485564278959999683e+03 1.578029999999999730e-16
6.488605741459999990e+03 1.587880000000000028e-16
6.491647098169999481e+03 1.609260000000000141e-16
6.494688560669999788e+03 1.541649999999999866e-16
6.497729917380001098e+03 1.624139999999999803e-16
6.500771379880000495e+03 1.592049999999999906e-16
6.503812736590000895e+03 1.590589999999999977e-16
6.506854199090000293e+03 1.631650000000000096e-16
6.509895555800000693e+03 1.584579999999999807e-16
6.512937018300000091e+03 1.546950000000000169e-16
6.515978375009999581e+03 1.470870000000000124e-16
6.519019837509999888e+03 1.491390000000000012e-16
6.522061194220001198e+03 1.494410000000000109e-16
6.525102656720000596e+03 1.487969999999999949e-16
6.528144013430000996e+03 1.525419999999999946e-16
6.531185475930000393e+03 1.533280000000000087e-16
6.534226832640000794e+03 1.565910000000000136e-16
6.537268295140000191e+03 1.646870000000000174e-16
6.540309651849999682e+03 1.630589999999999888e-16
6.543351114349999989e+03 1.582440000000000032e-16
6.546392471059999480e+03 1.663170000000000064e-16
6.549433933559999787e+03 1.606110000000000030e-16
6.552475290270001096e+03 1.698309999999999832e-16
6.555516752770000494e+03 1.694120000000000104e-16
6.558558109480000894e+03 1.593660000000000193e-16
6.561599571980000292e+03 1.599410000000000089e-16
6.564640928690000692e+03 1.636400000000000075e-16
6.567682391190000089e+03 1.774530000000000063e-16
6.570723747899999580e+03 1.636300000000000083e-16
6.573765210399999887e+03 1.604890000000000032e-16
6.576806567110001197e+03 1.633640000000000006e-16
6.579848029610000594e+03 1.642949999999999905e-16
6.582889386320000995e+03 1.661290000000000071e-16
6.585930848820000392e+03 1.736590000000000032e-16
6.588972205530000792e+03 1.653209999999999849e-16
6.592013668030000190e+03 1.669570000000000030e-16
6.595055024739999681e+03 1.700859999999999746e-16
6.598096487239999988e+03 1.708249999999999951e-16
6.601137843949999478e+03 1.662840000000000067e-16
6.604179306449999785e+03 1.720559999999999849e-16
6.607220663160001095e+03 1.750540000000000239e-16
6.610262125660000493e+03 1.765119999999999926e-16
6.613303482370000893e+03 1.753909999999999937e-16
6.616344944870000290e+03 1.730720000000000048e-16
6.619386301580000691e+03 1.725429999999999916e-16
6.622427764080000088e+03 1.696999999999999768e-16
6.625469120789999579e+03 1.758919999999999944e-16
6.628510583289999886e+03 1.785840000000000044e-16
6.631551940000001196e+03 1.806699999999999854e-16
6.634593402500000593e+03 1.832759999999999976e-16
6.637634759210000993e+03 1.789140000000000265e-16
6.640676221710000391e+03 1.810159999999999865e-16
6.643717578420000791e+03 1.805040000000000188e-16
6.646759040920000189e+03 1.932790000000000144e-16
6.649800397630000589e+03 1.933279999999999931e-16
6.652841860129999986e+03 1.866329999999999898e-16
6.655883216839999477e+03 1.830309999999999808e-16
6.658924679339999784e+03 1.858700000000000009e-16
6.661966036050001094e+03 1.901399999999999944e-16
6.665007498550000491e+03 1.967890000000000211e-16
6.668048855260000892e+03 1.967579999999999818e-16
6.671090317760000289e+03 1.935259999999999669e-16
6.674131674470000689e+03 1.867520000000000121e-16
6.677173136970000087e+03 1.899679999999999987e-16
6.680214493679999578e+03 1.834109999999999988e-16
6.683255956179999885e+03 1.793620000000000044e-16
6.686297312890001194e+03 1.849809999999999928e-16
6.689338775390000592e+03 1.861029999999999842e-16
6.692380132100000992e+03 1.941170000000000095e-16
6.695421594600000390e+03 1.958640000000000110e-16
6.698462951310000790e+03 1.895950000000000023e-16
6.701504413810000187e+03 1.834709999999999939e-16
6.704545770520000588e+03 1.851340000000000319e-16
6.707587233019999985e+03 1.848180000000000037e-16
6.710628589729999476e+03 1.878419999999999963e-16
6.713670052229999783e+03 1.891179999999999947e-16
6.716711408940001093e+03 1.870690000000000082e-16
6.719752871440000490e+03 1.938990000000000126e-16
6.722794228150000890e+03 1.950219999999999966e-16
6.725835690650000288e+03 1.892340000000000147e-16
6.728877047360000688e+03 1.897390000000000101e-16
6.731918509860000086e+03 1.887259999999999925e-16
6.734959866570000486e+03 1.930129999999999821e-16
6.738001329069999883e+03 1.885140000000000001e-16
6.741042685780001193e+03 1.884180000000000031e-16
6.744084148280000591e+03 1.976789999999999972e-16
6.747125504990000991e+03 1.954190000000000107e-16
6.750166967490000388e+03 1.926979999999999957e-16
6.753208324200001698e+03 1.958259999999999994e-16
6.756249786700001096e+03 1.927230000000000060e-16
6.759291143410000586e+03 1.890400000000000110e-16
6.762332605909999984e+03 1.943709999999999836e-16
6.765373962619999475e+03 1.909149999999999922e-16
6.768415425119999782e+03 1.943240000000000146e-16
6.771456781830001091e+03 1.890959999999999867e-16
6.774498244330000489e+03 1.946180000000000101e-16
6.777539601040000889e+03 1.905809999999999753e-16
6.780581063540000287e+03 1.927100000000000046e-16
6.783622420250000687e+03 1.843840000000000197e-16
6.786663882750000084e+03 1.929479999999999751e-16
6.789705239460000485e+03 1.954479999999999911e-16
6.792746701959999882e+03 1.956079999999999779e-16
6.795788058670001192e+03 1.976829999999999919e-16
6.798829521170000589e+03 1.923770000000000049e-16
6.801870877880000990e+03 1.923900000000000063e-16
6.804912340380000387e+03 1.873209999999999726e-16
6.807953697090000787e+03 1.892279999999999857e-16
6.810995159590000185e+03 1.918790000000000311e-16
6.814036516300000585e+03 1.925009999999999897e-16
6.817077978799999983e+03 1.936340000000000221e-16
6.820119335509999473e+03 1.907789999999999984e-16
6.823160798009999780e+03 1.845509999999999789e-16
6.826202154720001090e+03 1.797959999999999884e-16
6.829243617220000488e+03 1.936479999999999914e-16
6.832284973930000888e+03 2.022920000000000141e-16
6.835326436430000285e+03 1.913599999999999925e-16
6.838367793140000686e+03 1.889820000000000010e-16
6.841409255640000083e+03 1.947109999999999803e-16
6.844450612350000483e+03 2.008059999999999837e-16
6.847492074849999881e+03 1.866890000000000148e-16
6.850533537350000188e+03 1.926080000000000031e-16
6.853574894060000588e+03 1.971990000000000120e-16
6.856616356560000895e+03 1.926050000000000009e-16
6.859657713270000386e+03 1.973740000000000099e-16
6.862699175770000693e+03 2.173469999999999945e-16
6.865740532480000184e+03 2.132800000000000114e-16
6.868781994980000491e+03 1.725279999999999805e-16
6.871823351689999981e+03 1.527529999999999945e-16
6.874864814190000288e+03 1.647499999999999900e-16
6.877906170899999779e+03 1.742980000000000073e-16
6.880947633400000086e+03 1.804190000000000135e-16
6.883988990110000486e+03 1.883490000000000013e-16
6.887030452610000793e+03 1.884429999999999887e-16
6.890071809320000284e+03 1.903990000000000051e-16
6.893113271820000591e+03 1.855659999999999816e-16
6.896154628530000082e+03 1.888240000000000239e-16
6.899196091030000389e+03 1.798509999999999715e-16
6.902237447739999880e+03 1.883429999999999969e-16
6.905278910240000187e+03 1.934500000000000176e-16
6.908320266950000587e+03 1.872740000000000036e-16
6.911361729450000894e+03 1.793070000000000213e-16
6.914403086160000385e+03 1.881020000000000242e-16
6.917444548660000692e+03 1.923809999999999750e-16
6.920485905370000182e+03 1.978729999999999762e-16
6.923527367870000489e+03 1.938190000000000192e-16
6.926568724579999980e+03 2.056139999999999969e-16
6.929610187080000287e+03 2.120029999999999958e-16
6.932651543789999778e+03 1.950540000000000285e-16
6.935693006290000085e+03 1.927690000000000071e-16
6.938734363000000485e+03 2.074650000000000096e-16
6.941775825500000792e+03 2.289740000000000205e-16
6.944817182210000283e+03 2.292430000000000058e-16
6.947858644710000590e+03 2.025199999999999855e-16
6.950900001420000081e+03 1.927699999999999996e-16
6.953941463920000388e+03 1.865129999999999997e-16
6.956982820629999878e+03 1.881840000000000273e-16
6.960024283130000185e+03 2.072759999999999685e-16
6.963065639840000586e+03 2.326509999999999618e-16
6.966107102340000893e+03 2.238539999999999985e-16
6.969148459050000383e+03 1.885120000000000150e-16
6.972189921550000690e+03 1.761820000000000198e-16
6.975231278260000181e+03 1.873300000000000039e-16
6.978272740760000488e+03 1.831170000000000033e-16
6.981314097469999979e+03 1.772780000000000084e-16
6.984355559970000286e+03 1.784450000000000084e-16
6.987396916679999777e+03 1.743940000000000043e-16
6.990438379180000084e+03 1.714590000000000119e-16
6.993479735890000484e+03 1.751520000000000060e-16
6.996521198390000791e+03 1.754929999999999952e-16
6.999562555100000282e+03 1.743080000000000065e-16
7.002604017600000589e+03 1.719370000000000119e-16
7.005645374310000079e+03 1.660229999999999863e-16
7.008686836810000386e+03 1.748169999999999966e-16
7.011728193519999877e+03 1.753049999999999959e-16
7.014769656020000184e+03 1.644300000000000164e-16
7.017811012730000584e+03 1.628739999999999917e-16
7.020852475230000891e+03 1.643300000000000000e-16
7.023893831940000382e+03 1.590649999999999775e-16
7.026935294440000689e+03 1.652670000000000189e-16
7.029976651150000180e+03 1.671209999999999846e-16
7.033018113650000487e+03 1.683059999999999733e-16
7.036059470359999978e+03 1.688440000000000177e-16
7.039100932860000285e+03 1.692109999999999850e-16
7.042142289570000685e+03 1.554620000000000006e-16
7.045183752070000992e+03 1.587079999999999847e-16
7.048225108780000483e+03 1.630939999999999982e-16
7.051266571280000790e+03 1.632539999999999850e-16
7.054307927990000280e+03 1.590810000000000058e-16
7.057349390490000587e+03 1.577409999999999929e-16
7.060390747200000988e+03 1.587069999999999922e-16
7.063432209700001295e+03 1.541349999999999891e-16
7.066473566409999876e+03 1.574369999999999982e-16
7.069515028910000183e+03 1.561470000000000058e-16
7.072556385620000583e+03 1.572910000000000053e-16
7.075597848120000890e+03 1.539290000000000011e-16
7.078639204830000381e+03 1.579299999999999847e-16
7.081680667330000688e+03 1.523760000000000033e-16
7.084722024040000179e+03 1.539889999999999962e-16
7.087763486540000486e+03 1.532209999999999954e-16
7.090804843249999976e+03 1.492679999999999980e-16
7.093846305750000283e+03 1.525360000000000148e-16
7.096887662460000683e+03 1.543180000000000012e-16
7.099929124960000991e+03 1.568750000000000100e-16
7.102970481670000481e+03 1.723649999999999915e-16
7.106011944170000788e+03 1.741649999999999912e-16
7.109053300880000279e+03 1.651729999999999823e-16
7.112094763380000586e+03 1.531389999999999923e-16
7.115136120090000077e+03 1.507080000000000026e-16
7.118177582590000384e+03 1.663140000000000042e-16
7.121218939299999874e+03 1.747979999999999908e-16
7.124260401800000182e+03 1.654590000000000130e-16
7.127301758510000582e+03 1.499079999999999946e-16
7.130343221010000889e+03 1.463230000000000063e-16
7.133384577720000379e+03 1.466040000000000005e-16
7.136426040220000687e+03 1.458620000000000024e-16
7.139467396930000177e+03 1.480389999999999932e-16
7.142508859430000484e+03 1.520159999999999837e-16
7.145550216139999975e+03 1.426370000000000092e-16
7.148591678640000282e+03 1.472870000000000206e-16
7.151633035350000682e+03 1.458380000000000093e-16
7.154674497850000989e+03 1.431490000000000015e-16
7.157715854560000480e+03 1.416370000000000176e-16
7.160757317060000787e+03 1.441529999999999878e-16
7.163798673770000278e+03 1.405150000000000015e-16
7.166840136270000585e+03 1.388500000000000030e-16
7.169881492980000075e+03 1.381179999999999795e-16
7.172922955480000383e+03 1.350360000000000016e-16
7.175964312189999873e+03 1.368729999999999958e-16
7.179005774690000180e+03 1.385370000000000017e-16
7.182047131399999671e+03 1.455390000000000019e-16
7.185088593899999978e+03 1.328759999999999823e-16
7.188129950610000378e+03 1.319449999999999924e-16
7.191171413110000685e+03 1.360649999999999982e-16
7.194212769820000176e+03 1.345099999999999907e-16
7.197254232320000483e+03 1.377580000000000092e-16
7.200295589029999974e+03 1.381229999999999914e-16
7.203337051530000281e+03 1.317900000000000175e-16
7.206378408240000681e+03 1.416509999999999868e-16
7.209419870740000988e+03 1.351150000000000025e-16
7.212461227450000479e+03 1.411259999999999931e-16
7.215502689950000786e+03 1.473729999999999938e-16
7.218544046660000276e+03 1.418910000000000164e-16
7.221585509160000584e+03 1.334160000000000118e-16
7.224626865870000074e+03 1.375740000000000046e-16
7.227668328370000381e+03 1.419160000000000020e-16
7.230709685079999872e+03 1.398350000000000082e-16
7.233751147580000179e+03 1.223570000000000031e-16
7.236792504290000579e+03 1.243520000000000236e-16
7.239833966790000886e+03 1.321729999999999884e-16
7.242875323500000377e+03 1.318159999999999956e-16
7.245916786000000684e+03 1.434729999999999945e-16
7.248958142710000175e+03 1.402180000000000038e-16
7.251999605210000482e+03 1.361529999999999811e-16
7.255040961919999972e+03 1.355720000000000117e-16
7.258082424420000279e+03 1.278110000000000173e-16
7.261123781130000680e+03 1.346439999999999747e-16
7.264165243630000987e+03 1.330300000000000140e-16
7.267206600340000477e+03 1.327229999999999924e-16
7.270248062840000784e+03 1.283509999999999975e-16
7.273289419550000275e+03 1.339580000000000016e-16
7.276330882050000582e+03 1.301199999999999825e-16
7.279372238760000073e+03 1.373779999999999911e-16
7.282413701260000380e+03 1.492040000000000082e-16
7.285455057969999871e+03 1.413410000000000124e-16
7.288496520470000178e+03 1.395439999999999903e-16
7.291537877180000578e+03 1.350669999999999917e-16
7.294579339680000885e+03 1.438310000000000045e-16
7.297620696390000376e+03 1.435760000000000132e-16
7.300662158890000683e+03 1.339180000000000049e-16
7.303703515600000173e+03 1.398290000000000038e-16
7.306744978100000480e+03 1.398979999999999808e-16
7.309786334809999971e+03 1.376730000000000038e-16
7.312827797310000278e+03 1.267689999999999947e-16
7.315869154020000678e+03 1.347289999999999801e-16
7.318910616520000985e+03 1.415159999999999856e-16
7.321951973230000476e+03 1.401550000000000065e-16
7.324993435730000783e+03 1.367260000000000103e-16
7.328034792440000274e+03 1.354219999999999994e-16
7.331076254940000581e+03 1.374810000000000098e-16
7.334117611650000072e+03 1.303639999999999821e-16
7.337159074150000379e+03 1.236909999999999869e-16
7.340200430859999869e+03 1.505460000000000061e-16
7.343241893360000176e+03 1.561579999999999975e-16
7.346283250070000577e+03 1.370669999999999995e-16
7.349324712570000884e+03 1.382730000000000037e-16
7.352366069280000374e+03 1.362279999999999873e-16
7.355407531780000681e+03 1.263879999999999841e-16
7.358448888490000172e+03 1.375540000000000062e-16
7.361490350990000479e+03 1.356490000000000029e-16
7.364531707700000879e+03 1.409789999999999830e-16
7.367573170200001186e+03 1.434689999999999998e-16
7.370614526910000677e+03 1.552520000000000179e-16
7.373655989410000984e+03 1.473850000000000027e-16
7.376697346120000475e+03 1.395889999999999742e-16
7.379738808620000782e+03 1.327499999999999877e-16
7.382780165330000273e+03 1.429649999999999969e-16
7.385821627830000580e+03 1.290970000000000150e-16
7.388862984540000070e+03 1.413640000000000129e-16
7.391904447040000377e+03 1.479859999999999951e-16
7.394945803749999868e+03 1.427149999999999929e-16
7.397987266250000175e+03 1.434600000000000178e-16
7.401028622960000575e+03 1.434500000000000186e-16
7.404070085460000882e+03 1.341509999999999882e-16
7.407111442170000373e+03 1.343010000000000005e-16
7.410152904670000680e+03 1.331660000000000077e-16
7.413194261380000171e+03 1.373040000000000022e-16
7.416235723880000478e+03 1.377599999999999942e-16
7.419277080589999969e+03 1.425149999999999847e-16
7.422318543090000276e+03 1.381970000000000050e-16
7.425359899799999766e+03 1.367929999999999777e-16
7.428401362300000073e+03 1.334339999999999758e-16
7.431442719010000474e+03 1.364869999999999980e-16
7.434484181510000781e+03 1.334070000000000051e-16
7.437525538220000271e+03 1.341350000000000093e-16
7.440567000720000578e+03 1.349549999999999910e-16
7.443608357430000069e+03 1.335650000000000069e-16
7.446649819930000376e+03 1.444560000000000147e-16
7.449691176639999867e+03 1.494179999999999856e-16
7.452732639140000174e+03 1.388070000000000041e-16
7.455773995850000574e+03 1.403370000000000014e-16
7.458815458350000881e+03 1.378810000000000015e-16
7.461856815060000372e+03 1.399170000000000113e-16
7.464898277560000679e+03 1.341320000000000070e-16
7.467939634270000170e+03 1.273339999999999851e-16
7.470981096770000477e+03 1.301800000000000022e-16
7.474022453479999967e+03 1.368940000000000113e-16
7.477063915980000274e+03 1.324420000000000230e-16
7.480105272690000675e+03 1.337060000000000125e-16
7.483146735190000982e+03 1.353839999999999877e-16
7.486188091899999563e+03 1.200160000000000060e-16
7.489229554399999870e+03 1.372229999999999916e-16
7.492270911110000270e+03 1.370439999999999989e-16
7.495312373610000577e+03 1.264940000000000050e-16
7.498353730320000068e+03 1.319969999999999980e-16
7.501395192820000375e+03 1.342129999999999930e-16
7.504436549529999866e+03 1.320340000000000171e-16
7.507478012030000173e+03 1.318870000000000070e-16
7.510519368740000573e+03 1.306279999999999801e-16
7.513560831240000880e+03 1.250450000000000183e-16
7.516602187950000371e+03 1.200379999999999894e-16
7.519643650450000678e+03 1.271349999999999941e-16
7.522685007160000168e+03 1.306989999999999915e-16
7.525726469660000475e+03 1.317030000000000025e-16
7.528767826369999966e+03 1.349129999999999846e-16
7.531809288870000273e+03 1.328309999999999983e-16
7.534850645580000673e+03 1.240610000000000057e-16
7.537892108080000980e+03 1.219489999999999972e-16
7.540933464790000471e+03 1.229319999999999927e-16
7.543974927290000778e+03 1.239859999999999995e-16
7.547016284000000269e+03 1.238409999999999992e-16
7.550057746500000576e+03 1.296799999999999941e-16
7.553099103210000067e+03 1.304379999999999957e-16
7.556140565710000374e+03 1.236030000000000040e-16
7.559181922419999864e+03 1.251220000000000095e-16
7.562223384920000171e+03 1.322300000000000059e-16
7.565264741630000572e+03 1.300649999999999993e-16
7.568306204130000879e+03 1.303789999999999932e-16
7.571347560840000369e+03 1.291880000000000001e-16
7.574389023340000676e+03 1.288489999999999959e-16
7.577430380050000167e+03 1.271860000000000072e-16
7.580471842550000474e+03 1.236870000000000168e-16
7.583513199259999965e+03 1.312320000000000240e-16
7.586554661760000272e+03 1.275039999999999958e-16
7.589596018470000672e+03 1.203520000000000079e-16
7.592637480970000979e+03 1.132000000000000201e-16
7.595678837680000470e+03 1.060500000000000050e-16
7.598720300180000777e+03 8.463209999999998588e-17
7.601761656890000268e+03 7.987410000000000549e-17
7.604803119390000575e+03 6.527680000000000691e-17
7.607844476100000065e+03 7.666750000000000285e-17
7.610885938600000372e+03 8.060729999999999786e-17
7.613927295309999863e+03 7.717050000000000087e-17
7.616968757810000170e+03 1.033839999999999854e-16
7.620010114520000570e+03 1.185410000000000166e-16
7.623051577020000877e+03 1.075029999999999987e-16
7.626092933730000368e+03 1.026650000000000003e-16
7.629134396230000675e+03 8.972110000000000556e-17
7.632175752940000166e+03 9.200620000000000891e-17
7.635217215440000473e+03 9.240750000000000075e-17
7.638258572149999964e+03 1.005830000000000017e-16
7.641300034650000271e+03 9.984120000000000458e-17
7.644341391360000671e+03 9.348899999999999920e-17
7.647382853860000978e+03 1.158560000000000035e-16
7.650424210570000469e+03 1.182260000000000055e-16
7.653465673070000776e+03 1.142479999999999979e-16
7.656507029780000266e+03 1.263829999999999969e-16
7.659548492280000573e+03 1.253739999999999740e-16
7.662589848990000064e+03 1.229170000000000062e-16
7.665631311490000371e+03 1.394539999999999977e-16
7.668672668200000771e+03 1.311539999999999910e-16
7.671714130700001078e+03 1.334620000000000129e-16
7.674755487410000569e+03 1.243659999999999929e-16
7.677796949910000876e+03 1.278660000000000251e-16
7.680838306620000367e+03 1.295570000000000017e-16
7.683879769120000674e+03 1.279099999999999919e-16
7.686921125830000165e+03 1.370700000000000017e-16
7.689962588330000472e+03 1.406519999999999877e-16
7.693003945039999962e+03 1.401669999999999907e-16
7.696045407540000269e+03 1.352410000000000217e-16
7.699086764250000670e+03 1.329180000000000133e-16
7.702128226750000977e+03 1.356720000000000035e-16
7.705169583460000467e+03 1.331809999999999941e-16
7.708211045960000774e+03 1.223110000000000019e-16
7.711252402670000265e+03 1.238300000000000075e-16
7.714293865170000572e+03 1.334310000000000229e-16
7.717335221880000063e+03 1.265140000000000034e-16
7.720376684380000370e+03 1.328389999999999878e-16
7.723418041089999861e+03 1.468879999999999968e-16
7.726459503590000168e+03 1.423220000000000228e-16
7.729500860299999658e+03 1.394879999999999899e-16
7.732542322799999965e+03 1.402319999999999977e-16
7.735583679510000366e+03 1.352779999999999915e-16
7.738625142010000673e+03 1.427839999999999946e-16
7.741666498720000163e+03 1.436399999999999783e-16
7.744707961220000470e+03 1.256929999999999798e-16
7.747749317929999961e+03 1.276429999999999917e-16
7.750790780430000268e+03 1.510979999999999952e-16
7.753832137140000668e+03 1.395599999999999939e-16
7.756873599640000975e+03 1.301260000000000116e-16
7.759914956350000466e+03 1.442939999999999935e-16
7.762956418850000773e+03 1.490939999999999926e-16
7.765997775560000264e+03 1.325629999999999809e-16
7.769039238060000571e+03 1.421609999999999941e-16
7.772080594770000062e+03 1.365950000000000039e-16
7.775122057270000369e+03 1.317820000000000034e-16
7.778163413979999859e+03 1.350510000000000127e-16
7.781204876480000166e+03 1.360280000000000037e-16
7.784246233190000567e+03 1.442270000000000261e-16
7.787287695690000874e+03 1.245879999999999845e-16
7.790329052400000364e+03 1.135789999999999963e-16
7.793370514900000671e+03 1.316679999999999930e-16
7.796411871610000162e+03 1.438579999999999998e-16
7.799453334110000469e+03 1.390689999999999924e-16
7.802494690819999960e+03 1.478709999999999922e-16
7.805536153320000267e+03 1.350439999999999911e-16
7.808577510030000667e+03 1.414480000000000011e-16
7.811618972530000974e+03 1.442079999999999956e-16
7.814660329240000465e+03 1.401079999999999882e-16
7.817701791740000772e+03 1.217170000000000065e-16
7.820743148450000263e+03 1.448660000000000055e-16
7.823784610950000570e+03 1.522079999999999777e-16
7.826825967660000060e+03 1.438140000000000084e-16
7.829867430160000367e+03 1.343429999999999823e-16
7.832908786869999858e+03 1.391600000000000022e-16
7.835950249370000165e+03 1.284439999999999923e-16
7.838991711870000472e+03 1.301329999999999839e-16
7.842033068580000872e+03 1.347570000000000172e-16
7.845074531080001179e+03 1.375489999999999943e-16
7.848115887790000670e+03 1.151820000000000147e-16
7.851157350290000977e+03 1.346210000000000235e-16
7.854198707000000468e+03 1.479339999999999895e-16
7.857240169500000775e+03 1.372770000000000069e-16
7.860281526210000266e+03 1.444810000000000003e-16
7.863322988710000573e+03 1.400099999999999815e-16
7.866364345420000973e+03 1.369919999999999934e-16
7.869405807920001280e+03 1.417879999999999977e-16
7.872447164630000771e+03 1.411470000000000086e-16
7.875488627130001078e+03 1.439320000000000134e-16
7.878529983840000568e+03 1.426129999999999914e-16
7.881571446340000875e+03 1.466870000000000207e-16
7.884612803050000366e+03 1.277500000000000051e-16
7.887654265550000673e+03 1.319160000000000120e-16
7.890695622260000164e+03 1.454779999999999896e-16
7.893737084760000471e+03 1.457220000000000139e-16
7.896778441470000871e+03 1.337260000000000109e-16
7.899819903970001178e+03 1.354480000000000022e-16
7.902861260680000669e+03 1.380439999999999905e-16
7.905902723180000976e+03 1.349349999999999927e-16
7.908944079890000467e+03 1.276179999999999815e-16
7.911985542390000774e+03 1.331109999999999999e-16
7.915026899100001174e+03 1.493779999999999889e-16
7.918068361600001481e+03 1.363489999999999945e-16
7.921109718310000972e+03 1.387079999999999802e-16
7.924151180810001279e+03 1.446470000000000162e-16
7.927192537520000769e+03 1.255920000000000201e-16
7.930234000020001076e+03 1.311550000000000082e-16
7.933275356730000567e+03 1.389049999999999862e-16
7.936316819230000874e+03 1.409320000000000140e-16
7.939358175940000365e+03 1.407199999999999969e-16
7.942399638440000672e+03 1.463879999999999887e-16
7.945440995150000163e+03 1.451179999999999946e-16
7.948482457650000470e+03 1.465159999999999929e-16
7.951523814360000870e+03 1.436460000000000074e-16
7.954565276860001177e+03 1.414370000000000094e-16
7.957606633570000668e+03 1.270059999999999973e-16
7.960648096070000975e+03 1.337029999999999857e-16
7.963689452780000465e+03 1.430649999999999887e-16
7.966730915280000772e+03 1.551609999999999835e-16
7.969772271990000263e+03 1.369499999999999870e-16
7.972813734490000570e+03 1.360589999999999938e-16
7.975855091200000970e+03 1.449960000000000195e-16
7.978896553700001277e+03 1.520400000000000014e-16
7.981937910410000768e+03 1.416370000000000176e-16
7.984979372910001075e+03 1.443640000000000124e-16
7.988020729620000566e+03 1.301649999999999911e-16
7.991062192120000873e+03 1.306139999999999862e-16
7.994103548830000364e+03 1.479250000000000075e-16
7.997145011330000671e+03 1.546100000000000116e-16
8.000186368040000161e+03 1.430509999999999948e-16
8.003227830540000468e+03 1.369649999999999980e-16
8.006269187250000869e+03 1.362109999999999911e-16
8.009310649750001176e+03 1.379939999999999947e-16
8.012352006460000666e+03 1.404779999999999824e-16
8.015393468960000973e+03 1.403400000000000036e-16
8.018434825670000464e+03 1.326869999999999905e-16
8.021476288170000771e+03 1.192589999999999969e-16
8.024517644880000262e+03 1.381059999999999953e-16
8.027559107380000569e+03 1.477050000000000010e-16
8.030600464090000969e+03 1.393410000000000045e-16
8.033641926590001276e+03 1.317429999999999992e-16
8.036683283299999857e+03 1.358639999999999975e-16
8.039724745800000164e+03 1.409059999999999866e-16
8.042766102510000565e+03 1.358679999999999923e-16
8.045807565010000872e+03 1.315220000000000001e-16
8.048848921720000362e+03 1.330989999999999910e-16
8.051890384220000669e+03 1.310920000000000109e-16
8.054931740930000160e+03 1.297329999999999922e-16
8.057973203430000467e+03 1.271279999999999972e-16
8.061014560140000867e+03 1.289219999999999924e-16
8.064056022640001174e+03 1.344049999999999870e-16
8.067097379350000665e+03 1.355909999999999929e-16
8.070138841850000972e+03 1.272550000000000089e-16
8.073180198560000463e+03 1.298330000000000086e-16
8.076221661060000770e+03 1.361900000000000002e-16
8.079263017770000260e+03 1.305170000000000213e-16
8.082304480270000568e+03 1.314750000000000065e-16
8.085345836980000968e+03 1.320929999999999950e-16
8.088387299480001275e+03 1.169389999999999907e-16
8.091428656190000765e+03 1.291489999999999959e-16
8.094470118690001073e+03 1.297150000000000035e-16
8.097511475400000563e+03 1.334900000000000007e-16
8.100552937900000870e+03 1.371220000000000073e-16
8.103594294610000361e+03 1.332629999999999973e-16
8.106635757110000668e+03 1.289570000000000018e-16
8.109677113820000159e+03 1.210410000000000079e-16
8.112718576320000466e+03 1.265060000000000139e-16
8.115759933030000866e+03 1.289679999999999935e-16
8.118801395530001173e+03 1.377379999999999862e-16
8.121842752240000664e+03 1.370190000000000133e-16
8.124884214740000971e+03 1.183459999999999957e-16
8.127925571450000461e+03 1.399820000000000183e-16
8.130967033950000769e+03 1.323069999999999971e-16
8.134008390660000259e+03 1.286110000000000007e-16
8.137049853160000566e+03 1.100420000000000189e-16
8.140091209870000966e+03 1.259600000000000046e-16
8.143132672370001274e+03 1.216570000000000114e-16
8.146174029080000764e+03 1.258010000000000103e-16
8.149215491580001071e+03 1.352549999999999910e-16
8.152256848290000562e+03 1.350410000000000135e-16
8.155298310790000869e+03 1.270129999999999943e-16
8.158339667500000360e+03 1.283170000000000052e-16
8.161381130000000667e+03 1.200590000000000050e-16
8.164422486710000157e+03 1.170470000000000213e-16
8.167463949210000465e+03 1.298089999999999908e-16
8.170505305920000865e+03 1.309050000000000041e-16
8.173546768420001172e+03 1.279689999999999945e-16
8.176588125130000662e+03 1.329629999999999973e-16
8.179629587630000970e+03 1.130370000000000064e-16
8.182670944340000460e+03 1.244260000000000126e-16
8.185712406840000767e+03 1.380870000000000141e-16
8.188753763550000258e+03 1.333169999999999879e-16
8.191795226050000565e+03 1.309450000000000008e-16
8.194836582760000965e+03 1.267820000000000207e-16
8.197878045260000363e+03 1.181220000000000190e-16
8.200919401970000763e+03 1.239840000000000145e-16
8.203960864470000161e+03 1.398479999999999849e-16
8.207002221180000561e+03 1.396949999999999951e-16
8.210043683679999958e+03 1.361829999999999786e-16
8.213085040390000358e+03 1.303610000000000045e-16
8.216126502889999756e+03 1.303470000000000106e-16
8.219167859600000156e+03 1.306760000000000156e-16
8.222209322100001373e+03 1.266639999999999910e-16
8.225250678809999954e+03 1.188029999999999802e-16
8.228292141310001170e+03 1.112620000000000170e-16
8.231333498019999752e+03 1.106520000000000180e-16
8.234374960520000968e+03 1.183679999999999791e-16
8.237416317229999549e+03 1.202590000000000131e-16
8.240457779730000766e+03 1.316779999999999922e-16
8.243499136439999347e+03 1.286839999999999972e-16
8.246540598940000564e+03 1.318749999999999982e-16
8.249581955650000964e+03 1.390830000000000110e-16
8.252623418150000361e+03 1.375860000000000135e-16
8.255664774860000762e+03 1.336829999999999873e-16
8.258706237360000159e+03 1.267059999999999974e-16
8.261747594070000559e+03 1.258929999999999879e-16
8.264789056569999957e+03 1.280929999999999793e-16
8.267830413280000357e+03 1.225450000000000024e-16
8.270871875779999755e+03 1.306789999999999931e-16
8.273913232490000155e+03 1.283460000000000102e-16
8.276954694989999552e+03 1.233720000000000057e-16
8.279996051699999953e+03 1.367660000000000070e-16
8.283037514200001169e+03 1.197100000000000017e-16
8.286078870909999750e+03 1.215320000000000094e-16
8.289120333410000967e+03 1.246299999999999909e-16
8.292161690119999548e+03 1.103210000000000033e-16
8.295203152620000765e+03 1.151800000000000050e-16
8.298244509329999346e+03 1.458010000000000148e-16
8.301285971830000562e+03 1.387210000000000063e-16
8.304327328540000963e+03 1.232879999999999929e-16
8.307368791040000360e+03 1.299679999999999851e-16
8.310410147750000760e+03 1.279350000000000022e-16
8.313451610250000158e+03 1.269629999999999984e-16
8.316492966960000558e+03 1.325629999999999809e-16
8.319534429459999956e+03 1.226629999999999828e-16
8.322575786170000356e+03 1.295649999999999912e-16
8.325617248669999753e+03 1.292860000000000068e-16
8.328658605380000154e+03 1.365139999999999933e-16
8.331700067879999551e+03 1.306699999999999865e-16
8.334741424589999951e+03 1.175370000000000056e-16
8.337782887090001168e+03 1.165880000000000024e-16
8.340824243799999749e+03 1.050729999999999893e-16
8.343865706299999147e+03 1.153389999999999993e-16
8.346907063009999547e+03 1.413179999999999871e-16
8.349948525510000763e+03 1.346149999999999944e-16
8.352989882219999345e+03 1.351900000000000086e-16
8.356031344720000561e+03 1.282989999999999919e-16
8.359072701430000961e+03 1.282610000000000049e-16
8.362114163930000359e+03 1.332979999999999820e-16
8.365155520640000759e+03 1.372659999999999905e-16
8.368196983140000157e+03 1.260820000000000044e-16
8.371238339850000557e+03 1.214120000000000193e-16
8.374279802349999954e+03 1.242850000000000070e-16
8.377321159060000355e+03 1.148360000000000136e-16
8.380362621559999752e+03 1.203060000000000068e-16
8.383403978270000152e+03 1.398629999999999714e-16
8.386445440769999550e+03 1.316830000000000041e-16
8.389486797479999950e+03 1.285810000000000032e-16
8.392528259980001167e+03 1.198310000000000089e-16
8.395569616689999748e+03 1.087660000000000081e-16
8.398611079190000964e+03 1.385150000000000183e-16
8.401652435899999546e+03 1.317820000000000034e-16
8.404693898400000762e+03 1.231550000000000014e-16
8.407735255109999343e+03 1.179460000000000040e-16
8.410776717610000560e+03 1.296379999999999877e-16
8.413818074320000960e+03 1.410920000000000255e-16
8.416859536820000358e+03 1.253889999999999851e-16
8.419900893530000758e+03 1.150090000000000018e-16
8.422942356030000155e+03 1.159610000000000072e-16
8.425983712740000556e+03 1.169140000000000051e-16
8.429025175239999953e+03 1.178660000000000105e-16
8.432066531950000353e+03 1.188179999999999913e-16
8.435107994449999751e+03 1.197710000000000139e-16
8.438149351160000151e+03 1.207229999999999946e-16
8.441190813659999549e+03 1.264569999999999859e-16
8.444232170369999949e+03 1.262320000000000167e-16
8.447273632870001165e+03 1.220140000000000042e-16
8.450314989579999747e+03 1.256489999999999883e-16
8.453356452080000963e+03 1.191410000000000165e-16
8.456397808789999544e+03 1.195979999999999764e-16
8.459439271290000761e+03 1.202140000000000045e-16
8.462480627999999342e+03 1.208310000000000005e-16
8.465522090500000559e+03 1.214479999999999966e-16
8.468563447210000959e+03 1.220640000000000001e-16
8.471604909710000356e+03 1.226809999999999961e-16
8.474646266420000757e+03 1.232979999999999921e-16
8.477687728920000154e+03 1.194529999999999760e-16
8.480729085630000554e+03 1.352279999999999957e-16
8.483770548129999952e+03 1.398970000000000130e-16
8.486811904840000352e+03 1.274130000000000107e-16
8.489853367339999750e+03 1.122769999999999951e-16
8.492894724050000150e+03 1.261350000000000025e-16
8.495936186549999547e+03 1.164109999999999948e-16
8.498977543259999948e+03 1.152639999999999931e-16
8.502019005760001164e+03 1.262750000000000156e-16
8.505060362469999745e+03 1.300279999999999802e-16
8.508101824970000962e+03 1.364669999999999996e-16
8.511143181679999543e+03 1.401120000000000076e-16
8.514184644180000760e+03 1.346789999999999842e-16
8.517226000889999341e+03 1.233469999999999955e-16
8.520267463390000557e+03 1.151400000000000083e-16
8.523308820100000958e+03 1.278650000000000079e-16
8.526350282600000355e+03 1.344850000000000051e-16
8.529391639310000755e+03 1.261529999999999912e-16
8.532433101810000153e+03 1.132720000000000240e-16
8.535474458520000553e+03 1.075170000000000173e-16
8.538515921019999951e+03 1.128290000000000088e-16
8.541557277730000351e+03 1.200959999999999994e-16
8.544598740229999748e+03 1.082479999999999867e-16
8.547640096940000149e+03 1.100319999999999951e-16
8.550681559439999546e+03 1.184700000000000052e-16
8.553722916149999946e+03 1.106910000000000098e-16
8.556764378650001163e+03 1.189410000000000083e-16
8.559805735359999744e+03 1.209330000000000020e-16
8.562847197860000961e+03 1.123079999999999851e-16
8.565888554569999542e+03 1.105729999999999924e-16
8.568930017070000758e+03 1.144820000000000230e-16
8.571971373779999340e+03 1.102950000000000128e-16
8.575012836280000556e+03 1.239339999999999940e-16
8.578054192990000956e+03 1.202409999999999998e-16
8.581095655490000354e+03 1.236580000000000118e-16
8.584137012200000754e+03 1.278910000000000107e-16
8.587178474700000152e+03 1.242880000000000092e-16
8.590219831410000552e+03 1.133270000000000072e-16
8.593261293909999949e+03 1.092789999999999930e-16
8.596302650620000350e+03 1.252749999999999994e-16
8.599344113119999747e+03 1.079729999999999847e-16
8.602385469830000147e+03 1.071299999999999900e-16
8.605426932329999545e+03 1.180839999999999827e-16
8.608468289039999945e+03 1.167630000000000003e-16
8.611509751540001162e+03 1.136319999999999944e-16
8.614551108249999743e+03 1.135499999999999913e-16
8.617592570750000959e+03 1.116710000000000154e-16
8.620633927459999541e+03 1.194420000000000089e-16
8.623675389960000757e+03 1.156989999999999943e-16
8.626716746669999338e+03 1.081440000000000002e-16
8.629758209170000555e+03 9.878399999999999452e-17
8.632799565880000955e+03 1.076970000000000025e-16
8.635841028380000353e+03 1.191090000000000092e-16
8.638882385090000753e+03 1.316489999999999872e-16
8.641923847590000150e+03 1.137580000000000136e-16
8.644965204299998732e+03 1.220629999999999829e-16
8.648006666799999948e+03 1.098879999999999872e-16
8.651048023510000348e+03 1.004010000000000068e-16
8.654089486009999746e+03 9.832609999999999944e-17
8.657130842720000146e+03 1.219929999999999887e-16
8.660172305219999544e+03 1.221490000000000054e-16
8.663213661929999944e+03 1.217750000000000165e-16
8.666255124430001160e+03 1.162159999999999985e-16
8.669296481139999742e+03 1.145929999999999818e-16
8.672337943640000958e+03 1.221339999999999943e-16
8.675379300350001358e+03 1.200250000000000127e-16
8.678420762850000756e+03 1.105870000000000110e-16
8.681462119559999337e+03 1.167339999999999953e-16
8.684503582060000554e+03 1.105089999999999903e-16
8.687544938770000954e+03 1.045039999999999918e-16
8.690586401270000351e+03 1.125539999999999944e-16
8.693627757979998933e+03 1.116999999999999957e-16
8.696669220480000149e+03 1.018420000000000163e-16
8.699710577190000549e+03 1.143620000000000082e-16
8.702752039689999947e+03 1.069390000000000008e-16
8.705793396399998528e+03 1.036429999999999962e-16
8.708834858899999745e+03 9.984829999999999586e-17
8.711876215610000145e+03 1.164939999999999904e-16
8.714917678109999542e+03 1.239629999999999990e-16
8.717959034819999943e+03 1.181889999999999864e-16
8.721000497320001159e+03 1.145899999999999796e-16
8.724041854029999740e+03 1.062330000000000047e-16
8.727083316529999138e+03 1.029749999999999994e-16
8.730124673239999538e+03 1.052499999999999969e-16
8.733166135740000755e+03 1.217149999999999968e-16
8.736207492450001155e+03 1.224639999999999918e-16
8.739248954950000552e+03 1.172490000000000145e-16
8.742290311659999134e+03 1.145159999999999906e-16
8.745331774160000350e+03 1.080200000000000030e-16
8.748373130870000750e+03 1.071029999999999947e-16
8.751414593370000148e+03 1.114279999999999836e-16
8.754455950079998729e+03 1.106009999999999926e-16
8.757497412579999946e+03 9.509459999999999318e-17
8.760538769290000346e+03 9.041419999999999457e-17
8.763580231789999743e+03 8.459010000000000413e-17
8.766621588500001963e+03 9.623690000000000289e-17
8.769663051000001360e+03 9.887280000000000594e-17
8.772704407709999941e+03 8.341129999999998387e-17
8.775745870209999339e+03 1.092869999999999948e-16
8.778787226919999739e+03 1.238449999999999939e-16
8.781828689420000956e+03 1.123369999999999901e-16
8.784870046130001356e+03 9.368820000000000350e-17
8.787911508630000753e+03 9.070040000000000157e-17
8.790952865339999335e+03 1.005770000000000096e-16
8.793994327840000551e+03 8.977139999999998441e-17
8.797035684550000951e+03 1.114829999999999914e-16
8.800077147050000349e+03 1.003379999999999972e-16
8.803118503759998930e+03 1.009070000000000194e-16
8.806159966260000147e+03 1.090500000000000045e-16
8.809201322970000547e+03 1.007739999999999909e-16
8.812242785469999944e+03 1.057079999999999987e-16
8.815284142180002164e+03 1.192199999999999927e-16
8.818325604680001561e+03 1.010839999999999900e-16
8.821366961390000142e+03 9.632950000000000808e-17
8.824408423889999540e+03 7.998089999999999324e-17
8.827449886390000756e+03 9.500629999999999035e-17
8.830491243100001157e+03 1.006960000000000071e-16
8.833532705600000554e+03 1.049660000000000006e-16
8.836574062309999135e+03 1.011039999999999883e-16
8.839615524810000352e+03 1.165420000000000013e-16
8.842656881520000752e+03 1.103420000000000065e-16
8.845698344020000150e+03 1.188370000000000218e-16
8.848739700730000550e+03 1.123269999999999909e-16
8.851781163230001766e+03 1.096629999999999934e-16
8.854822519940000348e+03 1.008689999999999830e-16
8.857863982439999745e+03 1.127140000000000059e-16
8.860905339150000145e+03 1.075040000000000036e-16
8.863946801650001362e+03 1.016529999999999875e-16
8.866988158359999943e+03 1.143579999999999888e-16
8.870029620859999341e+03 1.251009999999999940e-16
8.873070977569999741e+03 1.086120000000000011e-16
8.876112440070000957e+03 1.112889999999999877e-16
8.879153796780001358e+03 1.074239999999999855e-16
8.882195259280000755e+03 1.047500000000000135e-16
8.885236615989999336e+03 1.244379999999999722e-16
8.888278078490000553e+03 1.136529999999999853e-16
8.891319435200000953e+03 1.203979999999999844e-16
8.894360897700000351e+03 1.217179999999999990e-16
8.897402254410000751e+03 1.125999999999999956e-16
8.900443716910001967e+03 1.185389999999999822e-16
8.903485073620000549e+03 1.146549999999999866e-16
8.906526536119999946e+03 1.234360000000000202e-16
8.909567892830000346e+03 1.136760000000000105e-16
8.912609355330001563e+03 1.127079999999999768e-16
8.915650712040000144e+03 1.117399999999999924e-16
8.918692174539999542e+03 1.107720000000000081e-16
8.921733531249999942e+03 1.098039999999999867e-16
8.924774993750001158e+03 1.088349999999999975e-16
8.927816350460001559e+03 1.078670000000000008e-16
8.930857812960000956e+03 9.723550000000000002e-17
8.933899169669999537e+03 9.918830000000000091e-17
8.936940632170000754e+03 1.212650000000000092e-16
8.939981988880001154e+03 1.062379999999999920e-16
8.943023451380000552e+03 1.136970000000000014e-16
8.946064808089999133e+03 1.245430000000000005e-16
8.949106270590000349e+03 1.165170000000000156e-16
8.952147627300000750e+03 8.705340000000000857e-17
8.955189089800000147e+03 8.783649999999999018e-17
8.958230446510000547e+03 1.175340000000000034e-16
8.961271909010001764e+03 1.130329999999999870e-16
8.964313265720000345e+03 1.159029999999999972e-16
8.967354728219999743e+03 1.151410000000000008e-16
8.970396084930000143e+03 1.141359999999999973e-16
8.973437547430001359e+03 1.057839999999999850e-16
8.976478904140001760e+03 1.137279999999999914e-16
8.979520366640001157e+03 1.084110000000000127e-16
8.982561723349999738e+03 1.058809999999999992e-16
8.985603185850000955e+03 9.576020000000000295e-17
8.988644542560001355e+03 7.768020000000000055e-17
8.991686005060000753e+03 9.775909999999999930e-17
8.994727361769999334e+03 1.079590000000000031e-16
8.997768824270000550e+03 1.080530000000000027e-16
9.000810180980000951e+03 1.126220000000000036e-16
9.003851643480000348e+03 1.225740000000000074e-16
9.006893000190000748e+03 1.162949999999999994e-16
9.009934462690001965e+03 1.200470000000000207e-16
9.012975819400000546e+03 1.250289999999999901e-16
9.016017281899999944e+03 1.154870000000000019e-16
9.019058638610000344e+03 1.207579999999999794e-16
9.022100101110001560e+03 1.131030000000000059e-16
9.025141457820000142e+03 1.123029999999999978e-16
9.028182920319999539e+03 9.843629999999999135e-17
9.031224277029999939e+03 8.206020000000000960e-17
9.034265739530001156e+03 8.472940000000000769e-17
9.037307096240001556e+03 1.099129999999999975e-16
9.040348558740000954e+03 1.205270000000000059e-16
9.043389915449999535e+03 1.270170000000000137e-16
9.046431377950000751e+03 1.221110000000000184e-16
9.049472734660001151e+03 1.021849999999999905e-16
9.052514197160000549e+03 9.191469999999999056e-17
9.055555553869999130e+03 1.284330000000000006e-16
9.058597016370000347e+03 1.321060000000000211e-16
9.061638373080000747e+03 1.128369999999999982e-16
9.064679835580000145e+03 1.155939999999999906e-16
9.067721192290000545e+03 1.224030000000000042e-16
9.070762654790001761e+03 1.091389999999999799e-16
9.073804011500000342e+03 1.001009999999999945e-16
9.076845473999999740e+03 1.124879999999999949e-16
9.079886830710000140e+03 1.151929999999999817e-16
9.082928293210001357e+03 1.234050000000000055e-16
9.085969649920001757e+03 1.220020000000000200e-16
9.089011112420001155e+03 1.113899999999999966e-16
9.092052469129999736e+03 1.085150000000000115e-16
9.095093931630000952e+03 1.085479999999999990e-16
9.098135288340001352e+03 1.095110000000000084e-16
9.101176750840000750e+03 1.289579999999999944e-16
9.104218107549999331e+03 1.269560000000000015e-16
9.107259570050000548e+03 1.244779999999999935e-16
9.110300926760000948e+03 1.183249999999999801e-16
9.113342389260000346e+03 1.314860000000000228e-16
9.116383745970000746e+03 1.416779999999999821e-16
9.119425208470001962e+03 1.192829999999999900e-16
9.122466565180000543e+03 1.255529999999999913e-16
9.125508027679999941e+03 1.212120000000000111e-16
9.128549384390000341e+03 1.345140000000000101e-16
9.131590846890001558e+03 1.401220000000000067e-16
9.134632203600001958e+03 1.272120000000000100e-16
9.137673666100001356e+03 1.142519999999999926e-16
9.140715022809999937e+03 1.219540000000000091e-16
9.143756485310001153e+03 1.324949999999999964e-16
9.146797842020001553e+03 1.277820000000000123e-16
9.149839304520000951e+03 1.256100000000000088e-16
9.152880661229999532e+03 1.074100000000000039e-16
9.155922123730000749e+03 1.107549999999999996e-16
9.158963480440001149e+03 1.166010000000000038e-16
9.162004942940000547e+03 9.124659999999999948e-17
9.165046299649999128e+03 9.379139999999998613e-17
9.168087762150000344e+03 1.180210000000000101e-16
9.171129118860000744e+03 1.139470000000000054e-16
9.174170581360000142e+03 1.059819999999999958e-16
9.177211938070000542e+03 1.120339999999999880e-16
9.180253400570001759e+03 1.089129999999999935e-16
9.183294757280000340e+03 1.117439999999999872e-16
9.186336219779999738e+03 1.251859999999999993e-16
9.189377576490000138e+03 1.086279999999999924e-16
9.192419038990001354e+03 1.246480000000000042e-16
9.195460395700001754e+03 1.111980000000000026e-16
9.198501858200001152e+03 1.234510000000000066e-16
9.201543214909999733e+03 1.386749999999999805e-16
9.204584677410000950e+03 1.312450000000000007e-16
9.207626034120001350e+03 1.186780000000000028e-16
9.210667496620000747e+03 1.169879999999999941e-16
9.213708853329999329e+03 1.084800000000000021e-16
9.216750315830000545e+03 1.194790000000000034e-16
9.219791672540000945e+03 1.151259999999999897e-16
9.222833135040000343e+03 1.129650000000000025e-16
9.225874491750000743e+03 1.269490000000000045e-16
9.228915954250001960e+03 1.349439999999999993e-16
9.231957310960000541e+03 1.415159999999999856e-16
9.234998773459999938e+03 1.351120000000000003e-16
